0 0
0.010939 0
0.0218781 0
0.0328171 0
0.0437562 0
0.0546952 0
0.0656343 0
0.0765733 0
0.0875124 0
0.0984514 0
0.10939 0
0.12033 0
0.131269 0
0.142208 0
0.153147 0
0.164086 0
0.175025 0
0.185964 0
0.196903 0
0.207842 0
0.218781 0
0.22972 0
0.240659 0
0.251598 0
0.262537 0
0.273476 0
0.284415 0
0.295354 0
0.306293 0
0.317232 0
0.328171 0
0.339111 0
0.35005 0
0.360989 0
0.371928 0
0.382867 0
0.393806 0
0.404745 0
0.415684 0
0.426623 0
0.437562 0
0.448501 0
0.45944 0
0.470379 0
0.481318 0
0.492257 0
0.503196 0
0.514135 0
0.525074 0
0.536013 0
0.546952 0
0.557891 0
0.568831 0
0.57977 0
0.590709 0
0.601648 0
0.612587 0
0.623526 0
0.634465 0
0.645404 0
0.656343 0
0.667282 0
0.678221 0
0.68916 0
0.700099 0
0.711038 0
0.721977 0
0.732916 0
0.743855 0
0.754794 0
0.765733 0
0.776672 0
0.787611 0
0.798551 0
0.80949 0
0.820429 0
0.831368 0
0.842307 0
0.853246 0
0.864185 0
0.875124 0
0.886063 0
0.897002 0
0.907941 0
0.91888 0
0.929819 0
0.940758 0
0.951697 0
0.962636 0
0.973575 0
0.984514 0
0.995453 0
1.00639 4.06893
1.01733 3.129
1.02827 3.89853
1.03921 2.18132
1.05015 2.93748
1.06109 2.61594
1.07203 2.05047
1.08297 2.51183
1.0939 2.46209
1.10484 1.44829
1.11578 1.18347
1.12672 2.32143
1.13766 2.04949
1.1486 2.01083
1.15954 2.41174
1.17048 1.72151
1.18142 0.844963
1.19236 1.6592
1.2033 1.01832
1.21423 2.00026
1.22517 1.57189
1.23611 1.54431
1.24705 0.758729
1.25799 1.67771
1.26893 1.09935
1.27987 1.44096
1.29081 0.885464
1.30175 1.04485
1.31269 0.856315
1.32362 1.01073
1.33456 0.828582
1.3455 0.978262
1.35644 0.64174
1.36738 0.631554
1.37832 0.621608
1.38926 1.22379
1.4002 0.753012
1.41114 0.444856
1.42208 1.75226
1.43302 0.431427
1.44395 0.42494
1.45489 0.837195
1.46583 1.37465
1.47677 0.541776
1.48771 1.06773
1.49865 0.920727
1.50959 0.6482
1.52053 0.511152
1.53147 1.0078
1.54241 1.11781
1.55334 1.22464
1.56428 0.966106
1.57522 0.47639
1.58616 1.05719
1.5971 1.27455
1.60804 0.800115
1.61898 0.789376
1.62992 0.667586
1.64086 0.988116
1.6518 0.975115
1.66274 0.748509
1.67367 1.16095
1.68461 0.416717
1.69555 0.82275
1.70649 1.01534
1.71743 0.501242
1.72837 0.989875
1.73931 0.391001
1.75025 0.675751
1.76119 1.33482
1.77213 0.65922
1.78306 0.558155
1.794 0.827084
1.80494 0.544746
1.81588 0.538222
1.82682 0.620451
1.83776 1.13863
1.8487 0.865565
1.85964 0.598809
1.87058 0.760945
1.88152 1.33715
1.89246 1.07395
1.90339 1.06167
1.91433 1.21109
1.92527 1.51671
1.93621 0.39465
1.94715 0.936578
1.95809 1.2349
1.96903 0.839609
1.97997 0.754894
1.99091 1.34396
2.00185 1.10779
2.01278 0.876653
2.02372 0.794958
2.03466 1.57291
2.0456 1.41471
2.05654 1.39974
2.06748 0.831002
2.07842 0.95935
2.08936 0.678112
2.1003 0.939519
2.11124 0.797
2.12218 1.57765
2.13311 1.1061
2.14405 1.73891
2.15499 1.08381
2.16593 1.19915
2.17687 1.24964
