0 0
0.010939 0
0.0218781 0
0.0328171 0
0.0437562 0
0.0546952 0
0.0656343 0
0.0765733 0
0.0875124 0
0.0984514 0
0.10939 0
0.12033 0
0.131269 0
0.142208 0
0.153147 0
0.164086 0
0.175025 0
0.185964 0
0.196903 0
0.207842 0
0.218781 0
0.22972 0
0.240659 0
0.251598 0
0.262537 0
0.273476 0
0.284415 0
0.295354 0
0.306293 0
0.317232 0
0.328171 0
0.339111 0
0.35005 0
0.360989 0
0.371928 0
0.382867 0
0.393806 0
0.404745 0
0.415684 0
0.426623 0
0.437562 0
0.448501 0
0.45944 0
0.470379 0
0.481318 0
0.492257 0
0.503196 0
0.514135 0
0.525074 0
0.536013 0
0.546952 0
0.557891 0
0.568831 0
0.57977 0
0.590709 0
0.601648 0
0.612587 0
0.623526 0
0.634465 0
0.645404 0
0.656343 0
0.667282 0
0.678221 0
0.68916 0
0.700099 0
0.711038 0
0.721977 0
0.732916 0
0.743855 0
0.754794 0
0.765733 0
0.776672 0
0.787611 0
0.798551 0
0.80949 0
0.820429 0
0.831368 0
0.842307 0
0.853246 0
0.864185 0
0.875124 0
0.886063 0
0.897002 0
0.907941 0
0.91888 0
0.929819 0
0.940758 0
0.951697 0
0.962636 0
0.973575 0
0.984514 0
0.995453 0.297025
1.00639 3.19702
1.01733 3.129
1.02827 1.94926
1.03921 2.45399
1.05015 2.67043
1.06109 3.40072
1.07203 2.05047
1.08297 2.76301
1.0939 1.72347
1.10484 1.44829
1.11578 4.26051
1.12672 2.08929
1.13766 1.59405
1.1486 0.8937
1.15954 1.09625
1.17048 2.58227
1.18142 1.26744
1.19236 3.111
1.2033 1.22198
1.21423 1.80024
1.22517 1.96486
1.23611 1.35127
1.24705 0.569046
1.25799 1.49129
1.26893 1.64903
1.27987 1.08072
1.29081 1.06256
1.30175 0.870707
1.31269 1.54137
1.32362 1.68455
1.33456 1.32573
1.3455 1.14131
1.35644 0.64174
1.36738 1.26311
1.37832 0.77701
1.38926 1.98866
1.4002 1.20482
1.41114 0.444856
1.42208 0.730108
1.43302 0.287618
1.44395 0.42494
1.45489 0.697663
1.46583 0.824793
1.47677 0.135444
1.48771 0.934267
1.49865 0.394597
1.50959 1.03712
1.52053 0.383364
1.53147 0.251951
1.54241 0.496804
1.55334 0.734784
1.56428 0.724579
1.57522 0.595488
1.58616 0.352398
1.5971 0.347604
1.60804 1.14302
1.61898 0.789376
1.62992 0.890115
1.64086 0.768535
1.6518 0.758423
1.66274 0.641579
1.67367 0.738788
1.68461 0.520897
1.69555 0.411375
1.70649 0.710736
1.71743 0.801987
1.72837 0.692912
1.73931 0.977501
1.75025 0.772287
1.76119 1.04878
1.77213 0.565045
1.78306 0.65118
1.794 1.28657
1.80494 0.90791
1.81588 1.07644
1.82682 0.443179
1.83776 0.963456
1.8487 0.692452
1.85964 1.19762
1.87058 1.52189
1.88152 1.58787
1.89246 1.07395
1.90339 1.30668
1.91433 1.45331
1.92527 0.638616
1.93621 1.26288
1.94715 1.32682
1.95809 0.385905
1.96903 0.992266
1.97997 1.58528
1.99091 1.0453
2.00185 0.886234
2.01278 1.16887
2.02372 1.37311
2.03466 1.28693
2.0456 1.55618
2.05654 0.909829
2.06748 1.17725
2.07842 1.6446
2.08936 0.949357
2.1003 0.939519
2.11124 1.1955
2.12218 0.986033
2.13311 1.75675
2.14405 1.03047
2.15499 0.892551
2.16593 1.51471
2.17687 1.06219
