0 0
0.010939 0
0.0218781 0
0.0328171 0
0.0437562 0
0.0546952 0
0.0656343 0
0.0765733 0
0.0875124 0
0.0984514 0
0.10939 0
0.12033 0
0.131269 0
0.142208 0
0.153147 0
0.164086 0
0.175025 0
0.185964 0
0.196903 0
0.207842 0
0.218781 0
0.22972 0
0.240659 0
0.251598 0
0.262537 0
0.273476 0
0.284415 0
0.295354 0
0.306293 0
0.317232 0
0.328171 0
0.339111 0
0.35005 0
0.360989 0
0.371928 0
0.382867 0
0.393806 0
0.404745 0
0.415684 0
0.426623 0
0.437562 0
0.448501 0
0.45944 0
0.470379 0
0.481318 0
0.492257 0
0.503196 0
0.514135 0
0.525074 0
0.536013 0
0.546952 0
0.557891 0
0.568831 0
0.57977 0
0.590709 0
0.601648 0
0.612587 0
0.623526 0
0.634465 0
0.645404 0
0.656343 0
0.667282 0
0.678221 0
0.68916 0
0.700099 0
0.711038 0
0.721977 0
0.732916 0
0.743855 0
0.754794 0
0.765733 0
0.776672 0
0.787611 0
0.798551 0
0.80949 0
0.820429 0
0.831368 0
0.842307 0
0.853246 0
0.864185 0
0.875124 0
0.886063 0
0.897002 0
0.907941 0
0.91888 0
0.929819 0
0.940758 0
0.951697 0
0.962636 0
0.973575 0
0.984514 0
0.995453 0
1.00639 3.77829
1.01733 2.27564
1.02827 3.34159
1.03921 2.72665
1.05015 3.20452
1.06109 3.9239
1.07203 2.8194
1.08297 1.25592
1.0939 1.72347
1.10484 2.6552
1.11578 1.65686
1.12672 3.01786
1.13766 2.50494
1.1486 0.670275
1.15954 2.85024
1.17048 1.29113
1.18142 1.47868
1.19236 1.2444
1.2033 0.61099
1.21423 1.00013
1.22517 1.76838
1.23611 1.54431
1.24705 1.13809
1.25799 1.11847
1.26893 1.4658
1.27987 1.08072
1.29081 2.12511
1.30175 1.04485
1.31269 1.19884
1.32362 1.01073
1.33456 1.65716
1.3455 0.978262
1.35644 1.12305
1.36738 0.631554
1.37832 0.77701
1.38926 0.917844
1.4002 0.150602
1.41114 0.593142
1.42208 0.584086
1.43302 1.29428
1.44395 0.708233
1.45489 1.53486
1.46583 0.824793
1.47677 0.948108
1.48771 0.533867
1.49865 0.52613
1.50959 1.03712
1.52053 1.15009
1.53147 0.629877
1.54241 0.496804
1.55334 0.489856
1.56428 0.603816
1.57522 0.47639
1.58616 0.704796
1.5971 0.57934
1.60804 0.571511
1.61898 0.56384
1.62992 0.890115
1.64086 0.878326
1.6518 0.650077
1.66274 0.748509
1.67367 1.05541
1.68461 0.729256
1.69555 0.617062
1.70649 0.710736
1.71743 1.00248
1.72837 1.18785
1.73931 1.07525
1.75025 1.15843
1.76119 1.14413
1.77213 0.65922
1.78306 0.65118
1.794 0.918982
1.80494 0.635537
1.81588 0.807333
1.82682 0.974994
1.83776 0.963456
1.8487 0.779008
1.85964 0.684353
1.87058 0.591846
1.88152 1.17001
1.89246 1.07395
1.90339 1.47001
1.91433 0.807393
1.92527 1.43689
1.93621 1.18395
1.94715 0.702433
1.95809 1.38926
1.96903 1.14492
1.97997 0.603915
1.99091 0.970637
2.00185 0.738528
2.01278 1.38803
2.02372 1.22857
2.03466 0.786455
2.0456 0.636618
2.05654 1.32975
2.06748 1.31575
2.07842 1.02788
2.08936 1.01717
2.1003 0.939519
2.11124 1.1955
2.12218 1.64339
2.13311 0.845842
2.14405 1.28808
2.15499 1.40258
2.16593 0.883581
2.17687 0.937227
