0 0
0.010939 0
0.0218781 0
0.0328171 0
0.0437562 0
0.0546952 0
0.0656343 0
0.0765733 0
0.0875124 0
0.0984514 0
0.10939 0
0.12033 0
0.131269 0
0.142208 0
0.153147 0
0.164086 0
0.175025 0
0.185964 0
0.196903 0
0.207842 0
0.218781 0
0.22972 0
0.240659 0
0.251598 0
0.262537 0
0.273476 0
0.284415 0
0.295354 0
0.306293 0
0.317232 0
0.328171 0
0.339111 0
0.35005 0
0.360989 0
0.371928 0
0.382867 0
0.393806 0
0.404745 0
0.415684 0
0.426623 0
0.437562 0
0.448501 0
0.45944 0
0.470379 0
0.481318 0
0.492257 0
0.503196 0
0.514135 0
0.525074 0
0.536013 0
0.546952 0
0.557891 0
0.568831 0
0.57977 0
0.590709 0
0.601648 0
0.612587 0
0.623526 0
0.634465 0
0.645404 0
0.656343 0
0.667282 0
0.678221 0
0.68916 0
0.700099 0
0.711038 0
0.721977 0
0.732916 0
0.743855 0
0.754794 0
0.765733 0
0.776672 0
0.787611 0
0.798551 0
0.80949 0
0.820429 0
0.831368 0
0.842307 0
0.853246 0
0.864185 0
0.875124 0
0.886063 0
0.897002 0
0.907941 0
0.91888 0
0.929819 0
0.940758 0
0.951697 0
0.962636 0
0.973575 0
0.984514 0
0.995453 0
1.00639 3.48766
1.01733 3.41345
1.02827 2.5062
1.03921 1.09066
1.05015 3.47156
1.06109 1.83116
1.07203 3.07571
1.08297 3.26538
1.0939 1.96967
1.10484 2.89658
1.11578 1.42017
1.12672 1.39286
1.13766 2.27722
1.1486 2.23425
1.15954 0.657747
1.17048 3.22784
1.18142 1.90117
1.19236 2.074
1.2033 1.42564
1.21423 1.20016
1.22517 2.55432
1.23611 0.772157
1.24705 1.13809
1.25799 2.05053
1.26893 0.916127
1.27987 0.9006
1.29081 1.23965
1.30175 1.04485
1.31269 1.54137
1.32362 1.17919
1.33456 0.994299
1.3455 0.978262
1.35644 1.12305
1.36738 0.473665
1.37832 0.466206
1.38926 0.611896
1.4002 0.451807
1.41114 1.038
1.42208 0.584086
1.43302 0.287618
1.44395 1.69976
1.45489 1.11626
1.46583 1.09972
1.47677 1.35444
1.48771 0
1.49865 0.52613
1.50959 0.907479
1.52053 0.894516
1.53147 0.503902
1.54241 0.745207
1.55334 1.3471
1.56428 1.08687
1.57522 0.595488
1.58616 0.469864
1.5971 0.463472
1.60804 0.914417
1.61898 0.451072
1.62992 0.890115
1.64086 0.768535
1.6518 0.650077
1.66274 0.641579
1.67367 0.738788
1.68461 0.416717
1.69555 0.719906
1.70649 1.01534
1.71743 1.10273
1.72837 0.692912
1.73931 0.782001
1.75025 1.15843
1.76119 0.667409
1.77213 1.13009
1.78306 0.558155
1.794 1.10278
1.80494 0.817119
1.81588 0.897037
1.82682 0.709087
1.83776 0.963456
1.8487 1.21179
1.85964 0.940985
1.87058 0.676395
1.88152 0.501432
1.89246 0.743503
1.90339 0.408336
1.91433 1.21109
1.92527 0.638616
1.93621 1.18395
1.94715 1.01463
1.95809 0.84899
1.96903 1.45023
1.97997 1.28332
1.99091 1.34396
2.00185 1.92017
2.01278 0.65749
2.02372 1.22857
2.03466 0.571968
2.0456 0.91956
2.05654 1.67968
2.06748 1.31575
2.07842 1.78165
2.08936 0.610301
2.1003 1.27506
2.11124 0.929834
2.12218 1.18324
2.13311 1.04104
2.14405 1.22368
2.15499 1.14757
2.16593 1.64094
2.17687 1.12467
