0 0
0.010939 0
0.0218781 0
0.0328171 0
0.0437562 0
0.0546952 0
0.0656343 0
0.0765733 0
0.0875124 0
0.0984514 0
0.10939 0
0.12033 0
0.131269 0
0.142208 0
0.153147 0
0.164086 0
0.175025 0
0.185964 0
0.196903 0
0.207842 0
0.218781 0
0.22972 0
0.240659 0
0.251598 0
0.262537 0
0.273476 0
0.284415 0
0.295354 0
0.306293 0
0.317232 0
0.328171 0
0.339111 0
0.35005 0
0.360989 0
0.371928 0
0.382867 0
0.393806 0
0.404745 0
0.415684 0
0.426623 0
0.437562 0
0.448501 0
0.45944 0
0.470379 0
0.481318 0
0.492257 0
0.503196 0
0.514135 0
0.525074 0
0.536013 0
0.546952 0
0.557891 0
0.568831 0
0.57977 0
0.590709 0
0.601648 0
0.612587 0
0.623526 0
0.634465 0
0.645404 0
0.656343 0
0.667282 0
0.678221 0
0.68916 0
0.700099 0
0.711038 0
0.721977 0
0.732916 0
0.743855 0
0.754794 0
0.765733 0
0.776672 0
0.787611 0
0.798551 0
0.80949 0
0.820429 0
0.831368 0
0.842307 0
0.853246 0
0.864185 0
0.875124 0
0.886063 0
0.897002 0
0.907941 0
0.91888 0
0.929819 0
0.940758 0
0.951697 0
0.962636 0
0.973575 0
0.984514 0
0.995453 0.297025
1.00639 3.19702
1.01733 1.13782
1.02827 3.62006
1.03921 1.63599
1.05015 2.93748
1.06109 3.66231
1.07203 2.30678
1.08297 2.76301
1.0939 3.69314
1.10484 2.89658
1.11578 2.60364
1.12672 2.78572
1.13766 2.27722
1.1486 1.34055
1.15954 1.75399
1.17048 1.29113
1.18142 2.11241
1.19236 1.037
1.2033 1.83297
1.21423 1.40019
1.22517 1.3754
1.23611 0.965196
1.24705 0.948411
1.25799 1.11847
1.26893 0.366451
1.27987 1.26084
1.29081 1.23965
1.30175 0.870707
1.31269 0.513789
1.32362 1.85301
1.33456 0.497149
1.3455 1.63044
1.35644 0.96261
1.36738 0.947331
1.37832 0.466206
1.38926 1.22379
1.4002 0.903614
1.41114 0.444856
1.42208 1.46022
1.43302 0.287618
1.44395 0.708233
1.45489 0.837195
1.46583 1.09972
1.47677 0.812664
1.48771 0.8008
1.49865 0.263065
1.50959 0.51856
1.52053 0.383364
1.53147 0.881828
1.54241 0.745207
1.55334 0.979712
1.56428 0.724579
1.57522 0.95278
1.58616 0.352398
1.5971 0.463472
1.60804 0.685813
1.61898 0.789376
1.62992 0.667586
1.64086 1.2077
1.6518 0.975115
1.66274 0.427719
1.67367 0.738788
1.68461 1.56269
1.69555 0.82275
1.70649 0.710736
1.71743 0.801987
1.72837 1.28684
1.73931 0.879751
1.75025 0.772287
1.76119 0.47672
1.77213 1.41261
1.78306 0.837232
1.794 1.01088
1.80494 1.18028
1.81588 0.986741
1.82682 1.15227
1.83776 0.525521
1.8487 1.29835
1.85964 0.342176
1.87058 1.18369
1.88152 1.00286
1.89246 0.743503
1.90339 1.06167
1.91433 1.37257
1.92527 0.79827
1.93621 1.10502
1.94715 0.780481
1.95809 0.617448
1.96903 1.29758
1.97997 1.20783
1.99091 1.0453
2.00185 1.55091
2.01278 0.803598
2.02372 1.22857
2.03466 1.00094
2.0456 0.990295
2.05654 1.18978
2.06748 1.17725
2.07842 1.57608
2.08936 1.2206
2.1003 0.939519
2.11124 1.12908
2.12218 0.723091
2.13311 1.04104
2.14405 0.77285
2.15499 1.33883
2.16593 0.820468
2.17687 0.812263
