0 0
0.010939 0
0.0218781 0
0.0328171 0
0.0437562 0
0.0546952 0
0.0656343 0
0.0765733 0
0.0875124 0
0.0984514 0
0.10939 0
0.12033 0
0.131269 0
0.142208 0
0.153147 0
0.164086 0
0.175025 0
0.185964 0
0.196903 0
0.207842 0
0.218781 0
0.22972 0
0.240659 0
0.251598 0
0.262537 0
0.273476 0
0.284415 0
0.295354 0
0.306293 0
0.317232 0
0.328171 0
0.339111 0
0.35005 0
0.360989 0
0.371928 0
0.382867 0
0.393806 0
0.404745 0
0.415684 0
0.426623 0
0.437562 0
0.448501 0
0.45944 0
0.470379 0
0.481318 0
0.492257 0
0.503196 0
0.514135 0
0.525074 0
0.536013 0
0.546952 0
0.557891 0
0.568831 0
0.57977 0
0.590709 0
0.601648 0
0.612587 0
0.623526 0
0.634465 0
0.645404 0
0.656343 0
0.667282 0
0.678221 0
0.68916 0
0.700099 0
0.711038 0
0.721977 0
0.732916 0
0.743855 0
0.754794 0
0.765733 0
0.776672 0
0.787611 0
0.798551 0
0.80949 0
0.820429 0
0.831368 0
0.842307 0
0.853246 0
0.864185 0
0.875124 0
0.886063 0
0.897002 0
0.907941 0
0.91888 0
0.929819 0
0.940758 0
0.951697 0
0.962636 0
0.973575 0
0.984514 0
0.995453 0
1.00639 1.45319
1.01733 3.69791
1.02827 3.89853
1.03921 4.90797
1.05015 3.20452
1.06109 1.04637
1.07203 2.8194
1.08297 2.00946
1.0939 2.7083
1.10484 2.89658
1.11578 2.36695
1.12672 1.16072
1.13766 1.36633
1.1486 2.23425
1.15954 1.31549
1.17048 1.72151
1.18142 2.74613
1.19236 1.4518
1.2033 0
1.21423 1.00013
1.22517 1.57189
1.23611 1.93039
1.24705 1.13809
1.25799 1.11847
1.26893 1.09935
1.27987 1.8012
1.29081 1.59384
1.30175 0.696565
1.31269 1.02758
1.32362 1.34764
1.33456 1.32573
1.3455 1.63044
1.35644 0.96261
1.36738 0.947331
1.37832 0.932413
1.38926 0.917844
1.4002 0.451807
1.41114 0.889713
1.42208 0.438065
1.43302 0.719046
1.44395 0.566587
1.45489 0.55813
1.46583 1.23719
1.47677 0.406332
1.48771 0.4004
1.49865 0.920727
1.50959 0.6482
1.52053 0.383364
1.53147 1.63768
1.54241 0.993609
1.55334 1.10218
1.56428 1.20763
1.57522 0.47639
1.58616 1.40959
1.5971 1.15868
1.60804 0.685813
1.61898 0.56384
1.62992 0.333793
1.64086 0.439163
1.6518 0.541731
1.66274 0.427719
1.67367 0.738788
1.68461 0.416717
1.69555 0.719906
1.70649 0.710736
1.71743 0.300745
1.72837 0.890887
1.73931 1.07525
1.75025 0.579215
1.76119 1.23947
1.77213 0.753394
1.78306 1.20934
1.794 0.643287
1.80494 1.27107
1.81588 0.269111
1.82682 1.41817
1.83776 0.963456
1.8487 0.692452
1.85964 1.19762
1.87058 1.09914
1.88152 1.00286
1.89246 0.826114
1.90339 0.735006
1.91433 1.13035
1.92527 0.878097
1.93621 0.7893
1.94715 1.01463
1.95809 0.926171
1.96903 0.992266
1.97997 1.05685
1.99091 0.821308
2.00185 1.32935
2.01278 1.02276
2.02372 1.44538
2.03466 1.21543
2.0456 0.990295
2.05654 1.18978
2.06748 0.969502
2.07842 1.6446
2.08936 0.881546
2.1003 0.805302
2.11124 1.1955
2.12218 1.24897
2.13311 0.975971
2.14405 1.09487
2.15499 1.53009
2.16593 1.00981
2.17687 1.31212
