0 0
0.010939 0
0.0218781 0
0.0328171 0
0.0437562 0
0.0546952 0
0.0656343 0
0.0765733 0
0.0875124 0
0.0984514 0
0.10939 0
0.12033 0
0.131269 0
0.142208 0
0.153147 0
0.164086 0
0.175025 0
0.185964 0
0.196903 0
0.207842 0
0.218781 0
0.22972 0
0.240659 0
0.251598 0
0.262537 0
0.273476 0
0.284415 0
0.295354 0
0.306293 0
0.317232 0
0.328171 0
0.339111 0
0.35005 0
0.360989 0
0.371928 0
0.382867 0
0.393806 0
0.404745 0
0.415684 0
0.426623 0
0.437562 0
0.448501 0
0.45944 0
0.470379 0
0.481318 0
0.492257 0
0.503196 0
0.514135 0
0.525074 0
0.536013 0
0.546952 0
0.557891 0
0.568831 0
0.57977 0
0.590709 0
0.601648 0
0.612587 0
0.623526 0
0.634465 0
0.645404 0
0.656343 0
0.667282 0
0.678221 0
0.68916 0
0.700099 0
0.711038 0
0.721977 0
0.732916 0
0.743855 0
0.754794 0
0.765733 0
0.776672 0
0.787611 0
0.798551 0
0.80949 0
0.820429 0
0.831368 0
0.842307 0
0.853246 0
0.864185 0
0.875124 0
0.886063 0
0.897002 0
0.907941 0
0.91888 0
0.929819 0
0.940758 0
0.951697 0
0.962636 0
0.973575 0
0.984514 0
0.995453 0.297025
1.00639 4.35957
1.01733 3.41345
1.02827 2.78466
1.03921 1.36333
1.05015 3.20452
1.06109 3.13912
1.07203 2.8194
1.08297 2.26065
1.0939 2.21588
1.10484 2.41382
1.11578 1.42017
1.12672 2.32143
1.13766 2.50494
1.1486 2.01083
1.15954 1.09625
1.17048 1.72151
1.18142 1.90117
1.19236 1.6592
1.2033 1.83297
1.21423 1.20016
1.22517 1.3754
1.23611 1.73735
1.24705 0.758729
1.25799 0.559235
1.26893 1.28258
1.27987 1.26084
1.29081 0.885464
1.30175 1.04485
1.31269 0.685052
1.32362 1.17919
1.33456 1.32573
1.3455 1.30435
1.35644 0.64174
1.36738 1.10522
1.37832 1.08781
1.38926 0.917844
1.4002 1.35542
1.41114 0.593142
1.42208 0.292043
1.43302 0.287618
1.44395 1.13317
1.45489 1.11626
1.46583 1.23719
1.47677 0.541776
1.48771 0.266933
1.49865 0.394597
1.50959 1.9446
1.52053 1.0223
1.53147 0.377926
1.54241 0.745207
1.55334 0.857248
1.56428 1.3284
1.57522 0.119098
1.58616 0.822263
1.5971 0.57934
1.60804 0.342906
1.61898 1.01491
1.62992 0.445058
1.64086 0.329372
1.6518 1.08346
1.66274 0.641579
1.67367 0.422165
1.68461 1.04179
1.69555 0.925594
1.70649 1.01534
1.71743 0.501242
1.72837 0.692912
1.73931 0.879751
1.75025 0.868823
1.76119 1.23947
1.77213 0.941742
1.78306 0.744206
1.794 0.918982
1.80494 0.726328
1.81588 0.986741
1.82682 0.797722
1.83776 1.22622
1.8487 0.952121
1.85964 1.36871
1.87058 1.09914
1.88152 0.668576
1.89246 1.73484
1.90339 0.980007
1.91433 0.726653
1.92527 0.718443
1.93621 0.86823
1.94715 1.01463
1.95809 1.08053
1.96903 0.839609
1.97997 1.4343
1.99091 0.597315
2.00185 0.886234
2.01278 1.38803
2.02372 1.58992
2.03466 1.64441
2.0456 1.13177
2.05654 1.18978
2.06748 1.03875
2.07842 1.16493
2.08936 0.406867
2.1003 0.872411
2.11124 0.929834
2.12218 1.51192
2.13311 0.910906
2.14405 1.41689
2.15499 0.573783
2.16593 0.946694
2.17687 1.18715
