0 0
0.010939 0
0.0218781 0
0.0328171 0
0.0437562 0
0.0546952 0
0.0656343 0
0.0765733 0
0.0875124 0
0.0984514 0
0.10939 0
0.12033 0
0.131269 0
0.142208 0
0.153147 0
0.164086 0
0.175025 0
0.185964 0
0.196903 0
0.207842 0
0.218781 0
0.22972 0
0.240659 0
0.251598 0
0.262537 0
0.273476 0
0.284415 0
0.295354 0
0.306293 0
0.317232 0
0.328171 0
0.339111 0
0.35005 0
0.360989 0
0.371928 0
0.382867 0
0.393806 0
0.404745 0
0.415684 0
0.426623 0
0.437562 0
0.448501 0
0.45944 0
0.470379 0
0.481318 0
0.492257 0
0.503196 0
0.514135 0
0.525074 0
0.536013 0
0.546952 0
0.557891 0
0.568831 0
0.57977 0
0.590709 0
0.601648 0
0.612587 0
0.623526 0
0.634465 0
0.645404 0
0.656343 0
0.667282 0
0.678221 0
0.68916 0
0.700099 0
0.711038 0
0.721977 0
0.732916 0
0.743855 0
0.754794 0
0.765733 0
0.776672 0
0.787611 0
0.798551 0
0.80949 0
0.820429 0
0.831368 0
0.842307 0
0.853246 0
0.864185 0
0.875124 0
0.886063 0
0.897002 0
0.907941 0
0.91888 0
0.929819 0
0.940758 0
0.951697 0
0.962636 0
0.973575 0
0.984514 0
0.995453 0.594051
1.00639 4.06893
1.01733 1.99118
1.02827 4.45546
1.03921 3.54465
1.05015 2.13635
1.06109 3.13912
1.07203 1.02524
1.08297 2.51183
1.0939 1.96967
1.10484 1.44829
1.11578 2.84034
1.12672 1.16072
1.13766 1.59405
1.1486 2.01083
1.15954 2.41174
1.17048 2.58227
1.18142 0.633722
1.19236 1.4518
1.2033 1.22198
1.21423 1.20016
1.22517 1.3754
1.23611 1.15824
1.24705 1.32777
1.25799 1.30488
1.26893 1.28258
1.27987 0.72048
1.29081 0.885464
1.30175 0.870707
1.31269 1.54137
1.32362 1.68455
1.33456 0.497149
1.3455 1.30435
1.35644 1.12305
1.36738 1.57888
1.37832 0.932413
1.38926 0.76487
1.4002 0.602409
1.41114 1.18628
1.42208 1.02215
1.43302 0.862855
1.44395 0.84988
1.45489 0.697663
1.46583 0.962258
1.47677 0.67722
1.48771 0.667333
1.49865 0.920727
1.50959 0.38892
1.52053 0.894516
1.53147 0.377926
1.54241 1.11781
1.55334 0.61232
1.56428 1.20763
1.57522 0.95278
1.58616 0.58733
1.5971 1.27455
1.60804 0.914417
1.61898 1.01491
1.62992 0.667586
1.64086 0.768535
1.6518 0.541731
1.66274 1.28316
1.67367 0.94987
1.68461 0.729256
1.69555 0.308531
1.70649 1.31994
1.71743 0.902236
1.72837 0.890887
1.73931 1.07525
1.75025 0.868823
1.76119 1.04878
1.77213 1.03592
1.78306 0.930258
1.794 0.643287
1.80494 0.726328
1.81588 0.71763
1.82682 0.531815
1.83776 0.525521
1.8487 0.519339
1.85964 0.769897
1.87058 0.591846
1.88152 0.83572
1.89246 0.908725
1.90339 0.571671
1.91433 0.484436
1.92527 1.03775
1.93621 0.86823
1.94715 0.85853
1.95809 0.77181
1.96903 0.992266
1.97997 1.35881
1.99091 1.11997
2.00185 1.03394
2.01278 0.803598
2.02372 0.722689
2.03466 1.42992
2.0456 1.06103
2.05654 1.6097
2.06748 1.108
2.07842 1.0964
2.08936 1.62747
2.1003 1.34217
2.11124 1.26192
2.12218 1.24897
2.13311 1.23623
2.14405 1.28808
2.15499 1.14757
2.16593 1.32537
2.17687 1.18715
