0 0
0.010939 0
0.0218781 0
0.0328171 0
0.0437562 0
0.0546952 0
0.0656343 0
0.0765733 0
0.0875124 0
0.0984514 0
0.10939 0
0.12033 0
0.131269 0
0.142208 0
0.153147 0
0.164086 0
0.175025 0
0.185964 0
0.196903 0
0.207842 0
0.218781 0
0.22972 0
0.240659 0
0.251598 0
0.262537 0
0.273476 0
0.284415 0
0.295354 0
0.306293 0
0.317232 0
0.328171 0
0.339111 0
0.35005 0
0.360989 0
0.371928 0
0.382867 0
0.393806 0
0.404745 0
0.415684 0
0.426623 0
0.437562 0
0.448501 0
0.45944 0
0.470379 0
0.481318 0
0.492257 0
0.503196 0
0.514135 0
0.525074 0
0.536013 0
0.546952 0
0.557891 0
0.568831 0
0.57977 0
0.590709 0
0.601648 0
0.612587 0
0.623526 0
0.634465 0
0.645404 0
0.656343 0
0.667282 0
0.678221 0
0.68916 0
0.700099 0
0.711038 0
0.721977 0
0.732916 0
0.743855 0
0.754794 0
0.765733 0
0.776672 0
0.787611 0
0.798551 0
0.80949 0
0.820429 0
0.831368 0
0.842307 0
0.853246 0
0.864185 0
0.875124 0
0.886063 0
0.897002 0
0.907941 0
0.91888 0
0.929819 0
0.940758 0
0.951697 0
0.962636 0
0.973575 0
0.984514 0
0.995453 0.297025
1.00639 3.77829
1.01733 2.56009
1.02827 1.39233
1.03921 3.81731
1.05015 3.20452
1.06109 2.87753
1.07203 3.33202
1.08297 2.51183
1.0939 1.96967
1.10484 2.41382
1.11578 1.65686
1.12672 2.78572
1.13766 1.59405
1.1486 2.01083
1.15954 1.53474
1.17048 2.15189
1.18142 1.0562
1.19236 1.037
1.2033 1.83297
1.21423 0.400053
1.22517 0.982431
1.23611 1.93039
1.24705 0.948411
1.25799 1.11847
1.26893 1.83225
1.27987 1.44096
1.29081 0.708371
1.30175 0.696565
1.31269 1.02758
1.32362 1.34764
1.33456 0.828582
1.3455 1.14131
1.35644 1.76479
1.36738 0.631554
1.37832 1.24322
1.38926 0.458922
1.4002 0.753012
1.41114 0.889713
1.42208 0.292043
1.43302 1.29428
1.44395 0.566587
1.45489 0.418598
1.46583 0.824793
1.47677 1.48988
1.48771 1.2012
1.49865 0.920727
1.50959 0.6482
1.52053 1.15009
1.53147 0.629877
1.54241 0.248402
1.55334 0.857248
1.56428 1.81145
1.57522 0.95278
1.58616 0.822263
1.5971 0.811075
1.60804 0.571511
1.61898 0.451072
1.62992 1.00138
1.64086 0.658744
1.6518 0.541731
1.66274 0.641579
1.67367 0.633247
1.68461 0.520897
1.69555 0.514219
1.70649 0.913803
1.71743 0.601491
1.72837 1.08886
1.73931 0.782001
1.75025 0.965359
1.76119 0.667409
1.77213 0.65922
1.78306 0.744206
1.794 0.275695
1.80494 0.726328
1.81588 1.25585
1.82682 1.15227
1.83776 1.22622
1.8487 0.779008
1.85964 0.940985
1.87058 0.507297
1.88152 0.752148
1.89246 1.56962
1.90339 1.06167
1.91433 0.968871
1.92527 0.957923
1.93621 1.26288
1.94715 1.09267
1.95809 0.926171
1.96903 0.763281
1.97997 0.981362
1.99091 1.19463
2.00185 0.738528
2.01278 1.16887
2.02372 0.939495
2.03466 1.35842
2.0456 1.41471
2.05654 1.67968
2.06748 0.900252
2.07842 1.02788
2.08936 1.35622
2.1003 1.20795
2.11124 0.929834
2.12218 1.18324
2.13311 1.17117
2.14405 1.28808
2.15499 1.21132
2.16593 1.4516
2.17687 0.874745
