0 0
0.010939 0
0.0218781 0
0.0328171 0
0.0437562 0
0.0546952 0
0.0656343 0
0.0765733 0
0.0875124 0
0.0984514 0
0.10939 0
0.12033 0
0.131269 0
0.142208 0
0.153147 0
0.164086 0
0.175025 0
0.185964 0
0.196903 0
0.207842 0
0.218781 0
0.22972 0
0.240659 0
0.251598 0
0.262537 0
0.273476 0
0.284415 0
0.295354 0
0.306293 0
0.317232 0
0.328171 0
0.339111 0
0.35005 0
0.360989 0
0.371928 0
0.382867 0
0.393806 0
0.404745 0
0.415684 0
0.426623 0
0.437562 0
0.448501 0
0.45944 0
0.470379 0
0.481318 0
0.492257 0
0.503196 0
0.514135 0
0.525074 0
0.536013 0
0.546952 0
0.557891 0
0.568831 0
0.57977 0
0.590709 0
0.601648 0
0.612587 0
0.623526 0
0.634465 0
0.645404 0
0.656343 0
0.667282 0
0.678221 0
0.68916 0
0.700099 0
0.711038 0
0.721977 0
0.732916 0
0.743855 0
0.754794 0
0.765733 0
0.776672 0
0.787611 0
0.798551 0
0.80949 0
0.820429 0
0.831368 0
0.842307 0
0.853246 0
0.864185 0
0.875124 0
0.886063 0
0.897002 0
0.907941 0
0.91888 0
0.929819 0
0.940758 0
0.951697 0
0.962636 0
0.973575 0
0.984514 0
0.995453 0.594051
1.00639 3.77829
1.01733 3.41345
1.02827 4.17699
1.03921 2.18132
1.05015 3.20452
1.06109 2.61594
1.07203 3.58833
1.08297 1.5071
1.0939 1.47726
1.10484 2.41382
1.11578 1.89356
1.12672 1.85715
1.13766 1.36633
1.1486 2.01083
1.15954 1.75399
1.17048 1.07595
1.18142 0.844963
1.19236 1.4518
1.2033 2.64762
1.21423 3.20042
1.22517 1.17892
1.23611 1.35127
1.24705 0.379364
1.25799 1.11847
1.26893 0.916127
1.27987 0.54036
1.29081 0.531278
1.30175 1.39313
1.31269 1.71263
1.32362 1.34764
1.33456 0.994299
1.3455 0.326087
1.35644 0.32087
1.36738 0.789442
1.37832 1.55402
1.38926 0.76487
1.4002 0.903614
1.41114 0.889713
1.42208 1.31419
1.43302 0.431427
1.44395 0.84988
1.45489 0.418598
1.46583 0.687327
1.47677 1.08355
1.48771 0.533867
1.49865 1.05226
1.50959 0.51856
1.52053 1.0223
1.53147 0.503902
1.54241 0.745207
1.55334 1.10218
1.56428 1.20763
1.57522 0.238195
1.58616 0.939729
1.5971 1.04281
1.60804 1.48593
1.61898 0.676608
1.62992 1.22391
1.64086 1.31749
1.6518 0.541731
1.66274 0.427719
1.67367 1.16095
1.68461 0.520897
1.69555 0.205687
1.70649 0.609202
1.71743 1.00248
1.72837 0.39595
1.73931 0.879751
1.75025 0.675751
1.76119 1.33482
1.77213 0.470871
1.78306 0.930258
1.794 1.10278
1.80494 0.363164
1.81588 1.07644
1.82682 0.620451
1.83776 0.788282
1.8487 1.73113
1.85964 0.684353
1.87058 1.26824
1.88152 0.83572
1.89246 0.991337
1.90339 1.06167
1.91433 1.04961
1.92527 0.957923
1.93621 0.7893
1.94715 0.936578
1.95809 0.385905
1.96903 0.763281
1.97997 1.50979
1.99091 1.26929
2.00185 0.886234
2.01278 1.53414
2.02372 1.22857
2.03466 1.28693
2.0456 0.848824
2.05654 0.769855
2.06748 1.5235
2.07842 0.95935
2.08936 1.2206
2.1003 1.20795
2.11124 1.32833
2.12218 0.723091
2.13311 0.845842
2.14405 1.09487
2.15499 1.02006
2.16593 0.820468
2.17687 1.3746
