0 0
0.010939 0
0.0218781 0
0.0328171 0
0.0437562 0
0.0546952 0
0.0656343 0
0.0765733 0
0.0875124 0
0.0984514 0
0.10939 0
0.12033 0
0.131269 0
0.142208 0
0.153147 0
0.164086 0
0.175025 0
0.185964 0
0.196903 0
0.207842 0
0.218781 0
0.22972 0
0.240659 0
0.251598 0
0.262537 0
0.273476 0
0.284415 0
0.295354 0
0.306293 0
0.317232 0
0.328171 0
0.339111 0
0.35005 0
0.360989 0
0.371928 0
0.382867 0
0.393806 0
0.404745 0
0.415684 0
0.426623 0
0.437562 0
0.448501 0
0.45944 0
0.470379 0
0.481318 0
0.492257 0
0.503196 0
0.514135 0
0.525074 0
0.536013 0
0.546952 0
0.557891 0
0.568831 0
0.57977 0
0.590709 0
0.601648 0
0.612587 0
0.623526 0
0.634465 0
0.645404 0
0.656343 0
0.667282 0
0.678221 0
0.68916 0
0.700099 0
0.711038 0
0.721977 0
0.732916 0
0.743855 0
0.754794 0
0.765733 0
0.776672 0
0.787611 0
0.798551 0
0.80949 0
0.820429 0
0.831368 0
0.842307 0
0.853246 0
0.864185 0
0.875124 0
0.886063 0
0.897002 0
0.907941 0
0.91888 0
0.929819 0
0.940758 0
0.951697 0
0.962636 0
0.973575 0
0.984514 0
0.995453 0.297025
1.00639 3.48766
1.01733 1.99118
1.02827 3.34159
1.03921 2.45399
1.05015 2.13635
1.06109 4.1855
1.07203 2.8194
1.08297 4.01893
1.0939 1.47726
1.10484 1.93105
1.11578 2.60364
1.12672 1.85715
1.13766 1.59405
1.1486 2.45768
1.15954 0.876996
1.17048 1.29113
1.18142 1.0562
1.19236 1.6592
1.2033 2.44396
1.21423 2.60034
1.22517 0.589459
1.23611 1.15824
1.24705 0.948411
1.25799 1.49129
1.26893 1.09935
1.27987 1.08072
1.29081 1.23965
1.30175 1.21899
1.31269 1.19884
1.32362 0.505366
1.33456 0.828582
1.3455 0.815218
1.35644 1.44392
1.36738 0.473665
1.37832 1.24322
1.38926 0.917844
1.4002 0.753012
1.41114 0.889713
1.42208 0.584086
1.43302 0.575237
1.44395 0.84988
1.45489 1.11626
1.46583 0.549862
1.47677 1.08355
1.48771 0.667333
1.49865 1.05226
1.50959 0.6482
1.52053 0.766728
1.53147 0.377926
1.54241 0.745207
1.55334 0.734784
1.56428 0.483053
1.57522 0.47639
1.58616 1.29213
1.5971 0.57934
1.60804 0.342906
1.61898 0.338304
1.62992 1.44644
1.64086 0.988116
1.6518 1.08346
1.66274 1.39009
1.67367 0.94987
1.68461 0.416717
1.69555 0.719906
1.70649 0.710736
1.71743 0.801987
1.72837 0.890887
1.73931 0.977501
1.75025 1.25497
1.76119 0.762753
1.77213 1.50679
1.78306 0.465129
1.794 0.643287
1.80494 0.998701
1.81588 1.25585
1.82682 0.974994
1.83776 0.875869
1.8487 0.605895
1.85964 0.769897
1.87058 0.845494
1.88152 0.752148
1.89246 1.07395
1.90339 0.735006
1.91433 1.04961
1.92527 1.03775
1.93621 0.86823
1.94715 1.01463
1.95809 1.08053
1.96903 1.06859
1.97997 1.58528
1.99091 1.19463
2.00185 0.295411
2.01278 0.949707
2.02372 0.722689
2.03466 1.21543
2.0456 2.12206
2.05654 1.11979
2.06748 0.969502
2.07842 1.0964
2.08936 0.813735
2.1003 1.20795
2.11124 0.929834
2.12218 0.920297
2.13311 1.23623
2.14405 1.22368
2.15499 1.33883
2.16593 1.19915
2.17687 1.12467
