0 0
0.010939 0
0.0218781 0
0.0328171 0
0.0437562 0
0.0546952 0
0.0656343 0
0.0765733 0
0.0875124 0
0.0984514 0
0.10939 0
0.12033 0
0.131269 0
0.142208 0
0.153147 0
0.164086 0
0.175025 0
0.185964 0
0.196903 0
0.207842 0
0.218781 0
0.22972 0
0.240659 0
0.251598 0
0.262537 0
0.273476 0
0.284415 0
0.295354 0
0.306293 0
0.317232 0
0.328171 0
0.339111 0
0.35005 0
0.360989 0
0.371928 0
0.382867 0
0.393806 0
0.404745 0
0.415684 0
0.426623 0
0.437562 0
0.448501 0
0.45944 0
0.470379 0
0.481318 0
0.492257 0
0.503196 0
0.514135 0
0.525074 0
0.536013 0
0.546952 0
0.557891 0
0.568831 0
0.57977 0
0.590709 0
0.601648 0
0.612587 0
0.623526 0
0.634465 0
0.645404 0
0.656343 0
0.667282 0
0.678221 0
0.68916 0
0.700099 0
0.711038 0
0.721977 0
0.732916 0
0.743855 0
0.754794 0
0.765733 0
0.776672 0
0.787611 0
0.798551 0
0.80949 0
0.820429 0
0.831368 0
0.842307 0
0.853246 0
0.864185 0
0.875124 0
0.886063 0
0.897002 0
0.907941 0
0.91888 0
0.929819 0
0.940758 0
0.951697 0
0.962636 0
0.973575 0
0.984514 0
0.995453 0.594051
1.00639 4.94085
1.01733 2.27564
1.02827 4.45546
1.03921 2.99932
1.05015 4.53974
1.06109 1.83116
1.07203 1.53785
1.08297 2.51183
1.0939 2.46209
1.10484 2.41382
1.11578 1.65686
1.12672 2.32143
1.13766 1.82177
1.1486 0.8937
1.15954 1.53474
1.17048 1.29113
1.18142 0.844963
1.19236 2.4888
1.2033 0.61099
1.21423 1.40019
1.22517 1.17892
1.23611 1.93039
1.24705 1.32777
1.25799 1.30488
1.26893 1.28258
1.27987 1.26084
1.29081 1.23965
1.30175 0.870707
1.31269 0.856315
1.32362 0.336911
1.33456 0.662866
1.3455 0.978262
1.35644 0.802175
1.36738 0.631554
1.37832 1.08781
1.38926 1.22379
1.4002 1.05422
1.41114 1.038
1.42208 1.02215
1.43302 0.287618
1.44395 0.708233
1.45489 0.55813
1.46583 0.687327
1.47677 0.406332
1.48771 0.8008
1.49865 0.789195
1.50959 0.777839
1.52053 1.0223
1.53147 1.38573
1.54241 1.36621
1.55334 0.489856
1.56428 0.845342
1.57522 0.714585
1.58616 0.58733
1.5971 1.04281
1.60804 1.02872
1.61898 0.789376
1.62992 0.333793
1.64086 0.988116
1.6518 0.866769
1.66274 0.855439
1.67367 1.05541
1.68461 0.833435
1.69555 0.82275
1.70649 1.01534
1.71743 1.00248
1.72837 0.692912
1.73931 1.07525
1.75025 0.772287
1.76119 0.858097
1.77213 0.470871
1.78306 1.20934
1.794 0.551389
1.80494 0.817119
1.81588 1.25585
1.82682 0.797722
1.83776 0.788282
1.8487 0.346226
1.85964 0.598809
1.87058 0.930044
1.88152 1.00286
1.89246 1.48701
1.90339 0.980007
1.91433 0.807393
1.92527 0.718443
1.93621 0.86823
1.94715 1.01463
1.95809 1.00335
1.96903 1.14492
1.97997 1.05685
1.99091 0.522651
2.00185 0.664675
2.01278 1.46109
2.02372 1.58992
2.03466 1.07244
2.0456 1.06103
2.05654 1.81966
2.06748 1.385
2.07842 1.16493
2.08936 0.881546
2.1003 1.14084
2.11124 0.797
2.12218 1.18324
2.13311 1.49649
2.14405 1.09487
2.15499 0.765044
2.16593 1.51471
2.17687 1.74949
