0 0
0.010939 0
0.0218781 0
0.0328171 0
0.0437562 0
0.0546952 0
0.0656343 0
0.0765733 0
0.0875124 0
0.0984514 0
0.10939 0
0.12033 0
0.131269 0
0.142208 0
0.153147 0
0.164086 0
0.175025 0
0.185964 0
0.196903 0
0.207842 0
0.218781 0
0.22972 0
0.240659 0
0.251598 0
0.262537 0
0.273476 0
0.284415 0
0.295354 0
0.306293 0
0.317232 0
0.328171 0
0.339111 0
0.35005 0
0.360989 0
0.371928 0
0.382867 0
0.393806 0
0.404745 0
0.415684 0
0.426623 0
0.437562 0
0.448501 0
0.45944 0
0.470379 0
0.481318 0
0.492257 0
0.503196 0
0.514135 0
0.525074 0
0.536013 0
0.546952 0
0.557891 0
0.568831 0
0.57977 0
0.590709 0
0.601648 0
0.612587 0
0.623526 0
0.634465 0
0.645404 0
0.656343 0
0.667282 0
0.678221 0
0.68916 0
0.700099 0
0.711038 0
0.721977 0
0.732916 0
0.743855 0
0.754794 0
0.765733 0
0.776672 0
0.787611 0
0.798551 0
0.80949 0
0.820429 0
0.831368 0
0.842307 0
0.853246 0
0.864185 0
0.875124 0
0.886063 0
0.897002 0
0.907941 0
0.91888 0
0.929819 0
0.940758 0
0.951697 0
0.962636 0
0.973575 0
0.984514 0
0.995453 0.594051
1.00639 4.94085
1.01733 3.69791
1.02827 3.34159
1.03921 2.45399
1.05015 2.67043
1.06109 3.40072
1.07203 3.07571
1.08297 2.76301
1.0939 3.44693
1.10484 1.20691
1.11578 1.42017
1.12672 1.625
1.13766 0.910886
1.1486 1.34055
1.15954 1.53474
1.17048 2.15189
1.18142 1.47868
1.19236 1.6592
1.2033 1.83297
1.21423 1.00013
1.22517 1.17892
1.23611 1.54431
1.24705 0.569046
1.25799 0.559235
1.26893 1.09935
1.27987 1.26084
1.29081 1.23965
1.30175 0.522424
1.31269 1.3701
1.32362 1.68455
1.33456 0.497149
1.3455 1.30435
1.35644 0.802175
1.36738 0.473665
1.37832 0.621608
1.38926 0.611896
1.4002 0.753012
1.41114 0.741427
1.42208 0.292043
1.43302 1.00666
1.44395 1.27482
1.45489 0.55813
1.46583 0.962258
1.47677 1.08355
1.48771 0.934267
1.49865 0.657662
1.50959 0.51856
1.52053 0.766728
1.53147 0.755852
1.54241 0.621006
1.55334 0.489856
1.56428 0.603816
1.57522 1.42917
1.58616 0.704796
1.5971 0.695208
1.60804 0.914417
1.61898 0.676608
1.62992 1.00138
1.64086 0.768535
1.6518 1.62519
1.66274 0.32079
1.67367 1.16095
1.68461 0.729256
1.69555 0.514219
1.70649 1.01534
1.71743 0.801987
1.72837 1.18785
1.73931 0.684251
1.75025 1.06189
1.76119 1.14413
1.77213 0.470871
1.78306 1.30236
1.794 1.01088
1.80494 0.817119
1.81588 0.538222
1.82682 0.531815
1.83776 1.22622
1.8487 1.29835
1.85964 1.19762
1.87058 1.69099
1.88152 1.00286
1.89246 0.908725
1.90339 1.38834
1.91433 0.565175
1.92527 1.11758
1.93621 0.47358
1.94715 1.40487
1.95809 1.31208
1.96903 0.992266
1.97997 0.905872
1.99091 0.970637
2.00185 0.960086
2.01278 1.09582
2.02372 1.22857
2.03466 1.35842
2.0456 0.91956
2.05654 0.979816
2.06748 0.692502
2.07842 0.890825
2.08936 0.949357
2.1003 1.07374
2.11124 0.730584
2.12218 0.59162
2.13311 0.845842
2.14405 1.28808
2.15499 1.14757
2.16593 1.13603
2.17687 1.12467
