0 0
0.010939 0
0.0218781 0
0.0328171 0
0.0437562 0
0.0546952 0
0.0656343 0
0.0765733 0
0.0875124 0
0.0984514 0
0.10939 0
0.12033 0
0.131269 0
0.142208 0
0.153147 0
0.164086 0
0.175025 0
0.185964 0
0.196903 0
0.207842 0
0.218781 0
0.22972 0
0.240659 0
0.251598 0
0.262537 0
0.273476 0
0.284415 0
0.295354 0
0.306293 0
0.317232 0
0.328171 0
0.339111 0
0.35005 0
0.360989 0
0.371928 0
0.382867 0
0.393806 0
0.404745 0
0.415684 0
0.426623 0
0.437562 0
0.448501 0
0.45944 0
0.470379 0
0.481318 0
0.492257 0
0.503196 0
0.514135 0
0.525074 0
0.536013 0
0.546952 0
0.557891 0
0.568831 0
0.57977 0
0.590709 0
0.601648 0
0.612587 0
0.623526 0
0.634465 0
0.645404 0
0.656343 0
0.667282 0
0.678221 0
0.68916 0
0.700099 0
0.711038 0
0.721977 0
0.732916 0
0.743855 0
0.754794 0
0.765733 0
0.776672 0
0.787611 0
0.798551 0
0.80949 0
0.820429 0
0.831368 0
0.842307 0
0.853246 0
0.864185 0
0.875124 0
0.886063 0
0.897002 0
0.907941 0
0.91888 0
0.929819 0
0.940758 0
0.951697 0
0.962636 0
0.973575 0
0.984514 0
0.995453 0
1.00639 4.35957
1.01733 5.12018
1.02827 3.89853
1.03921 1.90866
1.05015 1.06817
1.06109 2.61594
1.07203 2.30678
1.08297 2.51183
1.0939 2.21588
1.10484 1.93105
1.11578 3.31373
1.12672 0.928573
1.13766 1.82177
1.1486 2.01083
1.15954 1.97324
1.17048 1.72151
1.18142 2.74613
1.19236 1.6592
1.2033 0.61099
1.21423 1.60021
1.22517 1.57189
1.23611 0.579118
1.24705 1.13809
1.25799 1.30488
1.26893 1.09935
1.27987 0.9006
1.29081 1.23965
1.30175 1.21899
1.31269 1.02758
1.32362 1.34764
1.33456 1.49145
1.3455 1.14131
1.35644 0.96261
1.36738 0.789442
1.37832 0.932413
1.38926 0.458922
1.4002 0.903614
1.41114 0.741427
1.42208 0.730108
1.43302 0.862855
1.44395 0.84988
1.45489 0.279065
1.46583 0.412396
1.47677 0.67722
1.48771 0.266933
1.49865 0.789195
1.50959 0.907479
1.52053 0.766728
1.53147 0.503902
1.54241 0.993609
1.55334 0.857248
1.56428 0.483053
1.57522 1.42917
1.58616 0.939729
1.5971 0.926943
1.60804 1.37163
1.61898 1.35322
1.62992 0.556322
1.64086 0.878326
1.6518 0.866769
1.66274 0.534649
1.67367 0.527706
1.68461 0.625076
1.69555 0.514219
1.70649 0.609202
1.71743 0.501242
1.72837 1.18785
1.73931 0.879751
1.75025 1.06189
1.76119 0.572064
1.77213 0.65922
1.78306 0.558155
1.794 0.918982
1.80494 0.998701
1.81588 1.25585
1.82682 0.797722
1.83776 0.700695
1.8487 0.605895
1.85964 1.36871
1.87058 1.35279
1.88152 0.668576
1.89246 1.40439
1.90339 0.980007
1.91433 0.888132
1.92527 0.878097
1.93621 1.18395
1.94715 1.40487
1.95809 1.31208
1.96903 0.992266
1.97997 0.603915
1.99091 1.11997
2.00185 0.812381
2.01278 1.31498
2.02372 1.08403
2.03466 0.929447
2.0456 1.62691
2.05654 1.25976
2.06748 0.761752
2.07842 1.50755
2.08936 1.15279
2.1003 1.07374
2.11124 0.863417
2.12218 1.24897
2.13311 0.910906
2.14405 0.966063
2.15499 1.53009
2.16593 1.26226
2.17687 0.999709
