0 0
0.010939 0
0.0218781 0
0.0328171 0
0.0437562 0
0.0546952 0
0.0656343 0
0.0765733 0
0.0875124 0
0.0984514 0
0.10939 0
0.12033 0
0.131269 0
0.142208 0
0.153147 0
0.164086 0
0.175025 0
0.185964 0
0.196903 0
0.207842 0
0.218781 0
0.22972 0
0.240659 0
0.251598 0
0.262537 0
0.273476 0
0.284415 0
0.295354 0
0.306293 0
0.317232 0
0.328171 0
0.339111 0
0.35005 0
0.360989 0
0.371928 0
0.382867 0
0.393806 0
0.404745 0
0.415684 0
0.426623 0
0.437562 0
0.448501 0
0.45944 0
0.470379 0
0.481318 0
0.492257 0
0.503196 0
0.514135 0
0.525074 0
0.536013 0
0.546952 0
0.557891 0
0.568831 0
0.57977 0
0.590709 0
0.601648 0
0.612587 0
0.623526 0
0.634465 0
0.645404 0
0.656343 0
0.667282 0
0.678221 0
0.68916 0
0.700099 0
0.711038 0
0.721977 0
0.732916 0
0.743855 0
0.754794 0
0.765733 0
0.776672 0
0.787611 0
0.798551 0
0.80949 0
0.820429 0
0.831368 0
0.842307 0
0.853246 0
0.864185 0
0.875124 0
0.886063 0
0.897002 0
0.907941 0
0.91888 0
0.929819 0
0.940758 0
0.951697 0
0.962636 0
0.973575 0
0.984514 0
0.995453 0
1.00639 4.65021
1.01733 1.42227
1.02827 3.62006
1.03921 4.36264
1.05015 3.47156
1.06109 3.40072
1.07203 1.53785
1.08297 2.26065
1.0939 2.21588
1.10484 1.20691
1.11578 2.84034
1.12672 3.25001
1.13766 1.36633
1.1486 0.8937
1.15954 1.31549
1.17048 1.9367
1.18142 2.53489
1.19236 1.2444
1.2033 1.22198
1.21423 1.40019
1.22517 0.589459
1.23611 0.965196
1.24705 0.948411
1.25799 1.49129
1.26893 2.01548
1.27987 0.9006
1.29081 1.94802
1.30175 0.696565
1.31269 0.685052
1.32362 1.01073
1.33456 0.662866
1.3455 0.815218
1.35644 0.64174
1.36738 1.421
1.37832 0.77701
1.38926 1.07082
1.4002 0.753012
1.41114 0.296571
1.42208 1.31419
1.43302 0.719046
1.44395 0.84988
1.45489 0.279065
1.46583 0.687327
1.47677 1.08355
1.48771 0.8008
1.49865 1.05226
1.50959 0.25928
1.52053 1.0223
1.53147 1.13378
1.54241 0.869408
1.55334 0.244928
1.56428 1.08687
1.57522 0.595488
1.58616 1.05719
1.5971 0.926943
1.60804 0.800115
1.61898 1.01491
1.62992 0.556322
1.64086 0.548954
1.6518 0.758423
1.66274 0.427719
1.67367 0.527706
1.68461 0.729256
1.69555 0.617062
1.70649 1.62454
1.71743 0.601491
1.72837 0.890887
1.73931 1.07525
1.75025 0.579215
1.76119 0.953441
1.77213 0.847568
1.78306 1.02328
1.794 0.827084
1.80494 1.36187
1.81588 0.986741
1.82682 1.32954
1.83776 1.05104
1.8487 0.519339
1.85964 0.598809
1.87058 0.930044
1.88152 0.668576
1.89246 0.57828
1.90339 1.47001
1.91433 1.13035
1.92527 1.35706
1.93621 0.71037
1.94715 0.624385
1.95809 1.08053
1.96903 1.14492
1.97997 1.20783
1.99091 1.41862
2.00185 0.960086
2.01278 1.89941
2.02372 1.08403
2.03466 1.07244
2.0456 0.91956
2.05654 1.46972
2.06748 1.17725
2.07842 1.0964
2.08936 0.813735
2.1003 0.536868
2.11124 1.06267
2.12218 1.18324
2.13311 1.1061
2.14405 1.35249
2.15499 1.02006
2.16593 1.00981
2.17687 1.18715
