0 0
0.010939 0
0.0218781 0
0.0328171 0
0.0437562 0
0.0546952 0
0.0656343 0
0.0765733 0
0.0875124 0
0.0984514 0
0.10939 0
0.12033 0
0.131269 0
0.142208 0
0.153147 0
0.164086 0
0.175025 0
0.185964 0
0.196903 0
0.207842 0
0.218781 0
0.22972 0
0.240659 0
0.251598 0
0.262537 0
0.273476 0
0.284415 0
0.295354 0
0.306293 0
0.317232 0
0.328171 0
0.339111 0
0.35005 0
0.360989 0
0.371928 0
0.382867 0
0.393806 0
0.404745 0
0.415684 0
0.426623 0
0.437562 0
0.448501 0
0.45944 0
0.470379 0
0.481318 0
0.492257 0
0.503196 0
0.514135 0
0.525074 0
0.536013 0
0.546952 0
0.557891 0
0.568831 0
0.57977 0
0.590709 0
0.601648 0
0.612587 0
0.623526 0
0.634465 0
0.645404 0
0.656343 0
0.667282 0
0.678221 0
0.68916 0
0.700099 0
0.711038 0
0.721977 0
0.732916 0
0.743855 0
0.754794 0
0.765733 0
0.776672 0
0.787611 0
0.798551 0
0.80949 0
0.820429 0
0.831368 0
0.842307 0
0.853246 0
0.864185 0
0.875124 0
0.886063 0
0.897002 0
0.907941 0
0.91888 0
0.929819 0
0.940758 0
0.951697 0
0.962636 0
0.973575 0
0.984514 0
0.995453 0.594051
1.00639 3.19702
1.01733 3.69791
1.02827 4.45546
1.03921 2.72665
1.05015 2.13635
1.06109 2.35434
1.07203 2.05047
1.08297 1.5071
1.0939 3.20072
1.10484 1.44829
1.11578 1.89356
1.12672 3.25001
1.13766 1.59405
1.1486 1.56398
1.15954 1.97324
1.17048 1.9367
1.18142 1.47868
1.19236 2.2814
1.2033 1.62931
1.21423 1.40019
1.22517 1.57189
1.23611 0.579118
1.24705 1.51746
1.25799 0.932059
1.26893 0.916127
1.27987 1.62108
1.29081 0.531278
1.30175 1.39313
1.31269 1.3701
1.32362 0.673822
1.33456 1.32573
1.3455 1.14131
1.35644 0.64174
1.36738 0.789442
1.37832 0.466206
1.38926 0.458922
1.4002 0.602409
1.41114 0.889713
1.42208 0.876129
1.43302 1.15047
1.44395 0.283293
1.45489 0.976728
1.46583 0.687327
1.47677 0.812664
1.48771 1.46813
1.49865 0.52613
1.50959 0.51856
1.52053 0.766728
1.53147 0.629877
1.54241 0.621006
1.55334 0.367392
1.56428 1.20763
1.57522 0.714585
1.58616 0.822263
1.5971 0.347604
1.60804 0.800115
1.61898 0.676608
1.62992 0.778851
1.64086 0.878326
1.6518 1.30015
1.66274 1.0693
1.67367 0.422165
1.68461 0.937614
1.69555 0.617062
1.70649 1.11687
1.71743 1.30323
1.72837 0.890887
1.73931 0.782001
1.75025 0.386143
1.76119 1.23947
1.77213 0.941742
1.78306 0.837232
1.794 0.918982
1.80494 0.363164
1.81588 0.897037
1.82682 1.2409
1.83776 0.963456
1.8487 0.259669
1.85964 1.02653
1.87058 0.845494
1.88152 1.17001
1.89246 0.660891
1.90339 0.980007
1.91433 1.29183
1.92527 1.11758
1.93621 0.86823
1.94715 1.63901
1.95809 1.54362
1.96903 1.29758
1.97997 1.05685
1.99091 1.11997
2.00185 1.10779
2.01278 1.02276
2.02372 1.01176
2.03466 1.07244
2.0456 1.27324
2.05654 1.0498
2.06748 1.86975
2.07842 1.16493
2.08936 1.28841
2.1003 0.939519
2.11124 1.06267
2.12218 1.31471
2.13311 1.1061
2.14405 0.450829
2.15499 0.892551
2.16593 1.26226
2.17687 0.749781
