0 0
0.010939 0
0.0218781 0
0.0328171 0
0.0437562 0
0.0546952 0
0.0656343 0
0.0765733 0
0.0875124 0
0.0984514 0
0.10939 0
0.12033 0
0.131269 0
0.142208 0
0.153147 0
0.164086 0
0.175025 0
0.185964 0
0.196903 0
0.207842 0
0.218781 0
0.22972 0
0.240659 0
0.251598 0
0.262537 0
0.273476 0
0.284415 0
0.295354 0
0.306293 0
0.317232 0
0.328171 0
0.339111 0
0.35005 0
0.360989 0
0.371928 0
0.382867 0
0.393806 0
0.404745 0
0.415684 0
0.426623 0
0.437562 0
0.448501 0
0.45944 0
0.470379 0
0.481318 0
0.492257 0
0.503196 0
0.514135 0
0.525074 0
0.536013 0
0.546952 0
0.557891 0
0.568831 0
0.57977 0
0.590709 0
0.601648 0
0.612587 0
0.623526 0
0.634465 0
0.645404 0
0.656343 0
0.667282 0
0.678221 0
0.68916 0
0.700099 0
0.711038 0
0.721977 0
0.732916 0
0.743855 0
0.754794 0
0.765733 0
0.776672 0
0.787611 0
0.798551 0
0.80949 0
0.820429 0
0.831368 0
0.842307 0
0.853246 0
0.864185 0
0.875124 0
0.886063 0
0.897002 0
0.907941 0
0.91888 0
0.929819 0
0.940758 0
0.951697 0
0.962636 0
0.973575 0
0.984514 0
0.995453 0.594051
1.00639 3.77829
1.01733 3.129
1.02827 3.06313
1.03921 2.45399
1.05015 2.40339
1.06109 2.87753
1.07203 2.05047
1.08297 3.0142
1.0939 2.7083
1.10484 2.89658
1.11578 2.13025
1.12672 2.08929
1.13766 1.13861
1.1486 1.56398
1.15954 1.31549
1.17048 2.15189
1.18142 1.26744
1.19236 1.6592
1.2033 1.22198
1.21423 1.40019
1.22517 0.982431
1.23611 0.965196
1.24705 1.51746
1.25799 1.67771
1.26893 1.28258
1.27987 1.98132
1.29081 0.885464
1.30175 1.56727
1.31269 0.856315
1.32362 1.17919
1.33456 0.828582
1.3455 0.815218
1.35644 0.96261
1.36738 1.421
1.37832 1.70942
1.38926 0.611896
1.4002 0.602409
1.41114 0.741427
1.42208 0
1.43302 1.00666
1.44395 0.84988
1.45489 0.976728
1.46583 0.962258
1.47677 0.135444
1.48771 0.934267
1.49865 0.789195
1.50959 1.55568
1.52053 0.511152
1.53147 0.881828
1.54241 0.621006
1.55334 0.61232
1.56428 0.603816
1.57522 0.95278
1.58616 0.58733
1.5971 0.463472
1.60804 0.685813
1.61898 0.676608
1.62992 1.22391
1.64086 0.768535
1.6518 0.325038
1.66274 0.748509
1.67367 0.633247
1.68461 0.937614
1.69555 0.205687
1.70649 0.913803
1.71743 0.801987
1.72837 0.39595
1.73931 1.3685
1.75025 1.15843
1.76119 0.858097
1.77213 0.376697
1.78306 1.11631
1.794 1.10278
1.80494 1.27107
1.81588 1.16615
1.82682 0.531815
1.83776 0.788282
1.8487 1.21179
1.85964 1.02653
1.87058 0.930044
1.88152 0.501432
1.89246 1.40439
1.90339 0.980007
1.91433 0.726653
1.92527 1.51671
1.93621 1.02609
1.94715 0.936578
1.95809 1.15771
1.96903 0.915938
1.97997 1.20783
1.99091 0.746644
2.00185 0.960086
2.01278 1.16887
2.02372 0.794958
2.03466 1.21543
2.0456 1.2025
2.05654 1.39974
2.06748 0.692502
2.07842 1.0964
2.08936 1.08498
2.1003 1.00663
2.11124 1.52758
2.12218 0.920297
2.13311 0.845842
2.14405 1.4813
2.15499 1.21132
2.16593 0.694242
2.17687 1.06219
