0 0
0.010939 0
0.0218781 0
0.0328171 0
0.0437562 0
0.0546952 0
0.0656343 0
0.0765733 0
0.0875124 0
0.0984514 0
0.10939 0
0.12033 0
0.131269 0
0.142208 0
0.153147 0
0.164086 0
0.175025 0
0.185964 0
0.196903 0
0.207842 0
0.218781 0
0.22972 0
0.240659 0
0.251598 0
0.262537 0
0.273476 0
0.284415 0
0.295354 0
0.306293 0
0.317232 0
0.328171 0
0.339111 0
0.35005 0
0.360989 0
0.371928 0
0.382867 0
0.393806 0
0.404745 0
0.415684 0
0.426623 0
0.437562 0
0.448501 0
0.45944 0
0.470379 0
0.481318 0
0.492257 0
0.503196 0
0.514135 0
0.525074 0
0.536013 0
0.546952 0
0.557891 0
0.568831 0
0.57977 0
0.590709 0
0.601648 0
0.612587 0
0.623526 0
0.634465 0
0.645404 0
0.656343 0
0.667282 0
0.678221 0
0.68916 0
0.700099 0
0.711038 0
0.721977 0
0.732916 0
0.743855 0
0.754794 0
0.765733 0
0.776672 0
0.787611 0
0.798551 0
0.80949 0
0.820429 0
0.831368 0
0.842307 0
0.853246 0
0.864185 0
0.875124 0
0.886063 0
0.897002 0
0.907941 0
0.91888 0
0.929819 0
0.940758 0
0.951697 0
0.962636 0
0.973575 0
0.984514 0
0.995453 0
1.00639 3.77829
1.01733 3.41345
1.02827 4.45546
1.03921 2.18132
1.05015 2.67043
1.06109 2.61594
1.07203 2.56309
1.08297 1.75828
1.0939 0.738628
1.10484 1.44829
1.11578 2.36695
1.12672 2.78572
1.13766 2.50494
1.1486 2.23425
1.15954 2.41174
1.17048 2.15189
1.18142 1.47868
1.19236 2.2814
1.2033 1.42564
1.21423 2.00026
1.22517 0.982431
1.23611 1.35127
1.24705 1.32777
1.25799 1.11847
1.26893 1.09935
1.27987 0.9006
1.29081 1.23965
1.30175 1.74141
1.31269 0.685052
1.32362 0.336911
1.33456 0.662866
1.3455 0.326087
1.35644 0.160435
1.36738 0.315777
1.37832 0.932413
1.38926 1.07082
1.4002 1.20482
1.41114 1.48285
1.42208 1.16817
1.43302 0.575237
1.44395 0.566587
1.45489 0.697663
1.46583 0.962258
1.47677 0.406332
1.48771 0.934267
1.49865 0.52613
1.50959 0.38892
1.52053 0.511152
1.53147 0.377926
1.54241 0.621006
1.55334 1.22464
1.56428 0.724579
1.57522 1.19098
1.58616 0.822263
1.5971 1.27455
1.60804 1.14302
1.61898 0.902143
1.62992 0.890115
1.64086 0.658744
1.6518 0.433384
1.66274 1.0693
1.67367 1.16095
1.68461 0.520897
1.69555 0.617062
1.70649 0.710736
1.71743 0.400994
1.72837 0.890887
1.73931 0.488751
1.75025 0.868823
1.76119 1.04878
1.77213 1.03592
1.78306 1.02328
1.794 0.918982
1.80494 1.63424
1.81588 1.34556
1.82682 0.886358
1.83776 0.875869
1.8487 0.952121
1.85964 0.769897
1.87058 0.591846
1.88152 1.00286
1.89246 0.57828
1.90339 0.735006
1.91433 1.13035
1.92527 1.27723
1.93621 1.49967
1.94715 0.624385
1.95809 0.77181
1.96903 1.14492
1.97997 1.05685
1.99091 1.11997
2.00185 0.812381
2.01278 1.31498
2.02372 1.22857
2.03466 0.571968
2.0456 1.27324
2.05654 1.0498
2.06748 1.2465
2.07842 1.43903
2.08936 1.49185
2.1003 0.939519
2.11124 0.863417
2.12218 1.31471
2.13311 0.910906
2.14405 0.837254
2.15499 1.33883
2.16593 1.07292
2.17687 1.24964
