0 0
0.010939 0
0.0218781 0
0.0328171 0
0.0437562 0
0.0546952 0
0.0656343 0
0.0765733 0
0.0875124 0
0.0984514 0
0.10939 0
0.12033 0
0.131269 0
0.142208 0
0.153147 0
0.164086 0
0.175025 0
0.185964 0
0.196903 0
0.207842 0
0.218781 0
0.22972 0
0.240659 0
0.251598 0
0.262537 0
0.273476 0
0.284415 0
0.295354 0
0.306293 0
0.317232 0
0.328171 0
0.339111 0
0.35005 0
0.360989 0
0.371928 0
0.382867 0
0.393806 0
0.404745 0
0.415684 0
0.426623 0
0.437562 0
0.448501 0
0.45944 0
0.470379 0
0.481318 0
0.492257 0
0.503196 0
0.514135 0
0.525074 0
0.536013 0
0.546952 0
0.557891 0
0.568831 0
0.57977 0
0.590709 0
0.601648 0
0.612587 0
0.623526 0
0.634465 0
0.645404 0
0.656343 0
0.667282 0
0.678221 0
0.68916 0
0.700099 0
0.711038 0
0.721977 0
0.732916 0
0.743855 0
0.754794 0
0.765733 0
0.776672 0
0.787611 0
0.798551 0
0.80949 0
0.820429 0
0.831368 0
0.842307 0
0.853246 0
0.864185 0
0.875124 0
0.886063 0
0.897002 0
0.907941 0
0.91888 0
0.929819 0
0.940758 0
0.951697 0
0.962636 0
0.973575 0
0.984514 0
0.995453 0.594051
1.00639 3.19702
1.01733 4.26682
1.02827 1.11386
1.03921 2.72665
1.05015 3.73861
1.06109 2.87753
1.07203 3.07571
1.08297 1.5071
1.0939 1.96967
1.10484 3.13796
1.11578 3.07703
1.12672 1.16072
1.13766 1.59405
1.1486 2.45768
1.15954 1.31549
1.17048 2.58227
1.18142 1.26744
1.19236 1.037
1.2033 1.01832
1.21423 1.40019
1.22517 1.17892
1.23611 1.54431
1.24705 1.32777
1.25799 2.05053
1.26893 1.09935
1.27987 0.72048
1.29081 0.531278
1.30175 0.348283
1.31269 0.856315
1.32362 1.01073
1.33456 1.32573
1.3455 1.63044
1.35644 1.12305
1.36738 1.10522
1.37832 0.932413
1.38926 0.917844
1.4002 1.20482
1.41114 1.038
1.42208 0.584086
1.43302 1.15047
1.44395 1.27482
1.45489 1.25579
1.46583 0.549862
1.47677 1.219
1.48771 0.934267
1.49865 1.05226
1.50959 0.6482
1.52053 0.127788
1.53147 0.755852
1.54241 0.248402
1.55334 0.367392
1.56428 0.36229
1.57522 0.47639
1.58616 0.822263
1.5971 0.231736
1.60804 0.914417
1.61898 0.676608
1.62992 1.22391
1.64086 0.658744
1.6518 0.433384
1.66274 0.427719
1.67367 0.105541
1.68461 0.937614
1.69555 0.925594
1.70649 1.01534
1.71743 1.10273
1.72837 0.494937
1.73931 1.173
1.75025 1.25497
1.76119 0.762753
1.77213 1.03592
1.78306 1.11631
1.794 1.47037
1.80494 1.08949
1.81588 1.34556
1.82682 0.531815
1.83776 0.788282
1.8487 0.779008
1.85964 0.769897
1.87058 0.845494
1.88152 0.919292
1.89246 1.07395
1.90339 0.408336
1.91433 1.04961
1.92527 1.27723
1.93621 0.86823
1.94715 0.85853
1.95809 1.38926
1.96903 1.37391
1.97997 1.28332
1.99091 0.895972
2.00185 0.664675
2.01278 1.02276
2.02372 1.01176
2.03466 1.7874
2.0456 1.13177
2.05654 1.46972
2.06748 0.831002
2.07842 0.890825
2.08936 0.813735
2.1003 0.872411
2.11124 0.797
2.12218 1.24897
2.13311 0.975971
2.14405 0.837254
2.15499 1.21132
2.16593 1.4516
2.17687 1.43708
