0 0
0.010939 0
0.0218781 0
0.0328171 0
0.0437562 0
0.0546952 0
0.0656343 0
0.0765733 0
0.0875124 0
0.0984514 0
0.10939 0
0.12033 0
0.131269 0
0.142208 0
0.153147 0
0.164086 0
0.175025 0
0.185964 0
0.196903 0
0.207842 0
0.218781 0
0.22972 0
0.240659 0
0.251598 0
0.262537 0
0.273476 0
0.284415 0
0.295354 0
0.306293 0
0.317232 0
0.328171 0
0.339111 0
0.35005 0
0.360989 0
0.371928 0
0.382867 0
0.393806 0
0.404745 0
0.415684 0
0.426623 0
0.437562 0
0.448501 0
0.45944 0
0.470379 0
0.481318 0
0.492257 0
0.503196 0
0.514135 0
0.525074 0
0.536013 0
0.546952 0
0.557891 0
0.568831 0
0.57977 0
0.590709 0
0.601648 0
0.612587 0
0.623526 0
0.634465 0
0.645404 0
0.656343 0
0.667282 0
0.678221 0
0.68916 0
0.700099 0
0.711038 0
0.721977 0
0.732916 0
0.743855 0
0.754794 0
0.765733 0
0.776672 0
0.787611 0
0.798551 0
0.80949 0
0.820429 0
0.831368 0
0.842307 0
0.853246 0
0.864185 0
0.875124 0
0.886063 0
0.897002 0
0.907941 0
0.91888 0
0.929819 0
0.940758 0
0.951697 0
0.962636 0
0.973575 0
0.984514 0
0.995453 0.594051
1.00639 2.90638
1.01733 3.129
1.02827 1.94926
1.03921 4.90797
1.05015 2.93748
1.06109 1.56956
1.07203 2.05047
1.08297 3.26538
1.0939 3.20072
1.10484 2.6552
1.11578 2.13025
1.12672 1.625
1.13766 1.82177
1.1486 1.34055
1.15954 1.31549
1.17048 2.15189
1.18142 1.26744
1.19236 1.4518
1.2033 1.42564
1.21423 1.80024
1.22517 1.76838
1.23611 1.54431
1.24705 1.89682
1.25799 0.932059
1.26893 0.916127
1.27987 1.08072
1.29081 1.94802
1.30175 0.696565
1.31269 0.856315
1.32362 1.85301
1.33456 0.662866
1.3455 1.30435
1.35644 0.96261
1.36738 0.315777
1.37832 0.77701
1.38926 0.152974
1.4002 0.602409
1.41114 0.889713
1.42208 1.31419
1.43302 0.287618
1.44395 0.566587
1.45489 1.39533
1.46583 0.962258
1.47677 1.08355
1.48771 0.934267
1.49865 0.394597
1.50959 0.6482
1.52053 0.63894
1.53147 0.503902
1.54241 0.869408
1.55334 0.857248
1.56428 0.483053
1.57522 0.595488
1.58616 0.352398
1.5971 0.695208
1.60804 0.457209
1.61898 0.676608
1.62992 0.778851
1.64086 0.878326
1.6518 0.758423
1.66274 0.962369
1.67367 0.738788
1.68461 1.25015
1.69555 1.23412
1.70649 1.2184
1.71743 0.400994
1.72837 0.7919
1.73931 0.879751
1.75025 0.579215
1.76119 1.04878
1.77213 0.753394
1.78306 1.02328
1.794 0.735186
1.80494 0.817119
1.81588 0.71763
1.82682 0.974994
1.83776 0.875869
1.8487 0.865565
1.85964 0.684353
1.87058 0.930044
1.88152 0.752148
1.89246 1.07395
1.90339 1.30668
1.91433 1.45331
1.92527 1.11758
1.93621 1.26288
1.94715 1.01463
1.95809 1.31208
1.96903 1.14492
1.97997 1.20783
1.99091 0.895972
2.00185 1.03394
2.01278 0.730544
2.02372 1.37311
2.03466 1.35842
2.0456 0.848824
2.05654 0.699868
2.06748 1.108
2.07842 1.02788
2.08936 0.813735
2.1003 0.671085
2.11124 1.52758
2.12218 1.1175
2.13311 1.69168
2.14405 1.4813
2.15499 1.27507
2.16593 1.07292
2.17687 1.24964
