0 0
0.010939 0
0.0218781 0
0.0328171 0
0.0437562 0
0.0546952 0
0.0656343 0
0.0765733 0
0.0875124 0
0.0984514 0
0.10939 0
0.12033 0
0.131269 0
0.142208 0
0.153147 0
0.164086 0
0.175025 0
0.185964 0
0.196903 0
0.207842 0
0.218781 0
0.22972 0
0.240659 0
0.251598 0
0.262537 0
0.273476 0
0.284415 0
0.295354 0
0.306293 0
0.317232 0
0.328171 0
0.339111 0
0.35005 0
0.360989 0
0.371928 0
0.382867 0
0.393806 0
0.404745 0
0.415684 0
0.426623 0
0.437562 0
0.448501 0
0.45944 0
0.470379 0
0.481318 0
0.492257 0
0.503196 0
0.514135 0
0.525074 0
0.536013 0
0.546952 0
0.557891 0
0.568831 0
0.57977 0
0.590709 0
0.601648 0
0.612587 0
0.623526 0
0.634465 0
0.645404 0
0.656343 0
0.667282 0
0.678221 0
0.68916 0
0.700099 0
0.711038 0
0.721977 0
0.732916 0
0.743855 0
0.754794 0
0.765733 0
0.776672 0
0.787611 0
0.798551 0
0.80949 0
0.820429 0
0.831368 0
0.842307 0
0.853246 0
0.864185 0
0.875124 0
0.886063 0
0.897002 0
0.907941 0
0.91888 0
0.929819 0
0.940758 0
0.951697 0
0.962636 0
0.973575 0
0.984514 0
0.995453 0
1.00639 4.94085
1.01733 3.129
1.02827 1.39233
1.03921 1.09066
1.05015 3.20452
1.06109 3.13912
1.07203 2.8194
1.08297 2.51183
1.0939 2.46209
1.10484 3.86211
1.11578 1.42017
1.12672 1.39286
1.13766 1.59405
1.1486 1.7874
1.15954 1.97324
1.17048 2.36708
1.18142 2.32365
1.19236 1.6592
1.2033 1.83297
1.21423 1.80024
1.22517 1.96486
1.23611 0.386079
1.24705 1.51746
1.25799 0.745647
1.26893 0.916127
1.27987 1.62108
1.29081 1.06256
1.30175 1.21899
1.31269 1.19884
1.32362 1.01073
1.33456 0.994299
1.3455 0.978262
1.35644 1.12305
1.36738 1.10522
1.37832 1.08781
1.38926 0.76487
1.4002 0.903614
1.41114 1.18628
1.42208 0.438065
1.43302 0.862855
1.44395 0.708233
1.45489 0.418598
1.46583 0.412396
1.47677 0.270888
1.48771 0.266933
1.49865 1.31532
1.50959 0.777839
1.52053 0.63894
1.53147 0.881828
1.54241 0.372603
1.55334 0.489856
1.56428 0.724579
1.57522 0.833683
1.58616 0.939729
1.5971 0.57934
1.60804 1.48593
1.61898 0.338304
1.62992 0.778851
1.64086 0.219581
1.6518 0.866769
1.66274 1.17623
1.67367 0.738788
1.68461 0.625076
1.69555 0.617062
1.70649 0.710736
1.71743 1.10273
1.72837 0.593925
1.73931 0.488751
1.75025 0.772287
1.76119 0.858097
1.77213 1.03592
1.78306 1.02328
1.794 0.551389
1.80494 0.544746
1.81588 1.25585
1.82682 0.797722
1.83776 1.3138
1.8487 1.03868
1.85964 1.45425
1.87058 0.845494
1.88152 1.00286
1.89246 0.908725
1.90339 0.89834
1.91433 1.29183
1.92527 1.27723
1.93621 1.10502
1.94715 1.71706
1.95809 0.926171
1.96903 0.839609
1.97997 1.05685
1.99091 0.597315
2.00185 1.03394
2.01278 1.31498
2.02372 1.1563
2.03466 1.00094
2.0456 0.91956
2.05654 1.18978
2.06748 1.03875
2.07842 1.0964
2.08936 1.55966
2.1003 1.27506
2.11124 1.72683
2.12218 0.59162
2.13311 1.23623
2.14405 1.4813
2.15499 1.02006
2.16593 0.820468
2.17687 1.06219
