0 0
0.010939 0
0.0218781 0
0.0328171 0
0.0437562 0
0.0546952 0
0.0656343 0
0.0765733 0
0.0875124 0
0.0984514 0
0.10939 0
0.12033 0
0.131269 0
0.142208 0
0.153147 0
0.164086 0
0.175025 0
0.185964 0
0.196903 0
0.207842 0
0.218781 0
0.22972 0
0.240659 0
0.251598 0
0.262537 0
0.273476 0
0.284415 0
0.295354 0
0.306293 0
0.317232 0
0.328171 0
0.339111 0
0.35005 0
0.360989 0
0.371928 0
0.382867 0
0.393806 0
0.404745 0
0.415684 0
0.426623 0
0.437562 0
0.448501 0
0.45944 0
0.470379 0
0.481318 0
0.492257 0
0.503196 0
0.514135 0
0.525074 0
0.536013 0
0.546952 0
0.557891 0
0.568831 0
0.57977 0
0.590709 0
0.601648 0
0.612587 0
0.623526 0
0.634465 0
0.645404 0
0.656343 0
0.667282 0
0.678221 0
0.68916 0
0.700099 0
0.711038 0
0.721977 0
0.732916 0
0.743855 0
0.754794 0
0.765733 0
0.776672 0
0.787611 0
0.798551 0
0.80949 0
0.820429 0
0.831368 0
0.842307 0
0.853246 0
0.864185 0
0.875124 0
0.886063 0
0.897002 0
0.907941 0
0.91888 0
0.929819 0
0.940758 0
0.951697 0
0.962636 0
0.973575 0
0.984514 0
0.995453 0
1.00639 3.48766
1.01733 5.12018
1.02827 2.5062
1.03921 2.72665
1.05015 2.67043
1.06109 2.87753
1.07203 4.61356
1.08297 2.00946
1.0939 1.23105
1.10484 1.93105
1.11578 1.89356
1.12672 2.78572
1.13766 2.04949
1.1486 1.34055
1.15954 1.75399
1.17048 0.860756
1.18142 1.68993
1.19236 1.4518
1.2033 1.42564
1.21423 1.00013
1.22517 1.3754
1.23611 1.35127
1.24705 0.948411
1.25799 1.30488
1.26893 1.28258
1.27987 0.9006
1.29081 1.41674
1.30175 2.26384
1.31269 0.513789
1.32362 1.34764
1.33456 1.32573
1.3455 0.978262
1.35644 0.32087
1.36738 1.57888
1.37832 1.08781
1.38926 0.917844
1.4002 0.903614
1.41114 0.444856
1.42208 0.730108
1.43302 0.862855
1.44395 0.708233
1.45489 0.55813
1.46583 0.824793
1.47677 0.812664
1.48771 0.8008
1.49865 0.394597
1.50959 0.6482
1.52053 0.511152
1.53147 1.0078
1.54241 0.621006
1.55334 0.734784
1.56428 0.36229
1.57522 1.07188
1.58616 0.469864
1.5971 0.811075
1.60804 0.914417
1.61898 1.35322
1.62992 0.667586
1.64086 0.439163
1.6518 0.541731
1.66274 1.0693
1.67367 0.527706
1.68461 0.625076
1.69555 0.308531
1.70649 0.304601
1.71743 0.801987
1.72837 0.593925
1.73931 0.684251
1.75025 0.868823
1.76119 1.23947
1.77213 0.753394
1.78306 0.930258
1.794 1.28657
1.80494 1.08949
1.81588 1.07644
1.82682 0.886358
1.83776 1.40139
1.8487 0.519339
1.85964 0.684353
1.87058 1.60644
1.88152 1.33715
1.89246 0.330446
1.90339 1.06167
1.91433 1.37257
1.92527 1.11758
1.93621 1.18395
1.94715 1.01463
1.95809 1.08053
1.96903 1.22125
1.97997 1.35881
1.99091 1.34396
2.00185 1.03394
2.01278 1.09582
2.02372 1.01176
2.03466 0.857951
2.0456 1.41471
2.05654 1.81966
2.06748 1.5235
2.07842 1.0964
2.08936 1.08498
2.1003 1.27506
2.11124 1.32833
2.12218 0.723091
2.13311 1.04104
2.14405 0.708446
2.15499 1.02006
2.16593 1.57782
2.17687 1.12467
