0 0
0.010939 0
0.0218781 0
0.0328171 0
0.0437562 0
0.0546952 0
0.0656343 0
0.0765733 0
0.0875124 0
0.0984514 0
0.10939 0
0.12033 0
0.131269 0
0.142208 0
0.153147 0
0.164086 0
0.175025 0
0.185964 0
0.196903 0
0.207842 0
0.218781 0
0.22972 0
0.240659 0
0.251598 0
0.262537 0
0.273476 0
0.284415 0
0.295354 0
0.306293 0
0.317232 0
0.328171 0
0.339111 0
0.35005 0
0.360989 0
0.371928 0
0.382867 0
0.393806 0
0.404745 0
0.415684 0
0.426623 0
0.437562 0
0.448501 0
0.45944 0
0.470379 0
0.481318 0
0.492257 0
0.503196 0
0.514135 0
0.525074 0
0.536013 0
0.546952 0
0.557891 0
0.568831 0
0.57977 0
0.590709 0
0.601648 0
0.612587 0
0.623526 0
0.634465 0
0.645404 0
0.656343 0
0.667282 0
0.678221 0
0.68916 0
0.700099 0
0.711038 0
0.721977 0
0.732916 0
0.743855 0
0.754794 0
0.765733 0
0.776672 0
0.787611 0
0.798551 0
0.80949 0
0.820429 0
0.831368 0
0.842307 0
0.853246 0
0.864185 0
0.875124 0
0.886063 0
0.897002 0
0.907941 0
0.91888 0
0.929819 0
0.940758 0
0.951697 0
0.962636 0
0.973575 0
0.984514 0
0.995453 0.594051
1.00639 1.45319
1.01733 3.41345
1.02827 3.62006
1.03921 2.99932
1.05015 3.73861
1.06109 2.61594
1.07203 3.58833
1.08297 3.51656
1.0939 2.46209
1.10484 2.17244
1.11578 1.42017
1.12672 2.08929
1.13766 2.50494
1.1486 0.8937
1.15954 1.31549
1.17048 1.29113
1.18142 2.11241
1.19236 1.8666
1.2033 1.01832
1.21423 1.60021
1.22517 1.76838
1.23611 1.54431
1.24705 0.948411
1.25799 1.11847
1.26893 1.09935
1.27987 1.62108
1.29081 1.41674
1.30175 0.870707
1.31269 1.3701
1.32362 1.17919
1.33456 0.994299
1.3455 0.489131
1.35644 0.802175
1.36738 0.789442
1.37832 0.932413
1.38926 0.458922
1.4002 1.20482
1.41114 0.444856
1.42208 0.730108
1.43302 1.29428
1.44395 0.283293
1.45489 1.39533
1.46583 0.824793
1.47677 1.48988
1.48771 0.133467
1.49865 0.789195
1.50959 0.38892
1.52053 1.15009
1.53147 0.629877
1.54241 0.869408
1.55334 0.979712
1.56428 0.603816
1.57522 0.714585
1.58616 0.939729
1.5971 1.04281
1.60804 0.800115
1.61898 0.56384
1.62992 0.445058
1.64086 0.658744
1.6518 0.433384
1.66274 0.641579
1.67367 1.16095
1.68461 0.520897
1.69555 0.411375
1.70649 0.609202
1.71743 0.902236
1.72837 0.989875
1.73931 0.782001
1.75025 0.868823
1.76119 0.667409
1.77213 1.22426
1.78306 1.11631
1.794 0.735186
1.80494 0.817119
1.81588 0.71763
1.82682 0.709087
1.83776 0.525521
1.8487 0.779008
1.85964 1.62534
1.87058 0.845494
1.88152 1.25358
1.89246 1.65223
1.90339 1.06167
1.91433 0.968871
1.92527 0.957923
1.93621 1.02609
1.94715 1.24877
1.95809 0.617448
1.96903 0.686953
1.97997 1.4343
1.99091 1.0453
2.00185 1.03394
2.01278 1.16887
2.02372 0.939495
2.03466 0.786455
2.0456 1.2025
2.05654 0.979816
2.06748 1.31575
2.07842 1.57608
2.08936 1.35622
2.1003 1.40928
2.11124 0.99625
2.12218 0.986033
2.13311 1.04104
2.14405 1.5457
2.15499 0.956305
2.16593 1.4516
2.17687 0.562336
