0 0
0.010939 0
0.0218781 0
0.0328171 0
0.0437562 0
0.0546952 0
0.0656343 0
0.0765733 0
0.0875124 0
0.0984514 0
0.10939 0
0.12033 0
0.131269 0
0.142208 0
0.153147 0
0.164086 0
0.175025 0
0.185964 0
0.196903 0
0.207842 0
0.218781 0
0.22972 0
0.240659 0
0.251598 0
0.262537 0
0.273476 0
0.284415 0
0.295354 0
0.306293 0
0.317232 0
0.328171 0
0.339111 0
0.35005 0
0.360989 0
0.371928 0
0.382867 0
0.393806 0
0.404745 0
0.415684 0
0.426623 0
0.437562 0
0.448501 0
0.45944 0
0.470379 0
0.481318 0
0.492257 0
0.503196 0
0.514135 0
0.525074 0
0.536013 0
0.546952 0
0.557891 0
0.568831 0
0.57977 0
0.590709 0
0.601648 0
0.612587 0
0.623526 0
0.634465 0
0.645404 0
0.656343 0
0.667282 0
0.678221 0
0.68916 0
0.700099 0
0.711038 0
0.721977 0
0.732916 0
0.743855 0
0.754794 0
0.765733 0
0.776672 0
0.787611 0
0.798551 0
0.80949 0
0.820429 0
0.831368 0
0.842307 0
0.853246 0
0.864185 0
0.875124 0
0.886063 0
0.897002 0
0.907941 0
0.91888 0
0.929819 0
0.940758 0
0.951697 0
0.962636 0
0.973575 0
0.984514 0
0.995453 0
1.00639 3.77829
1.01733 2.27564
1.02827 4.45546
1.03921 4.90797
1.05015 5.07382
1.06109 2.87753
1.07203 1.28155
1.08297 2.51183
1.0939 1.23105
1.10484 2.17244
1.11578 1.18347
1.12672 3.01786
1.13766 1.36633
1.1486 0.8937
1.15954 2.41174
1.17048 1.50632
1.18142 2.11241
1.19236 1.8666
1.2033 1.62931
1.21423 0.600079
1.22517 0.392973
1.23611 0.193039
1.24705 1.51746
1.25799 1.49129
1.26893 1.64903
1.27987 0.9006
1.29081 1.59384
1.30175 1.74141
1.31269 1.54137
1.32362 1.01073
1.33456 0.497149
1.3455 1.46739
1.35644 0.32087
1.36738 0.789442
1.37832 0.621608
1.38926 1.22379
1.4002 1.50602
1.41114 0.889713
1.42208 0.146022
1.43302 1.5819
1.44395 0.42494
1.45489 1.25579
1.46583 0.824793
1.47677 0.541776
1.48771 1.06773
1.49865 0.52613
1.50959 1.03712
1.52053 0.511152
1.53147 1.0078
1.54241 0.248402
1.55334 0.367392
1.56428 0.724579
1.57522 1.19098
1.58616 0.704796
1.5971 0.57934
1.60804 0.800115
1.61898 0.676608
1.62992 0.333793
1.64086 0.988116
1.6518 0.975115
1.66274 0.641579
1.67367 0.94987
1.68461 0.520897
1.69555 0.617062
1.70649 0.304601
1.71743 1.00248
1.72837 0.494937
1.73931 0.586501
1.75025 0.579215
1.76119 0.572064
1.77213 1.03592
1.78306 0.372103
1.794 0.827084
1.80494 1.08949
1.81588 0.71763
1.82682 1.2409
1.83776 1.22622
1.8487 1.03868
1.85964 1.28316
1.87058 1.35279
1.88152 0.585004
1.89246 1.23917
1.90339 1.79668
1.91433 0.565175
1.92527 0.957923
1.93621 0.86823
1.94715 1.32682
1.95809 1.2349
1.96903 1.45023
1.97997 1.13234
1.99091 0.970637
2.00185 1.32935
2.01278 1.31498
2.02372 1.1563
2.03466 1.50141
2.0456 1.34397
2.05654 1.39974
2.06748 1.17725
2.07842 0.890825
2.08936 0.271245
2.1003 1.27506
2.11124 1.26192
2.12218 0.854562
2.13311 1.36636
2.14405 0.837254
2.15499 1.40258
2.16593 0.946694
2.17687 0.937227
