0 0
0.010939 0
0.0218781 0
0.0328171 0
0.0437562 0
0.0546952 0
0.0656343 0
0.0765733 0
0.0875124 0
0.0984514 0
0.10939 0
0.12033 0
0.131269 0
0.142208 0
0.153147 0
0.164086 0
0.175025 0
0.185964 0
0.196903 0
0.207842 0
0.218781 0
0.22972 0
0.240659 0
0.251598 0
0.262537 0
0.273476 0
0.284415 0
0.295354 0
0.306293 0
0.317232 0
0.328171 0
0.339111 0
0.35005 0
0.360989 0
0.371928 0
0.382867 0
0.393806 0
0.404745 0
0.415684 0
0.426623 0
0.437562 0
0.448501 0
0.45944 0
0.470379 0
0.481318 0
0.492257 0
0.503196 0
0.514135 0
0.525074 0
0.536013 0
0.546952 0
0.557891 0
0.568831 0
0.57977 0
0.590709 0
0.601648 0
0.612587 0
0.623526 0
0.634465 0
0.645404 0
0.656343 0
0.667282 0
0.678221 0
0.68916 0
0.700099 0
0.711038 0
0.721977 0
0.732916 0
0.743855 0
0.754794 0
0.765733 0
0.776672 0
0.787611 0
0.798551 0
0.80949 0
0.820429 0
0.831368 0
0.842307 0
0.853246 0
0.864185 0
0.875124 0
0.886063 0
0.897002 0
0.907941 0
0.91888 0
0.929819 0
0.940758 0
0.951697 0
0.962636 0
0.973575 0
0.984514 0
0.995453 0.594051
1.00639 4.06893
1.01733 4.55127
1.02827 3.34159
1.03921 2.18132
1.05015 3.20452
1.06109 2.87753
1.07203 1.79416
1.08297 1.5071
1.0939 1.72347
1.10484 1.93105
1.11578 2.36695
1.12672 1.85715
1.13766 1.36633
1.1486 1.34055
1.15954 2.85024
1.17048 1.07595
1.18142 1.47868
1.19236 1.6592
1.2033 2.2403
1.21423 1.20016
1.22517 1.57189
1.23611 0.965196
1.24705 1.70714
1.25799 1.11847
1.26893 1.09935
1.27987 1.08072
1.29081 1.94802
1.30175 1.39313
1.31269 1.71263
1.32362 0.842277
1.33456 1.32573
1.3455 0.652175
1.35644 1.44392
1.36738 0.947331
1.37832 1.24322
1.38926 0.76487
1.4002 0.753012
1.41114 0.148285
1.42208 0.438065
1.43302 1.15047
1.44395 0.84988
1.45489 0.976728
1.46583 0.824793
1.47677 1.219
1.48771 0.8008
1.49865 0.789195
1.50959 0.907479
1.52053 0.766728
1.53147 0.629877
1.54241 0.621006
1.55334 0.857248
1.56428 0.845342
1.57522 0.595488
1.58616 1.05719
1.5971 0.463472
1.60804 0.342906
1.61898 0.451072
1.62992 0.445058
1.64086 0.988116
1.6518 0.541731
1.66274 0.748509
1.67367 0.738788
1.68461 1.14597
1.69555 0.514219
1.70649 0.609202
1.71743 0.601491
1.72837 0.7919
1.73931 0.488751
1.75025 0.579215
1.76119 0.47672
1.77213 1.03592
1.78306 1.11631
1.794 1.10278
1.80494 0.817119
1.81588 0.986741
1.82682 0.797722
1.83776 0.875869
1.8487 0.692452
1.85964 1.19762
1.87058 1.18369
1.88152 0.919292
1.89246 0.826114
1.90339 1.22501
1.91433 1.21109
1.92527 1.03775
1.93621 0.7893
1.94715 0.85853
1.95809 0.694629
1.96903 0.992266
1.97997 0.981362
1.99091 1.49329
2.00185 1.62476
2.01278 1.75331
2.02372 1.08403
2.03466 1.14394
2.0456 0.636618
2.05654 1.25976
2.06748 0.623251
2.07842 1.43903
2.08936 1.28841
2.1003 1.20795
2.11124 1.1955
2.12218 0.854562
2.13311 1.23623
2.14405 0.966063
2.15499 1.14757
2.16593 1.19915
2.17687 0.874745
