0 0
0.010939 0
0.0218781 0
0.0328171 0
0.0437562 0
0.0546952 0
0.0656343 0
0.0765733 0
0.0875124 0
0.0984514 0
0.10939 0
0.12033 0
0.131269 0
0.142208 0
0.153147 0
0.164086 0
0.175025 0
0.185964 0
0.196903 0
0.207842 0
0.218781 0
0.22972 0
0.240659 0
0.251598 0
0.262537 0
0.273476 0
0.284415 0
0.295354 0
0.306293 0
0.317232 0
0.328171 0
0.339111 0
0.35005 0
0.360989 0
0.371928 0
0.382867 0
0.393806 0
0.404745 0
0.415684 0
0.426623 0
0.437562 0
0.448501 0
0.45944 0
0.470379 0
0.481318 0
0.492257 0
0.503196 0
0.514135 0
0.525074 0
0.536013 0
0.546952 0
0.557891 0
0.568831 0
0.57977 0
0.590709 0
0.601648 0
0.612587 0
0.623526 0
0.634465 0
0.645404 0
0.656343 0
0.667282 0
0.678221 0
0.68916 0
0.700099 0
0.711038 0
0.721977 0
0.732916 0
0.743855 0
0.754794 0
0.765733 0
0.776672 0
0.787611 0
0.798551 0
0.80949 0
0.820429 0
0.831368 0
0.842307 0
0.853246 0
0.864185 0
0.875124 0
0.886063 0
0.897002 0
0.907941 0
0.91888 0
0.929819 0
0.940758 0
0.951697 0
0.962636 0
0.973575 0
0.984514 0
0.995453 0.297025
1.00639 3.77829
1.01733 3.129
1.02827 2.5062
1.03921 4.36264
1.05015 2.13635
1.06109 3.40072
1.07203 2.8194
1.08297 3.26538
1.0939 2.21588
1.10484 2.89658
1.11578 1.18347
1.12672 1.39286
1.13766 2.27722
1.1486 0.8937
1.15954 0.219249
1.17048 0.860756
1.18142 1.90117
1.19236 1.2444
1.2033 1.83297
1.21423 1.80024
1.22517 1.3754
1.23611 1.54431
1.24705 1.70714
1.25799 1.11847
1.26893 0.366451
1.27987 0.9006
1.29081 1.94802
1.30175 1.04485
1.31269 0.685052
1.32362 1.68455
1.33456 1.16002
1.3455 0.652175
1.35644 1.12305
1.36738 0.947331
1.37832 1.08781
1.38926 1.52974
1.4002 0.903614
1.41114 0.296571
1.42208 0.730108
1.43302 1.00666
1.44395 0.84988
1.45489 0.279065
1.46583 0.687327
1.47677 1.219
1.48771 0.4004
1.49865 0.789195
1.50959 0.907479
1.52053 1.27788
1.53147 0.755852
1.54241 0.621006
1.55334 0.857248
1.56428 0.603816
1.57522 0.833683
1.58616 0.58733
1.5971 0.695208
1.60804 0.800115
1.61898 1.35322
1.62992 0.445058
1.64086 0.658744
1.6518 0.433384
1.66274 0.855439
1.67367 0.94987
1.68461 0.833435
1.69555 0.82275
1.70649 1.42147
1.71743 0.701739
1.72837 0.989875
1.73931 0.488751
1.75025 0.579215
1.76119 0.858097
1.77213 0.753394
1.78306 1.11631
1.794 0.735186
1.80494 0.726328
1.81588 0.897037
1.82682 0.709087
1.83776 1.13863
1.8487 0.519339
1.85964 0.940985
1.87058 0.676395
1.88152 0.83572
1.89246 1.15656
1.90339 1.63335
1.91433 1.21109
1.92527 0.558789
1.93621 1.18395
1.94715 1.09267
1.95809 0.540267
1.96903 0.992266
1.97997 1.13234
1.99091 0.821308
2.00185 1.4032
2.01278 1.16887
2.02372 1.08403
2.03466 1.28693
2.0456 1.55618
2.05654 0.909829
2.06748 1.03875
2.07842 1.30198
2.08936 1.42404
2.1003 1.20795
2.11124 1.32833
2.12218 0.920297
2.13311 1.1061
2.14405 1.5457
2.15499 1.33883
2.16593 0.883581
2.17687 0.937227
