0 0
0.010939 0
0.0218781 0
0.0328171 0
0.0437562 0
0.0546952 0
0.0656343 0
0.0765733 0
0.0875124 0
0.0984514 0
0.10939 0
0.12033 0
0.131269 0
0.142208 0
0.153147 0
0.164086 0
0.175025 0
0.185964 0
0.196903 0
0.207842 0
0.218781 0
0.22972 0
0.240659 0
0.251598 0
0.262537 0
0.273476 0
0.284415 0
0.295354 0
0.306293 0
0.317232 0
0.328171 0
0.339111 0
0.35005 0
0.360989 0
0.371928 0
0.382867 0
0.393806 0
0.404745 0
0.415684 0
0.426623 0
0.437562 0
0.448501 0
0.45944 0
0.470379 0
0.481318 0
0.492257 0
0.503196 0
0.514135 0
0.525074 0
0.536013 0
0.546952 0
0.557891 0
0.568831 0
0.57977 0
0.590709 0
0.601648 0
0.612587 0
0.623526 0
0.634465 0
0.645404 0
0.656343 0
0.667282 0
0.678221 0
0.68916 0
0.700099 0
0.711038 0
0.721977 0
0.732916 0
0.743855 0
0.754794 0
0.765733 0
0.776672 0
0.787611 0
0.798551 0
0.80949 0
0.820429 0
0.831368 0
0.842307 0
0.853246 0
0.864185 0
0.875124 0
0.886063 0
0.897002 0
0.907941 0
0.91888 0
0.929819 0
0.940758 0
0.951697 0
0.962636 0
0.973575 0
0.984514 0
0.995453 0
1.00639 3.77829
1.01733 2.27564
1.02827 3.62006
1.03921 2.72665
1.05015 3.20452
1.06109 3.66231
1.07203 3.84464
1.08297 2.26065
1.0939 2.46209
1.10484 1.44829
1.11578 2.13025
1.12672 1.625
1.13766 1.82177
1.1486 1.11713
1.15954 0.876996
1.17048 2.58227
1.18142 1.47868
1.19236 2.074
1.2033 0.814653
1.21423 1.20016
1.22517 1.3754
1.23611 0.772157
1.24705 1.51746
1.25799 0.932059
1.26893 0.916127
1.27987 1.08072
1.29081 2.30221
1.30175 0.696565
1.31269 1.02758
1.32362 1.5161
1.33456 0.662866
1.3455 1.79348
1.35644 1.28348
1.36738 0.315777
1.37832 0.77701
1.38926 1.68271
1.4002 0.602409
1.41114 1.33457
1.42208 0.876129
1.43302 0.287618
1.44395 0.84988
1.45489 0.837195
1.46583 0.274931
1.47677 0.948108
1.48771 0.934267
1.49865 0.789195
1.50959 1.16676
1.52053 0.63894
1.53147 0.629877
1.54241 0.745207
1.55334 0.734784
1.56428 0.845342
1.57522 0.714585
1.58616 0.469864
1.5971 0.926943
1.60804 0.914417
1.61898 0.676608
1.62992 0.667586
1.64086 0.658744
1.6518 0.541731
1.66274 0.855439
1.67367 0.738788
1.68461 1.04179
1.69555 0.719906
1.70649 0.507668
1.71743 0.501242
1.72837 0.692912
1.73931 0.782001
1.75025 1.93072
1.76119 0.858097
1.77213 1.03592
1.78306 0.837232
1.794 0.551389
1.80494 1.08949
1.81588 0.807333
1.82682 0.620451
1.83776 0.875869
1.8487 0.692452
1.85964 1.28316
1.87058 1.01459
1.88152 1.08644
1.89246 0.826114
1.90339 0.89834
1.91433 0.888132
1.92527 1.11758
1.93621 0.86823
1.94715 0.85853
1.95809 0.926171
1.96903 0.686953
1.97997 1.35881
1.99091 1.56795
2.00185 1.32935
2.01278 1.31498
2.02372 1.22857
2.03466 1.50141
2.0456 0.707354
2.05654 1.39974
2.06748 1.03875
2.07842 0.8223
2.08936 1.42404
2.1003 1.00663
2.11124 0.99625
2.12218 0.986033
2.13311 0.975971
2.14405 1.15928
2.15499 1.14757
2.16593 0.883581
2.17687 0.562336
