0 0
0.010939 0
0.0218781 0
0.0328171 0
0.0437562 0
0.0546952 0
0.0656343 0
0.0765733 0
0.0875124 0
0.0984514 0
0.10939 0
0.12033 0
0.131269 0
0.142208 0
0.153147 0
0.164086 0
0.175025 0
0.185964 0
0.196903 0
0.207842 0
0.218781 0
0.22972 0
0.240659 0
0.251598 0
0.262537 0
0.273476 0
0.284415 0
0.295354 0
0.306293 0
0.317232 0
0.328171 0
0.339111 0
0.35005 0
0.360989 0
0.371928 0
0.382867 0
0.393806 0
0.404745 0
0.415684 0
0.426623 0
0.437562 0
0.448501 0
0.45944 0
0.470379 0
0.481318 0
0.492257 0
0.503196 0
0.514135 0
0.525074 0
0.536013 0
0.546952 0
0.557891 0
0.568831 0
0.57977 0
0.590709 0
0.601648 0
0.612587 0
0.623526 0
0.634465 0
0.645404 0
0.656343 0
0.667282 0
0.678221 0
0.68916 0
0.700099 0
0.711038 0
0.721977 0
0.732916 0
0.743855 0
0.754794 0
0.765733 0
0.776672 0
0.787611 0
0.798551 0
0.80949 0
0.820429 0
0.831368 0
0.842307 0
0.853246 0
0.864185 0
0.875124 0
0.886063 0
0.897002 0
0.907941 0
0.91888 0
0.929819 0
0.940758 0
0.951697 0
0.962636 0
0.973575 0
0.984514 0
0.995453 0.891076
1.00639 5.52212
1.01733 2.27564
1.02827 2.22773
1.03921 2.99932
1.05015 2.40339
1.06109 1.83116
1.07203 0.768927
1.08297 4.77248
1.0939 3.20072
1.10484 2.41382
1.11578 2.84034
1.12672 1.16072
1.13766 1.82177
1.1486 1.56398
1.15954 1.75399
1.17048 0.645567
1.18142 2.11241
1.19236 1.2444
1.2033 1.22198
1.21423 1.80024
1.22517 1.3754
1.23611 1.93039
1.24705 2.65555
1.25799 0.186412
1.26893 1.28258
1.27987 0.9006
1.29081 1.59384
1.30175 0.870707
1.31269 0.685052
1.32362 1.68455
1.33456 0.828582
1.3455 0.815218
1.35644 0.802175
1.36738 1.10522
1.37832 0.466206
1.38926 0.611896
1.4002 1.05422
1.41114 0.889713
1.42208 0.438065
1.43302 0.719046
1.44395 0.84988
1.45489 0.837195
1.46583 0.549862
1.47677 0.812664
1.48771 0.934267
1.49865 0.394597
1.50959 0.777839
1.52053 1.0223
1.53147 1.13378
1.54241 1.24201
1.55334 0.244928
1.56428 1.44916
1.57522 1.07188
1.58616 0.822263
1.5971 0.347604
1.60804 0.457209
1.61898 0.56384
1.62992 0.778851
1.64086 0.439163
1.6518 0.758423
1.66274 0.748509
1.67367 0.422165
1.68461 0.520897
1.69555 0.514219
1.70649 1.01534
1.71743 0.601491
1.72837 0.989875
1.73931 0.684251
1.75025 1.54457
1.76119 0.286032
1.77213 0.941742
1.78306 1.20934
1.794 0.827084
1.80494 1.27107
1.81588 1.07644
1.82682 1.06363
1.83776 1.05104
1.8487 0.952121
1.85964 1.45425
1.87058 0.760945
1.88152 0.752148
1.89246 0.908725
1.90339 0.980007
1.91433 0.968871
1.92527 0.878097
1.93621 0.86823
1.94715 0.780481
1.95809 1.15771
1.96903 1.14492
1.97997 0.679404
1.99091 1.26929
2.00185 1.55091
2.01278 1.09582
2.02372 1.01176
2.03466 1.50141
2.0456 1.62691
2.05654 0.909829
2.06748 1.03875
2.07842 1.30198
2.08936 0.610301
2.1003 1.94615
2.11124 1.32833
2.12218 0.986033
2.13311 1.43142
2.14405 1.22368
2.15499 1.21132
2.16593 1.07292
2.17687 1.43708
