0 0
0.010939 0
0.0218781 0
0.0328171 0
0.0437562 0
0.0546952 0
0.0656343 0
0.0765733 0
0.0875124 0
0.0984514 0
0.10939 0
0.12033 0
0.131269 0
0.142208 0
0.153147 0
0.164086 0
0.175025 0
0.185964 0
0.196903 0
0.207842 0
0.218781 0
0.22972 0
0.240659 0
0.251598 0
0.262537 0
0.273476 0
0.284415 0
0.295354 0
0.306293 0
0.317232 0
0.328171 0
0.339111 0
0.35005 0
0.360989 0
0.371928 0
0.382867 0
0.393806 0
0.404745 0
0.415684 0
0.426623 0
0.437562 0
0.448501 0
0.45944 0
0.470379 0
0.481318 0
0.492257 0
0.503196 0
0.514135 0
0.525074 0
0.536013 0
0.546952 0
0.557891 0
0.568831 0
0.57977 0
0.590709 0
0.601648 0
0.612587 0
0.623526 0
0.634465 0
0.645404 0
0.656343 0
0.667282 0
0.678221 0
0.68916 0
0.700099 0
0.711038 0
0.721977 0
0.732916 0
0.743855 0
0.754794 0
0.765733 0
0.776672 0
0.787611 0
0.798551 0
0.80949 0
0.820429 0
0.831368 0
0.842307 0
0.853246 0
0.864185 0
0.875124 0
0.886063 0
0.897002 0
0.907941 0
0.91888 0
0.929819 0
0.940758 0
0.951697 0
0.962636 0
0.973575 0
0.984514 0
0.995453 0
1.00639 3.48766
1.01733 2.84454
1.02827 2.22773
1.03921 3.54465
1.05015 2.67043
1.06109 2.35434
1.07203 2.56309
1.08297 1.5071
1.0939 4.18556
1.10484 2.41382
1.11578 0.94678
1.12672 1.16072
1.13766 2.73266
1.1486 2.6811
1.15954 1.31549
1.17048 1.72151
1.18142 1.47868
1.19236 1.4518
1.2033 2.2403
1.21423 2.00026
1.22517 0.589459
1.23611 0.965196
1.24705 1.51746
1.25799 2.05053
1.26893 1.4658
1.27987 0.72048
1.29081 1.06256
1.30175 0.348283
1.31269 1.19884
1.32362 1.34764
1.33456 0.828582
1.3455 1.30435
1.35644 0.802175
1.36738 1.10522
1.37832 0.466206
1.38926 1.52974
1.4002 0.903614
1.41114 1.48285
1.42208 0.730108
1.43302 0.143809
1.44395 1.13317
1.45489 0.976728
1.46583 0.137465
1.47677 1.219
1.48771 0.934267
1.49865 0.920727
1.50959 0.25928
1.52053 0.63894
1.53147 0.503902
1.54241 0.621006
1.55334 1.46957
1.56428 0.845342
1.57522 0.714585
1.58616 0.704796
1.5971 1.15868
1.60804 0.914417
1.61898 1.24045
1.62992 0.556322
1.64086 0.768535
1.6518 0.541731
1.66274 0.748509
1.67367 0.738788
1.68461 0.833435
1.69555 0.719906
1.70649 0.913803
1.71743 0.400994
1.72837 0.890887
1.73931 0.586501
1.75025 0.965359
1.76119 1.04878
1.77213 0.65922
1.78306 1.20934
1.794 0.551389
1.80494 0.635537
1.81588 0.0897037
1.82682 1.32954
1.83776 0.262761
1.8487 1.47146
1.85964 0.855441
1.87058 1.01459
1.88152 0.919292
1.89246 0.57828
1.90339 0.735006
1.91433 1.53405
1.92527 1.11758
1.93621 1.34181
1.94715 1.17072
1.95809 0.84899
1.96903 1.06859
1.97997 0.830383
1.99091 1.41862
2.00185 1.47706
2.01278 1.38803
2.02372 0.65042
2.03466 1.14394
2.0456 0.778089
2.05654 1.11979
2.06748 1.31575
2.07842 0.753775
2.08936 0.813735
2.1003 1.20795
2.11124 1.12908
2.12218 0.854562
2.13311 1.1061
2.14405 1.28808
2.15499 1.33883
2.16593 0.946694
2.17687 0.812263
