0 0
0.010939 0
0.0218781 0
0.0328171 0
0.0437562 0
0.0546952 0
0.0656343 0
0.0765733 0
0.0875124 0
0.0984514 0
0.10939 0
0.12033 0
0.131269 0
0.142208 0
0.153147 0
0.164086 0
0.175025 0
0.185964 0
0.196903 0
0.207842 0
0.218781 0
0.22972 0
0.240659 0
0.251598 0
0.262537 0
0.273476 0
0.284415 0
0.295354 0
0.306293 0
0.317232 0
0.328171 0
0.339111 0
0.35005 0
0.360989 0
0.371928 0
0.382867 0
0.393806 0
0.404745 0
0.415684 0
0.426623 0
0.437562 0
0.448501 0
0.45944 0
0.470379 0
0.481318 0
0.492257 0
0.503196 0
0.514135 0
0.525074 0
0.536013 0
0.546952 0
0.557891 0
0.568831 0
0.57977 0
0.590709 0
0.601648 0
0.612587 0
0.623526 0
0.634465 0
0.645404 0
0.656343 0
0.667282 0
0.678221 0
0.68916 0
0.700099 0
0.711038 0
0.721977 0
0.732916 0
0.743855 0
0.754794 0
0.765733 0
0.776672 0
0.787611 0
0.798551 0
0.80949 0
0.820429 0
0.831368 0
0.842307 0
0.853246 0
0.864185 0
0.875124 0
0.886063 0
0.897002 0
0.907941 0
0.91888 0
0.929819 0
0.940758 0
0.951697 0
0.962636 0
0.973575 0
0.984514 0
0.995453 0
1.00639 3.19702
1.01733 2.56009
1.02827 4.17699
1.03921 3.54465
1.05015 2.93748
1.06109 3.40072
1.07203 2.8194
1.08297 3.0142
1.0939 2.46209
1.10484 2.89658
1.11578 2.60364
1.12672 1.16072
1.13766 1.82177
1.1486 1.11713
1.15954 1.31549
1.17048 1.07595
1.18142 1.90117
1.19236 0.8296
1.2033 2.03663
1.21423 2.00026
1.22517 1.96486
1.23611 0.965196
1.24705 0.569046
1.25799 1.11847
1.26893 1.28258
1.27987 1.08072
1.29081 0.354186
1.30175 1.04485
1.31269 1.19884
1.32362 1.17919
1.33456 1.49145
1.3455 1.14131
1.35644 0.96261
1.36738 1.10522
1.37832 0.77701
1.38926 0.305948
1.4002 0.301205
1.41114 1.48285
1.42208 0.438065
1.43302 0.431427
1.44395 0.42494
1.45489 0.837195
1.46583 1.09972
1.47677 0.948108
1.48771 0.934267
1.49865 0.394597
1.50959 1.16676
1.52053 0.511152
1.53147 0.755852
1.54241 0.869408
1.55334 0.857248
1.56428 1.20763
1.57522 0.95278
1.58616 0.822263
1.5971 0.347604
1.60804 0.571511
1.61898 0.676608
1.62992 0.333793
1.64086 0.878326
1.6518 1.51685
1.66274 0.534649
1.67367 0.738788
1.68461 0.625076
1.69555 0.82275
1.70649 0.406135
1.71743 0.701739
1.72837 1.08886
1.73931 0.586501
1.75025 1.06189
1.76119 1.14413
1.77213 0.941742
1.78306 1.02328
1.794 0.918982
1.80494 0.544746
1.81588 1.34556
1.82682 1.15227
1.83776 0.700695
1.8487 0.605895
1.85964 0.855441
1.87058 1.09914
1.88152 1.00286
1.89246 0.908725
1.90339 0.980007
1.91433 0.565175
1.92527 1.03775
1.93621 1.10502
1.94715 0.85853
1.95809 1.46644
1.96903 0.915938
1.97997 0.905872
1.99091 0.970637
2.00185 1.92017
2.01278 1.02276
2.02372 1.37311
2.03466 1.14394
2.0456 1.13177
2.05654 0.979816
2.06748 1.45425
2.07842 1.3705
2.08936 1.08498
2.1003 1.27506
2.11124 0.929834
2.12218 1.1175
2.13311 0.780777
2.14405 1.03047
2.15499 1.14757
2.16593 1.19915
2.17687 0.562336
