0 0
0.010939 0
0.0218781 0
0.0328171 0
0.0437562 0
0.0546952 0
0.0656343 0
0.0765733 0
0.0875124 0
0.0984514 0
0.10939 0
0.12033 0
0.131269 0
0.142208 0
0.153147 0
0.164086 0
0.175025 0
0.185964 0
0.196903 0
0.207842 0
0.218781 0
0.22972 0
0.240659 0
0.251598 0
0.262537 0
0.273476 0
0.284415 0
0.295354 0
0.306293 0
0.317232 0
0.328171 0
0.339111 0
0.35005 0
0.360989 0
0.371928 0
0.382867 0
0.393806 0
0.404745 0
0.415684 0
0.426623 0
0.437562 0
0.448501 0
0.45944 0
0.470379 0
0.481318 0
0.492257 0
0.503196 0
0.514135 0
0.525074 0
0.536013 0
0.546952 0
0.557891 0
0.568831 0
0.57977 0
0.590709 0
0.601648 0
0.612587 0
0.623526 0
0.634465 0
0.645404 0
0.656343 0
0.667282 0
0.678221 0
0.68916 0
0.700099 0
0.711038 0
0.721977 0
0.732916 0
0.743855 0
0.754794 0
0.765733 0
0.776672 0
0.787611 0
0.798551 0
0.80949 0
0.820429 0
0.831368 0
0.842307 0
0.853246 0
0.864185 0
0.875124 0
0.886063 0
0.897002 0
0.907941 0
0.91888 0
0.929819 0
0.940758 0
0.951697 0
0.962636 0
0.973575 0
0.984514 0
0.995453 0.297025
1.00639 3.48766
1.01733 3.41345
1.02827 3.06313
1.03921 3.27198
1.05015 2.40339
1.06109 2.09275
1.07203 1.79416
1.08297 1.75828
1.0939 3.44693
1.10484 0.965527
1.11578 2.36695
1.12672 2.08929
1.13766 1.59405
1.1486 2.23425
1.15954 1.75399
1.17048 3.22784
1.18142 2.11241
1.19236 1.6592
1.2033 0.407326
1.21423 2.20029
1.22517 0.785945
1.23611 1.15824
1.24705 2.27619
1.25799 2.42335
1.26893 1.09935
1.27987 1.08072
1.29081 1.06256
1.30175 1.21899
1.31269 0.513789
1.32362 1.17919
1.33456 0.331433
1.3455 0.489131
1.35644 0.481305
1.36738 0.947331
1.37832 0.77701
1.38926 0.611896
1.4002 1.20482
1.41114 0.889713
1.42208 0.730108
1.43302 1.00666
1.44395 0.566587
1.45489 0.55813
1.46583 0.824793
1.47677 0.812664
1.48771 1.06773
1.49865 0.52613
1.50959 0.907479
1.52053 1.0223
1.53147 0.755852
1.54241 0.869408
1.55334 1.22464
1.56428 0.845342
1.57522 0.47639
1.58616 0.822263
1.5971 0.695208
1.60804 1.25732
1.61898 0.676608
1.62992 0.667586
1.64086 0.439163
1.6518 1.08346
1.66274 0.641579
1.67367 0.738788
1.68461 0.833435
1.69555 0.719906
1.70649 0.913803
1.71743 0.501242
1.72837 0.39595
1.73931 1.46625
1.75025 0.482679
1.76119 0.953441
1.77213 1.03592
1.78306 0.65118
1.794 0.551389
1.80494 0.544746
1.81588 1.16615
1.82682 0.354543
1.83776 1.05104
1.8487 1.03868
1.85964 0.855441
1.87058 1.26824
1.88152 1.08644
1.89246 1.23917
1.90339 0.89834
1.91433 1.13035
1.92527 0.558789
1.93621 1.65753
1.94715 1.17072
1.95809 1.15771
1.96903 1.22125
1.97997 0.981362
1.99091 0.895972
2.00185 1.32935
2.01278 1.31498
2.02372 0.65042
2.03466 1.42992
2.0456 0.990295
2.05654 0.839842
2.06748 1.31575
2.07842 1.16493
2.08936 0.881546
2.1003 1.34217
2.11124 1.1955
2.12218 0.788826
2.13311 0.845842
2.14405 1.15928
2.15499 0.892551
2.16593 0.883581
2.17687 1.12467
