0 0
0.010939 0
0.0218781 0
0.0328171 0
0.0437562 0
0.0546952 0
0.0656343 0
0.0765733 0
0.0875124 0
0.0984514 0
0.10939 0
0.12033 0
0.131269 0
0.142208 0
0.153147 0
0.164086 0
0.175025 0
0.185964 0
0.196903 0
0.207842 0
0.218781 0
0.22972 0
0.240659 0
0.251598 0
0.262537 0
0.273476 0
0.284415 0
0.295354 0
0.306293 0
0.317232 0
0.328171 0
0.339111 0
0.35005 0
0.360989 0
0.371928 0
0.382867 0
0.393806 0
0.404745 0
0.415684 0
0.426623 0
0.437562 0
0.448501 0
0.45944 0
0.470379 0
0.481318 0
0.492257 0
0.503196 0
0.514135 0
0.525074 0
0.536013 0
0.546952 0
0.557891 0
0.568831 0
0.57977 0
0.590709 0
0.601648 0
0.612587 0
0.623526 0
0.634465 0
0.645404 0
0.656343 0
0.667282 0
0.678221 0
0.68916 0
0.700099 0
0.711038 0
0.721977 0
0.732916 0
0.743855 0
0.754794 0
0.765733 0
0.776672 0
0.787611 0
0.798551 0
0.80949 0
0.820429 0
0.831368 0
0.842307 0
0.853246 0
0.864185 0
0.875124 0
0.886063 0
0.897002 0
0.907941 0
0.91888 0
0.929819 0
0.940758 0
0.951697 0
0.962636 0
0.973575 0
0.984514 0
0.995453 0
1.00639 2.90638
1.01733 3.69791
1.02827 4.17699
1.03921 3.81731
1.05015 2.40339
1.06109 3.66231
1.07203 2.8194
1.08297 2.76301
1.0939 2.7083
1.10484 1.68967
1.11578 0.94678
1.12672 1.16072
1.13766 1.13861
1.1486 1.56398
1.15954 2.41174
1.17048 0.215189
1.18142 1.90117
1.19236 1.8666
1.2033 1.42564
1.21423 2.00026
1.22517 1.17892
1.23611 1.54431
1.24705 0.758729
1.25799 0.932059
1.26893 1.28258
1.27987 1.26084
1.29081 0.885464
1.30175 1.04485
1.31269 0.685052
1.32362 1.01073
1.33456 1.65716
1.3455 0.978262
1.35644 1.60435
1.36738 0.789442
1.37832 0.621608
1.38926 0.611896
1.4002 0.903614
1.41114 1.18628
1.42208 0.146022
1.43302 1.5819
1.44395 0.84988
1.45489 0.55813
1.46583 0.962258
1.47677 0.541776
1.48771 0.4004
1.49865 0.657662
1.50959 0.6482
1.52053 0.63894
1.53147 0.377926
1.54241 0.869408
1.55334 0.734784
1.56428 1.20763
1.57522 1.66737
1.58616 0.704796
1.5971 0.695208
1.60804 0.914417
1.61898 0.451072
1.62992 0.890115
1.64086 1.09791
1.6518 0.758423
1.66274 0.641579
1.67367 0.844329
1.68461 0.625076
1.69555 0.82275
1.70649 1.523
1.71743 0.601491
1.72837 0.494937
1.73931 1.27075
1.75025 0.482679
1.76119 0.953441
1.77213 1.41261
1.78306 1.02328
1.794 0.643287
1.80494 0.726328
1.81588 0.627926
1.82682 1.32954
1.83776 0.963456
1.8487 0.605895
1.85964 1.02653
1.87058 0.845494
1.88152 0.501432
1.89246 0.826114
1.90339 0.735006
1.91433 1.29183
1.92527 0.957923
1.93621 1.73646
1.94715 1.17072
1.95809 1.2349
1.96903 1.29758
1.97997 1.28332
1.99091 0.522651
2.00185 0.812381
2.01278 1.09582
2.02372 0.65042
2.03466 1.21543
2.0456 0.990295
2.05654 1.39974
2.06748 1.385
2.07842 1.0964
2.08936 0.949357
2.1003 0.939519
2.11124 1.66042
2.12218 0.788826
2.13311 1.36636
2.14405 1.15928
2.15499 0.892551
2.16593 0.820468
2.17687 0.812263
