0 0
0.010939 0
0.0218781 0
0.0328171 0
0.0437562 0
0.0546952 0
0.0656343 0
0.0765733 0
0.0875124 0
0.0984514 0
0.10939 0
0.12033 0
0.131269 0
0.142208 0
0.153147 0
0.164086 0
0.175025 0
0.185964 0
0.196903 0
0.207842 0
0.218781 0
0.22972 0
0.240659 0
0.251598 0
0.262537 0
0.273476 0
0.284415 0
0.295354 0
0.306293 0
0.317232 0
0.328171 0
0.339111 0
0.35005 0
0.360989 0
0.371928 0
0.382867 0
0.393806 0
0.404745 0
0.415684 0
0.426623 0
0.437562 0
0.448501 0
0.45944 0
0.470379 0
0.481318 0
0.492257 0
0.503196 0
0.514135 0
0.525074 0
0.536013 0
0.546952 0
0.557891 0
0.568831 0
0.57977 0
0.590709 0
0.601648 0
0.612587 0
0.623526 0
0.634465 0
0.645404 0
0.656343 0
0.667282 0
0.678221 0
0.68916 0
0.700099 0
0.711038 0
0.721977 0
0.732916 0
0.743855 0
0.754794 0
0.765733 0
0.776672 0
0.787611 0
0.798551 0
0.80949 0
0.820429 0
0.831368 0
0.842307 0
0.853246 0
0.864185 0
0.875124 0
0.886063 0
0.897002 0
0.907941 0
0.91888 0
0.929819 0
0.940758 0
0.951697 0
0.962636 0
0.973575 0
0.984514 0
0.995453 0.297025
1.00639 4.65021
1.01733 3.41345
1.02827 3.34159
1.03921 3.54465
1.05015 1.8693
1.06109 2.09275
1.07203 2.05047
1.08297 2.26065
1.0939 2.21588
1.10484 1.93105
1.11578 2.60364
1.12672 0.69643
1.13766 3.1881
1.1486 2.01083
1.15954 1.97324
1.17048 1.50632
1.18142 2.53489
1.19236 1.2444
1.2033 0.814653
1.21423 1.40019
1.22517 1.17892
1.23611 0.579118
1.24705 1.51746
1.25799 1.86412
1.26893 1.09935
1.27987 0.9006
1.29081 0.531278
1.30175 0.348283
1.31269 0.856315
1.32362 2.02147
1.33456 0.662866
1.3455 1.14131
1.35644 1.60435
1.36738 0.631554
1.37832 1.24322
1.38926 1.22379
1.4002 0.903614
1.41114 1.33457
1.42208 0.876129
1.43302 0.862855
1.44395 0.566587
1.45489 0.418598
1.46583 0.137465
1.47677 0.812664
1.48771 0.533867
1.49865 1.05226
1.50959 0.51856
1.52053 0.894516
1.53147 0.629877
1.54241 1.24201
1.55334 0.244928
1.56428 1.08687
1.57522 0.357293
1.58616 0.352398
1.5971 0.695208
1.60804 0.685813
1.61898 0.902143
1.62992 0.445058
1.64086 1.09791
1.6518 0.975115
1.66274 1.17623
1.67367 0.527706
1.68461 1.04179
1.69555 0.514219
1.70649 1.31994
1.71743 1.20298
1.72837 1.18785
1.73931 0.586501
1.75025 0.772287
1.76119 0.572064
1.77213 0.941742
1.78306 1.02328
1.794 1.10278
1.80494 0.90791
1.81588 1.16615
1.82682 0.620451
1.83776 0.700695
1.8487 1.21179
1.85964 0.940985
1.87058 0.930044
1.88152 1.00286
1.89246 0.991337
1.90339 0.89834
1.91433 1.04961
1.92527 0.957923
1.93621 0.7893
1.94715 1.17072
1.95809 0.617448
1.96903 1.45023
1.97997 0.981362
1.99091 1.49329
2.00185 0.960086
2.01278 1.31498
2.02372 1.22857
2.03466 1.00094
2.0456 0.848824
2.05654 1.25976
2.06748 1.03875
2.07842 0.95935
2.08936 0.949357
2.1003 1.00663
2.11124 1.26192
2.12218 0.788826
2.13311 0.910906
2.14405 0.901659
2.15499 1.14757
2.16593 0.946694
2.17687 1.12467
