0 0
0.010939 0
0.0218781 0
0.0328171 0
0.0437562 0
0.0546952 0
0.0656343 0
0.0765733 0
0.0875124 0
0.0984514 0
0.10939 0
0.12033 0
0.131269 0
0.142208 0
0.153147 0
0.164086 0
0.175025 0
0.185964 0
0.196903 0
0.207842 0
0.218781 0
0.22972 0
0.240659 0
0.251598 0
0.262537 0
0.273476 0
0.284415 0
0.295354 0
0.306293 0
0.317232 0
0.328171 0
0.339111 0
0.35005 0
0.360989 0
0.371928 0
0.382867 0
0.393806 0
0.404745 0
0.415684 0
0.426623 0
0.437562 0
0.448501 0
0.45944 0
0.470379 0
0.481318 0
0.492257 0
0.503196 0
0.514135 0
0.525074 0
0.536013 0
0.546952 0
0.557891 0
0.568831 0
0.57977 0
0.590709 0
0.601648 0
0.612587 0
0.623526 0
0.634465 0
0.645404 0
0.656343 0
0.667282 0
0.678221 0
0.68916 0
0.700099 0
0.711038 0
0.721977 0
0.732916 0
0.743855 0
0.754794 0
0.765733 0
0.776672 0
0.787611 0
0.798551 0
0.80949 0
0.820429 0
0.831368 0
0.842307 0
0.853246 0
0.864185 0
0.875124 0
0.886063 0
0.897002 0
0.907941 0
0.91888 0
0.929819 0
0.940758 0
0.951697 0
0.962636 0
0.973575 0
0.984514 0
0.995453 0.297025
1.00639 4.94085
1.01733 4.55127
1.02827 2.5062
1.03921 0.817995
1.05015 3.20452
1.06109 2.61594
1.07203 3.07571
1.08297 2.76301
1.0939 1.23105
1.10484 3.62073
1.11578 2.60364
1.12672 2.78572
1.13766 1.82177
1.1486 1.11713
1.15954 2.41174
1.17048 1.07595
1.18142 1.68993
1.19236 1.6592
1.2033 1.83297
1.21423 0.800106
1.22517 1.17892
1.23611 0.772157
1.24705 1.13809
1.25799 1.30488
1.26893 0.732902
1.27987 0.54036
1.29081 1.06256
1.30175 0
1.31269 0.342526
1.32362 1.01073
1.33456 0.497149
1.3455 0.978262
1.35644 0.481305
1.36738 1.26311
1.37832 1.70942
1.38926 0.917844
1.4002 1.20482
1.41114 1.92771
1.42208 0.876129
1.43302 0.719046
1.44395 0.991527
1.45489 0.55813
1.46583 0.549862
1.47677 1.219
1.48771 0.4004
1.49865 0.394597
1.50959 0.38892
1.52053 0.63894
1.53147 1.0078
1.54241 0.496804
1.55334 0.734784
1.56428 1.20763
1.57522 0.714585
1.58616 0.822263
1.5971 0.231736
1.60804 1.48593
1.61898 0.451072
1.62992 0.778851
1.64086 0.329372
1.6518 0.650077
1.66274 0.534649
1.67367 1.05541
1.68461 1.14597
1.69555 1.13128
1.70649 0.609202
1.71743 1.20298
1.72837 0.494937
1.73931 1.07525
1.75025 0.965359
1.76119 0.381376
1.77213 1.22426
1.78306 1.39539
1.794 1.47037
1.80494 0.272373
1.81588 1.25585
1.82682 1.06363
1.83776 1.05104
1.8487 1.55802
1.85964 1.11207
1.87058 0.930044
1.88152 0.752148
1.89246 0.908725
1.90339 0.89834
1.91433 0.888132
1.92527 0.957923
1.93621 0.86823
1.94715 1.01463
1.95809 1.00335
1.96903 0.686953
1.97997 1.20783
1.99091 1.19463
2.00185 1.32935
2.01278 1.53414
2.02372 1.01176
2.03466 1.00094
2.0456 0.91956
2.05654 1.67968
2.06748 1.2465
2.07842 0.616725
2.08936 1.28841
2.1003 1.07374
2.11124 0.99625
2.12218 0.920297
2.13311 1.56155
2.14405 1.22368
2.15499 1.27507
2.16593 1.07292
2.17687 0.937227
