0 0
0.010939 0
0.0218781 0
0.0328171 0
0.0437562 0
0.0546952 0
0.0656343 0
0.0765733 0
0.0875124 0
0.0984514 0
0.10939 0
0.12033 0
0.131269 0
0.142208 0
0.153147 0
0.164086 0
0.175025 0
0.185964 0
0.196903 0
0.207842 0
0.218781 0
0.22972 0
0.240659 0
0.251598 0
0.262537 0
0.273476 0
0.284415 0
0.295354 0
0.306293 0
0.317232 0
0.328171 0
0.339111 0
0.35005 0
0.360989 0
0.371928 0
0.382867 0
0.393806 0
0.404745 0
0.415684 0
0.426623 0
0.437562 0
0.448501 0
0.45944 0
0.470379 0
0.481318 0
0.492257 0
0.503196 0
0.514135 0
0.525074 0
0.536013 0
0.546952 0
0.557891 0
0.568831 0
0.57977 0
0.590709 0
0.601648 0
0.612587 0
0.623526 0
0.634465 0
0.645404 0
0.656343 0
0.667282 0
0.678221 0
0.68916 0
0.700099 0
0.711038 0
0.721977 0
0.732916 0
0.743855 0
0.754794 0
0.765733 0
0.776672 0
0.787611 0
0.798551 0
0.80949 0
0.820429 0
0.831368 0
0.842307 0
0.853246 0
0.864185 0
0.875124 0
0.886063 0
0.897002 0
0.907941 0
0.91888 0
0.929819 0
0.940758 0
0.951697 0
0.962636 0
0.973575 0
0.984514 0
0.995453 0.891076
1.00639 2.90638
1.01733 2.84454
1.02827 3.34159
1.03921 4.63531
1.05015 3.73861
1.06109 2.61594
1.07203 1.53785
1.08297 2.76301
1.0939 2.46209
1.10484 2.6552
1.11578 3.78712
1.12672 0.928573
1.13766 2.27722
1.1486 1.7874
1.15954 1.97324
1.17048 1.72151
1.18142 0.422481
1.19236 1.4518
1.2033 0.61099
1.21423 1.00013
1.22517 1.17892
1.23611 0.965196
1.24705 0.189682
1.25799 2.05053
1.26893 0.732902
1.27987 1.08072
1.29081 0.354186
1.30175 0.696565
1.31269 1.02758
1.32362 1.5161
1.33456 0.828582
1.3455 1.14131
1.35644 0.96261
1.36738 0.947331
1.37832 0.77701
1.38926 1.07082
1.4002 0.602409
1.41114 0.741427
1.42208 1.75226
1.43302 1.00666
1.44395 1.13317
1.45489 0.55813
1.46583 0.549862
1.47677 0.541776
1.48771 0.667333
1.49865 0.920727
1.50959 1.03712
1.52053 0.63894
1.53147 0.881828
1.54241 0.621006
1.55334 0.979712
1.56428 0.603816
1.57522 0.95278
1.58616 0.234932
1.5971 0.57934
1.60804 1.82883
1.61898 0.902143
1.62992 0.445058
1.64086 1.09791
1.6518 0.650077
1.66274 0.855439
1.67367 0.738788
1.68461 0.625076
1.69555 1.13128
1.70649 0.710736
1.71743 1.10273
1.72837 0.39595
1.73931 0.977501
1.75025 0.868823
1.76119 0.858097
1.77213 0.565045
1.78306 0.65118
1.794 0.551389
1.80494 1.27107
1.81588 0.627926
1.82682 0.886358
1.83776 0.875869
1.8487 0.865565
1.85964 1.96751
1.87058 1.26824
1.88152 0.919292
1.89246 1.23917
1.90339 1.22501
1.91433 0.968871
1.92527 1.11758
1.93621 1.02609
1.94715 0.936578
1.95809 0.77181
1.96903 1.22125
1.97997 1.05685
1.99091 1.26929
2.00185 1.18164
2.01278 0.511381
2.02372 1.37311
2.03466 0.71496
2.0456 1.2025
2.05654 1.74967
2.06748 0.554001
2.07842 1.30198
2.08936 1.2206
2.1003 1.07374
2.11124 1.46117
2.12218 0.723091
2.13311 0.975971
2.14405 0.708446
2.15499 0.510029
2.16593 1.4516
2.17687 0.749781
