0 0
0.010939 0
0.0218781 0
0.0328171 0
0.0437562 0
0.0546952 0
0.0656343 0
0.0765733 0
0.0875124 0
0.0984514 0
0.10939 0
0.12033 0
0.131269 0
0.142208 0
0.153147 0
0.164086 0
0.175025 0
0.185964 0
0.196903 0
0.207842 0
0.218781 0
0.22972 0
0.240659 0
0.251598 0
0.262537 0
0.273476 0
0.284415 0
0.295354 0
0.306293 0
0.317232 0
0.328171 0
0.339111 0
0.35005 0
0.360989 0
0.371928 0
0.382867 0
0.393806 0
0.404745 0
0.415684 0
0.426623 0
0.437562 0
0.448501 0
0.45944 0
0.470379 0
0.481318 0
0.492257 0
0.503196 0
0.514135 0
0.525074 0
0.536013 0
0.546952 0
0.557891 0
0.568831 0
0.57977 0
0.590709 0
0.601648 0
0.612587 0
0.623526 0
0.634465 0
0.645404 0
0.656343 0
0.667282 0
0.678221 0
0.68916 0
0.700099 0
0.711038 0
0.721977 0
0.732916 0
0.743855 0
0.754794 0
0.765733 0
0.776672 0
0.787611 0
0.798551 0
0.80949 0
0.820429 0
0.831368 0
0.842307 0
0.853246 0
0.864185 0
0.875124 0
0.886063 0
0.897002 0
0.907941 0
0.91888 0
0.929819 0
0.940758 0
0.951697 0
0.962636 0
0.973575 0
0.984514 0
0.995453 0.594051
1.00639 3.19702
1.01733 3.129
1.02827 2.78466
1.03921 5.4533
1.05015 2.40339
1.06109 2.87753
1.07203 1.53785
1.08297 2.26065
1.0939 2.46209
1.10484 1.68967
1.11578 2.84034
1.12672 3.01786
1.13766 2.04949
1.1486 1.56398
1.15954 1.97324
1.17048 1.29113
1.18142 1.0562
1.19236 0.8296
1.2033 1.22198
1.21423 1.60021
1.22517 0.392973
1.23611 1.35127
1.24705 0.758729
1.25799 1.30488
1.26893 0.916127
1.27987 0.72048
1.29081 1.06256
1.30175 0.522424
1.31269 1.19884
1.32362 0.673822
1.33456 1.32573
1.3455 1.46739
1.35644 0.96261
1.36738 1.421
1.37832 0.466206
1.38926 0.611896
1.4002 0.753012
1.41114 0.889713
1.42208 1.31419
1.43302 1.00666
1.44395 1.13317
1.45489 0.697663
1.46583 0.412396
1.47677 0.812664
1.48771 0.533867
1.49865 0.52613
1.50959 0.907479
1.52053 0.766728
1.53147 1.13378
1.54241 1.11781
1.55334 0.489856
1.56428 0.845342
1.57522 0.95278
1.58616 1.52706
1.5971 0.695208
1.60804 0.685813
1.61898 1.12768
1.62992 1.11264
1.64086 0.439163
1.6518 0.541731
1.66274 0.427719
1.67367 1.37204
1.68461 0.416717
1.69555 1.43981
1.70649 0.913803
1.71743 0.701739
1.72837 0.39595
1.73931 1.66175
1.75025 0.868823
1.76119 0.858097
1.77213 0.565045
1.78306 0.558155
1.794 0.367593
1.80494 1.18028
1.81588 0.986741
1.82682 1.50681
1.83776 1.13863
1.8487 0.692452
1.85964 0.769897
1.87058 1.01459
1.88152 1.17001
1.89246 0.908725
1.90339 1.14334
1.91433 0.888132
1.92527 1.11758
1.93621 0.47358
1.94715 1.01463
1.95809 1.15771
1.96903 0.839609
1.97997 0.981362
1.99091 1.49329
2.00185 1.2555
2.01278 0.803598
2.02372 1.1563
2.03466 0.857951
2.0456 1.06103
2.05654 0.839842
2.06748 1.17725
2.07842 1.02788
2.08936 1.28841
2.1003 1.14084
2.11124 1.12908
2.12218 0.657355
2.13311 1.1061
2.14405 1.5457
2.15499 1.14757
2.16593 1.32537
2.17687 1.12467
