0 0
0.010939 0
0.0218781 0
0.0328171 0
0.0437562 0
0.0546952 0
0.0656343 0
0.0765733 0
0.0875124 0
0.0984514 0
0.10939 0
0.12033 0
0.131269 0
0.142208 0
0.153147 0
0.164086 0
0.175025 0
0.185964 0
0.196903 0
0.207842 0
0.218781 0
0.22972 0
0.240659 0
0.251598 0
0.262537 0
0.273476 0
0.284415 0
0.295354 0
0.306293 0
0.317232 0
0.328171 0
0.339111 0
0.35005 0
0.360989 0
0.371928 0
0.382867 0
0.393806 0
0.404745 0
0.415684 0
0.426623 0
0.437562 0
0.448501 0
0.45944 0
0.470379 0
0.481318 0
0.492257 0
0.503196 0
0.514135 0
0.525074 0
0.536013 0
0.546952 0
0.557891 0
0.568831 0
0.57977 0
0.590709 0
0.601648 0
0.612587 0
0.623526 0
0.634465 0
0.645404 0
0.656343 0
0.667282 0
0.678221 0
0.68916 0
0.700099 0
0.711038 0
0.721977 0
0.732916 0
0.743855 0
0.754794 0
0.765733 0
0.776672 0
0.787611 0
0.798551 0
0.80949 0
0.820429 0
0.831368 0
0.842307 0
0.853246 0
0.864185 0
0.875124 0
0.886063 0
0.897002 0
0.907941 0
0.91888 0
0.929819 0
0.940758 0
0.951697 0
0.962636 0
0.973575 0
0.984514 0
0.995453 0.297025
1.00639 4.06893
1.01733 3.129
1.02827 1.6708
1.03921 2.18132
1.05015 4.00565
1.06109 1.83116
1.07203 2.30678
1.08297 2.26065
1.0939 1.96967
1.10484 3.62073
1.11578 3.55042
1.12672 1.625
1.13766 2.50494
1.1486 2.45768
1.15954 0.876996
1.17048 2.79746
1.18142 1.90117
1.19236 0.8296
1.2033 2.44396
1.21423 0.800106
1.22517 0.589459
1.23611 1.93039
1.24705 0.379364
1.25799 0.932059
1.26893 1.83225
1.27987 0.54036
1.29081 1.06256
1.30175 0.348283
1.31269 0.856315
1.32362 0.505366
1.33456 0.828582
1.3455 0.815218
1.35644 0.96261
1.36738 0.947331
1.37832 0.932413
1.38926 0.76487
1.4002 0.753012
1.41114 0.444856
1.42208 0.876129
1.43302 0.719046
1.44395 0.42494
1.45489 1.25579
1.46583 1.37465
1.47677 1.219
1.48771 0.667333
1.49865 0.657662
1.50959 1.16676
1.52053 0.766728
1.53147 1.13378
1.54241 1.11781
1.55334 0.489856
1.56428 0.966106
1.57522 0.357293
1.58616 0.939729
1.5971 1.04281
1.60804 0.800115
1.61898 0.56384
1.62992 1.00138
1.64086 0.768535
1.6518 0.866769
1.66274 0.427719
1.67367 0.527706
1.68461 1.04179
1.69555 0.925594
1.70649 0.507668
1.71743 1.00248
1.72837 1.08886
1.73931 1.3685
1.75025 0.675751
1.76119 1.14413
1.77213 0.470871
1.78306 1.48841
1.794 0.827084
1.80494 0.544746
1.81588 0.807333
1.82682 0.531815
1.83776 0.525521
1.8487 1.55802
1.85964 0.769897
1.87058 1.18369
1.88152 1.25358
1.89246 0.908725
1.90339 1.06167
1.91433 0.645914
1.92527 0.878097
1.93621 0.86823
1.94715 1.24877
1.95809 1.08053
1.96903 0.915938
1.97997 1.28332
1.99091 0.895972
2.00185 1.18164
2.01278 1.46109
2.02372 1.08403
2.03466 1.57291
2.0456 0.848824
2.05654 0.839842
2.06748 1.31575
2.07842 1.0964
2.08936 0.813735
2.1003 1.20795
2.11124 1.26192
2.12218 1.1175
2.13311 1.17117
2.14405 0.644042
2.15499 1.02006
2.16593 1.13603
2.17687 0.562336
