0 0
0.010939 0
0.0218781 0
0.0328171 0
0.0437562 0
0.0546952 0
0.0656343 0
0.0765733 0
0.0875124 0
0.0984514 0
0.10939 0
0.12033 0
0.131269 0
0.142208 0
0.153147 0
0.164086 0
0.175025 0
0.185964 0
0.196903 0
0.207842 0
0.218781 0
0.22972 0
0.240659 0
0.251598 0
0.262537 0
0.273476 0
0.284415 0
0.295354 0
0.306293 0
0.317232 0
0.328171 0
0.339111 0
0.35005 0
0.360989 0
0.371928 0
0.382867 0
0.393806 0
0.404745 0
0.415684 0
0.426623 0
0.437562 0
0.448501 0
0.45944 0
0.470379 0
0.481318 0
0.492257 0
0.503196 0
0.514135 0
0.525074 0
0.536013 0
0.546952 0
0.557891 0
0.568831 0
0.57977 0
0.590709 0
0.601648 0
0.612587 0
0.623526 0
0.634465 0
0.645404 0
0.656343 0
0.667282 0
0.678221 0
0.68916 0
0.700099 0
0.711038 0
0.721977 0
0.732916 0
0.743855 0
0.754794 0
0.765733 0
0.776672 0
0.787611 0
0.798551 0
0.80949 0
0.820429 0
0.831368 0
0.842307 0
0.853246 0
0.864185 0
0.875124 0
0.886063 0
0.897002 0
0.907941 0
0.91888 0
0.929819 0
0.940758 0
0.951697 0
0.962636 0
0.973575 0
0.984514 0
0.995453 0.297025
1.00639 3.48766
1.01733 4.26682
1.02827 3.62006
1.03921 3.54465
1.05015 2.93748
1.06109 2.61594
1.07203 1.28155
1.08297 3.51656
1.0939 2.21588
1.10484 2.41382
1.11578 1.42017
1.12672 0.464287
1.13766 2.50494
1.1486 2.23425
1.15954 1.97324
1.17048 1.29113
1.18142 2.74613
1.19236 1.037
1.2033 1.22198
1.21423 0.800106
1.22517 1.57189
1.23611 1.73735
1.24705 1.70714
1.25799 0.745647
1.26893 1.09935
1.27987 0.54036
1.29081 1.23965
1.30175 0.870707
1.31269 1.3701
1.32362 0.505366
1.33456 0.994299
1.3455 0.652175
1.35644 1.28348
1.36738 1.26311
1.37832 0.310804
1.38926 1.22379
1.4002 0.753012
1.41114 1.18628
1.42208 0.584086
1.43302 0.862855
1.44395 0.566587
1.45489 0.697663
1.46583 0.962258
1.47677 1.219
1.48771 0.4004
1.49865 0.789195
1.50959 0.907479
1.52053 0.894516
1.53147 1.0078
1.54241 0.993609
1.55334 0.244928
1.56428 0.483053
1.57522 0.595488
1.58616 0.704796
1.5971 1.27455
1.60804 0.571511
1.61898 1.01491
1.62992 0.778851
1.64086 0.878326
1.6518 0.866769
1.66274 0.748509
1.67367 1.05541
1.68461 0.937614
1.69555 0.411375
1.70649 0.609202
1.71743 0.902236
1.72837 1.18785
1.73931 0.684251
1.75025 0.772287
1.76119 0.667409
1.77213 0.282523
1.78306 0.558155
1.794 0.735186
1.80494 1.36187
1.81588 0.448519
1.82682 1.32954
1.83776 0.875869
1.8487 0.952121
1.85964 0.684353
1.87058 1.01459
1.88152 0.919292
1.89246 0.908725
1.90339 1.47001
1.91433 1.04961
1.92527 0.957923
1.93621 1.02609
1.94715 0.85853
1.95809 1.2349
1.96903 0.915938
1.97997 0.981362
1.99091 1.64262
2.00185 1.10779
2.01278 1.09582
2.02372 0.939495
2.03466 1.50141
2.0456 1.62691
2.05654 1.46972
2.06748 1.2465
2.07842 1.16493
2.08936 0.949357
2.1003 1.00663
2.11124 1.32833
2.12218 1.51192
2.13311 1.04104
2.14405 0.837254
2.15499 1.27507
2.16593 1.00981
2.17687 1.3746
