0 0
0.010939 0
0.0218781 0
0.0328171 0
0.0437562 0
0.0546952 0
0.0656343 0
0.0765733 0
0.0875124 0
0.0984514 0
0.10939 0
0.12033 0
0.131269 0
0.142208 0
0.153147 0
0.164086 0
0.175025 0
0.185964 0
0.196903 0
0.207842 0
0.218781 0
0.22972 0
0.240659 0
0.251598 0
0.262537 0
0.273476 0
0.284415 0
0.295354 0
0.306293 0
0.317232 0
0.328171 0
0.339111 0
0.35005 0
0.360989 0
0.371928 0
0.382867 0
0.393806 0
0.404745 0
0.415684 0
0.426623 0
0.437562 0
0.448501 0
0.45944 0
0.470379 0
0.481318 0
0.492257 0
0.503196 0
0.514135 0
0.525074 0
0.536013 0
0.546952 0
0.557891 0
0.568831 0
0.57977 0
0.590709 0
0.601648 0
0.612587 0
0.623526 0
0.634465 0
0.645404 0
0.656343 0
0.667282 0
0.678221 0
0.68916 0
0.700099 0
0.711038 0
0.721977 0
0.732916 0
0.743855 0
0.754794 0
0.765733 0
0.776672 0
0.787611 0
0.798551 0
0.80949 0
0.820429 0
0.831368 0
0.842307 0
0.853246 0
0.864185 0
0.875124 0
0.886063 0
0.897002 0
0.907941 0
0.91888 0
0.929819 0
0.940758 0
0.951697 0
0.962636 0
0.973575 0
0.984514 0
0.995453 0
1.00639 5.81276
1.01733 2.84454
1.02827 4.45546
1.03921 2.72665
1.05015 2.67043
1.06109 3.13912
1.07203 2.30678
1.08297 2.26065
1.0939 3.20072
1.10484 3.86211
1.11578 1.42017
1.12672 1.625
1.13766 1.82177
1.1486 1.11713
1.15954 0.876996
1.17048 1.72151
1.18142 0.422481
1.19236 1.037
1.2033 1.62931
1.21423 1.40019
1.22517 1.96486
1.23611 2.31647
1.24705 1.13809
1.25799 1.30488
1.26893 1.09935
1.27987 0.9006
1.29081 1.23965
1.30175 0.348283
1.31269 0.685052
1.32362 0.505366
1.33456 0.662866
1.3455 0.652175
1.35644 1.28348
1.36738 0.789442
1.37832 1.08781
1.38926 0.611896
1.4002 0.753012
1.41114 0.593142
1.42208 0.730108
1.43302 0.719046
1.44395 0.84988
1.45489 0.976728
1.46583 0.687327
1.47677 1.08355
1.48771 0.667333
1.49865 1.05226
1.50959 1.16676
1.52053 0.511152
1.53147 1.0078
1.54241 0.745207
1.55334 0.367392
1.56428 0.603816
1.57522 1.07188
1.58616 1.64453
1.5971 0.57934
1.60804 0.800115
1.61898 0.56384
1.62992 1.22391
1.64086 0.988116
1.6518 0.975115
1.66274 0.855439
1.67367 0.738788
1.68461 1.04179
1.69555 0.205687
1.70649 0.710736
1.71743 0.601491
1.72837 0.593925
1.73931 0.586501
1.75025 0.965359
1.76119 0.47672
1.77213 0.565045
1.78306 1.76749
1.794 1.01088
1.80494 0.817119
1.81588 0.71763
1.82682 0.620451
1.83776 1.05104
1.8487 1.12523
1.85964 0.940985
1.87058 0.422747
1.88152 0.501432
1.89246 0.826114
1.90339 0.816673
1.91433 1.69552
1.92527 1.1974
1.93621 1.26288
1.94715 0.85853
1.95809 1.15771
1.96903 1.22125
1.97997 0.981362
1.99091 1.0453
2.00185 1.10779
2.01278 1.68025
2.02372 1.37311
2.03466 1.14394
2.0456 1.27324
2.05654 1.46972
2.06748 0.969502
2.07842 1.02788
2.08936 1.35622
2.1003 1.14084
2.11124 0.59775
2.12218 1.77486
2.13311 0.975971
2.14405 1.22368
2.15499 1.14757
2.16593 1.19915
2.17687 1.12467
