0 0
0.010939 0
0.0218781 0
0.0328171 0
0.0437562 0
0.0546952 0
0.0656343 0
0.0765733 0
0.0875124 0
0.0984514 0
0.10939 0
0.12033 0
0.131269 0
0.142208 0
0.153147 0
0.164086 0
0.175025 0
0.185964 0
0.196903 0
0.207842 0
0.218781 0
0.22972 0
0.240659 0
0.251598 0
0.262537 0
0.273476 0
0.284415 0
0.295354 0
0.306293 0
0.317232 0
0.328171 0
0.339111 0
0.35005 0
0.360989 0
0.371928 0
0.382867 0
0.393806 0
0.404745 0
0.415684 0
0.426623 0
0.437562 0
0.448501 0
0.45944 0
0.470379 0
0.481318 0
0.492257 0
0.503196 0
0.514135 0
0.525074 0
0.536013 0
0.546952 0
0.557891 0
0.568831 0
0.57977 0
0.590709 0
0.601648 0
0.612587 0
0.623526 0
0.634465 0
0.645404 0
0.656343 0
0.667282 0
0.678221 0
0.68916 0
0.700099 0
0.711038 0
0.721977 0
0.732916 0
0.743855 0
0.754794 0
0.765733 0
0.776672 0
0.787611 0
0.798551 0
0.80949 0
0.820429 0
0.831368 0
0.842307 0
0.853246 0
0.864185 0
0.875124 0
0.886063 0
0.897002 0
0.907941 0
0.91888 0
0.929819 0
0.940758 0
0.951697 0
0.962636 0
0.973575 0
0.984514 0
0.995453 0.297025
1.00639 4.35957
1.01733 3.41345
1.02827 3.06313
1.03921 5.18064
1.05015 3.73861
1.06109 3.13912
1.07203 1.79416
1.08297 3.51656
1.0939 1.72347
1.10484 2.17244
1.11578 1.65686
1.12672 1.85715
1.13766 1.82177
1.1486 2.01083
1.15954 2.19249
1.17048 0.860756
1.18142 0.844963
1.19236 0.2074
1.2033 0.61099
1.21423 1.80024
1.22517 1.17892
1.23611 1.35127
1.24705 1.13809
1.25799 0.745647
1.26893 0.366451
1.27987 1.08072
1.29081 1.06256
1.30175 1.91555
1.31269 0.685052
1.32362 1.01073
1.33456 1.32573
1.3455 1.14131
1.35644 1.28348
1.36738 0.473665
1.37832 0.621608
1.38926 1.68271
1.4002 0.451807
1.41114 0.741427
1.42208 0.584086
1.43302 0.719046
1.44395 0.566587
1.45489 0.55813
1.46583 0.412396
1.47677 0.812664
1.48771 1.2012
1.49865 1.18379
1.50959 0.907479
1.52053 0.894516
1.53147 0.503902
1.54241 1.61461
1.55334 0.857248
1.56428 0.36229
1.57522 0.714585
1.58616 0.352398
1.5971 0.57934
1.60804 0.685813
1.61898 1.46598
1.62992 1.44644
1.64086 0.768535
1.6518 0.975115
1.66274 0.641579
1.67367 0.527706
1.68461 0.729256
1.69555 0.617062
1.70649 0.507668
1.71743 1.00248
1.72837 0.890887
1.73931 1.07525
1.75025 0.482679
1.76119 0.762753
1.77213 1.60096
1.78306 0.372103
1.794 1.10278
1.80494 0.453955
1.81588 0.986741
1.82682 1.59544
1.83776 1.22622
1.8487 0.779008
1.85964 0.940985
1.87058 0.591846
1.88152 0.752148
1.89246 1.15656
1.90339 0.653338
1.91433 1.37257
1.92527 1.27723
1.93621 1.18395
1.94715 0.85853
1.95809 1.08053
1.96903 1.22125
1.97997 0.754894
1.99091 1.0453
2.00185 1.18164
2.01278 0.730544
2.02372 1.08403
2.03466 1.7159
2.0456 0.91956
2.05654 1.6097
2.06748 0.900252
2.07842 1.3705
2.08936 1.08498
2.1003 0.939519
2.11124 1.26192
2.12218 1.57765
2.13311 1.30129
2.14405 0.901659
2.15499 1.08381
2.16593 1.07292
2.17687 0.999709
