0 0
0.010939 0
0.0218781 0
0.0328171 0
0.0437562 0
0.0546952 0
0.0656343 0
0.0765733 0
0.0875124 0
0.0984514 0
0.10939 0
0.12033 0
0.131269 0
0.142208 0
0.153147 0
0.164086 0
0.175025 0
0.185964 0
0.196903 0
0.207842 0
0.218781 0
0.22972 0
0.240659 0
0.251598 0
0.262537 0
0.273476 0
0.284415 0
0.295354 0
0.306293 0
0.317232 0
0.328171 0
0.339111 0
0.35005 0
0.360989 0
0.371928 0
0.382867 0
0.393806 0
0.404745 0
0.415684 0
0.426623 0
0.437562 0
0.448501 0
0.45944 0
0.470379 0
0.481318 0
0.492257 0
0.503196 0
0.514135 0
0.525074 0
0.536013 0
0.546952 0
0.557891 0
0.568831 0
0.57977 0
0.590709 0
0.601648 0
0.612587 0
0.623526 0
0.634465 0
0.645404 0
0.656343 0
0.667282 0
0.678221 0
0.68916 0
0.700099 0
0.711038 0
0.721977 0
0.732916 0
0.743855 0
0.754794 0
0.765733 0
0.776672 0
0.787611 0
0.798551 0
0.80949 0
0.820429 0
0.831368 0
0.842307 0
0.853246 0
0.864185 0
0.875124 0
0.886063 0
0.897002 0
0.907941 0
0.91888 0
0.929819 0
0.940758 0
0.951697 0
0.962636 0
0.973575 0
0.984514 0
0.995453 0.297025
1.00639 3.77829
1.01733 3.41345
1.02827 2.5062
1.03921 1.63599
1.05015 1.33522
1.06109 3.9239
1.07203 2.05047
1.08297 2.76301
1.0939 1.96967
1.10484 1.93105
1.11578 2.84034
1.12672 2.55358
1.13766 1.82177
1.1486 2.23425
1.15954 3.06949
1.17048 2.15189
1.18142 1.0562
1.19236 0.6222
1.2033 1.83297
1.21423 3.0004
1.22517 0.982431
1.23611 0.965196
1.24705 1.51746
1.25799 1.67771
1.26893 1.28258
1.27987 0.54036
1.29081 1.23965
1.30175 1.04485
1.31269 1.71263
1.32362 1.01073
1.33456 1.16002
1.3455 0.652175
1.35644 0.802175
1.36738 1.10522
1.37832 0.932413
1.38926 0.76487
1.4002 0.903614
1.41114 0.889713
1.42208 1.46022
1.43302 0.287618
1.44395 0.708233
1.45489 1.25579
1.46583 0.549862
1.47677 0.541776
1.48771 0.8008
1.49865 0
1.50959 0.907479
1.52053 1.0223
1.53147 0.755852
1.54241 0.621006
1.55334 0.857248
1.56428 0.845342
1.57522 0.47639
1.58616 1.05719
1.5971 0.811075
1.60804 0.685813
1.61898 0.451072
1.62992 0.222529
1.64086 0.768535
1.6518 0.758423
1.66274 0.748509
1.67367 1.05541
1.68461 0.833435
1.69555 0.514219
1.70649 0.609202
1.71743 0.801987
1.72837 0.890887
1.73931 0.391001
1.75025 0.868823
1.76119 1.14413
1.77213 0.565045
1.78306 0.744206
1.794 0.735186
1.80494 0.453955
1.81588 0.986741
1.82682 1.06363
1.83776 0.875869
1.8487 0.605895
1.85964 0.598809
1.87058 1.01459
1.88152 1.25358
1.89246 1.15656
1.90339 1.30668
1.91433 0.968871
1.92527 1.51671
1.93621 0.86823
1.94715 1.09267
1.95809 1.15771
1.96903 0.992266
1.97997 0.905872
1.99091 1.19463
2.00185 1.2555
2.01278 1.38803
2.02372 1.30084
2.03466 0.71496
2.0456 1.2025
2.05654 1.39974
2.06748 0.969502
2.07842 0.95935
2.08936 1.01717
2.1003 1.6106
2.11124 0.664167
2.12218 1.31471
2.13311 1.30129
2.14405 1.80332
2.15499 1.08381
2.16593 0.820468
2.17687 0.937227
