0 0
0.010939 0
0.0218781 0
0.0328171 0
0.0437562 0
0.0546952 0
0.0656343 0
0.0765733 0
0.0875124 0
0.0984514 0
0.10939 0
0.12033 0
0.131269 0
0.142208 0
0.153147 0
0.164086 0
0.175025 0
0.185964 0
0.196903 0
0.207842 0
0.218781 0
0.22972 0
0.240659 0
0.251598 0
0.262537 0
0.273476 0
0.284415 0
0.295354 0
0.306293 0
0.317232 0
0.328171 0
0.339111 0
0.35005 0
0.360989 0
0.371928 0
0.382867 0
0.393806 0
0.404745 0
0.415684 0
0.426623 0
0.437562 0
0.448501 0
0.45944 0
0.470379 0
0.481318 0
0.492257 0
0.503196 0
0.514135 0
0.525074 0
0.536013 0
0.546952 0
0.557891 0
0.568831 0
0.57977 0
0.590709 0
0.601648 0
0.612587 0
0.623526 0
0.634465 0
0.645404 0
0.656343 0
0.667282 0
0.678221 0
0.68916 0
0.700099 0
0.711038 0
0.721977 0
0.732916 0
0.743855 0
0.754794 0
0.765733 0
0.776672 0
0.787611 0
0.798551 0
0.80949 0
0.820429 0
0.831368 0
0.842307 0
0.853246 0
0.864185 0
0.875124 0
0.886063 0
0.897002 0
0.907941 0
0.91888 0
0.929819 0
0.940758 0
0.951697 0
0.962636 0
0.973575 0
0.984514 0
0.995453 0.297025
1.00639 3.48766
1.01733 2.56009
1.02827 4.17699
1.03921 2.99932
1.05015 3.47156
1.06109 2.61594
1.07203 2.56309
1.08297 3.0142
1.0939 2.7083
1.10484 0.965527
1.11578 1.65686
1.12672 3.01786
1.13766 2.96038
1.1486 2.23425
1.15954 1.53474
1.17048 1.72151
1.18142 1.26744
1.19236 1.2444
1.2033 1.62931
1.21423 0.400053
1.22517 0.589459
1.23611 1.15824
1.24705 0.948411
1.25799 1.67771
1.26893 0.732902
1.27987 0.9006
1.29081 0.708371
1.30175 1.21899
1.31269 1.54137
1.32362 0.168455
1.33456 1.49145
1.3455 0.815218
1.35644 1.12305
1.36738 0.947331
1.37832 0.466206
1.38926 1.07082
1.4002 2.10843
1.41114 0.296571
1.42208 0.292043
1.43302 0.575237
1.44395 1.13317
1.45489 0.55813
1.46583 1.09972
1.47677 1.08355
1.48771 0.667333
1.49865 1.05226
1.50959 1.2964
1.52053 1.0223
1.53147 0.377926
1.54241 0.993609
1.55334 0.979712
1.56428 0.483053
1.57522 0.595488
1.58616 0.939729
1.5971 0.811075
1.60804 0.685813
1.61898 1.01491
1.62992 0.890115
1.64086 0.768535
1.6518 0.866769
1.66274 0.748509
1.67367 0.633247
1.68461 0.729256
1.69555 0.719906
1.70649 0.609202
1.71743 0.601491
1.72837 0.692912
1.73931 0.488751
1.75025 0.675751
1.76119 0.286032
1.77213 0.470871
1.78306 1.48841
1.794 0.918982
1.80494 0.998701
1.81588 0.358815
1.82682 0.797722
1.83776 0.875869
1.8487 1.21179
1.85964 0.684353
1.87058 0.930044
1.88152 1.42072
1.89246 0.991337
1.90339 1.47001
1.91433 1.29183
1.92527 1.35706
1.93621 1.10502
1.94715 1.09267
1.95809 1.69798
1.96903 0.686953
1.97997 1.13234
1.99091 0.821308
2.00185 1.32935
2.01278 1.46109
2.02372 0.722689
2.03466 1.35842
2.0456 1.27324
2.05654 0.909829
2.06748 0.761752
2.07842 0.8223
2.08936 1.28841
2.1003 0.805302
2.11124 1.39475
2.12218 0.986033
2.13311 1.1061
2.14405 0.966063
2.15499 0.956305
2.16593 0.946694
2.17687 1.24964
