0 0
0.010939 0
0.0218781 0
0.0328171 0
0.0437562 0
0.0546952 0
0.0656343 0
0.0765733 0
0.0875124 0
0.0984514 0
0.10939 0
0.12033 0
0.131269 0
0.142208 0
0.153147 0
0.164086 0
0.175025 0
0.185964 0
0.196903 0
0.207842 0
0.218781 0
0.22972 0
0.240659 0
0.251598 0
0.262537 0
0.273476 0
0.284415 0
0.295354 0
0.306293 0
0.317232 0
0.328171 0
0.339111 0
0.35005 0
0.360989 0
0.371928 0
0.382867 0
0.393806 0
0.404745 0
0.415684 0
0.426623 0
0.437562 0
0.448501 0
0.45944 0
0.470379 0
0.481318 0
0.492257 0
0.503196 0
0.514135 0
0.525074 0
0.536013 0
0.546952 0
0.557891 0
0.568831 0
0.57977 0
0.590709 0
0.601648 0
0.612587 0
0.623526 0
0.634465 0
0.645404 0
0.656343 0
0.667282 0
0.678221 0
0.68916 0
0.700099 0
0.711038 0
0.721977 0
0.732916 0
0.743855 0
0.754794 0
0.765733 0
0.776672 0
0.787611 0
0.798551 0
0.80949 0
0.820429 0
0.831368 0
0.842307 0
0.853246 0
0.864185 0
0.875124 0
0.886063 0
0.897002 0
0.907941 0
0.91888 0
0.929819 0
0.940758 0
0.951697 0
0.962636 0
0.973575 0
0.984514 0
0.995453 0.891076
1.00639 3.48766
1.01733 3.69791
1.02827 4.73393
1.03921 1.09066
1.05015 2.13635
1.06109 2.35434
1.07203 1.53785
1.08297 3.26538
1.0939 1.72347
1.10484 2.6552
1.11578 1.89356
1.12672 1.39286
1.13766 2.50494
1.1486 2.23425
1.15954 2.19249
1.17048 1.72151
1.18142 1.26744
1.19236 1.2444
1.2033 1.42564
1.21423 2.20029
1.22517 1.17892
1.23611 1.15824
1.24705 1.32777
1.25799 1.30488
1.26893 0.732902
1.27987 1.98132
1.29081 1.06256
1.30175 0.870707
1.31269 0.685052
1.32362 0.842277
1.33456 0.662866
1.3455 0.652175
1.35644 1.44392
1.36738 0.947331
1.37832 1.39862
1.38926 0.305948
1.4002 1.20482
1.41114 1.038
1.42208 0.292043
1.43302 1.29428
1.44395 0.84988
1.45489 1.25579
1.46583 0.687327
1.47677 1.08355
1.48771 1.2012
1.49865 0.52613
1.50959 0.777839
1.52053 0.894516
1.53147 0.629877
1.54241 0.745207
1.55334 0.979712
1.56428 0.603816
1.57522 0.47639
1.58616 0.58733
1.5971 0.463472
1.60804 0.800115
1.61898 1.01491
1.62992 0.445058
1.64086 0.878326
1.6518 1.30015
1.66274 0.32079
1.67367 0.94987
1.68461 0.833435
1.69555 0.719906
1.70649 0.609202
1.71743 0.701739
1.72837 0.7919
1.73931 0.782001
1.75025 1.15843
1.76119 0.762753
1.77213 0.753394
1.78306 1.11631
1.794 0.827084
1.80494 0.90791
1.81588 1.43526
1.82682 0.886358
1.83776 0.525521
1.8487 0.432782
1.85964 0.769897
1.87058 1.01459
1.88152 0.585004
1.89246 1.07395
1.90339 0.980007
1.91433 0.968871
1.92527 0.957923
1.93621 1.26288
1.94715 1.09267
1.95809 0.926171
1.96903 0.839609
1.97997 1.28332
1.99091 1.11997
2.00185 1.03394
2.01278 1.09582
2.02372 1.08403
2.03466 1.21543
2.0456 1.55618
2.05654 1.25976
2.06748 1.2465
2.07842 1.0964
2.08936 1.15279
2.1003 0.671085
2.11124 0.99625
2.12218 1.18324
2.13311 1.36636
2.14405 1.03047
2.15499 1.08381
2.16593 1.38848
2.17687 1.24964
