0 0
0.010939 0
0.0218781 0
0.0328171 0
0.0437562 0
0.0546952 0
0.0656343 0
0.0765733 0
0.0875124 0
0.0984514 0
0.10939 0
0.12033 0
0.131269 0
0.142208 0
0.153147 0
0.164086 0
0.175025 0
0.185964 0
0.196903 0
0.207842 0
0.218781 0
0.22972 0
0.240659 0
0.251598 0
0.262537 0
0.273476 0
0.284415 0
0.295354 0
0.306293 0
0.317232 0
0.328171 0
0.339111 0
0.35005 0
0.360989 0
0.371928 0
0.382867 0
0.393806 0
0.404745 0
0.415684 0
0.426623 0
0.437562 0
0.448501 0
0.45944 0
0.470379 0
0.481318 0
0.492257 0
0.503196 0
0.514135 0
0.525074 0
0.536013 0
0.546952 0
0.557891 0
0.568831 0
0.57977 0
0.590709 0
0.601648 0
0.612587 0
0.623526 0
0.634465 0
0.645404 0
0.656343 0
0.667282 0
0.678221 0
0.68916 0
0.700099 0
0.711038 0
0.721977 0
0.732916 0
0.743855 0
0.754794 0
0.765733 0
0.776672 0
0.787611 0
0.798551 0
0.80949 0
0.820429 0
0.831368 0
0.842307 0
0.853246 0
0.864185 0
0.875124 0
0.886063 0
0.897002 0
0.907941 0
0.91888 0
0.929819 0
0.940758 0
0.951697 0
0.962636 0
0.973575 0
0.984514 0
0.995453 0
1.00639 3.48766
1.01733 2.84454
1.02827 2.5062
1.03921 2.72665
1.05015 3.47156
1.06109 3.40072
1.07203 1.02524
1.08297 2.00946
1.0939 2.7083
1.10484 2.6552
1.11578 1.65686
1.12672 3.48215
1.13766 2.50494
1.1486 1.56398
1.15954 3.06949
1.17048 1.29113
1.18142 2.11241
1.19236 1.037
1.2033 1.83297
1.21423 1.60021
1.22517 1.17892
1.23611 1.15824
1.24705 1.32777
1.25799 2.23694
1.26893 0.549676
1.27987 1.26084
1.29081 1.23965
1.30175 0.696565
1.31269 1.02758
1.32362 0.842277
1.33456 0.662866
1.3455 0.652175
1.35644 0.481305
1.36738 0
1.37832 0.77701
1.38926 0.305948
1.4002 0.903614
1.41114 1.48285
1.42208 0.292043
1.43302 1.15047
1.44395 0.84988
1.45489 0.697663
1.46583 0.962258
1.47677 1.08355
1.48771 0.934267
1.49865 1.31532
1.50959 1.03712
1.52053 1.53346
1.53147 0.377926
1.54241 0.745207
1.55334 1.10218
1.56428 0.845342
1.57522 0.238195
1.58616 0.58733
1.5971 0.695208
1.60804 1.48593
1.61898 0.789376
1.62992 0.333793
1.64086 0.768535
1.6518 0.325038
1.66274 0.534649
1.67367 1.05541
1.68461 0.833435
1.69555 0.925594
1.70649 0.812269
1.71743 0.701739
1.72837 0.989875
1.73931 0.782001
1.75025 0.675751
1.76119 0.858097
1.77213 0.565045
1.78306 0.744206
1.794 0.551389
1.80494 0.635537
1.81588 1.16615
1.82682 0.886358
1.83776 0.875869
1.8487 1.12523
1.85964 0.940985
1.87058 1.43734
1.88152 0.919292
1.89246 0.991337
1.90339 1.06167
1.91433 0.888132
1.92527 0.878097
1.93621 0.86823
1.94715 1.24877
1.95809 1.38926
1.96903 0.763281
1.97997 1.05685
1.99091 0.970637
2.00185 1.10779
2.01278 1.16887
2.02372 1.08403
2.03466 0.929447
2.0456 1.13177
2.05654 1.25976
2.06748 1.108
2.07842 1.30198
2.08936 1.08498
2.1003 2.01326
2.11124 1.32833
2.12218 1.18324
2.13311 1.04104
2.14405 0.901659
2.15499 1.14757
2.16593 1.13603
2.17687 1.18715
