-0.0551186 -0.229811 -0.00895958
6.80667e-05 -0.0271277 0.00398991
0.0422544 -0.00881073 0.00328928
-0.0196665 -0.0206237 -0.00259608
-0.089453 -0.0132366 -0.0760592
0.0150022 0.0019175 0.0367151
0.00282635 -0.0334442 0.00205859
0.000607384 0.038876 0.0230276
-0.041704 0.00993805 -0.0184919
0.0101953 0.0336301 -0.00142652
0.326315 -0.00403266 0.0006661
-0.0571294 0.00521696 0.0246128
-0.000615346 0.013821 -0.00441386
-0.0128226 -0.00352214 -0.0249105
0.0226524 0.0212297 -0.038547
0.00406036 0.00566293 -0.00993025
0.000429541 -0.0139476 -0.0303383
-0.0311399 -0.000636147 -0.00505628
0.127458 0.00611814 -0.0125448
-0.17221 0.0146091 0.00637959
-0.0170199 -0.0279625 0.00582695
0.00071445 0.0136677 -0.00695808
0.0218932 -0.00982278 -0.0106722
0.00428554 0.00848346 0.025257
0.0259003 -0.0105691 0.00221539
-0.00863273 -0.0205905 -0.0117015
0.00297266 0.0135707 -0.123572
-0.00131021 0.0417446 0.00713315
0.0408518 -0.00229054 0.0169298
-0.0151261 0.00181867 -0.0460294
-0.00271419 0.0765008 -0.00453879
0.0163923 0.0357887 -0.0292492
-0.00723251 0.04006 0.00333695
-0.00160129 0.011625 -0.00793361
-0.0177669 0.00239262 0.00575532
0.115098 0.0112061 -0.0185861
-0.00391394 -0.0154472 -0.000893418
-0.00564675 -0.00998917 0.137402
-0.0188953 -0.0108549 0.00447572
0.0224156 -0.0193249 0.0278645
-0.0296463 0.00613768 -0.0212328
0.182446 -0.0136534 -0.0483041
-0.0024677 -0.0203454 0.0134468
-0.0277145 -0.0671091 -0.0116441
0.00714981 0.190729 -0.0412749
-0.00631194 0.0126817 0.0497418
-0.0082185 0.00953665 0.0218976
0.0241147 -0.00481503 0.00727285
0.0101677 0.0271239 -0.00222389
0.00507254 -0.00790227 0.0121807
0.0127617 0.0720627 0.071557
-0.0306974 -0.00144676 -0.0039664
-0.0268395 0.00996068 0.0481353
0.0218123 0.00860947 -0.0117121
0.00769848 0.00480756 0.0349461
0.00261361 0.000834048 -0.0804866
-0.00376374 0.0111799 -0.00443387
0.0478216 0.0284833 0.0398621
-0.0180896 -0.00527157 0.0714639
-0.01104 -0.0108985 -0.00206929
-0.00443406 -0.01264 0.0101656
-0.0110838 0.0344201 -0.0206238
-0.00464042 -0.0312356 -0.00395512
0.00873076 -0.012836 0.00380479
0.00649996 -0.0219214 0.0171487
0.0158236 -0.0355943 -0.0334631
0.00746672 -0.0191567 -0.0169244
-0.009441 0.0459343 0.041839
-0.0052196 0.00542033 -0.00932875
0.0144207 0.000955161 -0.0122134
-0.114277 -0.030087 0.0480708
0.0211293 -0.0499646 -0.00148485
-0.0136367 0.0141311 -0.0166127
-0.00686394 -0.0130029 -0.0179722
0.00614223 0.0261164 0.0324454
0.0142944 0.00383683 -0.00404309
-0.000533096 -0.037121 -0.000376537
-0.0235435 0.00849204 0.0293835
0.0011645 -0.00735519 0.00661191
-0.0253513 -0.0174163 0.0212533
0.00162983 0.0055833 -0.00733423
0.00718643 -0.0144017 0.00308292
-0.00497297 -0.0141661 -0.00608525
-0.00630611 -0.00334164 -0.000929608
-0.0485092 -0.0096592 -0.0159386
0.011861 -0.00605752 -0.00155215
0.0681281 -0.00201549 0.0556136
-0.00146223 -0.00863964 -0.00923949
-0.00181161 0.0476249 -0.0382761
0.020533 0.00347318 0.0037843
-0.0259422 -0.00327046 0.00135765
0.088065 -0.00988063 0.042746
0.0445738 -0.0134024 -0.00930107
-0.0199673 -0.0129781 0.00782944
-0.00976125 0.00510167 0.00270202
0.0106923 -0.00695758 0.00333391
-0.258621 0.00832018 -0.117172
0.0699747 0.0282826 0.00280484
-0.104274 0.00536108 0.00505907
0.0434498 0.00524052 -0.0160558
