-5.89771 -0.325001 -3.46079
-2.99145 1.51736 1.03796
-1.73363 -1.26689 0.0948975
1.58829 1.6308 0.066461
-0.341664 -2.1412 -0.0491745
2.22366 -0.524216 -3.85078
0.223098 -0.145396 0.253819
2.27208 -0.392634 3.6642
2.90536 3.93163 -4.34403
2.27677 0.953015 -1.0156
-1.86687 0.994398 1.68464
0.518007 1.51585 1.71539
-0.270409 4.07772 -0.816306
-4.63797 -1.28934 -0.350682
1.02073 -3.29667 -5.33857
0.27234 0.607096 -1.45822
0.0988907 -2.04431 2.51649
-0.248819 -0.22038 -1.35085
-1.92309 0.41097 -0.837853
-1.08915 3.02436 2.05276
-2.69466 1.28854 0.677523
0.5784 2.11288 0.264722
1.02061 -2.62825 -1.80955
0.013532 1.30134 3.55232
1.89064 -3.30183 -0.315452
-1.11584 -2.86913 -5.34744
0.690512 3.03985 -1.35524
-0.234304 -0.935721 2.1886
1.38405 1.28006 5.29385
-5.48211 4.96828 -1.19075
-2.84773 -1.47806 -1.61107
7.50614 -0.900749 -3.89435
-1.90462 -0.805109 0.895379
1.68696 0.0385493 -1.77476
-1.45994 -0.560224 5.98924
-2.26903 1.60607 -2.52841
-0.468612 -2.73413 -0.074889
-0.963295 0.3663 -2.13267
-4.55189 0.842725 3.36866
3.66341 1.9962 7.50294
-2.04606 -0.980345 -4.01952
3.33054 -2.33588 1.93507
-0.835637 -0.198345 3.40248
-2.28255 -1.84547 -4.29577
-3.22858 -1.55804 -1.16789
-0.774754 2.7269 -2.43515
-2.79627 1.45628 0.761887
3.41141 -0.787061 0.443289
3.95948 3.63158 -0.593545
0.885629 -0.279655 2.82447
2.43791 0.220477 -1.42062
-2.46211 0.122227 -0.265181
-2.20106 1.37795 1.59307
4.16473 0.69739 0.308874
2.02001 2.34992 1.20239
0.382153 -0.00690802 1.82358
-0.238492 1.55064 0.152949
2.44298 -6.29452 -5.52442
-4.14741 -2.01541 0.854943
-1.21896 -2.10803 -0.313512
-0.711522 -0.606445 2.29153
-5.88185 -1.24155 3.64431
2.00163 0.825876 0.935463
1.8633 -1.56638 -0.118882
1.76909 -4.3407 4.97434
4.64229 3.87389 2.34821
0.916622 -4.13072 -5.91699
-2.43017 -5.41661 -2.16161
-2.06438 1.9945 -3.09689
3.16981 -0.0509287 -2.66795
-0.358704 2.54426 0.638212
1.87073 1.82245 -1.12414
-5.85338 7.11072 0.184674
-1.92318 -2.69313 0.205105
1.21091 4.97777 4.95537
2.95549 0.891624 0.0405465
0.64877 -3.73432 -2.65526
-2.73563 2.47264 0.827659
0.369758 -1.46105 1.18013
0.887396 -1.5008 -3.49772
0.236121 1.75393 -1.66373
0.517056 -3.24011 0.136105
-0.781122 -2.58102 -1.23607
-0.764046 -0.196129 -0.766189
2.0593 -2.2075 -6.69007
1.81528 -0.143607 0.663029
0.420333 1.07326 -0.618913
-0.292761 -0.40264 0.0857065
-2.66834 3.08022 0.300864
-0.028084 0.418487 -0.0595411
0.354483 -3.6646 -0.329556
-1.97304 -3.76923 -3.18273
3.4942 2.06158 -0.594332
-1.02985 -0.879873 1.68374
-0.988939 0.714813 1.42597
1.71329 -1.56054 1.21867
1.50569 1.1988 0.826286
3.96111 4.92994 2.91889
-0.784345 0.892899 0.756658
2.96327 -1.71795 -4.34106
