-5.86816 -0.292778 -3.50686
-3.14754 1.28128 1.05599
-1.64014 -1.28597 0.0903745
1.77865 1.7884 0.0670773
-0.517737 -2.1848 -0.288642
2.2479 -0.520286 -4.21814
0.223345 -0.0535446 0.259434
2.36773 -0.605404 3.83258
2.61371 4.04789 -4.47422
2.38085 1.3669 -1.04402
-2.24827 1.05058 1.7811
0.638788 1.56123 1.58442
-0.272956 4.20161 -0.839062
-4.90218 -1.32921 -0.0828696
0.889755 -3.01716 -5.15072
0.270964 0.606004 -1.48691
0.0907254 -2.10332 2.52273
-0.193488 -0.225704 -1.37606
-1.8145 0.427048 -0.832153
-1.03334 3.14351 2.13256
-2.50764 1.21116 0.695634
0.59157 2.16485 0.283229
0.892514 -2.76266 -1.85947
0.00918065 1.33038 3.42279
1.72371 -3.4475 -0.326414
-1.13691 -2.94033 -5.21541
0.704073 2.86119 -1.05554
-0.223335 -1.06765 2.23212
1.3048 1.29485 5.16768
-4.88573 5.24786 -1.0333
-2.93472 -2.03775 -1.65639
7.97262 -1.16019 -3.67049
-1.98481 -0.964866 0.910737
1.71635 0.0139187 -1.83375
-1.3423 -0.545198 6.41714
-2.1149 1.61672 -2.4147
-0.480137 -2.64887 -0.0722108
-0.983554 0.355844 -2.30134
-4.26889 0.796967 3.40599
3.7341 2.02737 7.28663
-2.11143 -1.03859 -3.91103
2.56463 -2.37278 2.15372
-0.851713 0.0571402 3.25702
-1.99407 -2.61118 -4.45452
-3.05796 -2.10242 -1.17543
-0.804865 2.1763 -2.98127
-2.92396 1.49176 0.672025
3.3326 -0.8122 0.448544
3.71807 3.75835 -0.594484
0.892668 -0.278893 2.91024
2.56211 0.527604 -1.60833
-2.52075 0.129134 -0.269035
-2.22568 1.41721 1.52219
4.37453 0.371044 0.317258
2.08924 2.4156 1.52296
0.378696 -0.0033734 1.92626
-0.243026 1.57827 0.16618
1.93772 -7.95164 -5.36775
-4.11021 -2.04009 1.59429
-1.2408 -2.18061 -0.32348
-0.713309 -0.585541 2.35276
-6.38923 -0.9342 3.38873
2.02545 0.578461 1.09048
1.89917 -1.60821 -0.130405
1.81243 -3.99847 4.58643
4.44045 4.1604 2.05506
0.922878 -4.40994 -5.62206
-2.50532 -5.59689 -1.78769
-2.11409 2.06944 -3.16627
3.25377 -0.0623804 -2.77394
-0.423987 2.95422 0.566129
1.71586 2.20364 -1.15794
-5.56661 6.90832 0.627511
-2.00215 -2.82556 0.358137
1.22582 5.1924 4.49006
3.04689 0.912718 0.0475716
0.671925 -3.51121 -2.78255
-2.64128 2.55953 0.826228
0.370763 -1.49327 1.19456
1.14365 -1.52053 -4.5216
0.233313 1.79285 -1.70049
0.521875 -3.35678 0.122679
-0.791481 -2.66832 -1.27773
-0.777044 -0.206873 -0.785805
2.35262 -2.2899 -6.27044
1.84448 -0.137185 0.686678
0.542855 1.08612 -0.963562
-0.297413 -0.403589 0.0974246
-2.65928 3.42157 0.752914
-0.0389395 0.4259 -0.0594062
0.479367 -3.74083 -0.338791
-1.62632 -4.02405 -3.67774
3.43871 2.11748 -0.599967
-1.45387 0.201543 1.69935
-1.00403 0.729606 1.47099
1.74759 -1.60403 1.2444
1.40413 1.171 0.703204
3.89462 4.76194 2.9856
-0.937557 0.90938 0.764499
3.00931 -1.75414 -4.2399
