-5.85422 -0.275037 -3.52554
-3.232 1.11632 1.06628
-1.5947 -1.29621 0.0883738
1.8739 1.86791 0.0677378
-0.606113 -2.20716 -0.41276
2.25857 -0.513872 -4.32473
0.223119 -0.00696983 0.264067
2.41672 -0.712824 3.92727
2.46836 4.1262 -4.53909
2.43546 1.59666 -1.0575
-2.29552 1.07681 1.83669
0.698453 1.58514 1.54202
-0.274265 4.26722 -0.848344
-5.04704 -1.35107 0.0496924
0.823422 -2.90086 -5.06102
0.269924 0.605122 -1.50018
0.0862948 -2.12266 2.37296
-0.166104 -0.228359 -1.38786
-1.76245 0.434971 -0.828121
-1.00759 3.20719 2.18304
-2.42161 1.04967 0.706207
0.597485 2.19213 0.294746
0.829544 -2.83286 -1.88407
0.00666582 1.34583 3.3632
1.64117 -3.52606 -0.330837
-1.14599 -2.96957 -5.10677
0.712236 2.7952 -0.805361
-0.217122 -1.12945 2.27159
1.26424 1.30188 5.11013
-4.58281 5.3713 -0.946518
-2.9777 -2.36548 -1.67752
8.22507 -1.31072 -3.56272
-2.0267 -1.0535 0.921291
1.73102 0.00194309 -1.8627
-1.28595 -0.538195 6.31421
-2.0572 1.62149 -2.34766
-0.486173 -2.60786 -0.0698639
-0.994249 0.35102 -2.38414
-4.13051 0.770597 3.42355
3.7681 2.03818 7.23148
-2.14431 -1.06615 -3.85513
2.1543 -2.39287 2.24727
-0.859454 0.178777 3.20303
-1.84617 -3.02514 -4.5282
-2.97684 -2.40928 -1.17579
-0.822792 1.99115 -3.17805
-2.9918 1.5099 0.631502
3.29428 -0.824336 0.451606
3.59947 3.82662 -0.593232
0.895981 -0.278907 2.95403
2.6291 0.701007 -1.69562
-2.55102 0.131907 -0.270428
-2.23919 1.43799 1.49206
4.48694 0.251497 0.323383
2.12359 2.45106 1.56352
0.376808 -0.00146559 1.98059
-0.245572 1.59215 0.174114
1.71662 -7.58037 -5.29242
-4.09169 -2.05189 1.71388
-1.25194 -2.21823 -0.326925
-0.714708 -0.576043 2.3888
-6.62895 -0.717682 3.29327
2.03933 0.462436 1.17259
1.91733 -1.62936 -0.135647
1.83289 -3.83726 4.42461
4.34257 4.04742 1.91789
0.922593 -4.54078 -5.46697
-2.54334 -5.33716 -1.58864
-2.14058 2.10881 -3.19981
3.29692 -0.0682097 -2.84058
-0.498503 3.30878 0.501087
1.63763 2.43035 -1.17295
-5.43606 6.81999 0.866102
-2.04242 -2.90209 0.441269
1.23001 5.31282 4.30783
3.09004 0.923216 0.0521578
0.683428 -3.394 -2.83288
-2.59735 2.60467 0.826104
0.370934 -1.50897 1.20541
1.2724 -1.53011 -4.13243
0.231279 1.81395 -1.7151
0.523952 -3.41669 0.118554
-0.796738 -2.71289 -1.2947
-0.783729 -0.212188 -0.794257
2.51576 -2.32863 -6.12085
1.85792 -0.133811 0.69999
0.602341 1.09138 -1.15473
-0.30002 -0.40409 0.104564
-2.65389 3.29169 0.809076
-0.0446178 0.429494 -0.0588242
0.543518 -3.78268 -0.343589
-1.44793 -4.14957 -3.95185
3.41125 2.14598 -0.60123
-1.69692 0.325793 1.71002
-1.01213 0.736811 1.49483
1.76463 -1.62617 1.2587
1.35334 1.15574 0.644387
3.85773 4.6746 3.03378
-1.01743 0.917106 0.769055
3.03108 -1.76893 -4.18852
