-5.84091 -0.256289 -3.54149
-3.32212 0.946727 1.07771
-1.55019 -1.30642 0.0865995
1.96912 1.9488 0.0686498
-0.694956 -2.22748 -0.537184
2.26764 -0.50529 -4.4282
0.222566 0.0399497 0.269762
2.46633 -0.820856 4.03065
2.32384 4.23251 -4.60509
2.49212 1.84665 -1.07056
-2.19817 1.10494 1.89585
0.757082 1.61041 1.50597
-0.275703 4.33559 -0.856375
-5.20222 -1.37052 0.186361
0.755389 -2.7763 -4.97347
0.268606 0.60396 -1.51302
0.0817811 -2.14179 2.23805
-0.138951 -0.230878 -1.39909
-1.71201 0.443057 -0.82344
-0.983889 3.27442 2.24271
-2.34029 0.890769 0.71791
0.602682 2.22012 0.307777
0.767129 -2.90301 -1.90796
0.0037868 1.3616 3.30689
1.55893 -3.60819 -0.334387
-1.15379 -2.99465 -4.98706
0.720901 2.73159 -0.542201
-0.210614 -1.19198 2.32012
1.22247 1.31002 5.0551
-4.27943 5.50692 -0.853473
-3.02004 -2.73746 -1.69802
8.49164 -1.45868 -3.45235
-2.07025 -1.14216 0.933485
1.7456 -0.00978653 -1.89108
-1.23227 -0.531176 6.21996
-2.02023 1.62666 -2.28095
-0.492463 -2.56742 -0.0669817
-1.00544 0.346676 -2.46758
-3.99439 0.746012 3.44157
3.80148 2.04793 7.18577
-2.17712 -1.09127 -3.80086
1.72041 -2.40972 2.34136
-0.867138 0.294249 3.16277
-1.69444 -3.46641 -4.59582
-2.89868 -2.74572 -1.17315
-0.84291 1.82118 -3.30755
-3.06283 1.53029 0.59282
3.2563 -0.835765 0.454863
3.4819 3.89963 -0.590845
0.89902 -0.279051 2.99856
2.69894 0.89132 -1.77685
-2.58207 0.134449 -0.271518
-2.25395 1.4604 1.46497
4.60421 0.128313 0.33141
2.15741 2.48882 1.48121
0.374747 0.000519406 2.03596
-0.248409 1.60626 0.182882
1.5171 -7.21585 -5.23045
-4.07271 -2.0628 1.83307
-1.26331 -2.25631 -0.329634
-0.716742 -0.567202 2.42706
-6.86542 -0.445503 3.21178
2.05493 0.349326 1.25824
1.93564 -1.65058 -0.140474
1.85374 -3.68124 4.2886
4.24584 3.69276 1.78516
0.91944 -4.67138 -5.30749
-2.58217 -5.07855 -1.38226
-2.1688 2.15221 -3.23331
3.34076 -0.0736906 -2.90578
-0.598158 3.80877 0.429497
1.5581 2.69422 -1.18662
-5.31231 6.74632 1.11254
-2.08348 -2.971 0.529477
1.2307 5.44014 4.16645
3.13004 0.934194 0.0573222
0.694768 -3.27637 -2.8739
-2.55598 2.6512 0.826322
0.370842 -1.5246 1.21758
1.40096 -1.53835 -3.7653
0.228725 1.83531 -1.72697
0.525718 -3.47778 0.115691
-0.8021 -2.75822 -1.30998
-0.790601 -0.217332 -0.802203
2.69339 -2.36339 -5.97335
1.87017 -0.130199 0.714013
0.660327 1.09649 -1.33465
-0.302944 -0.404394 0.112222
-2.64787 3.16456 0.660591
-0.0505785 0.433198 -0.0579825
0.60872 -3.82501 -0.348387
-1.26622 -4.26522 -4.23692
3.38375 2.17559 -0.601636
-1.96448 0.457643 1.7291
-1.0208 0.744227 1.51943
1.78157 -1.6484 1.27423
1.30228 1.1404 0.586417
3.81763 4.58891 3.08176
-1.10049 0.925021 0.773934
3.05197 -1.78183 -4.13632
