-5.82841 -0.236826 -3.56036
-3.41832 0.772247 1.08927
-1.50655 -1.31686 0.0846328
2.06452 2.03089 0.0693423
-0.785629 -2.24823 -0.663422
2.27669 -0.495563 -4.32338
0.221819 0.087102 0.275179
2.51515 -0.932111 4.1389
1.99678 4.34664 -4.67919
2.54755 2.12011 -1.08535
-2.10149 1.13368 1.95322
0.81428 1.63594 1.45841
-0.277445 4.40648 -0.864551
-5.36995 -1.38987 0.325934
0.685138 -2.65434 -4.89
0.267003 0.602372 -1.52675
0.0771812 -2.16109 2.1072
-0.112054 -0.233461 -1.41119
-1.6629 0.451003 -0.819874
-0.961164 3.34458 2.3023
-2.26232 0.733148 0.729205
0.607717 2.24862 0.320188
0.698454 -2.97791 -1.93203
0.000555907 1.37742 3.24944
1.47548 -3.69571 -0.33789
-1.16013 -3.01541 -4.85754
0.729309 2.66943 -0.28347
-0.203949 -1.25567 2.36994
1.18005 1.31823 5.00041
-3.9612 5.65207 -0.761071
-3.06502 -3.17515 -1.7202
8.77098 -1.61047 -3.34142
-2.1154 -1.23199 0.945777
1.75983 -0.0217479 -1.92183
-1.18009 -0.524662 6.06247
-1.98435 1.63175 -2.22283
-0.498937 -2.52765 -0.0641209
-1.01705 0.342526 -2.55371
-3.86048 0.72194 3.45849
3.83492 2.05645 7.1025
-2.20964 -1.11437 -3.74959
1.25743 -2.42584 2.43238
-0.87516 0.403619 3.12371
-1.56023 -3.94967 -4.66394
-2.82626 -3.11975 -1.16889
-0.865772 1.66318 -3.43872
-3.13845 1.55071 0.55298
3.21898 -0.846775 0.457734
3.36414 3.97724 -0.58818
0.90188 -0.27947 3.04081
2.76378 1.09874 -1.86365
-2.61353 0.136657 -0.272724
-2.2702 1.4835 1.43861
4.72699 -2.08355e-05 0.340079
2.18958 2.52771 1.39542
0.372622 0.00245883 2.09035
-0.251343 1.62042 0.191302
1.32433 -6.87683 -5.18992
-4.05312 -2.07351 1.94681
-1.2751 -2.29525 -0.33242
-0.719422 -0.559345 2.46639
-6.45874 -0.193454 3.13686
2.07197 0.238345 1.34178
1.95371 -1.67225 -0.145592
1.87356 -3.5302 4.16167
4.12472 3.35773 1.65303
0.912505 -4.80375 -5.15178
-2.62342 -4.8272 -1.17843
-2.20079 2.19697 -3.26959
3.38528 -0.0792581 -2.9729
-1.0766 4.31872 0.351879
1.47281 3.0077 -1.20036
-5.19675 6.67758 1.35823
-2.12707 -3.04 0.621962
1.22501 5.57389 4.02079
3.17143 0.945418 0.0618153
0.704723 -3.15919 -2.91652
-2.51561 2.69887 0.825946
0.370471 -1.54043 1.22942
1.52989 -1.54637 -3.42423
0.225385 1.85672 -1.73948
0.527215 -3.54042 0.112579
-0.807967 -2.80503 -1.32537
-0.797667 -0.222512 -0.810504
2.88843 -2.39651 -5.83035
1.88234 -0.126535 0.72625
0.717556 1.10126 -1.51318
-0.305913 -0.404661 0.119501
-2.64133 3.03942 0.512107
-0.0566282 0.436902 -0.057265
0.675153 -3.86849 -0.35385
-1.09324 -4.38779 -4.52861
3.35596 2.20569 -0.602329
-2.24727 0.603017 1.75792
-1.02963 0.751629 1.54376
1.7983 -1.6713 1.28974
1.25128 1.12426 0.527052
3.77377 4.50194 3.11079
-1.18473 0.932898 0.77829
3.07229 -1.79379 -4.08767
