-5.81667 -0.217026 -3.582
-3.5217 0.593458 1.10111
-1.46376 -1.32818 0.0824747
2.1602 2.11224 0.0698188
-0.878247 -2.27034 -0.791731
2.28615 -0.485338 -4.01897
0.220879 0.134264 0.280325
2.56309 -1.04769 4.25294
1.49553 4.46828 -4.76179
2.60181 2.42031 -1.10217
-2.00542 1.16273 2.00874
0.869942 1.66117 1.40012
-0.279514 4.47743 -0.872826
-5.5523 -1.40972 0.469412
0.612744 -2.53497 -4.81021
0.265117 0.600151 -1.54139
0.0725831 -2.18093 1.98008
-0.0854042 -0.236339 -1.42417
-1.61508 0.45837 -0.817415
-0.939384 3.4179 2.3619
-2.18708 0.575817 0.740049
0.612598 2.27755 0.331997
0.623185 -3.06346 -1.95627
-0.00305473 1.39301 3.19082
1.39062 -3.80743 -0.341354
-1.16592 -3.03276 -4.70288
0.737277 2.6081 -0.0296029
-0.197241 -1.32073 2.42134
1.13689 1.32596 4.94612
-3.627 5.8078 -0.669084
-3.11177 -3.31604 -1.74468
9.06359 -1.76647 -3.22947
-2.16231 -1.32438 0.958187
1.77371 -0.0344169 -1.95503
-1.12985 -0.51888 5.84273
-1.94952 1.63664 -2.1733
-0.505586 -2.4895 -0.0613052
-1.02908 0.338261 -2.64271
-3.72866 0.697687 3.47445
3.86878 2.06377 6.99138
-2.2418 -1.13579 -3.7008
0.758464 -2.44196 2.51941
-0.883528 0.506613 3.08573
-1.44589 -4.48826 -4.73228
-2.76005 -3.54168 -1.16259
-0.891453 1.51456 -3.57193
-3.21867 1.57018 0.511964
3.18224 -0.858045 0.460231
3.24598 4.04872 -0.585219
0.904548 -0.280205 3.08083
2.82208 1.3261 -1.95685
-2.64538 0.138256 -0.274052
-2.28809 1.5061 1.41293
4.85574 -0.13443 0.349543
2.22 2.56763 1.30616
0.370442 0.00423903 2.1438
-0.254377 1.63439 0.199383
1.11884 -6.56623 -5.16554
-4.03294 -2.08436 2.05488
-1.28732 -2.33698 -0.335284
-0.722808 -0.552666 2.50665
-5.49384 0.0425755 3.06666
2.09048 0.129344 1.4247
1.97153 -1.69501 -0.151006
1.89343 -3.38276 4.04298
3.98493 3.03556 1.52012
0.901755 -4.93926 -5.0004
-2.6671 -4.58389 -0.976761
-2.23671 2.2411 -3.30885
3.43053 -0.0852176 -3.04217
-1.84196 4.83299 0.270313
1.38071 3.22361 -1.2138
-5.08773 6.61199 1.5959
-2.17326 -3.11008 0.719451
1.21171 5.71491 3.87129
3.21436 0.956555 0.0656644
0.713267 -3.04311 -2.96096
-2.47616 2.74704 0.824982
0.369832 -1.55663 1.24097
1.65994 -1.55456 -3.10617
0.221206 1.87783 -1.75261
0.528449 -3.60532 0.109239
-0.814343 -2.85635 -1.34086
-0.804936 -0.228138 -0.81917
3.10682 -2.42863 -5.69161
1.89445 -0.122932 0.736647
0.774054 1.10566 -1.69179
-0.308927 -0.405129 0.126405
-2.63422 2.91556 0.363628
-0.0627728 0.440308 -0.0566718
0.742903 -3.9139 -0.360039
-0.929292 -4.51843 -4.8195
3.32788 2.23218 -0.603318
-2.53634 0.762702 1.79373
-1.03862 0.758888 1.56783
1.81488 -1.69509 1.30526
1.20043 1.10672 0.46624
3.72773 4.41365 3.09811
-1.27033 0.940163 0.782114
3.09218 -1.80526 -4.04264
