-5.80504 -0.19674 -3.60371
-3.64217 0.411667 1.11355
-1.42123 -1.34041 0.0803389
2.25561 2.19297 0.0702181
-0.969427 -2.29395 -0.921838
2.29694 -0.474937 -3.73366
0.219757 0.181489 0.285409
2.61461 -1.16843 4.37427
1.01874 4.59955 -4.8516
2.65888 2.75252 -1.12096
-1.91266 1.19215 2.06514
0.925566 1.68596 1.34294
-0.281589 4.54871 -0.880946
-5.74048 -1.43008 0.619121
0.535407 -2.41769 -4.73334
0.263107 0.597263 -1.55627
0.0683237 -2.20134 1.8566
-0.0586818 -0.239521 -1.43704
-1.56807 0.465149 -0.815006
-0.919567 3.49486 2.42248
-2.12894 0.41794 0.750702
0.617111 2.30696 0.343706
0.548262 -3.16112 -1.98046
-0.00681441 1.4084 3.1328
1.30561 -3.94528 -0.344594
-1.18019 -3.05911 -4.49196
0.745894 2.5474 0.219702
-0.190323 -1.38707 2.47487
1.09374 1.33327 4.89328
-3.37316 5.97562 -0.575876
-3.15486 -3.11845 -1.77198
8.97636 -1.92626 -3.1159
-2.21094 -1.41936 0.970936
1.78805 -0.04782 -1.98883
-1.08119 -0.513788 5.63321
-1.91589 1.64137 -2.1258
-0.512355 -2.45289 -0.0584764
-1.04117 0.333906 -2.73395
-3.58376 0.673103 3.49037
3.90471 2.07037 6.89942
-2.27274 -1.1556 -3.65365
0.237442 -2.45822 2.60294
-0.891628 0.60391 3.04892
-1.33031 -5.09568 -4.79963
-2.6979 -4.01964 -1.15351
-0.919123 1.37412 -3.70738
-3.30098 1.58875 0.471066
3.14646 -0.869611 0.462621
3.12833 4.11344 -0.581702
0.907495 -0.281214 3.12092
2.88059 1.57758 -2.05645
-2.67746 0.139269 -0.27531
-2.30688 1.52811 1.38863
4.98216 -0.27518 0.360203
2.25068 2.60884 1.21582
0.368434 0.00585457 2.19769
-0.257485 1.6482 0.207436
0.325707 -6.27677 -5.14747
-4.01057 -2.09543 2.16107
-1.29961 -2.38155 -0.338067
-0.726626 -0.547152 2.54809
-4.67151 0.267692 3.00069
2.11137 0.0220511 1.5093
1.98964 -1.71894 -0.156471
1.91755 -3.23717 3.93233
3.85814 2.72373 1.3855
0.888625 -5.07869 -4.85401
-2.7107 -4.34786 -0.77638
-2.27403 2.28455 -3.35048
3.4774 -0.091562 -3.11132
-2.48054 5.35096 0.185978
1.28457 3.31352 -1.22598
-4.96157 6.5482 1.81988
-2.21788 -3.18149 0.822942
1.19259 5.86516 3.72018
3.25823 0.967626 0.0694709
0.722141 -2.92812 -3.00628
-2.43952 2.79578 0.823733
0.369383 -1.57323 1.25266
1.79553 -1.56282 -2.80225
0.216533 1.89869 -1.76573
0.529637 -3.6726 0.105954
-0.820678 -2.91227 -1.35636
-0.812197 -0.234214 -0.82788
3.37068 -2.46005 -5.5555
1.90693 -0.119402 0.746986
0.83065 1.10984 -1.86412
-0.31178 -0.405796 0.133314
-2.62598 2.7929 0.215482
-0.0689098 0.443419 -0.0560698
0.812559 -3.96148 -0.366832
-0.756432 -4.6571 -5.10276
3.30009 2.25496 -0.604291
-2.33532 0.93279 1.83214
-1.04769 0.766013 1.592
1.83384 -1.71985 1.3212
1.15053 1.08784 0.404979
3.69555 4.34294 2.99659
-1.35767 0.946802 0.785805
3.1139 -1.81643 -3.99862
