-5.79352 -0.174874 -3.62546
-3.78028 0.229862 1.1267
-1.37892 -1.35216 0.0782388
2.35098 2.27781 0.0705463
-1.05926 -2.31598 -1.05401
2.30924 -0.464077 -3.46754
0.218445 0.229357 0.290445
2.66911 -1.29613 4.50412
0.572908 4.838 -4.94831
2.71933 2.86114 -1.14197
-1.82317 1.22291 2.12253
0.981177 1.71129 1.28673
-0.283669 4.62388 -0.888869
-5.93819 -1.4489 0.77677
0.453019 -2.29938 -4.65909
0.260987 0.593937 -1.5714
0.0644546 -2.222 1.73651
-0.0318777 -0.242491 -1.44982
-1.52179 0.472304 -0.812665
-0.901746 3.57606 2.48412
-2.08748 0.259581 0.761155
0.621242 2.33723 0.35533
0.473542 -3.24687 -2.00454
-0.0107463 1.42409 3.07526
1.22029 -4.08915 -0.347597
-1.2388 -3.14505 -4.21334
0.754983 2.48699 0.46428
-0.183292 -1.45421 2.5309
1.05052 1.34181 4.84194
-3.21065 6.1588 -0.481215
-3.19265 -2.90499 -1.80344
8.51477 -2.08633 -3.00111
-2.2612 -1.51478 0.984051
1.80286 -0.0607985 -2.02334
-1.03426 -0.508743 5.4367
-1.88344 1.64642 -2.08008
-0.519226 -2.41652 -0.0556577
-1.05329 0.330067 -2.82765
-3.42587 0.649339 3.50639
3.94305 2.07802 6.82184
-2.30248 -1.17321 -3.60776
-0.320232 -2.47265 2.68106
-0.899481 0.697999 3.0132
-1.21308 -5.28002 -4.86566
-2.6403 -4.32756 -1.14135
-0.94886 1.24285 -3.84556
-3.38543 1.60975 0.430276
3.11157 -0.880472 0.46492
3.01108 4.18725 -0.577614
0.91069 -0.282279 3.16114
2.93907 1.78452 -2.16299
-2.70977 0.140237 -0.276502
-2.32669 1.55161 1.36568
5.10634 -0.421034 0.372151
2.28166 2.65026 1.12427
0.366599 0.0074703 2.25205
-0.260661 1.66231 0.215473
-0.879741 -6.0007 -5.13111
-3.98628 -2.10623 2.26534
-1.31199 -2.42663 -0.340762
-0.730863 -0.542452 2.59066
-3.95133 0.619583 2.93805
2.1336 -0.0853172 1.59752
2.00804 -1.74136 -0.161999
1.94625 -3.10984 3.82865
3.74186 2.49126 1.24785
0.87392 -5.22314 -4.71385
-2.75431 -4.11303 -0.57679
-2.31293 2.3324 -3.39468
3.52596 -0.0974918 -3.18059
-3.04644 5.24501 0.0984526
1.18289 3.41361 -1.23598
-4.82248 6.4872 2.02662
-2.26081 -3.24983 0.93343
1.16762 6.01816 3.56798
3.30322 0.979484 0.073262
0.731436 -2.81494 -3.05276
-2.40558 2.84718 0.822217
0.369096 -1.58996 1.26454
1.93777 -1.56983 -2.51023
0.211333 1.91978 -1.77885
0.530764 -3.74116 0.102735
-0.826977 -2.96926 -1.3719
-0.819453 -0.240103 -0.836649
3.69325 -2.48961 -5.42199
1.91978 -0.11572 0.757294
0.88733 1.11438 -2.03105
-0.314469 -0.406268 0.140232
-2.61655 2.67228 0.0676683
-0.075039 0.446696 -0.0554601
0.884192 -4.01014 -0.37428
-0.575064 -4.79312 -5.37453
3.27259 2.27934 -0.605261
-1.72959 1.1107 1.87091
-1.05684 0.773306 1.6163
1.8549 -1.74543 1.33759
1.10162 1.06911 0.343243
3.73358 4.37052 2.78905
-1.44698 0.953866 0.789356
3.13743 -1.82703 -3.95566
