-5.78161 -0.151323 -3.64652
-3.92396 0.049195 1.1394
-1.33547 -1.36341 0.0762222
2.35006 2.36699 0.070661
-1.14958 -2.33633 -1.19137
2.32343 -0.452924 -3.21646
0.217424 0.277925 0.295402
2.72443 -1.4321 4.63446
0.159006 5.18131 -5.06142
2.78653 2.72946 -1.166
-1.73192 1.25501 2.18068
1.03738 1.73693 1.23154
-0.284932 4.70315 -0.896617
-6.16168 -1.46582 0.943339
0.371699 -2.17986 -4.58961
0.25887 0.590123 -1.58643
0.0610589 -2.24294 1.61982
-0.00483972 -0.24523 -1.46182
-1.47558 0.479819 -0.809871
-0.883359 3.66212 2.5456
-2.04408 0.100053 0.770487
0.625979 2.36842 0.366716
0.399299 -3.31803 -2.03179
-0.0146476 1.44011 3.01856
1.14347 -4.24085 -0.350818
-1.34986 -3.30756 -3.96812
0.764393 2.4267 0.705304
-0.17605 -1.52197 2.58991
1.00762 1.35166 4.79207
-3.04846 6.35941 -0.389118
-3.2175 -2.67406 -1.84243
8.08014 -2.2463 -2.89896
-2.30992 -1.61067 0.996895
1.81853 -0.073295 -2.05575
-0.988921 -0.503743 5.25821
-1.851 1.65179 -2.03527
-0.525535 -2.38037 -0.0529215
-1.06546 0.326763 -2.92354
-3.26766 0.626225 3.52276
3.98481 2.08699 6.75696
-2.33129 -1.18879 -3.56291
-0.958995 -2.48525 2.75128
-0.906933 0.789372 2.97821
-1.09299 -5.00742 -4.93925
-2.58106 -4.43812 -1.12716
-0.980637 1.11983 -3.98731
-3.47148 1.63312 0.389025
3.07792 -0.890672 0.467164
2.91641 4.27114 -0.573293
0.913964 -0.283355 3.21136
2.99788 1.93649 -2.28395
-2.74199 0.14118 -0.27757
-2.34706 1.57648 1.34402
5.24419 -0.5721 0.384153
2.31375 2.6916 1.02979
0.364928 0.00908828 2.30827
-0.263575 1.67672 0.22353
-1.81078 -5.73603 -5.11777
-3.96114 -2.11679 2.21009
-1.32356 -2.47233 -0.343409
-0.735541 -0.538493 2.63454
-3.30487 1.08426 2.86511
2.15603 -0.194466 1.68934
2.02833 -1.76212 -0.167513
1.97927 -3.00419 3.72871
3.63364 2.33313 1.09194
0.858959 -5.37218 -4.58177
-2.7974 -3.87876 -0.379634
-2.3529 2.38446 -3.44242
3.57607 -0.102934 -3.24532
-3.57183 4.53197 -0.013824
1.07996 3.52426 -1.24324
-4.69192 6.42839 2.17774
-2.30384 -3.31514 1.04786
1.13862 6.17393 3.41334
3.35192 0.992157 0.077059
0.742029 -2.70395 -3.10137
-2.36277 2.90131 0.820214
0.36911 -1.60687 1.2772
2.08586 -1.57539 -2.17317
0.205824 1.94109 -1.79206
0.532734 -3.81115 0.0996731
-0.832799 -3.02751 -1.38764
-0.826532 -0.245804 -0.845344
4.08465 -2.51834 -5.28896
1.93296 -0.111892 0.76888
0.943706 1.11941 -2.18731
-0.316888 -0.406543 0.147373
-2.60577 2.55364 -0.079773
-0.0809116 0.450139 -0.05481
0.964566 -4.06015 -0.382781
-0.391091 -4.92573 -5.40096
3.24711 2.30534 -0.606426
-1.26137 1.29475 1.90784
-1.0658 0.780768 1.64083
1.87635 -1.77192 1.35467
1.05403 1.05061 0.2813
3.85512 4.52235 2.634
-1.53703 0.961351 0.792846
3.16189 -1.83718 -3.90492
