-0.929616 -1.49095 -0.289184
-0.0947051 -0.661378 0.101588
0.857854 -0.157483 0.0390064
-0.437924 -0.466685 -0.0232285
-1.51968 -0.206996 -1.22756
0.287879 -0.00167583 0.734623
0.0369528 -0.616903 0.0420027
0.131624 0.708154 0.335911
-0.901704 0.259012 -0.335748
0.222803 0.774628 -0.0777791
0.545654 0.0304078 0.11224
-0.86602 0.114261 0.473903
-0.0095969 0.325671 -0.10438
-0.309908 -0.144629 -0.616651
0.537553 0.497782 -0.910586
0.0467818 0.096744 -0.174845
0.004738 -0.273727 -0.578339
-0.574963 -0.0212374 -0.0949076
2.04553 0.0887422 -0.186436
-1.4258 0.293544 0.161242
-0.327596 -0.592018 0.107774
0.0611404 0.23499 -0.05397
0.428922 -0.225908 -0.188032
0.0617196 0.095726 0.517346
0.567019 -0.275753 -0.00520931
-0.121529 -0.360941 -0.346629
0.0268629 0.320241 -1.72512
-0.0202616 0.782032 0.138805
0.901887 0.0143078 0.351318
-0.36112 0.142584 -0.998187
-0.130316 1.44792 -0.138908
0.345822 0.910316 -0.674447
-0.150351 0.949571 0.0733688
0.120884 0.070432 -0.174081
-0.418555 0.0382344 0.249429
1.71294 0.160484 -0.495288
-0.0554853 -0.346196 -0.0019738
-0.0685178 -0.138393 2.33536
-0.42987 -0.246586 0.102925
0.391881 -0.149118 0.455823
-0.349653 0.00165699 -0.551571
2.82079 -0.216874 -1.2104
-0.0556321 -0.474362 0.308143
-0.56432 -1.53919 -0.240344
-0.226161 1.81544 -0.424475
-0.103409 0.291567 0.781366
-0.199608 0.179851 0.477466
0.752337 -0.0889964 0.0767115
0.339324 0.416481 -0.0743135
0.115542 -0.120294 0.272681
0.229507 0.623013 0.633137
-0.414151 -0.0161544 -0.0605862
-0.37348 0.119205 0.92186
0.395195 0.32245 -0.0938628
0.184759 0.111412 0.748993
0.0478965 -0.000557653 -1.36385
-0.037653 0.182381 -0.0343195
1.0615 0.588723 0.837311
-0.495358 -0.0915134 1.16868
-0.162889 -0.246364 -0.045892
-0.0866813 -0.166193 0.215129
-0.262284 0.76676 -0.481346
-0.017841 0.570839 0.923037
0.193925 -0.21136 0.0181737
0.162764 -0.457581 0.339077
0.360826 -0.743686 -0.700213
0.12501 -0.407419 -0.340741
-0.210081 1.07301 0.947783
-0.135979 0.135984 -0.262546
0.299618 -0.00260404 -0.237677
-1.94309 -0.640929 1.1173
0.538786 -1.04737 -0.0669919
-0.28583 0.300178 -0.40337
-0.155256 -0.267575 -0.400043
0.159572 0.382979 0.501028
0.30008 0.0814919 -0.0278621
0.0842143 -0.763712 -0.144404
-0.433079 0.23299 0.316984
0.0542757 -0.20129 0.12279
-0.61183 -0.267032 0.560971
0.0393653 0.130397 -0.176726
0.0860441 -0.340265 0.0594388
-0.108635 -0.305076 -0.101154
-0.109666 -0.0255248 -0.0518303
-0.953633 -0.197776 -0.354212
0.230768 -0.0700974 0.0388774
1.19216 -0.0543167 0.961606
-0.0469537 -0.10102 -0.0709668
0.00606122 0.73291 -0.956806
0.17639 0.0463551 0.0162852
-0.596061 -0.117555 0.0558608
1.40114 -0.247872 0.842507
0.957107 -0.039753 -0.181985
-0.443274 -0.287189 0.136756
-0.148191 0.0714937 0.0974554
0.204123 -0.182047 0.102877
-2.97202 0.0845664 -2.00632
2.18568 0.514393 0.17439
-1.8789 0.0754756 0.0543298
0.527821 -0.0624342 -0.571261
