-5.76936 -0.127382 -3.66771
-4.07535 -0.1314 1.1512
-1.2908 -1.37509 0.0739947
2.25224 2.45803 0.0704288
-1.24057 -2.3576 -1.33621
2.33945 -0.442475 -2.99156
0.216691 0.326044 0.300187
2.78087 -1.59337 4.76472
-0.226524 5.53487 -5.19327
2.86059 2.60022 -1.19253
-1.63885 1.28693 2.23762
1.0943 1.7614 1.17466
-0.285377 4.78565 -0.904277
-6.42288 -1.48231 1.11621
0.291296 -2.06155 -4.52509
0.256794 0.585454 -1.60167
0.0581633 -2.26663 1.50619
0.0224416 -0.248148 -1.47449
-1.42941 0.486928 -0.807732
-0.864311 3.74522 2.60656
-1.9985 -0.063386 0.778395
0.631333 2.39876 0.377659
0.325295 -3.39259 -2.06244
-0.0185306 1.45551 2.96204
1.07552 -4.40759 -0.35451
-1.45633 -3.4701 -3.83077
0.774074 2.3525 0.942311
-0.168701 -1.59412 2.65214
0.964941 1.3618 4.74199
-2.88694 6.57538 -0.300669
-3.22591 -2.43369 -1.89274
7.66734 -2.41004 -2.81123
-2.3572 -1.7084 1.00907
1.83508 -0.0865485 -2.08799
-0.94506 -0.499526 5.06383
-1.81854 1.65676 -1.99441
-0.531277 -2.34489 -0.0503567
-1.07768 0.32337 -3.02254
-3.1093 0.601778 3.53749
4.0302 2.09581 6.69664
-2.35926 -1.20356 -3.51971
-1.71833 -2.49858 2.80234
-0.914004 0.876899 2.94374
-0.969746 -4.74679 -5.02169
-2.5203 -4.55315 -1.11241
-1.01451 1.00118 -4.13347
-3.55921 1.65626 0.345797
3.04545 -0.900811 0.46897
2.84415 4.36115 -0.568872
0.917324 -0.285051 3.27105
3.05753 2.08879 -2.42067
-2.77413 0.141817 -0.278803
-2.36804 1.60114 1.32206
5.39764 -0.730291 0.39567
2.34707 2.73004 0.931488
0.363435 0.0102976 2.36588
-0.266228 1.69076 0.231466
-2.56346 -5.48402 -5.10742
-3.93522 -2.12829 1.99497
-1.33431 -2.51966 -0.346203
-0.740631 -0.535642 2.67939
-2.7084 1.52299 2.78142
2.17753 -0.527859 1.78506
2.05059 -1.78354 -0.173331
2.01496 -2.91542 3.63131
3.53212 2.17524 0.916301
0.84488 -5.20184 -4.45837
-2.84013 -3.64926 -0.184981
-2.3941 2.43702 -3.49496
3.62776 -0.108549 -3.32403
-4.081 3.84775 -0.152639
0.972816 3.6376 -1.24551
-4.56701 6.36848 2.28256
-2.3471 -3.38171 1.16714
1.10814 6.3179 3.2562
3.40457 1.00488 0.0804335
0.75407 -2.59946 -3.153
-2.31145 2.95639 0.817522
0.369455 -1.6257 1.2903
2.24141 -1.58096 -1.85421
0.199985 1.96145 -1.80557
0.535571 -3.88457 0.0965135
-0.838147 -3.08848 -1.40378
-0.833434 -0.251756 -0.854314
4.58122 -2.55072 -5.16241
1.9465 -0.108323 0.780325
0.999788 1.12447 -2.18461
-0.319042 -0.407039 0.154476
-2.59366 2.43227 -0.226994
-0.0865365 0.453464 -0.0542759
1.05435 -4.11297 -0.392677
-0.204504 -5.06618 -5.18936
3.22361 2.33154 -0.608162
-0.879428 1.48279 1.94251
-1.07459 0.787953 1.66523
1.89833 -1.8015 1.37186
1.00775 1.03149 0.216675
3.97106 4.67187 2.64767
-1.62813 0.96856 0.795791
3.18746 -1.84929 -3.84934
