-5.75732 -0.102555 -3.68962
-4.2409 -0.308585 1.16318
-1.24644 -1.38551 0.0715165
2.15441 2.45198 0.0699678
-1.33271 -2.37961 -1.48578
2.35703 -0.432566 -2.79534
0.215892 0.37409 0.304851
2.83821 -1.78014 4.90466
-0.589807 5.90386 -5.33661
2.93829 2.47657 -1.21953
-1.54498 1.31964 2.29371
1.15175 1.78495 1.11593
-0.285728 4.87239 -0.911756
-6.74353 -1.49665 1.29992
0.21077 -1.94313 -4.46304
0.25471 0.579992 -1.61749
0.055687 -2.2929 1.39523
0.0497494 -0.251016 -1.48856
-1.38379 0.494172 -0.806754
-0.844988 3.82516 2.66831
-1.95335 -0.229139 0.785722
0.636778 2.4287 0.388327
0.250415 -3.47031 -2.09305
-0.0225627 1.47051 2.90513
1.00809 -4.58312 -0.358122
-1.52657 -3.58411 -3.7493
0.783696 2.2663 1.17439
-0.161556 -1.67026 2.71794
0.922141 1.37264 4.69171
-2.72875 6.81158 -0.21222
-3.21842 -2.17846 -1.95868
7.27028 -2.57516 -2.72437
-2.40583 -1.80513 1.02123
1.85197 -0.0999823 -2.12281
-0.902724 -0.495857 4.85167
-1.7864 1.66173 -1.95811
-0.536987 -2.30948 -0.0479243
-1.09011 0.320069 -3.12546
-2.95266 0.577712 3.55034
4.07878 2.10528 6.63775
-2.38681 -1.21738 -3.47797
-2.67379 -2.51125 2.82935
-0.920911 0.961212 2.90997
-0.844336 -4.49651 -5.10555
-2.46382 -4.66792 -1.09779
-1.0507 0.886486 -4.28435
-3.64913 1.67964 0.30102
3.01353 -0.910325 0.470323
2.7724 4.48073 -0.563936
0.920663 -0.287208 3.33145
3.11835 2.24357 -2.5672
-2.80652 0.142481 -0.280259
-2.3901 1.62593 1.29966
5.56351 -0.889557 0.407801
2.38149 2.76582 0.830598
0.362055 0.0111812 2.42363
-0.268852 1.70465 0.239251
-3.19591 -5.238 -5.09758
-3.90872 -2.1406 1.78325
-1.34515 -2.56779 -0.349075
-0.746202 -0.533716 2.7251
-2.14364 1.95381 2.70013
2.19732 -1.05942 1.88622
2.07329 -1.80396 -0.17951
2.05082 -2.8418 3.538
3.43582 2.01699 0.733128
0.831947 -4.73715 -4.3426
-2.8833 -3.42318 0.00967162
-2.43711 2.49047 -3.55169
3.68088 -0.114093 -3.42224
-4.59314 3.17086 -0.297826
0.851401 3.76157 -1.23764
-4.44565 6.30837 2.38919
-2.39097 -3.44958 1.29722
1.07887 6.45165 3.09876
3.46007 1.01902 0.0833895
0.766972 -2.50075 -3.20739
-2.26098 3.02063 0.814368
0.369795 -1.64613 1.30328
2.40604 -1.58602 -1.61125
0.193569 1.98115 -1.8193
0.538437 -3.96076 0.0931739
-0.843526 -3.15188 -1.42022
-0.840372 -0.257742 -0.863704
5.2506 -2.58954 -5.04498
1.96019 -0.104793 0.790313
1.05547 1.12973 -2.03437
-0.321136 -0.407558 0.161345
-2.58045 2.30862 -0.374011
-0.0921464 0.456894 -0.053889
1.14743 -4.16083 -0.403646
-0.0152642 -5.21511 -4.97841
3.20062 2.35942 -0.610301
-0.557202 1.67669 1.97679
-1.08339 0.795042 1.68941
1.92045 -1.83373 1.38894
0.962468 1.01222 0.149065
4.03126 4.74336 2.74919
-1.72163 0.976497 0.798072
3.21362 -1.86275 -3.79814
