-5.72409 -0.0181614 -3.75516
-4.87172 -0.84009 1.20009
-1.11491 -1.41285 0.0640335
1.85859 2.14326 0.0673588
-1.61921 -2.44974 -1.95458
2.41799 -0.402894 -2.2903
0.213168 0.523011 0.317111
3.0197 -2.4156 5.41137
-1.60512 7.15219 -5.85711
3.18791 2.13066 -1.29391
-1.25802 1.42515 2.46858
1.32952 1.85332 0.944208
-0.286253 5.16146 -0.935032
-8.71885 -1.49405 1.97556
-0.0329816 -1.58374 -4.29245
0.249119 0.559733 -1.66729
0.0507905 -2.37359 1.03386
0.131896 -0.259195 -1.53086
-1.24984 0.516303 -0.804502
-0.784073 4.09468 2.85977
-1.81873 -0.751375 0.804766
0.653844 2.52381 0.418824
0.01636 -3.73015 -2.18586
-0.0353927 1.51841 2.73132
0.808582 -5.24816 -0.367513
-1.64064 -3.78921 -3.58541
0.812227 2.02634 1.83131
-0.141978 -1.89872 2.91346
0.791841 1.41146 4.54708
-2.27386 7.68421 0.0551081
-3.07479 -1.39315 -2.33923
6.14212 -3.07636 -2.46218
-2.56217 -2.09545 1.0552
1.90506 -0.13978 -2.23241
-0.783248 -0.48576 4.31263
-1.69143 1.67897 -1.85696
-0.553989 -2.20334 -0.0420141
-1.1287 0.312966 -3.45991
-2.4883 0.507174 3.5881
4.24422 2.14242 6.49243
-2.46826 -1.25241 -3.3615
-10.6872 -2.4539 2.78384
-0.940886 1.20258 2.78472
-0.447626 -3.76544 -5.38887
-2.30805 -5.02608 -1.06674
-1.17227 0.572531 -3.62014
-3.9339 1.75353 0.163689
2.92076 -0.936378 0.473249
2.55937 4.98744 -0.545292
0.930717 -0.292998 3.52754
3.3169 2.78405 -3.07546
-2.90544 0.144311 -0.284543
-2.46266 1.70076 1.23573
6.1792 -1.38164 0.4475
2.49266 2.88358 0.513002
0.358656 0.0137319 2.60017
-0.276612 1.74787 0.261358
-4.65359 -4.53349 -5.06831
-3.8253 -2.17804 1.1831
-1.37844 -2.71943 -0.358525
-0.765555 -0.531436 2.86904
-0.4546 3.36725 2.47066
2.24885 -2.41897 2.22133
2.14435 -1.86249 -0.198785
2.14357 -2.63973 3.27772
3.17007 1.53772 0.100534
0.799021 -3.61286 -4.03794
-3.01701 -2.7543 0.559973
-2.57808 2.65649 -3.74595
3.84937 -0.129104 -3.7305
-6.32828 0.976917 -0.769169
0.377728 4.25412 -1.08674
-4.07585 6.14152 2.72436
-2.52762 -3.66396 1.77756
1.01942 6.9244 2.62473
3.6471 1.0681 0.0922578
0.81247 -2.20932 -3.39391
-2.11235 3.24437 0.803002
0.371135 -1.70889 1.34126
2.98331 -1.5919 -0.949168
0.171041 2.04351 -1.8632
0.547417 -4.20355 0.0810799
-0.860066 -3.35775 -1.47686
-0.861455 -0.275409 -0.893659
11.56 -2.84366 -4.71492
2.0025 -0.0935626 0.819536
1.22032 1.14762 -1.61845
-0.327131 -0.408363 0.181233
-2.53608 1.95161 -1.44941
-0.108952 0.467875 -0.0530414
1.44899 -4.29352 -0.441463
0.578601 -5.71974 -4.33179
3.13441 2.45066 -0.618858
0.205794 2.29837 2.0798
-1.11 0.817108 1.76208
1.98939 -1.93757 1.44246
0.832237 0.956126 -0.0586068
4.06738 4.75346 3.08363
-2.02019 1.00251 0.803096
3.29756 -1.9019 -3.65774
