-5.71482 0.0145364 -3.77734
-5.15698 -1.02617 1.21267
-1.07151 -1.42189 0.0614414
1.75854 2.04246 0.0659213
-1.71837 -2.47366 -2.11809
2.44049 -0.392304 -2.14442
0.212198 0.57612 0.319942
3.08576 -2.62391 5.62369
-1.93952 7.64256 -6.07402
3.27528 2.02148 -1.31555
-1.16055 1.46352 2.52911
1.39151 1.87694 0.888186
-0.286215 5.16274 -0.94402
-11.0568 -1.46134 2.23247
-0.115189 -1.46115 -4.2413
0.247749 0.552117 -1.68495
0.0499855 -2.40033 0.872762
0.15935 -0.261716 -1.54518
-1.20605 0.523834 -0.804172
-0.762169 4.20216 2.92541
-1.7734 -0.938812 0.809812
0.659867 2.55796 0.427966
-0.0669406 -3.82715 -2.2185
-0.0397713 1.53673 2.67075
0.743136 -5.56294 -0.370444
-1.66706 -3.84154 -3.55417
0.821726 1.95411 2.02956
-0.136207 -1.97343 2.96224
0.747348 1.42749 4.49996
-2.1267 8.04305 0.144303
-3.01694 -1.16965 -2.53722
5.78566 -3.24614 -2.37479
-2.61848 -2.1935 1.06443
1.92361 -0.152185 -2.27144
-0.745623 -0.481998 4.15958
-1.66021 1.68595 -1.82571
-0.559628 -2.16033 -0.0408343
-1.14205 0.312084 -3.58216
-2.33302 0.483537 3.60027
4.30581 2.15917 6.45122
-2.49548 -1.26217 -3.32692
-8.43444 -2.34052 2.78819
-0.947337 1.28186 2.72901
-0.304786 -3.27153 -5.50588
-2.25713 -5.15033 -1.06306
-1.21667 0.477051 -3.2405
-4.03465 1.78105 0.116247
2.89072 -0.944128 0.473617
2.48863 5.20973 -0.537677
0.934037 -0.294132 3.59854
3.39209 2.64662 -3.27623
-2.93907 0.144923 -0.286041
-2.48884 1.72629 1.21449
6.45286 -1.55308 0.460271
2.53291 2.94074 0.400836
0.357768 0.0148185 2.65976
-0.279177 1.76373 0.267824
-5.04804 -4.31033 -5.0588
-3.79651 -2.18965 0.985387
-1.38988 -2.76394 -0.362462
-0.772842 -0.531515 2.91935
0.190825 3.9764 2.39945
2.2645 -2.81137 2.34272
2.1691 -1.88187 -0.205678
2.16806 -2.5431 3.1958
3.08747 1.37871 -0.15797
0.789481 -3.30115 -3.95078
-3.06329 -2.531 0.727954
-2.62931 2.71506 -3.82007
3.90815 -0.133115 -3.83922
-7.06477 0.108696 -0.939124
0.206315 4.50481 -0.988371
-3.93664 6.09392 2.84007
-2.57475 -3.73962 1.9823
1.01077 7.12947 2.46299
3.71766 1.08592 0.0951887
0.830267 -2.10746 -3.46814
-2.06289 3.32206 0.798402
0.371808 -1.72971 1.35248
3.20082 -1.58852 -0.741692
0.16259 2.06774 -1.88019
0.550635 -4.28555 0.075388
-0.86576 -3.41971 -1.50021
-0.86861 -0.280711 -0.904639
11.8353 -3.03098 -4.64172
2.01693 -0.0895158 0.828904
1.27377 1.15446 -1.48939
-0.329076 -0.408042 0.187309
-2.52026 1.83906 -1.64716
-0.114574 0.472079 -0.0529968
1.55818 -4.34167 -0.455527
0.79339 -5.90106 -4.10457
3.11319 2.48646 -0.623042
0.424578 2.52229 2.11486
-1.119 0.824962 1.786
2.01428 -1.97423 1.46085
0.790353 0.939133 -0.12992
4.0639 4.73531 3.16957
-2.12721 1.01132 0.803976
3.32761 -1.91397 -3.61621
