-5.70638 0.0490626 -3.79935
-5.51088 -1.22121 1.22616
-1.02779 -1.43163 0.0588193
1.65768 1.94045 0.0641911
-1.81476 -2.49772 -2.28443
2.46712 -0.381236 -2.00743
0.211285 0.631609 0.322102
3.15642 -2.80777 5.87136
-2.28427 8.18454 -6.32303
3.36513 1.84096 -1.33577
-1.06129 1.50409 2.59096
1.45683 1.90113 0.832721
-0.285819 5.06245 -0.953666
-15.9364 -1.4184 2.51747
-0.197663 -1.33618 -4.19256
0.247046 0.544185 -1.70319
0.0497535 -2.42686 0.681571
0.190709 -0.264283 -1.55965
-1.16079 0.531071 -0.804083
-0.73895 4.32323 2.99211
-1.72728 -1.13423 0.814213
0.666216 2.59348 0.436551
-0.15408 -3.93162 -2.2525
-0.0436627 1.55662 2.60834
0.679107 -5.96815 -0.373376
-1.6907 -3.89087 -3.53274
0.831925 1.88593 2.2167
-0.130692 -2.04695 2.99857
0.703372 1.44532 4.45313
-1.97954 8.44227 0.233596
-2.99014 -0.975961 -2.74087
5.44256 -3.41764 -2.287
-2.67681 -2.292 1.07274
1.94687 -0.164654 -2.31194
-0.69919 -0.477984 4.01722
-1.62833 1.69375 -1.79557
-0.565178 -2.11026 -0.0400474
-1.15476 0.312104 -3.71065
-2.17516 0.459895 3.61267
4.37413 2.17753 6.41259
-2.52191 -1.27101 -3.2942
2.69672 -2.27987 2.7978
-0.953527 1.3618 2.66784
-0.154063 -2.54406 -5.64035
-2.20522 -5.04972 -1.06261
-1.2625 0.385614 -3.10094
-4.13791 1.81041 0.0678529
2.86167 -0.951318 0.473693
2.4178 5.48397 -0.528859
0.938324 -0.294725 3.67295
3.47446 2.17769 -3.50124
-2.97256 0.145503 -0.287576
-2.51409 1.75207 1.19328
6.79268 -1.72657 0.471643
2.57539 3.01374 0.284924
0.357409 0.0160598 2.71974
-0.281631 1.78061 0.273816
-5.41373 -4.09198 -5.04933
-3.76351 -2.20065 0.784884
-1.40116 -2.80023 -0.366762
-0.780043 -0.53192 2.97139
0.957092 4.73621 2.33293
2.28013 -3.17977 2.46954
2.19504 -1.90475 -0.212826
2.19033 -2.42225 3.11631
3.00787 1.22152 -0.455744
0.780601 -3.0108 -3.87021
-3.10995 -2.30589 0.892902
-2.68202 2.7757 -3.89898
3.86054 -0.136607 -3.95149
-7.97283 -0.912634 -1.11751
0.0571765 4.81598 -0.890292
-3.7888 6.05096 2.95827
-2.62194 -3.8181 2.22302
1.00758 7.36602 2.29822
3.79338 1.10417 0.0981667
0.849846 -2.00364 -3.54923
-2.01291 3.39972 0.793378
0.372897 -1.75032 1.36286
3.45534 -1.58168 -0.537156
0.15396 2.09396 -1.89863
0.554221 -4.36717 0.0687886
-0.87124 -3.47164 -1.52575
-0.875286 -0.285564 -0.916118
8.47438 -3.19496 -4.59487
2.03208 -0.085319 0.838104
1.34638 1.16169 -1.36408
-0.330765 -0.407336 0.193126
-2.50374 1.73027 -1.44943
-0.119979 0.476674 -0.0530818
1.67271 -4.39269 -0.470023
1.02382 -6.08793 -3.86512
3.09275 2.5265 -0.627918
0.63736 2.75793 2.15087
-1.12776 0.833174 1.80979
2.04071 -2.01175 1.47958
0.75157 0.923382 -0.20222
4.05846 4.71439 3.24257
-2.23845 1.01983 0.80444
3.3597 -1.92541 -3.57736
