-5.69995 0.0826839 -3.81433
-5.81048 -1.43074 1.24255
-0.983025 -1.44256 0.0566151
1.55956 1.83657 0.0624954
-1.92779 -2.52359 -2.45201
2.49651 -0.370519 -1.87585
0.210478 0.687679 0.324941
3.22363 -3.00246 6.17484
-2.75655 8.77344 -6.61355
3.45162 1.59863 -1.35378
-0.960139 1.54542 2.65535
1.52447 1.92418 0.778758
-0.285254 4.96446 -0.962079
-18.811 -1.38473 2.82668
-0.278638 -1.20986 -4.14468
0.246861 0.53556 -1.71805
0.0497473 -2.45443 0.506904
0.225164 -0.267234 -1.57357
-1.11458 0.537412 -0.803288
-0.714948 4.45502 3.06222
-1.66997 -1.33884 0.819109
0.673099 2.62941 0.445902
-0.28277 -4.04801 -2.28741
-0.0472454 1.57717 2.54916
0.615995 -6.5269 -0.376116
-1.7125 -3.93929 -3.5093
0.840975 1.81744 2.20898
-0.125691 -2.12048 3.04122
0.658912 1.46417 4.40758
-1.81809 8.87764 0.325266
-3.01138 -0.798373 -2.92234
5.12743 -3.5952 -2.19649
-2.73177 -2.39337 1.0821
1.97298 -0.178487 -2.35015
-0.645515 -0.474365 3.8859
-1.59616 1.70173 -1.76549
-0.570533 -2.06169 -0.0390555
-1.16741 0.312479 -3.82852
-2.02205 0.434633 3.62814
4.44721 2.19554 6.37782
-2.5486 -1.27969 -3.25828
9.75234 -2.29288 2.78041
-0.960166 1.44109 2.60992
-0.0176302 -1.84171 -5.79165
-2.15504 -4.74911 -1.06337
-1.31059 0.296381 -2.96136
-4.24643 1.84021 0.0191881
2.83349 -0.958788 0.474275
2.3456 5.85198 -0.517449
0.942481 -0.295335 3.76476
3.5513 1.72902 -3.75824
-3.00605 0.145743 -0.28886
-2.53935 1.77657 1.1745
6.75322 -1.90133 0.481064
2.61719 3.0901 0.166489
0.357194 0.0170631 2.71503
-0.283961 1.79744 0.28047
-5.73919 -3.87978 -5.03885
-3.73152 -2.2125 0.586001
-1.41227 -2.83756 -0.370046
-0.787548 -0.532958 3.03227
1.4996 5.72805 2.27626
2.29378 -3.54135 2.61071
2.2218 -1.93201 -0.219376
2.20744 -2.31306 3.04211
2.91442 1.06422 -0.808148
0.771393 -2.74366 -3.78946
-3.15993 -2.08016 1.06371
-2.73911 2.83691 -3.98135
3.70146 -0.140181 -4.06669
-8.18631 -2.22324 -1.30728
-0.0661042 5.18119 -0.812914
-3.67546 6.00799 3.08244
-2.67531 -3.90176 2.51535
1.00512 7.6044 2.13911
3.8753 1.12242 0.101662
0.869311 -1.9049 -3.63011
-1.95948 3.47676 0.788487
0.374064 -1.77182 1.37791
3.69397 -1.57298 -0.331199
0.144814 2.12005 -1.91591
0.558343 -4.45398 0.063676
-0.877201 -3.52615 -1.55013
-0.881795 -0.290696 -0.92603
6.23108 -3.30909 -4.54295
2.0473 -0.0813427 0.848745
1.43578 1.16885 -1.24083
-0.332342 -0.406814 0.200481
-2.48726 1.62347 -1.24058
-0.125276 0.481132 -0.0527788
1.86826 -4.44744 -0.484193
1.25711 -6.30246 -3.60495
3.07271 2.56674 -0.632339
0.871868 3.00623 2.18899
-1.1365 0.841383 1.83536
2.06758 -2.05182 1.50116
0.714735 0.908168 -0.272968
4.05158 4.69091 3.32736
-2.35446 1.0275 0.804902
3.39058 -1.93806 -3.53426
