-5.69685 0.150639 -3.8263
-6.27345 -1.9093 1.2926
-0.891364 -1.46185 0.053138
1.36401 1.65385 0.0589419
-2.15263 -2.5714 -2.79659
2.5575 -0.346371 -1.6274
0.208891 0.804338 0.332068
3.35655 -3.39366 7.07274
-4.04552 10.268 -7.40383
3.61948 1.22986 -1.38527
-0.760479 1.63755 2.79142
1.66638 1.97767 0.674321
-0.283694 4.78291 -0.976283
-16.8584 -1.39501 3.21897
-0.441445 -0.94514 -4.05158
0.247928 0.518377 -1.74073
0.0506934 -2.50883 0.187192
0.293031 -0.271805 -1.60039
-1.024 0.55204 -0.800428
-0.664286 4.77542 3.21254
-1.54377 -1.54918 0.830657
0.687376 2.7042 0.46621
-0.624208 -4.22523 -2.3615
-0.0526333 1.62536 2.43466
0.503807 -7.92015 -0.394339
-1.75097 -4.03355 -3.45948
0.85731 1.69251 1.81283
-0.116818 -2.26459 3.14026
0.566048 1.51045 4.3188
-1.46865 9.2867 0.514436
-3.16311 0.763559 -3.1907
4.58963 -3.95784 -2.00862
-2.83545 -2.5986 1.10306
2.02483 -0.201869 -2.42327
-0.54231 -0.464304 3.65042
-1.53283 1.72106 -1.706
-0.58099 -1.96557 -0.0367099
-1.19251 0.316719 -4.05227
-1.6761 0.38571 3.66843
4.59913 2.24368 6.31692
-2.59935 -1.29443 -3.18087
8.7326 -2.28041 3.08853
-0.973986 1.60389 2.50162
0.219457 -0.303729 -6.16491
-2.05929 -4.23467 -1.06798
-1.41108 0.128412 -2.68706
-4.48214 1.91463 -0.0798807
2.77957 -0.971524 0.476394
2.1859 6.71213 -0.47402
0.950349 -0.294141 3.98888
3.70143 0.926892 -4.46036
-3.07422 0.147115 -0.290893
-2.59178 1.8279 1.1428
5.84515 -2.23507 0.482681
2.70036 3.27875 -0.081079
0.356994 0.0197819 2.57721
-0.288538 1.83273 0.295101
-6.07182 -3.46792 -5.01567
-3.6716 -2.23338 0.179942
-1.43453 -2.90851 -0.374307
-0.802828 -0.535737 3.17637
2.01359 5.92317 2.20567
2.31728 -4.24583 2.93182
2.27653 -1.98127 -0.231371
2.23398 -2.0614 2.90773
2.71468 0.78054 -1.80894
0.752351 -2.25855 -3.6308
-3.26643 -1.61116 1.42363
-2.86587 2.97579 -4.15825
3.37989 -0.144066 -4.30838
-7.09256 -3.53334 -1.74464
-0.2558 4.94748 -0.747646
-3.47934 5.93064 3.35097
-2.79185 -4.0771 3.36323
1.00361 7.82127 1.83011
4.05463 1.16289 0.109982
0.908112 -1.68207 -3.79506
-1.85237 3.63385 0.778735
0.37738 -1.81523 1.41769
4.19905 -1.5471 0.0871735
0.125491 2.18036 -1.94846
0.567816 -4.63891 0.0562209
-0.890062 -3.63621 -1.59678
-0.895023 -0.299613 -0.942788
4.57197 -3.48411 -4.42474
2.0794 -0.0728058 0.872993
1.61742 1.18481 -0.999215
-0.334838 -0.404899 0.218288
-2.45408 1.42122 -0.79738
-0.135861 0.491151 -0.0513967
2.4149 -4.56393 -0.511259
1.81465 -6.83823 -2.9682
3.03277 2.6589 -0.640463
1.39846 3.60381 2.27274
-1.15401 0.85913 1.89043
2.1282 -2.13658 1.55117
0.642163 0.884146 -0.411718
4.03683 4.64354 3.52465
-2.60526 1.04427 0.805451
3.45935 -1.9624 -3.44213
