-5.70183 0.18502 -3.82807
-6.54486 -2.18775 1.33291
-0.84334 -1.46821 0.0515368
1.27491 1.59481 0.0568293
-2.25704 -2.58909 -2.97893
2.58888 -0.331842 -1.51108
0.207812 0.865718 0.335754
3.4245 -3.56909 7.81278
-4.82582 10.6163 -7.98021
3.70706 1.09679 -1.40015
-0.668513 1.69185 2.86251
1.74288 2.01027 0.622942
-0.282487 4.70321 -0.983136
-16.428 -1.4078 3.3572
-0.529908 -0.801286 -4.00661
0.249281 0.510652 -1.75215
0.0517308 -2.53336 0.0242879
0.326755 -0.272691 -1.61398
-0.979576 0.56143 -0.799221
-0.638339 4.98137 3.29212
-1.4889 -1.33424 0.837342
0.693754 2.74252 0.476458
-0.806605 -4.28444 -2.40169
-0.0533126 1.65523 2.37451
0.475865 -7.98354 -0.436719
-1.76816 -4.07876 -3.4357
0.864979 1.64414 1.61932
-0.112966 -2.3336 3.19187
0.51777 1.53984 4.27445
-1.29923 8.69557 0.610462
-3.26749 3.0975 -3.29438
4.33676 -4.132 -1.91245
-2.88766 -2.69815 1.11384
2.05154 -0.209287 -2.46178
-0.49245 -0.456802 3.54285
-1.50321 1.73343 -1.67725
-0.586341 -1.9161 -0.0356198
-1.20478 0.3217 -4.17718
-1.49511 0.365941 3.69224
4.67893 2.2765 6.28886
-2.62343 -1.29935 -3.14299
8.02708 -2.26464 3.34075
-0.980781 1.69071 2.44969
0.333399 0.581389 -6.40195
-2.01141 -3.99892 -1.07236
-1.46263 0.0518652 -2.55679
-4.60934 1.96245 -0.130994
2.75383 -0.975395 0.477375
2.08418 6.57824 -0.419457
0.954193 -0.29135 4.10877
3.78968 0.572872 -5.01531
-3.10919 0.148901 -0.291854
-2.61795 1.857 1.12849
5.48552 -2.38109 0.466206
2.74359 3.40128 -0.212622
0.357011 0.0220334 2.50961
-0.290983 1.85192 0.302441
-5.8652 -3.26921 -5.00373
-3.64276 -2.24036 -0.0374483
-1.4456 -2.93781 -0.376046
-0.810526 -0.536942 3.25478
2.31131 5.74356 2.17771
2.32742 -4.5854 3.10741
2.30562 -2.00059 -0.237498
2.24879 -1.89055 2.84463
2.62394 0.677846 -2.60726
0.742438 -2.03104 -3.55628
-3.32244 -1.3583 1.61271
-2.93407 3.05906 -4.25426
3.21775 -0.143292 -4.43676
-6.62801 -3.81728 -1.98202
-0.334698 3.32705 -0.748951
-3.39061 5.89898 3.49728
-2.8527 -4.15358 4.03998
1.0064 7.52094 1.67306
4.14761 1.18634 0.114555
0.928013 -1.53824 -3.88279
-1.80624 3.70964 0.773516
0.379277 -1.83636 1.43812
4.48347 -1.5308 0.299565
0.115805 2.21807 -1.96512
0.572748 -4.73744 0.0523268
-0.896433 -3.68774 -1.62039
-0.901614 -0.302441 -0.951344
4.30673 -3.54768 -4.35975
2.09593 -0.0677531 0.885242
1.71063 1.19422 -0.880772
-0.335888 -0.402865 0.227267
-2.43764 1.32883 -0.570061
-0.141301 0.497344 -0.0507136
2.49353 -4.62413 -0.524317
2.20673 -7.06421 -2.53959
3.01291 2.71712 -0.644802
1.67432 4.00568 2.31894
-1.16302 0.869287 1.91851
2.16029 -2.17815 1.57779
0.606389 0.877048 -0.481647
4.02932 4.62272 3.62712
-2.74311 1.05463 0.805214
3.49638 -1.97201 -3.39917
