-5.78986 0.275215 -3.808
-7.45204 -2.8947 1.53895
-0.63975 -1.49191 0.04919
0.991122 1.36789 0.0477262
-2.6916 -2.6673 -3.85218
2.72359 -0.274637 -1.05967
0.205282 1.13295 0.355141
3.60878 -4.80568 9.052
-6.94023 9.23873 -7.82199
4.09034 0.637116 -1.44713
-0.268814 1.93556 3.1807
2.11438 2.13511 0.430499
-0.272028 4.40983 -1.00606
-15.733 -1.46963 4.5659
-0.81937 -0.118558 -3.82163
0.259669 0.48175 -1.78887
0.0599139 -2.64313 -0.634756
0.460107 -0.276208 -1.66231
-0.803399 0.596105 -0.789055
-0.515967 5.84375 3.70165
-1.20169 -0.485318 0.883882
0.725815 2.90338 0.522588
-1.76847 -4.58711 -2.5733
-0.0242009 1.79973 2.13732
0.395579 -7.89482 -0.666621
-1.82254 -4.26465 -3.33652
0.89205 1.4354 0.922005
-0.0983847 -2.61589 3.42579
0.310014 1.67708 4.09716
-0.179427 7.24939 1.0363
-3.82323 10.5815 -3.72745
3.59819 -4.63887 -1.48577
-3.04807 -3.10074 1.16791
2.16164 -0.240165 -2.58991
-0.303865 -0.426629 3.18435
-1.37995 1.78907 -1.5591
-0.604421 -1.72454 -0.0300669
-1.25179 0.353163 -4.78351
-0.771981 0.307199 3.85143
5.02465 2.41285 6.20128
-2.71405 -1.3154 -2.98587
6.4275 -2.26639 4.75446
-1.00736 2.05403 2.25982
0.710377 4.6668 -7.45733
-1.81892 -3.23405 -1.08848
-1.66763 -0.242351 -2.06073
-5.20679 2.16565 -0.340622
2.6592 -0.989219 0.48383
1.67766 6.02073 -0.127597
0.967752 -0.275534 3.96958
4.2574 -1.13236 -7.11977
-3.2529 0.155603 -0.293458
-2.71358 1.95233 1.09375
4.83468 -2.6638 0.358314
2.93138 3.94162 -0.762105
0.357483 0.030521 2.32307
-0.298765 1.93184 0.335319
-5.01338 -2.4604 -4.95021
-3.54547 -2.27229 -0.69806
-1.48694 -3.05796 -0.37582
-0.842842 -0.548146 3.64058
3.9091 4.84328 1.95623
2.35819 -5.19688 4.08013
2.43444 -2.07911 -0.257344
2.3298 -1.32895 2.63263
2.42655 0.47977 -4.81608
0.712152 -1.3907 -3.26137
-3.5547 -0.263133 2.58203
-3.24093 3.42134 -4.68043
2.52796 -0.136331 -5.00602
-5.32738 -3.08537 -2.90816
-0.621741 -1.99826 -0.748556
-3.08322 5.78559 3.66707
-3.2823 -4.5838 5.25524
1.03295 6.50492 1.12668
4.59542 1.29239 0.139037
1.00749 -1.02801 -4.24938
-1.59251 4.03857 0.754168
0.390273 -1.9287 1.53965
5.72531 -1.4921 1.27644
0.0801238 2.37433 -2.0307
0.59969 -5.19701 0.0411437
-0.921394 -3.92999 -1.70927
-0.927972 -0.313726 -0.981269
3.47323 -3.70901 -4.01745
2.16606 -0.0474974 0.949123
2.09769 1.2327 -0.396254
-0.337946 -0.393832 0.269427
-2.37862 0.981273 0.389416
-0.162138 0.522609 -0.0463126
2.09192 -4.84708 -0.567192
4.02546 -6.42742 -1.04968
2.94063 2.95943 -0.660362
1.59916 3.77545 2.54733
-1.19802 0.91217 2.03977
2.30983 -2.35048 1.71752
0.46488 0.861985 -0.757795
4.00033 4.53655 4.09202
-3.3674 1.09299 0.804012
3.65992 -2.01237 -3.20052
