-5.87554 0.294246 -3.82256
-7.40904 -3.21609 1.58759
-0.539526 -1.50713 0.0491827
0.850183 1.23406 0.0413259
-2.91235 -2.73359 -4.24514
2.80362 -0.251281 -0.846898
0.203355 1.28311 0.366302
3.74394 -6.99843 7.68234
-6.30778 8.42687 -7.0413
4.30954 0.423493 -1.4703
-0.0558322 2.04728 3.35314
2.36819 2.18524 0.335579
-0.265287 4.27289 -1.01849
-15.5831 -1.56855 7.03605
-0.955837 0.245549 -3.73406
0.267041 0.46917 -1.80698
0.0660693 -2.70763 -0.973568
0.527717 -0.279078 -1.68466
-0.719365 0.609405 -0.783562
-0.45721 6.14327 3.91466
-1.05611 -0.114006 0.911669
0.742358 2.98316 0.5458
-2.46992 -4.78115 -2.67231
0.0121177 1.87965 2.0336
0.263075 -5.93201 -0.648559
-1.84444 -4.36682 -3.28793
0.903066 1.31037 0.583536
-0.0920339 -2.76613 3.55668
0.194503 1.75822 4.00267
0.438566 6.64907 1.23189
-4.20212 10.1615 -3.92882
3.28391 -4.94937 -1.27553
-3.12982 -3.34242 1.1941
2.22342 -0.260202 -2.64837
-0.208715 -0.414227 3.03422
-1.31774 1.81385 -1.50188
-0.613527 -1.63447 -0.0273274
-1.27241 0.376279 -5.18653
-0.40872 0.267429 3.97264
5.21225 2.47704 6.16451
-2.75589 -1.32634 -2.90955
5.94811 -2.29875 5.69151
-1.02087 2.25087 2.16986
0.831647 8.40209 -8.87415
-1.7268 -2.93194 -1.10018
-1.76497 -0.390671 -1.83263
-5.58722 2.2626 -0.456526
2.61385 -0.997748 0.48727
1.55415 5.15364 -0.0994612
0.977071 -0.26682 3.86591
4.47601 -2.26294 -5.85564
-3.33544 0.157408 -0.293472
-2.74965 1.97384 1.09067
4.47216 -2.8513 0.356609
3.03861 4.21356 -1.14077
0.358374 0.0334313 2.23959
-0.302614 1.97201 0.352179
-4.64188 -2.11878 -4.92827
-3.50097 -2.29457 -1.01065
-1.50979 -3.12633 -0.373045
-0.859476 -0.559976 3.88585
5.08128 4.36945 1.8097
2.36373 -4.78169 4.65631
2.50319 -2.12371 -0.266401
2.38147 -1.11512 2.51627
2.38437 0.383729 -5.11517
0.703979 -1.22032 -3.13016
-3.68031 0.320701 3.18839
-3.41765 3.60638 -4.93629
2.24742 -0.132627 -5.34552
-4.83553 -1.48387 -3.47312
-0.77186 -2.96857 -0.748367
-2.87901 5.7496 2.08426
-3.56749 -4.89407 4.98588
1.0528 6.02196 0.863699
4.81336 1.3459 0.152977
1.04397 -0.819746 -4.45682
-1.48637 4.20784 0.743326
0.396065 -1.9848 1.59556
5.50759 -1.49642 1.90551
0.0647134 2.45222 -2.06741
0.613965 -5.48573 0.033412
-0.934148 -4.08349 -1.75258
-0.941462 -0.320415 -0.996707
3.12358 -3.78538 -3.83604
2.20472 -0.0395612 0.984965
2.33923 1.25035 -0.143631
-0.338492 -0.390377 0.291662
-2.35821 0.816115 0.889608
-0.173145 0.53443 -0.0439764
1.88288 -4.97718 -0.584419
4.16706 -5.51568 -0.590097
2.90585 3.08024 -0.669087
1.08946 3.51494 2.66942
-1.21535 0.933068 2.10416
2.39087 -2.45642 1.79818
0.396189 0.859031 -0.896902
3.98525 4.48801 4.34928
-3.59894 1.10633 0.802412
3.75325 -2.04595 -3.10042
