-6.00761 0.32956 -3.93668
-5.76038 -3.73262 1.63424
-0.390783 -1.5317 0.047008
0.637703 1.03444 0.0270828
-3.2547 -2.86783 -3.86205
2.9993 -0.215584 -0.54922
0.199856 1.55109 0.383664
4.08097 -10.7688 6.50724
-5.23995 7.71249 -6.23221
4.83478 0.0996846 -1.51576
0.313033 2.22698 3.62554
2.84841 2.25525 0.190977
-0.249998 4.07697 -1.04612
-15.4049 -1.74803 9.55523
-1.16755 0.868721 -3.62431
0.279983 0.455524 -1.84598
0.0793312 -2.80746 -1.50081
0.634949 -0.283154 -1.72286
-0.599678 0.62751 -0.781287
-0.374334 5.9246 4.29274
-0.886278 0.436226 0.952174
0.768709 3.11767 0.578473
-2.92533 -5.15171 -2.86879
0.0732847 1.9932 1.90381
0.0712973 -4.5732 -0.61905
-1.86994 -4.52724 -3.22589
0.922127 1.1377 0.0292238
-0.0812772 -2.99161 3.76876
0.00618177 1.91061 3.83875
1.25675 5.92841 1.48287
-4.69893 9.2685 -4.14208
2.7852 -5.49085 -1.02037
-3.2707 -3.77328 1.21221
2.33572 -0.289591 -2.75446
-0.0435889 -0.393712 2.82466
-1.20763 1.8557 -1.42209
-0.626025 -1.50371 -0.0250782
-1.29578 0.423381 -5.36897
0.130244 0.216826 4.15141
5.5175 2.5743 6.10886
-2.81231 -1.34366 -2.82042
5.46604 -2.31672 6.14276
-1.03681 2.58022 2.0264
1.09155 11.2204 -12.3966
-1.57136 -2.53152 -1.12781
-1.89005 -0.612452 -1.53353
-6.11565 2.42266 -0.657605
2.54938 -1.01167 0.488104
1.3938 4.55789 -0.0885686
0.998409 -0.248408 3.70036
4.98725 -3.30413 -3.69319
-3.48449 0.158973 -0.294837
-2.77046 1.94556 1.09578
3.60818 -3.17261 0.369048
3.26971 4.84395 -1.87461
0.361715 0.038844 2.09437
-0.306982 2.03646 0.374964
-4.12579 -1.65004 -4.90958
-3.44361 -2.30703 -1.87745
-1.54458 -3.24184 -0.370867
-0.88283 -0.584693 4.1598
4.68382 3.91628 1.56078
2.38823 -3.80055 5.65799
2.62107 -2.19496 -0.284482
2.49392 -0.778703 2.32782
2.26506 -0.00904674 -4.86009
0.708841 -0.874254 -2.95028
-3.83253 1.26576 4.11752
-3.68782 3.90321 -5.43419
1.9605 -0.120701 -6.00897
-3.76798 1.95285 -4.45155
-0.99426 -2.92157 -0.835077
-2.57211 5.71455 0.89331
-3.81581 -5.08547 4.27889
1.12007 5.43345 0.457397
4.44417 1.42913 0.17226
1.10579 -0.504907 -4.81125
-1.33379 4.47753 0.723442
0.405608 -2.06876 1.67731
4.88716 -1.52086 2.9286
0.048666 2.57813 -2.13271
0.638139 -6.02191 0.0113312
-0.947429 -4.38535 -1.82329
-0.959934 -0.330754 -1.03038
2.63698 -3.89157 -3.67895
2.27093 -0.0278829 1.03554
2.37633 1.27797 0.240219
-0.33741 -0.385 0.319893
-2.3393 0.583651 1.63855
-0.189347 0.551762 -0.0426337
1.50405 -5.19176 -0.608971
3.21119 -4.50141 0.0469558
2.86167 3.25813 -0.689178
0.0722394 3.15383 2.82882
-1.23843 0.965945 2.19306
2.51458 -2.60363 1.91341
0.302535 0.861542 -1.13804
3.96337 4.42128 4.74745
-3.1499 1.12496 0.798082
3.90683 -2.09487 -2.98338
