-1.07653 -1.53604 -0.353642
-0.112532 -0.773254 0.119239
1.00918 -0.183492 0.0453647
-0.514852 -0.54267 -0.0267205
-1.92626 -0.242839 -1.46083
0.335317 -0.00154608 0.882966
0.0432192 -0.723992 0.0485603
0.158909 0.83006 0.391192
-1.0663 0.309989 -0.393005
0.261331 0.918779 -0.092242
0.0430792 0.0194611 0.126724
-1.01877 0.134263 0.559388
-0.0114021 0.390759 -0.122956
-0.371291 -0.167946 -0.728213
0.632978 0.589491 -1.07249
0.0539567 0.113602 -0.205137
0.00491869 -0.320535 -0.679916
-0.683539 -0.024221 -0.111661
2.47359 0.0982076 -0.219255
-1.5514 0.354834 0.195098
-0.383887 -0.692527 0.126433
0.0729286 0.274899 -0.0614209
0.501767 -0.264486 -0.220621
0.0705872 0.111802 0.606698
0.664743 -0.323158 -0.00691355
-0.142459 -0.420825 -0.4089
0.032369 0.379261 -1.47503
-0.0236192 0.924478 0.161518
1.07541 0.0182444 0.417963
-0.432916 0.172735 -1.1802
-0.153177 1.24258 -0.1636
0.405663 1.07892 -0.796177
-0.175012 1.13547 0.0851553
0.142753 0.0814301 -0.204171
-0.494776 0.0456118 0.295355
1.86375 0.188957 -0.582001
-0.0648637 -0.398722 -0.00230125
-0.0869068 -0.158549 2.88688
-0.506813 -0.284925 0.121191
0.459324 -0.168356 0.539493
-0.40372 0.00231345 -0.650469
3.24843 -0.256044 -1.42588
-0.0658022 -0.559288 0.36146
-0.665845 -1.70549 -0.283664
-0.284585 2.00788 -0.472678
-0.122659 0.343983 0.874119
-0.23653 0.211198 0.561054
0.894622 -0.101876 0.0879374
0.402339 0.485438 -0.0871625
0.134838 -0.140113 0.321554
0.268978 0.7276 0.738382
-0.479962 -0.017394 -0.0701935
-0.435905 0.139429 1.07948
0.464949 0.383115 -0.10519
0.215855 0.131531 0.625887
0.0583016 -0.00108743 -1.67867
-0.0436033 0.214417 -0.0397617
1.25927 0.6937 0.997774
-0.617572 -0.106003 1.37294
-0.190554 -0.284066 -0.0536141
-0.101777 -0.192812 0.253213
-0.30984 0.913168 -0.56835
-0.0196957 0.683486 1.0955
0.226793 -0.246438 0.0204932
0.190876 -0.537529 0.397885
0.425669 -0.878139 -0.827571
0.145451 -0.478218 -0.400895
-0.246889 1.26899 1.10523
-0.163018 0.164794 -0.310532
0.348201 -0.00300949 -0.278605
-2.34948 -0.75893 1.32375
0.634841 -1.2364 -0.079283
-0.33802 0.35704 -0.475544
-0.184812 -0.312868 -0.470807
0.188778 0.44753 0.589483
0.355346 0.096385 -0.0310659
0.0982976 -0.894122 -0.172259
-0.503272 0.281241 0.360542
0.0636608 -0.235457 0.144506
-0.733575 -0.31089 0.662821
0.0458756 0.155147 -0.208837
0.10004 -0.396363 0.0694635
-0.127833 -0.35164 -0.119143
-0.128836 -0.0281707 -0.0619702
-1.14408 -0.229855 -0.417698
0.270513 -0.0809611 0.0475246
1.37359 -0.0635066 1.16736
-0.0551062 -0.11632 -0.0812718
0.00725015 0.862966 -1.1489
0.199435 0.0551951 0.0176006
-0.702878 -0.137345 0.0663889
1.67903 -0.289565 1.00027
1.13244 -0.0374937 -0.212358
-0.52164 -0.336014 0.160578
-0.173058 0.0841613 0.115002
0.238977 -0.213665 0.121576
-2.52396 0.103324 -2.4048
2.73795 0.608849 0.208575
-2.26966 0.0932299 0.0667764
0.606937 -0.0739093 -0.678253
