-6.04623 0.343169 -3.99787
-5.37304 -3.62512 1.64847
-0.340999 -1.54299 0.0460109
0.56777 0.962748 0.0213075
-3.38601 -2.93601 -3.75131
3.08439 -0.207017 -0.454521
0.198167 1.65509 0.389908
4.1474 -10.4173 6.21144
-4.93219 7.4315 -6.0201
5.04098 -0.0410146 -1.53427
0.437239 2.27463 3.71357
2.90245 2.26532 0.138441
-0.24444 4.01107 -1.05789
-15.3533 -1.82738 9.89819
-1.23742 1.09366 -3.59593
0.284041 0.451546 -1.86229
0.0840745 -2.84362 -1.68086
0.671475 -0.285749 -1.73609
-0.559762 0.630989 -0.781865
-0.354049 5.63115 4.41557
-0.832805 0.596034 0.964657
0.77742 3.16354 0.588577
-3.0481 -5.10283 -2.94605
0.0901866 2.0253 1.86469
0.00575302 -4.37526 -0.611985
-1.87748 -4.58594 -3.2082
0.926022 1.07727 -0.159739
-0.0781691 -3.06994 3.84527
-0.0675481 1.96901 3.77383
1.5306 5.66524 1.55524
-4.88001 8.89983 -4.20695
2.63682 -5.73813 -0.948415
-3.31491 -3.95805 1.21098
2.37628 -0.303243 -2.79054
0.0131574 -0.388951 2.75866
-1.16986 1.86693 -1.39769
-0.630071 -1.46222 -0.0249054
-1.30277 0.439679 -5.26061
0.307999 0.191339 4.21904
5.61423 2.59914 6.08842
-2.83046 -1.35295 -2.7964
5.34147 -2.34671 6.29667
-1.04274 2.70002 1.9748
1.21206 9.7973 -12.6915
-1.52219 -2.42114 -1.14016
-1.92745 -0.692711 -1.44485
-5.99507 2.46348 -0.745569
2.52914 -1.01822 0.487362
1.34186 4.39491 -0.0896983
1.00673 -0.2428 3.65061
5.17331 -2.82843 -3.17665
-3.53472 0.15823 -0.295575
-2.77471 1.90507 1.096
3.41367 -3.33949 0.371555
3.34625 4.97582 -2.20221
0.362773 0.040101 2.04122
-0.308275 2.0581 0.381595
-3.95777 -1.52196 -4.90779
-3.42709 -2.30405 -2.14197
-1.55693 -3.2875 -0.370608
-0.890574 -0.595331 4.20544
4.42015 3.58891 1.46659
2.3974 -3.45539 5.95937
2.66306 -2.2241 -0.291224
2.52786 -0.705932 2.25744
2.21838 -0.296044 -4.62372
0.712383 -0.747188 -2.89586
-3.88924 1.53377 4.37772
-3.81001 3.97161 -5.44231
1.89518 -0.117107 -6.27669
-3.39279 2.40133 -4.89388
-1.07909 -2.54057 -0.876563
-2.48042 5.69824 0.707232
-3.89495 -4.84143 4.01113
1.14506 5.23933 0.31402
4.29534 1.4542 0.177487
1.12254 -0.411105 -4.94471
-1.28303 4.56449 0.715938
0.408537 -2.09924 1.70606
4.71662 -1.54399 3.33577
0.0438969 2.61959 -2.15788
0.646827 -6.24158 0.000525605
-0.951942 -4.51703 -1.84815
-0.966163 -0.335436 -1.04432
2.47867 -3.94368 -3.63536
2.29501 -0.025338 1.05269
2.2694 1.28583 0.372325
-0.336652 -0.384071 0.327943
-2.33783 0.504797 1.88437
-0.194656 0.55668 -0.0427927
1.38529 -5.28626 -0.616936
2.91452 -4.30024 0.240233
2.84752 3.31295 -0.698409
-0.224847 2.97386 2.87409
-1.24606 0.975912 2.21909
2.55514 -2.65952 1.95277
0.270032 0.860293 -1.23029
3.95512 4.39747 4.88696
-2.99231 1.12925 0.796355
3.96145 -2.11824 -2.94696
