-6.13861 0.393459 -4.20481
-4.46181 -2.58853 1.69116
-0.191741 -1.58214 0.0426751
0.358684 0.743142 0.00300102
-3.82124 -3.13954 -3.45704
3.35261 -0.185038 -0.187658
0.190839 2.0337 0.416751
4.49908 -9.75143 5.43636
-4.0574 6.7679 -5.51616
5.75441 -0.517294 -1.59459
0.834571 2.40128 3.9659
3.08061 2.27104 -0.0303032
-0.226725 3.81913 -1.09182
-15.2517 -2.05714 8.71275
-1.44666 1.87351 -3.52208
0.295109 0.442623 -1.91232
0.0987453 -2.97565 -2.02349
0.782052 -0.294205 -1.77938
-0.438471 0.638747 -0.787605
-0.310316 4.92501 4.87222
-0.679608 0.998464 1.00008
0.80345 3.30263 0.622137
-3.46751 -4.42162 -3.19774
0.128554 2.10979 1.76413
-0.195466 -3.91678 -0.596101
-1.89784 -4.78442 -3.1358
0.926093 0.88389 -0.733956
-0.0702019 -3.16628 4.2307
-0.298191 2.19843 3.56781
2.39877 4.84682 1.72413
-5.51841 8.04473 -4.39093
2.2273 -6.77432 -0.729966
-3.43882 -4.25734 1.19314
2.50386 -0.346695 -2.91109
0.175756 -0.375332 2.56413
-1.05799 1.89665 -1.32976
-0.64209 -1.3417 -0.0236255
-1.3239 0.484615 -4.96503
0.83331 0.1072 4.42659
5.92599 2.66728 6.0252
-2.88639 -1.38699 -2.72257
4.99812 -2.50354 6.80531
-1.06173 3.13196 1.84371
1.64699 7.26833 -11.1199
-1.37949 -2.123 -1.1768
-2.02734 -0.961601 -0.196754
-5.64462 2.58577 -1.0739
2.47085 -1.04055 0.485078
1.18662 4.01071 -0.0994
1.03378 -0.226402 3.43945
5.79578 -1.75321 -2.18465
-3.68952 0.154272 -0.297917
-2.7777 1.67277 1.09259
2.93213 -4.0304 0.373878
3.60054 5.38289 -2.17678
0.365314 0.0437455 1.88376
-0.311839 2.12454 0.403759
-3.47923 -1.20118 -4.91181
-3.36109 -2.29455 -1.38163
-1.59633 -3.44007 -0.366281
-0.913829 -0.628157 4.35389
3.68639 2.47092 1.15186
2.43901 -2.70914 5.32092
2.79713 -2.31855 -0.312138
2.63265 -0.514861 2.06678
2.0773 -1.00018 -4.16137
0.728526 -0.41596 -2.70446
-4.06804 2.40109 5.13286
-4.19386 4.16627 -4.9033
1.70177 -0.101341 -7.01309
-2.4957 2.85107 -6.73507
-1.36764 -1.66059 -1.00681
-2.23668 5.65307 0.249869
-4.1441 -4.36013 3.32594
1.23023 4.71034 -0.0607906
3.88798 1.5245 0.190439
1.16799 -0.145574 -5.30797
-1.13277 4.81715 0.692899
0.416105 -2.20072 1.8022
4.24101 -1.63896 4.56
0.0324155 2.74596 -2.22582
0.676201 -7.0764 -0.0398049
-0.964714 -5.03455 -1.90371
-0.985429 -0.35037 -1.08665
2.00946 -4.12643 -3.5187
2.3682 -0.0197406 1.10207
1.9482 1.30839 0.740682
-0.33401 -0.382725 0.352783
-2.34426 0.243683 0.755166
-0.210627 0.570427 -0.0434
1.04701 -5.62884 -0.639641
2.02527 -3.78453 0.74945
2.808 3.48186 -0.725942
-1.05928 2.34245 2.99338
-1.26918 1.00485 2.29905
2.67112 -2.84921 2.06579
0.170576 0.858087 -1.51725
3.92582 4.3216 5.37697
-2.56233 1.14091 0.79199
4.13278 -2.20424 -2.85699
