-6.16251 0.410918 -4.27605
-4.21196 -2.30709 1.70632
-0.141909 -1.59689 0.0413393
0.288982 0.667728 -0.00306517
-3.97994 -3.20106 -3.35872
3.44721 -0.177882 -0.107686
0.187458 2.12399 0.428026
4.6602 -9.37433 5.19231
-3.77361 6.61154 -5.36653
6.02651 -0.679749 -1.61507
0.977527 2.44375 4.05341
3.14922 2.27058 -0.0869453
-0.220671 3.7532 -1.10313
-15.2299 -2.11217 8.25212
-1.51712 2.12183 -3.49536
0.298394 0.440368 -1.92846
0.103585 -3.05454 -2.12995
0.819359 -0.296941 -1.79594
-0.39728 0.640913 -0.791202
-0.297937 4.73934 5.01944
-0.630522 1.12797 1.01057
0.812148 3.34386 0.633019
-3.62606 -4.23295 -3.28378
0.137876 2.13403 1.73449
-0.264493 -3.79016 -0.591515
-1.90406 -4.87448 -3.10949
0.921289 0.810058 -0.957099
-0.0680109 -2.95604 4.38105
-0.373287 2.29585 3.50601
2.71304 4.6031 1.76534
-5.76461 7.84634 -4.44521
2.10026 -7.38778 -0.64439
-3.47634 -3.6609 1.18385
2.54866 -0.360828 -2.95967
0.227866 -0.370153 2.49736
-1.02103 1.90602 -1.30869
-0.646089 -1.30703 -0.0229488
-1.33128 0.495992 -4.80193
1.00751 0.0810617 4.49439
6.03801 2.69044 6.00493
-2.90573 -1.40302 -2.69459
4.88568 -2.57011 7.01311
-1.06863 3.30841 1.80273
1.80661 6.78781 -10.7823
-1.33331 -2.02896 -1.18958
-2.05837 -1.09233 0.26374
-5.53301 2.63481 -1.19298
2.45217 -1.0499 0.484564
1.13461 3.90625 -0.103655
1.04355 -0.221271 3.34559
6.03435 -1.3779 -1.92867
-3.74272 0.152434 -0.29867
-2.78519 1.55711 1.08673
2.78943 -4.41092 0.374225
3.69495 5.63348 -1.79463
0.366002 0.044726 1.83372
-0.312947 2.14248 0.41179
-3.32789 -1.10363 -4.91535
-3.33545 -2.30109 -0.908286
-1.61014 -3.50111 -0.363859
-0.921478 -0.639164 4.31721
3.45048 2.20376 1.03994
2.45728 -2.49889 5.04843
2.84479 -2.35137 -0.319568
2.66862 -0.440865 2.004
2.03071 -1.21506 -4.00513
0.735437 -0.320421 -2.64535
-4.13283 2.7181 5.02375
-4.33068 4.23801 -4.6915
1.63734 -0.0954658 -6.87029
-2.24871 1.75257 -7.50687
-1.47743 -1.40215 -1.04767
-2.16402 5.64167 0.0713699
-4.23391 -4.22137 3.13265
1.26226 4.56095 -0.186581
3.76561 1.54624 0.194322
1.18189 -0.0608413 -5.43362
-1.08341 4.8999 0.685017
0.41826 -2.24221 1.83401
4.09332 -1.67277 4.32145
0.0294984 2.78735 -2.24931
0.687567 -7.1956 -0.0580053
-0.968618 -5.26255 -1.91692
-0.992069 -0.355956 -1.09973
1.85457 -4.19662 -3.48105
2.39298 -0.0184675 1.11662
1.84014 1.31571 0.808664
-0.333041 -0.38376 0.361841
-2.34797 0.112382 0.285469
-0.215974 0.574117 -0.0434451
0.939304 -5.75862 -0.646696
1.71755 -3.61351 0.917946
2.79569 3.53898 -0.734324
-1.33435 2.14731 3.03216
-1.277 1.01308 2.32844
2.7079 -2.91732 2.09956
0.136498 0.857914 -1.6112
3.91422 4.28873 5.56005
-2.4331 1.14442 0.790994
4.19291 -2.23756 -2.83734
