-6.21355 0.469903 -4.48164
-3.55392 -1.57767 1.76712
0.0109702 -1.65094 0.040453
0.0842307 0.333584 -0.0177314
-4.51334 -3.3943 -2.86699
3.75581 -0.15809 0.14135
0.175575 2.23692 0.47042
5.24163 -8.77895 4.6485
-2.93433 6.2421 -4.88855
6.72393 -1.21478 -1.6655
1.45576 2.56212 4.35859
3.41794 2.26646 -0.250209
-0.200687 3.54237 -1.13154
-15.173 -2.22763 7.45186
-1.73325 2.97796 -3.401
0.308517 0.436483 -1.97117
0.118352 -3.32546 -2.47656
0.944326 -0.30594 -1.83688
-0.226442 0.644752 -0.797241
-0.249302 4.26473 5.47103
-0.486108 1.33492 1.04677
0.839701 3.46173 0.668254
-4.16255 -3.76037 -3.53787
0.161507 2.20298 1.65746
-0.455009 -3.46587 -0.573859
-1.92066 -5.06916 -3.02236
0.902222 0.5699 -1.70585
-0.0618012 -2.29808 4.90558
-0.546501 2.62119 3.37377
3.76331 3.94629 1.88735
-6.49755 7.41451 -4.56071
1.75001 -9.27296 -0.301686
-3.56339 -1.70218 1.1495
2.69977 -0.405834 -3.09195
0.395975 -0.353828 2.31897
-0.908299 1.93075 -1.24039
-0.656376 -1.21662 -0.0189447
-1.35259 0.520009 -4.17606
1.54002 0.00443537 4.75826
5.7235 2.75451 5.95886
-2.96542 -1.45973 -2.58129
4.56151 -2.7997 6.2106
-1.0893 3.01599 1.68736
2.30589 5.63834 -9.92791
-1.18037 -1.77198 -1.22109
-2.15066 -1.4716 1.72515
-5.20027 2.77147 -1.55071
2.40161 -1.08264 0.488315
0.985917 3.62551 -0.111588
1.07604 -0.208566 3.09886
6.8996 -0.320654 -1.12095
-3.89347 0.144683 -0.297324
-2.84962 1.15331 1.02257
2.37658 -5.7691 0.381001
4.02397 6.91527 -0.195518
0.369008 0.0482842 1.7003
-0.315011 2.18704 0.439679
-2.88694 -0.882566 -4.92453
-3.26163 -2.34143 0.113781
-1.64991 -3.71645 -0.34996
-0.942977 -0.668237 4.00127
2.81974 1.50333 0.731904
2.53001 -1.95108 4.38101
3.00368 -2.45984 -0.336965
2.79321 -0.236393 1.8428
1.89553 -1.85686 -3.41375
0.761278 -0.0552796 -2.4723
-4.3465 3.75727 3.546
-4.77616 4.46328 -3.94692
1.4451 -0.0859987 -6.27963
-1.54087 -1.99388 -10.9057
-1.81366 -0.651613 -1.14639
-1.9641 5.61227 -0.394815
-4.52561 -3.85014 2.64178
1.37567 4.1486 -0.561104
3.44264 1.59842 0.20848
1.22822 0.19025 -5.82085
-0.934949 5.02233 0.665006
0.424586 -2.37776 1.93887
3.68035 -1.7667 2.9341
0.0254834 2.91832 -2.32134
0.729403 -6.93428 -0.12204
-0.975848 -4.99108 -1.93779
-1.00952 -0.373195 -1.12815
1.39324 -4.45974 -3.31501
2.47048 -0.0166171 1.16755
1.51318 1.3347 1.04521
-0.328387 -0.389587 0.396136
-2.35483 -0.242621 -1.1444
-0.229232 0.582885 -0.0410205
0.63183 -5.43707 -0.662904
0.715145 -3.14236 1.48846
2.76861 3.707 -0.753108
-2.2039 1.55613 3.17236
-1.29975 1.03671 2.43033
2.82572 -3.15092 2.20287
0.0392681 0.861108 -1.86848
3.87427 4.19982 6.20313
-2.06635 1.15055 0.793431
4.3866 -2.35362 -2.77381
