-6.22569 0.487554 -4.55416
-3.37958 -1.28008 1.78959
0.0633414 -1.6683 0.0401355
0.0182636 0.218984 -0.0222537
-4.72572 -3.46728 -2.71863
3.86691 -0.151877 0.223353
0.171129 2.27531 0.485687
5.47756 -8.65236 4.51109
-2.68773 6.15353 -4.73444
6.61869 -1.4129 -1.68323
1.63228 2.59777 4.4723
3.52194 2.26664 -0.307725
-0.193322 3.46663 -1.141
-15.1614 -2.25886 7.28144
-1.81479 3.0105 -3.36983
0.31167 0.435707 -1.98576
0.1233 -3.43847 -2.60992
0.987378 -0.309156 -1.85015
-0.166222 0.645923 -0.799484
-0.230228 4.13039 5.62591
-0.444313 1.13318 1.05902
0.8485 3.51799 0.680191
-4.35746 -3.62579 -3.6321
0.16808 2.22334 1.63291
-0.50412 -3.37072 -0.569052
-1.92639 -4.99887 -2.99414
0.902043 0.485921 -1.99116
-0.0601305 -2.06808 5.11215
-0.587434 2.72371 3.3451
4.07373 3.76724 1.92182
-6.64487 7.30487 -4.60807
1.62786 -8.99795 -0.168151
-3.58589 -1.54313 1.12899
2.75472 -0.421327 -3.13757
0.451481 -0.348099 2.26254
-0.870936 1.93991 -1.2174
-0.659469 -1.19254 -0.0176033
-1.35984 0.523828 -4.0024
1.71707 -0.0171077 4.85064
5.58738 2.77482 5.94556
-2.98712 -1.48627 -2.54471
4.45758 -2.89021 5.91195
-1.09578 2.78193 1.64822
2.45315 5.31552 -9.66702
-1.12084 -1.68874 -1.23138
-2.18382 -1.61599 2.27194
-5.08982 2.80945 -1.67293
2.38593 -1.09591 0.489547
0.945528 3.54074 -0.114468
1.08728 -0.205451 3.02427
7.23528 0.0275217 -0.835539
-3.94405 0.141469 -0.296585
-2.89626 1.02217 0.97654
2.22527 -5.62143 0.378826
4.15611 8.13556 1.11977
0.370124 0.0494041 1.65615
-0.31555 2.19753 0.449305
-2.74634 -0.784648 -4.92846
-3.23875 -2.35776 0.382213
-1.66201 -3.80226 -0.345248
-0.949943 -0.677876 3.91459
2.71348 1.28885 0.635707
2.56041 -1.78666 4.19535
3.06664 -2.49531 -0.342617
2.84368 -0.171866 1.79412
1.84809 -2.08831 -3.22165
0.77016 0.0375233 -2.41592
-4.42931 4.10978 3.04887
-4.94522 4.53166 -3.70084
1.38028 -0.0862538 -6.12943
-1.33018 -4.67656 -13.6048
-1.87658 -0.394487 -1.17558
-1.9032 5.60413 -0.538318
-4.6296 -3.74122 2.47951
1.42037 4.02136 -0.692949
3.34649 1.61241 0.213065
1.24466 0.272356 -5.95655
-0.886813 4.9119 0.658638
0.426043 -2.42288 1.97529
3.54931 -1.79655 2.57904
0.025508 2.96165 -2.34718
0.74471 -6.85368 -0.145612
-0.976409 -4.6632 -1.94368
-1.01502 -0.379525 -1.13742
1.21366 -4.59008 -3.26346
2.49685 -0.0160682 1.18482
1.40101 1.33942 1.12443
-0.32665 -0.392664 0.407726
-2.35423 -0.368346 -1.67684
-0.23327 0.584593 -0.0401667
0.531983 -5.32778 -0.668341
0.331256 -3.00187 1.69022
2.76243 3.75574 -0.759208
-2.26078 1.34364 3.22255
-1.30749 1.04236 2.46578
2.861 -3.2267 2.23143
0.00638314 0.86078 -1.95525
3.85893 4.17136 6.44467
-1.9526 1.15276 0.7949
4.45226 -2.38767 -2.7559
