-6.23667 0.505141 -4.63209
-3.23535 -0.980646 1.80882
0.115222 -1.68582 0.0392435
-0.0490196 0.10668 -0.0271759
-4.96717 -3.54904 -2.58533
3.9823 -0.14621 0.303834
0.166401 2.31515 0.499043
5.72764 -8.55469 4.37798
-2.47548 6.07097 -4.59655
6.51617 -1.62584 -1.70502
1.8174 2.62864 4.58741
3.63002 2.26642 -0.370371
-0.18645 3.39376 -1.153
-15.1565 -2.29291 7.11887
-1.90461 3.03434 -3.33954
0.314538 0.435204 -2.00127
0.12805 -3.56645 -2.64566
1.03039 -0.312667 -1.86387
-0.106315 0.646694 -0.802578
-0.211691 3.98889 5.76539
-0.408745 0.923087 1.0684
0.856438 3.57508 0.690061
-4.57241 -3.50752 -3.74329
0.173815 2.24283 1.60638
-0.554131 -3.27952 -0.566385
-1.93291 -4.93105 -2.97196
0.906208 0.401773 -2.30861
-0.0591317 -1.82005 5.24893
-0.622779 2.81766 3.32073
4.32028 3.58736 1.94477
-6.80584 7.1983 -4.67102
1.49682 -8.74539 -0.0317308
-3.60503 -1.37032 1.10095
2.81053 -0.437909 -3.18626
0.505866 -0.342492 2.20652
-0.834258 1.94832 -1.19555
-0.662804 -1.16862 -0.0169391
-1.36751 0.526353 -3.8444
1.89092 -0.0388144 4.94088
5.45574 2.79412 5.93175
-3.01069 -1.51314 -2.51201
4.35143 -2.98572 5.6334
-1.10275 2.5429 1.60049
2.57108 4.96626 -9.4322
-1.06325 -1.60957 -1.2447
-2.2206 -1.76017 2.59081
-4.9805 2.83874 -1.80298
2.3702 -1.10921 0.489933
0.904188 3.46027 -0.118621
1.09815 -0.203246 2.95154
7.58929 0.300071 -0.620767
-3.99557 0.138036 -0.296028
-2.95586 0.90405 0.918578
2.05702 -5.47559 0.369538
4.33228 9.00631 2.13783
0.371094 0.0504633 1.61075
-0.316269 2.20797 0.45773
-2.6108 -0.69182 -4.93422
-3.21735 -2.37587 0.629034
-1.67461 -3.89037 -0.342198
-0.957137 -0.687101 3.83316
2.61195 1.08071 0.539682
2.59206 -1.65147 4.0011
3.13096 -2.53195 -0.349193
2.89606 -0.11422 1.74038
1.79584 -2.32268 -3.03921
0.778028 0.126291 -2.36527
-4.52506 4.46873 2.53913
-5.13154 4.59423 -3.46504
1.3142 -0.0878271 -5.99917
-1.20828 -6.19381 -15.2973
-1.94155 -0.124838 -1.20567
-1.84589 5.5958 -0.678583
-4.74181 -3.64246 2.30978
1.46506 3.89227 -0.841729
3.25443 1.62566 0.216892
1.26003 0.350225 -6.10771
-0.840939 4.80412 0.651278
0.426586 -2.4696 2.00774
3.41841 -1.82633 2.25785
0.0256632 3.00493 -2.38017
0.75933 -6.77894 -0.171067
-0.977245 -4.32994 -1.95613
-1.02079 -0.385813 -1.14776
1.00661 -4.72648 -3.21884
2.52317 -0.015773 1.20161
1.28602 1.34317 1.20314
-0.325119 -0.39579 0.418467
-2.35183 -0.493641 -1.89534
-0.237404 0.586181 -0.0396484
0.431449 -5.22346 -0.674874
-0.0915794 -2.87529 1.88459
2.75644 3.80566 -0.767333
-2.06704 1.1256 3.26743
-1.31562 1.04793 2.50099
2.88907 -3.31118 2.24472
-0.0277851 0.860387 -2.04469
3.84217 4.14436 6.69016
-1.84328 1.1548 0.796052
4.51604 -2.42374 -2.74241
