-6.26475 0.559354 -4.89292
-2.82344 -0.0451675 1.85455
0.271253 -1.73881 0.0339591
-0.255156 -0.21716 -0.0431629
-5.60072 -3.8326 -2.23591
4.36141 -0.129398 0.539018
0.153448 2.44245 0.528236
6.37838 -8.33809 4.04314
-1.94827 5.8705 -4.26805
6.19507 -2.38392 -1.78964
2.45926 2.70742 4.96008
3.96434 2.2691 -0.583269
-0.168971 3.19032 -1.19707
-15.1616 -2.41394 6.49552
-2.14731 3.0159 -3.17985
0.321624 0.435873 -2.05194
0.142992 -4.08854 -2.45499
1.15974 -0.324225 -1.9074
0.0721781 0.648194 -0.815802
-0.15035 3.57869 6.13377
-0.305144 0.240269 1.08448
0.879186 3.75525 0.710969
-4.18232 -3.19115 -4.16223
0.187313 2.29868 1.52041
-0.714419 -3.0205 -0.56691
-1.95351 -4.73923 -2.92492
0.927768 0.15879 -2.41976
-0.0603373 -0.893006 5.42374
-0.714277 3.04242 3.26115
5.13348 3.0598 1.99329
-7.36239 6.88313 -4.92724
1.15846 -8.12822 0.368117
-3.55064 -0.690846 0.993337
2.98484 -0.490488 -3.35025
0.662826 -0.324472 2.0413
-0.724477 1.972 -1.13375
-0.673233 -1.0971 -0.0174375
-1.39194 0.527833 -3.44002
2.42143 -0.0942012 5.21226
5.08083 2.85011 5.89117
-3.08809 -1.59432 -2.42846
4.02499 -3.28918 4.88449
-1.12644 1.84228 1.43611
2.73248 4.43235 -7.7879
-0.905732 -1.38616 -1.2954
-2.35387 -2.19526 2.79653
-4.68159 2.90395 -2.22839
2.32423 -1.14878 0.487953
0.773226 3.24122 -0.135457
1.12903 -0.200188 2.73997
8.38474 0.967458 -0.174188
-4.15603 0.127008 -0.294949
-3.18944 0.646825 0.707676
1.43723 -5.02247 0.250404
4.89751 9.06951 2.8392
0.373704 0.0539716 1.4701
-0.318599 2.23995 0.47902
-2.22088 -0.436563 -4.95865
-3.15751 -2.43313 1.22474
-1.71354 -4.16883 -0.339499
-0.979588 -0.71245 3.61732
2.27902 0.508556 0.262248
2.69188 -1.32885 3.43588
3.33201 -2.64705 -0.372663
3.04805 0.0470911 1.57116
1.631 -3.03132 -2.53646
0.802189 0.380384 -2.23501
-4.91757 5.59641 0.970342
-5.76137 4.76128 -2.83173
1.10894 -0.0963428 -5.69434
-0.789476 -4.88608 -14.7115
-2.16288 0.841002 -1.29017
-1.69109 5.57395 -1.08319
-5.65621 -3.37404 1.77825
1.59713 3.5215 -1.40529
3.00249 1.66276 0.225557
1.30233 0.575581 -6.62935
-0.708355 4.49756 0.62523
0.426558 -2.61745 2.08108
3.0237 -1.91264 1.44087
0.0270766 3.13828 -2.50995
0.799803 -6.58354 -0.246213
-0.983076 -3.35848 -2.02159
-1.03966 -0.403778 -1.18273
0.365086 -5.17325 -3.11243
2.60391 -0.0155056 1.25013
0.919232 1.34945 1.43839
-0.320904 -0.405162 0.447665
-2.32818 -0.861659 -1.54992
-0.25014 0.590574 -0.0393644
0.140203 -4.9368 -0.698795
-1.51013 -2.5108 2.49503
2.73928 3.96589 -0.798755
-1.47988 0.436656 3.38538
-1.34159 1.06518 2.60926
3.06683 -3.82212 1.81985
-0.138965 0.86035 -2.32612
3.78987 4.07561 7.15282
-1.53512 1.16099 0.798731
4.7162 -2.53921 -2.72315
