-6.27308 0.579166 -4.98406
-2.6879 0.293401 1.87577
0.322191 -1.75613 0.0325224
-0.326349 -0.320766 -0.0477461
-5.44449 -3.92299 -2.10789
4.50114 -0.122137 0.618207
0.149657 2.48726 0.536889
6.55753 -8.2659 3.96566
-1.86358 5.8268 -4.16453
6.07494 -2.69395 -1.81921
2.71934 2.74043 5.10886
4.08054 2.27489 -0.65728
-0.164903 3.12725 -1.20984
-15.1677 -2.45654 6.34857
-2.15884 2.95176 -3.03286
0.323347 0.437166 -2.06776
0.148571 -4.33557 -2.39088
1.2017 -0.327923 -1.92134
0.130949 0.649253 -0.819725
-0.130367 3.47313 6.12748
-0.271271 -0.00458212 1.09292
0.886319 3.8204 0.719364
-3.60637 -3.06047 -4.30074
0.190787 2.31769 1.49353
-0.772745 -2.9357 -0.566986
-1.96084 -4.67776 -2.9085
0.930508 0.0831037 -2.11944
-0.0631465 -0.481616 5.49017
-0.744387 3.10181 3.24442
5.37711 2.90808 2.03717
-7.28997 6.78905 -5.01482
1.05822 -7.9565 0.492825
-3.47811 -0.367581 0.96492
3.04028 -0.506726 -3.40455
0.712462 -0.317027 1.98918
-0.68735 1.98118 -1.11157
-0.676969 -1.07294 -0.0173639
-1.40118 0.527052 -3.31697
2.57027 -0.103055 5.31925
4.96122 2.87016 5.88084
-3.11773 -1.62057 -2.39982
3.89018 -3.38842 4.66732
-1.13565 1.6236 1.38517
2.64816 5.02114 -7.10331
-0.859317 -1.31168 -1.3089
-2.40641 -2.3412 2.87359
-4.58852 2.9355 -2.36729
2.30867 -1.16151 0.487944
0.724144 3.17536 -0.140245
1.13755 -0.199298 2.6786
7.95303 1.29683 0.0432327
-4.21207 0.123392 -0.294159
-3.27889 0.592396 0.6361
1.12188 -4.85586 0.118839
5.12548 8.59048 2.75879
0.374092 0.0556684 1.43175
-0.319447 2.2514 0.486899
-2.09603 -0.356074 -4.9659
-3.14088 -2.44984 1.40554
-1.72774 -4.26623 -0.338187
-0.987978 -0.719933 3.55962
2.10145 0.340242 0.182061
2.72693 -1.20811 3.29935
3.39789 -2.68605 -0.379463
3.09682 0.109788 1.52686
1.57712 -3.26181 -2.37576
0.810536 0.467169 -2.18617
-5.07344 6.00231 0.456839
-5.92017 4.84452 -2.65376
1.03507 -0.0987629 -5.61113
-0.526872 -4.27515 -14.4235
-2.24985 1.25681 -1.30884
-1.64824 5.56994 -1.20661
-6.21546 -3.27284 1.61368
1.63436 3.41656 -1.5738
2.92554 1.67524 0.228921
1.31577 0.657233 -6.80373
-0.666209 4.40178 0.617792
0.425388 -2.66779 2.10931
2.87487 -1.93734 1.20862
0.0276663 3.18593 -2.55514
0.811623 -6.52479 -0.26556
-0.986878 -3.05478 -2.04622
-1.04712 -0.409097 -1.1929
0.135541 -5.33235 -3.07614
2.63069 -0.0150051 1.26773
0.786236 1.35058 1.5186
-0.319938 -0.408017 0.458691
-2.3153 -0.979349 -1.4352
-0.254687 0.592132 -0.0389653
0.0461357 -4.84807 -0.706136
-1.88891 -2.36559 2.77167
2.73345 4.02431 -0.808478
-1.27427 0.209715 3.44007
-1.3507 1.07167 2.64884
3.17238 -4.27969 1.64107
-0.179411 0.861749 -2.42134
3.773 4.05797 6.92494
-1.43766 1.16377 0.800644
4.78246 -2.57681 -2.71542
