-6.28113 0.59962 -5.07748
-2.55515 0.645942 1.90315
0.372408 -1.77356 0.0317105
-0.399043 -0.422821 -0.0515922
-5.29503 -4.01698 -1.95903
4.64937 -0.114563 0.699045
0.146099 2.53262 0.54567
6.74043 -8.20094 3.90334
-1.78892 5.78482 -4.05326
5.95014 -3.05282 -1.84838
3.00188 2.77189 5.27525
4.20129 2.28038 -0.731877
-0.161799 3.06592 -1.22098
-15.1755 -2.50011 6.24022
-2.04081 2.91484 -2.75239
0.324766 0.438831 -2.08273
0.154948 -4.6446 -2.32503
1.24283 -0.331773 -1.93418
0.189495 0.650298 -0.822636
-0.111185 3.37362 5.99739
-0.23834 -0.262953 1.10532
0.89304 3.88763 0.729809
-2.93748 -2.93052 -4.42677
0.193839 2.33662 1.46811
-0.833413 -2.85168 -0.566239
-1.96844 -4.61765 -2.89123
0.930194 0.00737304 -1.76331
-0.0678779 0.0164823 5.56369
-0.775545 3.1549 3.22859
5.6233 2.76142 2.10617
-6.96599 6.69725 -5.09437
0.957834 -7.79773 0.612052
-3.37765 0.0239193 0.952455
3.09314 -0.523064 -3.45301
0.760853 -0.309252 1.93963
-0.650257 1.99033 -1.08776
-0.680852 -1.04865 -0.0169973
-1.41079 0.525581 -3.19876
2.72087 -0.111052 5.44474
4.84416 2.89024 5.87285
-3.14874 -1.64691 -2.37055
3.75069 -3.49034 4.46605
-1.14547 1.41335 1.33649
2.67371 5.2042 -7.03284
-0.815511 -1.23849 -1.31833
-2.46229 -2.48873 2.95711
-4.49547 2.96746 -2.49982
2.29299 -1.17419 0.488513
0.671605 3.11207 -0.143985
1.14522 -0.198782 2.63384
7.56176 1.61177 0.31407
-4.26953 0.119716 -0.292906
-3.37221 0.54963 0.566506
0.650438 -4.75897 -0.152769
5.33501 8.21378 2.41372
0.374243 0.057437 1.39759
-0.320335 2.26311 0.495544
-1.97383 -0.278064 -4.97178
-3.1254 -2.46624 1.41544
-1.74267 -4.36649 -0.336273
-0.996758 -0.727154 3.50642
1.88368 0.175931 0.111267
2.76199 -1.09319 3.19689
3.46195 -2.72595 -0.38478
3.14754 0.171756 1.49235
1.52342 -3.49003 -2.21811
0.818566 0.553512 -2.13086
-5.24369 6.41611 -0.0462959
-6.09636 4.95744 -2.49689
0.959491 -0.10121 -5.53314
-0.293684 -3.80598 -14.0907
-2.34312 1.74671 -1.31955
-1.60864 5.56671 -1.31242
-6.88196 -3.17313 1.46325
1.66722 3.31572 -1.68705
2.85138 1.68751 0.232919
1.32874 0.739018 -6.97238
-0.625209 4.3084 0.61189
0.423765 -2.71958 2.1444
2.7213 -1.96185 0.99376
0.0282939 3.23471 -2.59981
0.822594 -6.46881 -0.281142
-0.991631 -2.76309 -2.07183
-1.05522 -0.414221 -1.20213
-0.0947562 -5.50108 -3.03621
2.65773 -0.0145173 1.28724
0.646647 1.35094 1.60082
-0.319137 -0.410871 0.470616
-2.30035 -1.09476 -1.3212
-0.259403 0.593677 -0.0382866
-0.0468387 -4.76292 -0.712516
-2.28815 -2.2441 3.10794
2.72761 4.08535 -0.817347
-1.06888 -0.0232124 3.51125
-1.36009 1.07837 2.69065
3.23528 -4.57947 1.72865
-0.22174 0.863301 -2.5173
3.75725 4.04141 6.7293
-1.34238 1.16663 0.803461
4.85048 -2.61549 -2.70295
