-6.28941 0.644255 -5.2787
-2.28895 1.4077 1.95654
0.474842 -1.80865 0.0299819
-0.545246 -0.62288 -0.0589521
-5.00335 -4.21219 -1.63152
4.9923 -0.0975846 0.860639
0.140502 2.62458 0.560713
7.42747 -8.08199 3.78873
-1.65248 5.70624 -3.85037
5.72774 -3.97525 -1.92096
3.38287 2.83568 5.64208
3.7882 2.29237 -0.896756
-0.155472 2.94824 -1.24139
-15.191 -2.58718 6.07946
-1.88842 3.29978 -2.25672
0.328256 0.443381 -2.11268
0.174085 -5.57781 -2.20124
1.32901 -0.339785 -1.95933
0.313835 0.652681 -0.828454
-0.0686605 3.18875 5.7644
-0.171774 -0.830894 1.12831
0.907118 4.0291 0.749237
-0.965189 -2.66869 -4.72145
0.201602 2.37493 1.41517
-0.950635 -2.6835 -0.566596
-1.98231 -4.5001 -2.8574
0.925709 -0.145182 -0.934687
-0.0848503 1.46032 5.72722
-0.826476 3.24836 3.19547
6.1298 2.48515 2.26808
-6.43928 6.52564 -5.25689
0.767635 -7.5001 0.82354
-3.10293 1.01359 1.02773
3.20657 -0.555348 -3.54599
0.866324 -0.292362 1.8439
-0.569286 2.00905 -1.04058
-0.687811 -0.99934 -0.0164209
-1.42811 0.521194 -2.97695
3.03629 -0.128481 5.72708
4.63191 2.93164 5.85909
-3.21253 -1.69908 -2.31326
3.49225 -3.68958 4.08638
-1.16333 1.01789 1.24255
2.82514 4.95335 -6.91386
-0.722088 -1.09486 -1.33831
-2.57575 -2.78308 3.14074
-4.20573 3.03429 -2.77347
2.26354 -1.19928 0.489972
0.566976 2.99278 -0.151229
1.16143 -0.198635 2.57323
6.88127 2.2448 0.837816
-4.38623 0.112372 -0.290012
-3.53804 0.493559 0.429703
-0.244765 -5.16482 -0.6866
5.73972 7.59889 1.81123
0.375442 0.0612681 1.33641
-0.32121 2.28778 0.512851
-1.73183 -0.127858 -4.98428
-3.09364 -2.49771 1.06416
-1.77085 -4.57587 -0.332822
-1.01358 -0.740576 3.40953
1.52177 -0.137751 -0.0256859
2.8492 -0.876218 2.99744
3.59873 -2.80837 -0.395122
3.28449 0.294801 1.42407
1.42457 -3.90082 -1.92613
0.837474 0.72647 -2.02593
-5.60048 6.81817 -1.06245
-6.55745 5.29367 -2.19716
0.80777 -0.105516 -5.39239
0.137768 -2.98025 -13.6353
-2.52435 3.05013 -1.32132
-1.5325 5.56276 -1.49684
-8.8156 -2.96919 1.17575
1.73597 3.12657 -1.8905
2.7131 1.71194 0.240674
1.3657 0.904452 -7.12525
-0.544118 4.12828 0.600334
0.421246 -2.82787 2.22078
2.41707 -2.00853 0.594085
0.0325194 3.33651 -2.7047
0.844865 -6.36345 -0.306868
-0.999402 -2.21059 -2.12955
-1.07059 -0.423598 -1.21978
-0.551565 -5.87192 -2.95805
2.7157 -0.0133722 1.32872
0.351821 1.34976 1.76906
-0.316763 -0.416466 0.495263
-2.26356 -1.31682 -1.10401
-0.267997 0.596906 -0.0368658
-0.22728 -4.60202 -0.725477
-3.01006 -2.0546 3.83366
2.72012 4.21727 -0.835493
-0.650049 -0.501762 3.66804
-1.37697 1.09293 2.77995
3.33763 -4.9466 1.89838
-0.30188 0.867667 -2.71576
3.7313 4.00935 6.41399
-1.15445 1.17284 0.809568
4.99681 -2.69596 -2.67819
