-6.28984 0.669977 -5.38819
-2.15214 1.82697 1.98024
0.527142 -1.82615 0.0288804
-0.618987 -0.721004 -0.0626632
-4.86084 -4.30908 -1.45062
5.19142 -0.0874499 1.00694
0.138456 2.67124 0.566278
7.89832 -8.02217 3.73641
-1.58708 5.67168 -3.75887
5.62872 -4.55682 -1.96654
3.15446 2.87343 5.84557
3.44105 2.30159 -0.988407
-0.152321 2.89215 -1.25143
-15.1977 -2.62942 6.00785
-2.07344 3.42518 -2.266
0.330274 0.446398 -2.12885
0.189175 -6.31771 -2.15102
1.37358 -0.343748 -1.97003
0.37889 0.654346 -0.831234
-0.0451243 3.1022 5.65302
-0.137355 -1.14728 1.13724
0.914773 4.10387 0.756366
0.771803 -2.52733 -4.90949
0.206258 2.39481 1.38464
-1.00874 -2.59752 -0.567913
-1.98834 -4.44152 -2.84152
0.921862 -0.222105 -0.511168
-0.100363 2.57435 5.8191
-0.849898 3.29214 3.17863
6.39064 2.35845 2.3573
-6.21583 6.45026 -5.34118
0.682548 -7.35135 0.918447
-2.9366 1.58004 1.16155
3.26687 -0.570531 -3.5918
0.921431 -0.282916 1.80216
-0.523161 2.01914 -1.01751
-0.690863 -0.974044 -0.0164
-1.43579 0.518777 -2.87226
3.20091 -0.138423 5.88264
4.53257 2.95399 5.85348
-3.24533 -1.72405 -2.28489
3.3722 -3.77123 3.90572
-1.17152 0.832566 1.19636
2.91912 4.77829 -6.85044
-0.67349 -1.02343 -1.3511
-2.63112 -2.92406 3.24053
-4.03097 3.07088 -2.91864
2.24971 -1.21148 0.490809
0.514367 2.93698 -0.154903
1.16999 -0.198768 2.54453
6.58452 2.60101 1.10192
-4.44583 0.108865 -0.288275
-3.61621 0.479026 0.365101
-0.429615 -5.32501 -0.74896
5.94287 7.34178 1.51998
0.376427 0.0634453 1.30633
-0.321093 2.3011 0.520797
-1.6113 -0.0546753 -4.99135
-3.07729 -2.51237 0.87025
-1.78432 -4.68485 -0.331608
-1.02165 -0.74644 3.36485
1.36377 -0.279216 -0.093169
2.90235 -0.771221 2.88961
3.67172 -2.85064 -0.400646
3.36833 0.357493 1.38738
1.38008 -4.05111 -1.79342
0.848985 0.814093 -1.98273
-5.78919 6.34822 -1.58775
-6.8154 5.50885 -2.01864
0.731523 -0.1068 -5.31652
0.353267 -2.5756 -13.4675
-2.61733 3.90385 -1.31116
-1.49587 5.5624 -1.58482
-10.5124 -2.85908 1.04799
1.77208 3.0394 -1.99455
2.64923 1.72456 0.244526
1.39024 0.989359 -6.912
-0.503707 4.04145 0.59406
0.420554 -2.88444 2.25785
2.26511 -2.02824 0.410175
0.0360945 3.39013 -2.77396
0.856583 -6.31336 -0.318707
-1.00263 -1.94523 -2.16245
-1.07802 -0.427549 -1.22839
-0.777064 -6.07601 -2.91985
2.74702 -0.0124985 1.35161
0.193364 1.34854 1.72786
-0.315142 -0.419053 0.507571
-2.24355 -1.4217 -1.0033
-0.271935 0.598735 -0.0362147
-0.314424 -4.52531 -0.732182
-3.303 -1.94755 4.20386
2.71814 4.28953 -0.845405
-0.433378 -0.741801 3.75333
-1.38417 1.10132 2.82821
3.39303 -5.11694 1.97301
-0.340627 0.871332 -2.81536
3.72023 3.99352 6.27326
-1.061 1.17645 0.81284
5.07604 -2.73719 -2.66769
