-1.23531 -1.563 -0.416407
-0.131259 -1.0284 0.137204
1.15752 -0.210946 0.0517342
-0.592814 -0.636192 -0.0299979
-2.36526 -0.28049 -1.70808
0.38257 -0.00182503 1.04199
0.0494265 -0.834651 0.0551693
0.186783 0.949769 0.447573
-1.23718 0.359488 -0.449807
0.299488 1.06625 -0.106437
-0.489006 -0.00441948 0.140642
-1.17644 0.152549 0.646954
-0.0138022 0.453695 -0.141009
-0.433784 -0.192513 -0.841349
0.729392 0.681385 -1.23609
0.0608882 0.129972 -0.235075
0.00500776 -0.368194 -0.782162
-0.801988 -0.02776 -0.128596
2.87571 0.102958 -0.253063
-1.69467 0.413438 0.231029
-0.441081 -0.525049 0.145343
0.0844512 0.313716 -0.0672309
0.574724 -0.304109 -0.253247
0.0787026 0.126825 0.698914
0.761938 -0.372517 -0.00862066
-0.163324 -0.481441 -0.471557
0.0385036 0.437769 -1.20582
-0.0271149 1.06721 0.185358
1.25245 0.0208961 0.487634
-0.506466 0.201839 -1.36504
-0.176645 1.03182 -0.187909
0.465553 1.24967 -0.915926
-0.200319 1.30691 0.0974275
0.164162 0.0910194 -0.233849
-0.573672 0.0514632 0.342526
2.01836 0.216371 -0.670014
-0.0743728 -0.454141 -0.00251376
-0.110629 -0.178259 3.57343
-0.586303 -0.330638 0.139871
0.526074 -0.187105 0.628293
-0.455802 0.0020676 -0.750368
3.7335 -0.296844 -1.64455
-0.0761558 -0.648013 0.415407
-0.769131 -1.88294 -0.327219
-0.349862 2.17802 -0.516428
-0.142552 0.394823 0.970173
-0.274559 0.240494 0.646052
1.028 -0.115379 0.0987221
0.463711 0.551728 -0.0995681
0.153861 -0.160165 0.371585
0.308305 0.833112 0.848724
-0.545528 -0.0192496 -0.0793348
-0.497948 0.157896 1.23998
0.534071 0.442675 -0.113865
0.246861 0.151268 0.431591
0.0713691 -0.00227351 -2.06429
-0.0497361 0.245309 -0.0443704
1.45874 0.793065 1.16682
-0.743644 -0.121256 1.58088
-0.218496 -0.323596 -0.06101
-0.116957 -0.219649 0.292256
-0.358332 1.05936 -0.656004
-0.02129 0.796635 1.27803
0.259096 -0.282079 0.0227984
0.219078 -0.619174 0.457357
0.492315 -1.01706 -0.957585
0.165792 -0.550208 -0.461212
-0.284037 1.46374 1.26678
-0.19144 0.192628 -0.358459
0.396515 -0.00391861 -0.319286
-2.79556 -0.88584 1.53714
0.731972 -1.43351 -0.0913383
-0.391048 0.413039 -0.547873
-0.21481 -0.359593 -0.54194
0.217719 0.510475 0.68288
0.409105 0.110388 -0.0333873
0.112067 -1.02712 -0.200184
-0.577045 0.325344 0.400723
0.0727706 -0.270413 0.166746
-0.859795 -0.356243 0.76725
0.0521632 0.179464 -0.23987
0.113528 -0.454306 0.0796597
-0.147164 -0.399328 -0.137198
-0.148284 -0.0315234 -0.0720642
-1.34082 -0.26324 -0.482024
0.309552 -0.0920816 0.0572312
1.56538 -0.0735153 1.39928
-0.0636147 -0.132258 -0.0905396
0.00833191 0.993976 -1.34886
0.219399 0.0631466 0.0187357
-0.811981 -0.162042 0.0773011
1.9849 -0.33241 1.1651
1.30199 -0.0346546 -0.2419
-0.600906 -0.404165 0.184721
-0.19802 0.0959369 0.133565
0.273701 -0.246211 0.140749
-2.08779 0.12447 -2.83749
3.35179 0.699824 0.244157
-2.53302 0.111757 0.0816128
0.682953 -0.0867329 -0.78741
