-6.28868 0.742777 -5.75057
-1.74725 3.13256 2.03578
0.682455 -1.8851 0.0240159
-0.848166 -1.01988 -0.0735636
-4.46814 -4.6295 -0.839594
5.90584 -0.0564728 1.71656
0.132285 2.80759 0.581959
8.34892 -7.8971 3.6082
-1.40389 5.56513 -3.52258
5.35206 -4.27014 -2.12069
2.4016 2.97055 6.5698
2.58845 2.32217 -1.3087
-0.146268 2.72182 -1.27661
-15.2142 -2.76698 5.82263
-2.72816 3.60453 -2.66487
0.3349 0.455592 -2.18042
0.260458 -9.2954 -0.140201
1.50425 -0.358949 -2.00506
0.537108 0.656009 -0.842099
0.021707 2.84488 5.34116
-0.0425879 -2.00911 1.15794
0.934373 4.32989 0.777024
2.57117 -2.11213 -5.81842
0.218732 2.44977 1.29796
-1.19102 -2.38148 -0.574857
-2.00941 -4.28799 -2.79021
0.897609 -0.475243 0.881893
-0.188184 7.07881 3.0955
-0.925177 3.39573 3.12789
7.18127 1.97459 2.65538
-5.66369 6.21066 -5.62278
0.412592 -7.02067 1.18229
-2.65906 3.04781 1.88582
3.45171 -0.621822 -3.81359
1.08174 -0.255936 1.68152
-0.390741 2.04535 -0.947629
-0.700757 -0.899848 -0.0158356
-1.46058 0.505237 -2.57669
3.70662 -0.204001 6.36785
4.23361 3.0083 5.84177
-3.35437 -1.81044 -2.20069
3.01841 -4.08648 3.38785
-1.19835 0.285367 1.06905
3.23704 4.21277 -6.6833
-0.534035 -0.82774 -1.3891
-2.79128 -3.43898 3.62013
-3.56961 3.16914 -3.38355
2.20613 -1.25174 0.494162
0.347824 2.76231 -0.165926
1.1945 -0.203012 2.38755
5.71989 3.32092 2.0197
-4.48197 0.0965495 -0.282543
-3.85641 0.445154 0.18461
-0.746995 -5.38102 -0.765674
6.51534 6.68371 0.621743
0.378373 0.0685334 1.21062
-0.321309 2.3392 0.547344
-1.26327 0.14664 -5.01274
-3.0314 -2.55858 0.155986
-1.8276 -5.04607 -0.327123
-1.04708 -0.766769 3.24309
0.897803 -0.95344 -0.294424
3.04854 -0.481526 2.58512
3.90646 -2.99734 -0.418783
3.62569 0.523897 1.28185
1.24 -3.71157 -1.44202
0.881065 1.06568 -1.85355
-6.56469 4.57323 -3.44405
-7.91919 6.28384 -1.36983
0.49515 -0.113847 -5.09396
0.942851 -1.43063 -13.0629
-2.95667 4.35635 -1.26551
-1.39595 5.5617 -1.26984
-10.9413 -2.6272 0.787272
1.8724 2.79245 -2.31719
2.46311 1.75699 0.25664
1.46042 1.23326 -6.30535
-0.38755 3.77731 0.575048
0.416723 -3.07608 2.37353
1.79099 -2.10369 -0.120748
0.0478404 3.55001 -2.96646
0.889854 -6.18053 -0.345484
-1.01584 -1.20093 -2.26448
-1.10366 -0.441238 -1.25317
-1.45688 -6.88214 -2.80353
2.84176 -0.0115744 1.41526
-0.37077 1.33694 1.15738
-0.312211 -0.42966 0.544752
-2.19534 -1.79514 -0.638642
-0.286401 0.60233 -0.0339686
-0.573071 -4.31785 -0.751266
-4.59239 -1.62165 5.55604
2.71379 4.51854 -0.872875
0.241114 -1.4862 4.04281
-1.40758 1.12282 2.99631
3.57712 -5.68902 2.18748
-0.471084 0.870743 -3.12
3.68711 3.93642 5.90088
-0.811326 1.1837 0.823461
5.32983 -2.88426 -2.64878
