-6.28725 0.77156 -5.88877
-1.61759 3.38491 2.04813
0.734595 -1.90468 0.0219967
-0.927 -1.11583 -0.0770718
-4.31371 -4.72912 -0.620489
6.20249 -0.0431836 2.00756
0.130091 2.78166 0.587255
8.16945 -7.85765 3.56942
-1.31869 5.52928 -3.44888
5.2728 -3.7723 -2.16825
1.97436 3.01874 6.8592
2.4178 2.34053 -1.43214
-0.145021 2.66886 -1.2831
-15.2187 -2.81328 5.7699
-2.88932 3.72876 -2.7891
0.335969 0.459207 -2.19803
0.280341 -8.84237 0.863304
1.54723 -0.363876 -2.01773
0.57648 0.657421 -0.846402
0.0431788 2.75986 5.2445
-0.015172 -1.87747 1.16299
0.939676 4.39941 0.783974
2.87163 -1.96431 -6.26948
0.222357 2.46817 1.27086
-1.25278 -2.27975 -0.57833
-2.0177 -4.23634 -2.77214
0.886243 -0.568337 1.41979
-0.213177 6.55485 1.5994
-0.949333 3.43086 3.1103
6.94766 1.85835 2.7693
-5.50424 6.14696 -5.72467
0.309696 -6.9125 1.26664
-2.6902 3.45887 2.10035
3.51612 -0.636875 -3.89715
1.13401 -0.245805 1.64154
-0.349851 2.05278 -0.924295
-0.704215 -0.872151 -0.0155116
-1.46921 0.500355 -2.4835
3.91809 -0.229729 6.54692
4.13558 3.0316 5.83899
-3.39245 -1.83881 -2.17305
2.90456 -4.18136 3.22075
-1.20772 0.109385 1.03016
3.40799 4.00753 -6.63201
-0.488857 -0.759443 -1.40172
-2.84077 -3.61419 3.77165
-3.44661 3.20657 -3.55389
2.19138 -1.26416 0.495514
0.289735 2.71888 -0.169489
1.20275 -0.204703 2.33373
5.38142 2.95729 2.44415
-4.4457 0.092705 -0.280447
-3.93479 0.443822 0.125984
-0.838123 -5.34088 -0.758233
6.71022 6.53526 0.314278
0.378737 0.0702874 1.17906
-0.321573 2.3579 0.557074
-1.15132 0.210015 -5.0199
-3.0167 -2.57331 -0.129189
-1.84265 -5.17069 -0.325219
-1.05569 -0.772916 3.2058
0.746962 -1.13768 -0.361948
3.09102 -0.385178 2.48761
3.99159 -3.04128 -0.425086
3.71532 0.584172 1.24736
1.18765 -3.52974 -1.33726
0.890193 1.13317 -1.8102
-6.91575 4.17867 -4.31937
-7.95793 6.73113 -1.12333
0.415939 -0.11557 -5.02936
1.10867 -1.16332 -12.9439
-3.08466 3.6547 -1.26045
-1.36457 5.56279 -1.13262
-10.7701 -2.53635 0.66613
1.90507 2.72181 -2.42601
2.40203 1.76799 0.260739
1.48051 1.30819 -6.11196
-0.350002 3.67994 0.568921
0.415205 -3.14761 2.41533
1.6294 -2.125 -0.29713
0.0519491 3.60423 -3.0251
0.900347 -6.11991 -0.351929
-1.02085 -0.955459 -2.2994
-1.1131 -0.444725 -1.26124
-1.66952 -7.23494 -2.76157
2.87439 -0.0112024 1.43625
-0.603189 1.33133 0.929525
-0.311682 -0.432918 0.557427
-2.18509 -1.9242 -0.493128
-0.291923 0.604011 -0.0331692
-0.659215 -4.25433 -0.757086
-4.68167 -1.47615 6.24881
2.71335 4.607 -0.881413
0.477742 -1.71254 4.15295
-1.41614 1.13079 3.06174
3.64836 -5.91003 2.25905
-0.520152 0.870077 -3.22836
3.67646 3.91596 5.79461
-0.737934 1.18624 0.827184
5.4294 -2.94326 -2.64438
