-6.28636 0.804793 -6.03656
-1.49579 3.66503 2.06649
0.787776 -1.92408 0.0201176
-1.00731 -1.21129 -0.0801015
-4.14093 -4.8348 -0.397111
6.54318 -0.0277323 2.34384
0.127698 2.68975 0.593048
8.00359 -7.82268 3.53646
-1.21375 5.49541 -3.37496
5.19453 -3.36409 -2.20895
1.35861 3.06943 7.33461
2.22996 2.36276 -1.54808
-0.144184 2.61895 -1.28781
-15.2233 -2.85402 5.72267
-3.03009 3.88774 -2.88417
0.336691 0.463566 -2.21548
0.292722 -8.16152 1.53084
1.59061 -0.368794 -2.03023
0.615279 0.65931 -0.850264
0.0632265 2.67549 5.15259
0.00865548 -1.74783 1.16895
0.944073 4.48053 0.791583
3.06108 -1.81353 -6.61456
0.22537 2.48866 1.24514
-1.3171 -2.18161 -0.580778
-2.02693 -4.18081 -2.75176
0.873029 -0.657711 2.01361
-0.228718 5.58415 0.60821
-0.975429 3.46577 3.09471
6.25492 1.74437 2.896
-5.35386 6.087 -5.82839
0.195875 -6.80523 1.35897
-2.76466 3.8973 2.27602
3.58272 -0.650779 -3.98199
1.18536 -0.235203 1.60316
-0.311384 2.06111 -0.89934
-0.707775 -0.841904 -0.0147799
-1.47807 0.496032 -2.39165
4.16959 -0.256994 6.74076
4.03893 3.05578 5.83805
-3.43027 -1.86599 -2.14417
2.79136 -4.27496 3.06536
-1.21771 -0.0636384 0.99752
3.6258 3.80971 -6.57876
-0.446458 -0.690038 -1.41284
-2.88891 -3.77534 3.51603
-3.35772 3.24523 -3.70794
2.17712 -1.2756 0.497365
0.230073 2.67743 -0.17224
1.21116 -0.20605 2.28224
4.99916 2.631 3.04626
-4.41032 0.0890315 -0.277969
-4.0169 0.445183 0.0715358
-0.930081 -5.28745 -0.74572
6.91083 6.40058 0.0155804
0.378905 0.0726466 1.1482
-0.321975 2.38407 0.567747
-1.04121 0.274682 -5.0263
-3.00241 -2.58485 -0.446402
-1.85828 -5.29785 -0.322253
-1.06431 -0.778131 3.17053
0.594317 -1.31522 -0.425373
3.12393 -0.288381 2.39857
4.0805 -3.08538 -0.430807
3.79832 0.64528 1.21915
1.12959 -3.34991 -1.22288
0.897536 1.20494 -1.76572
-7.35022 3.80504 -5.51163
-7.62421 7.19394 -0.797383
0.337613 -0.11697 -4.96766
1.25395 -0.939465 -12.83
-3.22084 3.09047 -1.25908
-1.33376 5.56486 -0.998147
-10.6478 -2.44744 0.565172
1.93697 2.66004 -2.53522
2.34153 1.77947 0.265727
1.49582 1.39083 -5.92043
-0.31298 3.58622 0.563425
0.41343 -3.21534 2.4595
1.46675 -2.14534 -0.472656
0.0556467 3.67095 -3.08429
0.910395 -6.03984 -0.356725
-1.0267 -0.706301 -2.33045
-1.1228 -0.447372 -1.26877
-1.871 -7.66952 -2.7124
2.90823 -0.0104481 1.45812
-0.870447 1.32445 0.672411
-0.311148 -0.435332 0.570658
-2.17859 -2.02273 -0.089558
-0.297507 0.606167 -0.0321281
-0.745903 -4.19198 -0.761723
-4.28531 -1.34789 6.3958
2.71309 4.70258 -0.888451
0.709915 -1.95394 4.2785
-1.42544 1.13994 3.13463
3.72022 -6.14539 2.33523
-0.573769 0.869138 -3.33868
3.66622 3.89825 5.69677
-0.66563 1.18936 0.831653
5.54093 -3.00309 -2.63922
