-6.28143 0.841361 -6.19716
-1.37739 3.97292 2.0994
0.841904 -1.94277 0.0183775
-1.08903 -1.30418 -0.0826639
-3.98649 -4.94761 -0.17403
6.67482 -0.00944416 2.74022
0.125396 2.60157 0.599395
7.85768 -7.79091 3.508
-1.11739 5.46383 -3.3008
5.11998 -3.02476 -2.24361
0.698086 3.12394 8.0256
2.04262 2.38816 -1.65633
-0.14322 2.56995 -1.29077
-15.2279 -2.89421 5.68068
-3.1571 5.12439 -2.95467
0.337591 0.468224 -2.23278
0.300233 -7.7205 1.97793
1.63627 -0.373775 -2.04262
0.655234 0.661505 -0.853681
0.0833207 2.59015 5.06573
0.0307579 -1.61956 1.17653
0.948407 4.56418 0.799927
3.26778 -1.64935 -6.79095
0.228702 2.50933 1.2208
-1.38233 -2.08581 -0.582157
-2.03607 -4.12338 -2.72914
0.85887 -0.749933 2.67813
-0.237467 4.95408 -0.0439125
-1.00064 3.50037 3.08121
5.63817 1.63765 3.03611
-5.20924 6.03021 -5.93473
0.0855781 -6.6757 1.4596
-2.86475 2.42481 2.41797
3.65468 -0.663729 -4.06815
1.24074 -0.224286 1.5664
-0.270781 2.07045 -0.872735
-0.711115 -0.81043 -0.0136334
-1.48583 0.491744 -2.30091
4.42757 -0.284503 6.95163
3.94552 3.08155 5.83887
-3.46843 -1.89119 -2.11405
2.68034 -4.36871 2.92132
-1.22754 -0.237682 0.971191
3.8311 3.62276 -6.52317
-0.404337 -0.620632 -1.42242
-2.93377 -3.93629 2.88222
-3.27381 3.28556 -3.8432
2.16358 -1.28647 0.499711
0.16925 2.63819 -0.174201
1.2205 -0.207401 2.23307
4.65216 2.32831 4.00314
-4.37542 0.085561 -0.275102
-4.09599 0.448193 0.0211755
-1.01998 -5.15876 -0.728788
7.13682 6.27972 -0.270627
0.379322 0.0751706 1.11801
-0.322037 2.41125 0.579375
-0.931519 0.341153 -5.03195
-2.98813 -2.59446 -0.804314
-1.87416 -5.42882 -0.318208
-1.07247 -0.783001 3.13713
0.443422 -1.48765 -0.484967
3.15687 -0.191478 2.31849
4.17414 -3.12955 -0.435901
3.88284 0.707179 1.19791
1.07355 -3.16937 -1.09795
0.905141 1.27736 -1.72008
-7.85849 3.45933 -7.39749
-7.32872 7.71742 -0.41149
0.264141 -0.117918 -4.90841
1.41103 -0.745989 -12.7338
-3.36134 2.63163 -1.25999
-1.3007 5.56755 -0.866242
-10.531 -2.36209 0.494922
1.97033 2.60567 -2.64649
2.28314 1.79355 0.271602
1.51201 1.47402 -5.72975
-0.276377 3.49537 0.558573
0.411721 -3.28541 2.50618
1.30169 -2.1646 -0.648985
0.0597967 3.73917 -3.14452
0.920793 -5.96681 -0.35994
-1.03216 -0.454757 -2.3573
-1.13218 -0.449626 -1.27576
-2.07661 -8.06074 -2.65403
2.94699 -0.00936919 1.48095
-1.04887 1.31592 0.374893
-0.310232 -0.437447 0.584441
-2.17422 -2.12018 0.543292
-0.302828 0.60856 -0.0308427
-0.832206 -4.1239 -0.765176
-3.87774 -1.24252 5.88844
2.71385 4.80346 -0.893972
0.941714 -2.21752 4.42143
-1.43351 1.14972 3.21655
3.7919 -6.39998 2.41636
-0.626517 0.866965 -3.45146
3.6573 3.88074 5.60651
-0.592662 1.19343 0.836865
5.65757 -3.0617 -2.63323
