-6.25469 0.92073 -6.5887
-1.13427 2.49714 2.19631
0.954594 -1.97592 0.0137706
-1.25552 -1.47987 -0.088348
-3.59868 -5.18945 0.216902
6.48011 0.0384456 3.78413
0.122106 2.4435 0.612022
7.6259 -7.73335 3.44427
-0.928493 5.41884 -3.15998
4.99918 -2.48649 -2.31811
-0.595231 3.24258 9.12491
1.71645 2.44421 -1.86952
-0.138653 2.47192 -1.29596
-15.2346 -2.98402 5.59984
-3.38647 7.43595 -3.06348
0.340507 0.477977 -2.268
0.308947 -7.21117 2.53606
1.73527 -0.383953 -2.06878
0.740519 0.667109 -0.86118
0.136319 2.41933 4.90914
0.0792851 -0.916131 1.19474
0.95994 4.62282 0.81667
0.453665 -1.27257 -7.22171
0.238039 2.54904 1.17184
-1.51 -1.89963 -0.588202
-2.05153 -4.00933 -2.6864
0.83557 -0.944071 3.75896
-0.242585 4.17803 -0.849316
-1.04283 3.567 3.0527
4.63714 1.45697 3.30817
-4.89143 5.92591 -6.1762
-0.107268 -6.39145 1.65437
-3.08899 -0.50065 2.61659
3.82102 -0.685722 -4.24829
1.36297 -0.201548 1.4954
-0.181152 2.09801 -0.818831
-0.716388 -0.744012 -0.0116616
-1.49678 0.482376 -2.12453
5.01555 -0.335043 7.4143
3.77178 3.13889 5.84047
-3.54212 -1.93835 -2.05776
2.5075 -4.58487 2.5899
-1.24316 -0.611216 0.917804
4.23898 3.34683 -6.42039
-0.312056 -0.480798 -1.44339
-3.00663 -3.19112 1.75165
-3.05694 3.37925 -4.1218
2.13944 -1.30691 0.504225
0.0472134 2.56537 -0.179812
1.24351 -0.209721 2.14212
4.21253 1.73318 4.89101
-4.3063 0.0795083 -0.26902
-4.23545 0.453511 -0.0790796
-1.18952 -4.78485 -0.694637
6.86807 6.07865 -1.00828
0.381489 0.0805152 1.05955
-0.320169 2.469 0.602693
-0.71054 0.48717 -5.04407
-2.95572 -2.60491 -1.47279
-1.90445 -5.70471 -0.310955
-1.08613 -0.793392 3.07282
0.195671 -1.82595 -0.635876
3.25843 0.00837619 2.16123
4.38105 -3.21775 -0.447351
4.09019 0.835522 1.15765
0.985993 -2.84308 -0.886893
0.92654 1.48517 -1.62966
-8.78549 2.87836 -7.53198
-6.63974 9.28696 0.256594
0.130299 -0.118432 -4.79904
1.78261 0.953092 -12.6274
-3.63705 1.92068 -1.28113
-1.22754 5.57539 -0.610045
-10.1916 -2.20264 0.34711
2.0641 2.52114 -2.87583
2.174 1.83037 0.28288
1.55901 1.65578 -5.35999
-0.20183 3.33917 0.548615
0.41189 -3.42135 2.61087
0.98102 -2.20232 -1.03293
0.0721305 3.87764 -3.27454
0.944383 -5.82963 -0.364679
-1.03741 0.0456137 -2.41703
-1.14885 -0.453902 -1.29019
-2.48977 -9.05243 -2.52572
3.03765 -0.00545427 1.52819
-1.19084 1.29203 -0.399994
-0.306597 -0.440976 0.612322
-2.16332 -2.92075 1.66713
-0.312217 0.61392 -0.0284163
-1.00218 -3.96617 -0.771996
0.726098 -1.08573 5.03096
2.72096 5.01776 -0.906527
1.516 -2.86599 4.68815
-1.44417 1.16892 3.4125
3.97638 -6.94027 2.56737
-0.72814 0.853689 -3.69414
3.64662 3.8453 5.45537
-0.443123 1.20652 0.847329
5.91566 -3.15826 -2.62599
