-6.20132 1.08266 -7.49937
-0.76522 0.274242 2.37128
1.1324 -2.01629 0.00536539
-1.51849 -1.7207 -0.0965459
-3.04796 -5.52888 0.720244
6.24167 0.149114 6.31221
0.118075 2.2617 0.632305
7.32584 -7.64093 3.36425
-0.640956 5.38257 -2.95955
4.8394 -1.8619 -2.42395
-3.19706 3.43147 8.37165
1.24803 2.53884 -2.04148
-0.128848 2.32481 -1.30046
-15.2499 -3.12679 5.4891
-3.71996 6.43075 -3.16903
0.345089 0.494999 -2.3227
0.313837 -6.81758 3.05105
1.89401 -0.398836 -2.11083
0.874289 0.679516 -0.87213
0.218851 2.1793 4.7314
0.164836 0.403458 1.24309
0.979836 4.14843 0.844666
-3.06734 -0.644678 -7.35351
0.253465 2.61075 1.09902
-1.71111 -1.62672 -0.597838
-2.07446 -3.83385 -2.62266
0.809335 -1.25316 2.06851
-0.240375 3.52391 -1.53712
-1.10317 3.67131 3.01558
3.55242 1.25967 3.76504
-4.3732 5.79684 -6.60172
-0.376612 -5.95247 1.96978
-3.3159 -0.127726 2.70686
4.12162 -0.704181 -4.53686
1.55216 -0.164741 1.39691
-0.0426316 2.15875 -0.732075
-0.722665 -0.64113 -0.00812283
-1.5095 0.469682 -1.868
5.11466 -0.393536 8.30795
3.53007 3.24302 5.84606
-3.65444 -1.99592 -1.97542
2.29446 -4.93829 2.08787
-1.26355 -1.2299 0.841773
4.84064 3.06875 -6.26315
-0.171393 -0.263399 -1.47337
-3.10629 -1.57282 0.133672
-2.72581 3.58447 -4.53856
2.10742 -1.334 0.512121
-0.145198 2.46863 -0.188322
1.28384 -0.211058 2.01699
3.77977 1.05467 5.59722
-4.20694 0.0726162 -0.258271
-4.41885 0.45053 -0.216618
-1.43905 -4.14782 -0.633859
6.23167 5.88329 -2.2759
0.384778 0.0901778 0.9728
-0.315093 2.56851 0.639633
-0.379756 0.73166 -5.06076
-2.9102 -2.59558 -0.557578
-1.95213 -6.01803 -0.299259
-1.10373 -0.807405 2.98301
-0.145859 -2.31509 -0.87718
3.41099 0.359118 1.95091
4.73822 -3.35036 -0.463544
4.44982 1.05151 1.10992
0.870432 -2.37793 -0.5748
0.963712 2.02404 -1.49262
-11.1857 2.02115 -5.39559
-5.66327 11.0542 1.20185
-0.0544922 -0.114783 -4.64917
2.41845 2.85732 -12.562
-4.08762 1.14033 -1.32995
-1.11507 5.59285 -0.244154
-9.76281 -1.99708 0.151709
2.2432 2.43003 -3.25895
2.02107 1.90565 0.301505
1.63711 1.98737 -4.81653
-0.0903849 3.15558 0.535445
0.415119 -3.59591 2.79832
0.574699 -2.24643 -1.71378
0.0946586 4.10323 -3.49356
0.981716 -5.63189 -0.366289
-1.03963 0.859653 -2.51618
-1.1725 -0.457995 -1.31167
-3.28638 -9.86309 -2.21297
3.18931 0.00516481 1.60539
-1.43028 1.23342 -2.25428
-0.299751 -0.443125 0.655806
-2.13988 -4.38426 3.28223
-0.325177 0.623677 -0.0244871
-1.26111 -3.69037 -0.779025
6.8806 -0.725839 4.19794
2.73899 5.35824 -0.924892
2.77038 -3.79224 5.09936
-1.45189 1.20206 3.85777
4.31917 -7.86686 2.75314
-0.89743 0.809574 -4.10565
3.64148 3.79553 5.25436
-0.214808 1.23703 0.864998
6.36303 -3.26197 -2.62146
