-6.1878 1.14883 -7.00469
-0.64112 -0.35033 2.42384
1.19411 -2.03122 0.00134525
-1.61043 -1.80475 -0.100135
-2.87624 -5.6558 0.861176
6.18221 0.192275 7.38153
0.11682 2.20235 0.637989
7.22527 -7.6023 3.33239
-0.545155 5.37075 -2.90035
4.79002 -1.68143 -2.46526
-3.68177 3.47255 7.93826
1.12667 2.56749 -2.12082
-0.124951 2.2672 -1.30356
-15.2579 -3.18016 5.45101
-3.83773 6.2998 -3.19305
0.346663 0.500714 -2.34402
0.314438 -6.73031 3.18605
1.94986 -0.404187 -2.12766
0.920776 0.683471 -0.878132
0.246046 2.10595 4.67376
0.198775 0.836297 1.25822
0.986922 3.98799 0.852079
-2.36453 -0.446462 -6.66639
0.258878 2.63055 1.0713
-1.78136 -1.54226 -0.604324
-2.08256 -3.78116 -2.604
0.805505 -1.36398 0.983469
-0.239236 3.36375 -1.71036
-1.12311 3.70569 2.9993
3.27238 1.19753 3.9336
-4.18424 5.75706 -6.77037
-0.466646 -5.81968 2.06369
-3.21771 -0.481435 2.68294
4.2393 -0.707891 -4.64332
1.61715 -0.152825 1.36252
0.00430736 2.17951 -0.705917
-0.724421 -0.619369 -0.0075496
-1.51289 0.46484 -1.79285
4.85809 -0.413925 8.68315
3.45387 3.27642 5.84537
-3.69341 -2.01649 -1.95031
2.22979 -5.0689 1.91278
-1.26985 -1.46234 0.815115
5.03877 2.98402 -6.21408
-0.123636 -0.19114 -1.48797
-3.14177 -0.99116 -0.458315
-2.61969 3.66485 -4.72159
2.09765 -1.34504 0.513899
-0.212383 2.43364 -0.19238
1.2988 -0.21167 1.97415
3.63342 0.869989 5.81052
-4.17491 0.0700488 -0.255116
-4.46034 0.432059 -0.277947
-1.5232 -3.95865 -0.615995
6.06193 5.83216 -2.67531
0.385806 0.0931343 0.940675
-0.312972 2.60066 0.650984
-0.269006 0.812121 -5.06767
-2.89801 -2.5897 0.178531
-1.96884 -5.91236 -0.297068
-1.10894 -0.812415 2.95198
-0.25911 -2.47949 -0.969074
3.46291 0.502912 1.87521
4.87083 -3.39831 -0.470055
4.58859 1.12854 1.08109
0.831026 -2.23074 -0.476936
0.976675 2.2109 -1.45117
-12.9206 1.72865 -4.79059
-5.36444 10.3761 1.4364
-0.112482 -0.113801 -4.60381
2.64559 3.28626 -12.5575
-4.25241 0.916068 -1.35524
-1.0769 5.59895 -0.129931
-9.6325 -1.95428 0.063078
2.311 2.39453 -3.42611
1.97229 1.93014 0.30605
1.66338 2.10251 -4.64792
-0.0536103 3.0949 0.530036
0.416505 -3.65944 2.85667
0.47786 -2.26038 -1.99422
0.102797 4.18272 -3.57659
0.99432 -5.57742 -0.367499
-1.03893 1.16085 -2.55641
-1.18006 -0.459919 -1.32126
-3.72859 -10.0368 -2.08779
3.24454 0.00885338 1.63096
-1.52166 1.20877 -3.04504
-0.297233 -0.44452 0.668906
-2.1277 -4.91637 3.85857
-0.329255 0.625973 -0.0239125
-1.3503 -3.60497 -0.782481
6.01909 -0.544175 3.43676
2.7465 5.44754 -0.933038
3.5082 -4.06147 5.21438
-1.45064 1.21343 3.99353
4.45839 -7.4585 2.80004
-0.956595 0.785042 -4.7333
3.64214 3.77818 5.17394
-0.137346 1.24677 0.869582
6.5302 -3.29995 -2.6259
