-6.18447 1.29869 -4.62148
-0.364533 -1.65275 2.52836
1.34293 -2.06992 -0.00692805
-1.76726 -1.99309 -0.107059
-2.54013 -5.92977 1.12683
6.07461 0.258064 7.69159
0.115395 2.08438 0.651643
6.96976 -7.46266 3.31874
-0.361812 5.33331 -2.77968
4.70176 -1.34427 -2.53365
-2.70605 3.52347 7.19641
0.726786 2.6101 -2.29214
-0.114278 2.15149 -1.30565
-15.2757 -3.29585 5.39587
-4.08464 5.60899 -3.21626
0.349891 0.511656 -2.39023
0.315711 -6.59198 3.35851
2.06564 -0.416253 -2.1711
1.01716 0.68952 -0.894664
0.304005 1.96676 4.57176
0.282137 1.67989 1.28487
1.00414 3.65538 0.86775
-1.45783 -0.0979188 -5.82925
0.270783 2.66913 1.01606
-1.91538 -1.3813 -0.617196
-2.09752 -3.69488 -2.56295
0.810786 -1.60566 -0.846806
-0.237037 3.08272 -1.93487
-1.1631 3.77501 2.96628
2.78935 1.01916 4.38932
-3.80216 5.67305 -7.1027
-0.639468 -5.65508 2.25507
-3.04888 0.16286 2.78823
4.49989 -0.715897 -4.86811
1.74897 -0.131319 1.28056
0.101442 2.21172 -0.660154
-0.726102 -0.580487 -0.00556506
-1.51905 0.45235 -1.66359
4.35587 -0.473852 9.23445
3.31254 3.33722 5.84183
-3.77363 -2.07483 -1.89532
2.11569 -5.3665 1.64464
-1.28006 -1.98803 0.781282
5.44081 2.76373 -6.10315
-0.0196047 -0.0499356 -1.52257
-3.2172 0.302757 -0.959518
-2.42726 3.82114 -4.36261
2.08108 -1.37057 0.518254
-0.303408 2.3622 -0.198386
1.33093 -0.214468 1.89661
3.40636 0.492472 5.53286
-4.11166 0.063376 -0.249371
-4.45146 0.285475 -0.5079
-1.68667 -3.76171 -0.577305
5.78367 5.7132 -3.29449
0.38773 0.0978315 0.877398
-0.307461 2.66284 0.676101
-0.0351145 0.962265 -5.08209
-2.87964 -2.57639 1.33291
-1.99716 -5.71658 -0.290983
-1.11823 -0.824063 2.89178
-0.471295 -2.82214 -1.12157
3.61897 0.818519 1.65708
4.83457 -3.5033 -0.480914
4.88731 1.28562 1.00826
0.760609 -1.97812 -0.218022
1.00664 2.58789 -1.37259
-13.6291 1.03749 -3.6273
-4.06874 8.77756 1.84148
-0.231876 -0.116171 -4.52354
3.14355 3.90144 -12.5529
-4.52226 0.491193 -1.40176
-1.00239 5.60939 0.0848585
-9.44447 -1.91631 -0.244787
2.45853 2.29928 -3.75397
1.88048 1.96255 0.314135
1.71949 2.32608 -4.34667
0.0257622 2.96136 0.520553
0.420862 -3.80088 2.98847
0.299877 -2.29743 -2.55695
0.120242 4.34771 -3.72107
1.0218 -5.48357 -0.368599
-1.0327 1.84735 -2.61973
-1.19402 -0.464765 -1.34254
-4.58557 -9.76006 -1.97317
3.3616 0.0141626 1.6768
-1.71445 1.16882 -3.10806
-0.291441 -0.449407 0.694725
-2.09051 -6.12779 4.00207
-0.336721 0.628669 -0.0232255
-1.52964 -3.47442 -0.789275
4.12611 -0.16481 2.52892
2.76565 5.63328 -0.943519
2.51305 -4.9134 5.50494
-1.43751 1.23412 4.13142
5.03056 -5.99016 2.92716
-1.07708 0.711684 -6.47873
3.64731 3.74115 5.04475
0.0225072 1.25891 0.87689
6.9086 -3.42675 -2.63619
