-6.23153 1.48844 -4.30105
-0.100705 -2.933 2.63339
1.50135 -2.11219 -0.0155408
-1.92577 -2.19407 -0.114296
-2.83005 -6.54102 1.30265
5.94986 0.288735 6.69233
0.113276 1.96814 0.666789
6.76892 -7.26709 3.62217
-0.199186 5.29613 -2.65109
4.6089 -1.02526 -2.59992
2.01452 3.64498 6.65929
-0.0564242 2.64268 -2.47733
-0.104278 2.03324 -1.30735
-15.3049 -3.43114 5.34837
-4.37866 5.04047 -3.22098
0.352298 0.521894 -2.43651
0.316346 -6.49832 3.23668
2.18389 -0.42906 -2.21019
1.11484 0.695154 -0.908877
0.356589 1.84158 4.49034
0.366793 2.55327 1.30735
1.01985 3.31239 0.88545
-0.869595 0.264567 -5.30284
0.281693 2.70473 0.967974
-2.05799 -1.22506 -0.629935
-2.11493 -3.61993 -2.52216
0.829191 -1.87399 -1.08238
-0.238408 2.7923 -1.69588
-1.21126 3.84553 2.93392
2.28518 0.83864 4.82733
-3.45211 5.59514 -7.37856
-0.825615 -5.52857 2.44369
-3.2991 0.0667915 2.95329
4.78782 -0.721409 -5.06454
1.88041 -0.11159 1.21015
0.198324 2.24332 -0.614965
-0.727323 -0.543613 -0.00314899
-1.52682 0.437634 -1.55142
3.83288 -0.54164 8.66685
3.17708 3.40031 5.83636
-3.86745 -2.13854 -1.83913
1.99414 -5.73637 1.37737
-1.29223 -2.65789 0.755859
5.82407 2.55724 -5.98045
0.0819939 0.0913567 -1.55751
-3.30732 0.852713 -1.25177
-2.28293 3.99982 -3.84061
2.06517 -1.39762 0.523413
-0.384266 2.29296 -0.203503
1.36313 -0.218236 1.83694
3.17546 0.12062 5.06125
-4.05134 0.0562922 -0.242341
-4.5431 0.0433653 -1.21171
-1.85584 -3.61978 -0.536868
5.49658 5.59242 -3.09681
0.388175 0.100879 0.820403
-0.302111 2.7244 0.703209
0.203465 1.1126 -5.09575
-2.87692 -2.55835 1.16525
-2.02621 -5.53222 -0.285582
-1.12811 -0.838205 2.83382
-0.703952 -3.18289 -1.28041
3.82251 1.09941 1.41774
4.69689 -3.61699 -0.489978
5.19512 1.45623 0.932205
0.681143 -1.76365 0.0569823
1.03367 2.98834 -1.29455
-10.1091 0.245192 -2.91958
-2.72739 8.32647 2.26412
-0.36091 -0.120173 -4.43865
3.6802 4.43524 -12.5504
-4.80128 0.0821883 -1.45224
-0.932895 5.61969 0.301633
-9.35896 -1.86073 -0.542051
2.59753 2.18661 -4.04066
1.79146 1.99143 0.321639
1.76561 2.55964 -4.0491
0.103424 2.82535 0.513348
0.421853 -3.96017 3.14165
0.122094 -2.337 -2.96186
0.135061 4.51688 -3.83854
1.04824 -5.4034 -0.367114
-1.02387 2.69451 -2.68411
-1.20891 -0.47086 -1.36416
-5.14692 -8.78328 -1.93038
3.4865 0.0194188 1.72963
-1.90405 1.15233 -2.34552
-0.286468 -0.455465 0.721295
-2.04457 -6.25207 3.7794
-0.34442 0.630315 -0.0222747
-1.71862 -3.36035 -0.795835
0.807735 0.196197 1.89181
2.7853 5.82719 -0.950748
0.300318 -5.81041 5.82969
-1.40928 1.25388 4.19237
5.6219 -4.95478 3.06128
-1.2034 0.595585 -6.1646
3.65266 3.70299 4.97117
0.186377 1.26908 0.884469
7.34001 -3.57268 -2.65157
