-6.39664 1.82873 -3.84425
0.316134 -3.03135 2.78816
1.81193 -2.18102 -0.0314527
-2.18248 -2.52862 -0.128363
-2.49696 -7.68542 1.64531
5.75235 0.30065 5.92747
0.112628 1.79919 0.6875
6.7415 -7.27951 3.73775
0.0599213 5.23987 -2.48036
4.49536 -0.556762 -2.70429
0.764442 3.89024 6.1593
-0.369341 2.65672 -2.80499
-0.087432 1.85135 -1.31593
-15.3647 -3.66149 5.27589
-4.82693 4.4601 -3.21341
0.357108 0.536526 -2.50854
0.321165 -6.39561 3.06666
2.37135 -0.449804 -2.27478
1.27439 0.703026 -0.932359
0.442224 1.66749 4.37102
0.519574 2.54157 1.33403
1.05068 2.78945 0.908604
0.096629 0.588582 -4.73658
0.301443 2.75703 0.896895
-2.27685 -0.995674 -0.650044
-2.13747 -3.51744 -2.46609
0.903864 -2.3035 -1.49177
-0.243188 2.3828 -1.20098
-1.27917 3.95502 2.8862
1.63131 0.521603 5.39507
-2.98744 5.48658 -7.85066
-1.08719 -5.37321 2.71962
-3.84768 -1.34278 3.15336
5.29163 -0.734483 -5.39008
2.08927 -0.0865644 1.10776
0.358561 2.29073 -0.55046
-0.725521 -0.489261 -7.05707e-05
-1.53515 0.413318 -1.39161
3.0977 -0.670191 7.69322
2.9931 3.50439 5.82122
-3.99578 -2.23814 -1.76303
1.84488 -6.44006 0.953846
-1.3135 -4.20222 0.734785
7.68729 2.29515 -5.79705
0.253876 0.30289 -1.61586
-3.41832 1.29687 -1.7607
-2.03711 4.29176 -3.21175
2.04776 -1.43957 0.529752
-0.502453 2.194 -0.212713
1.41573 -0.226676 1.75285
2.92075 -0.526928 4.4563
-3.96175 0.0455423 -0.231657
-5.02463 0.128399 -1.73877
-2.09951 -3.41895 -0.474727
5.19865 5.37902 -2.46546
0.389112 0.102311 0.734615
-0.291866 2.82031 0.742647
0.583247 1.34743 -5.11669
-2.89646 -2.53833 0.923183
-2.06373 -5.26884 -0.282752
-1.14144 -0.862282 2.74762
-1.05038 -3.79859 -1.53305
4.23321 1.44247 1.05215
4.50856 -3.80645 -0.503562
5.83074 1.73812 0.818401
0.576564 -1.49143 0.475301
1.08341 3.69652 -1.18523
-7.72896 -1.83063 -2.18941
-2.14642 7.85211 2.78298
-0.562747 -0.12925 -4.32982
4.61941 5.29828 -12.5529
-5.26279 -0.549782 -1.53801
-0.82807 5.63404 0.607756
-9.22817 -1.74975 -0.891895
2.81743 1.9881 -4.51474
1.66993 2.03674 0.331259
1.84955 2.93987 -3.63281
0.247738 2.62841 0.503962
0.426773 -4.23424 3.38111
-0.130389 -2.40849 -3.40764
0.156957 4.79172 -4.05636
1.09169 -5.30045 -0.364307
-0.988203 4.7003 -2.81502
-1.22941 -0.481546 -1.39819
-5.83943 -7.03058 -1.85243
3.70407 0.0272347 1.80836
-2.1734 1.14724 -1.76159
-0.276801 -0.465324 0.759931
-1.97442 -5.89463 3.45258
-0.353833 0.631752 -0.0213623
-2.00864 -3.20171 -0.805847
0.155748 0.645413 1.01956
2.81989 6.13692 -0.962181
-1.86891 -5.09619 6.3746
-1.34138 1.28591 4.3147
6.66569 -4.14468 3.25537
-1.35272 0.359546 -5.72255
3.66565 3.64776 4.87035
0.449487 1.2829 0.893881
5.66021 -3.82134 -2.69488
