-6.74665 2.20766 -3.25049
0.929276 -1.08657 2.97915
2.27483 -2.29694 -0.0594773
-2.01659 -2.26465 -0.162158
-1.94205 -7.86023 2.14841
5.41625 0.293747 5.30781
0.111801 1.59993 0.712359
6.59478 -7.2881 3.64849
0.416038 5.17358 -2.28562
4.32178 0.0457671 -2.87989
-1.01315 4.36552 5.59574
-0.855854 2.67218 -3.37387
-0.0739435 1.67239 -1.34044
-15.5348 -4.05378 5.14878
-5.54136 3.7943 -3.18886
0.361953 0.558084 -2.6115
0.330202 -6.2352 2.86763
2.62184 -0.478308 -2.37909
1.49318 0.714632 -0.970006
0.549953 1.46864 4.21706
0.769258 1.06725 1.37176
1.09505 2.25082 0.932988
7.23232 0.768854 -4.16614
0.325547 2.85107 0.802114
-2.67289 -0.712252 -0.681851
-2.17131 -3.39604 -2.40244
1.04981 -2.75997 -2.14504
-0.260117 2.03464 -0.599993
-1.40465 4.10264 2.81776
0.787641 0.0301196 5.91468
-2.50684 5.38332 -8.58955
-1.44945 -5.2337 3.06295
-4.65795 -0.356062 3.36976
6.05103 -0.764361 -5.95146
2.36509 -0.0610732 0.970454
0.59123 2.35995 -0.469898
-0.72335 -0.408491 0.00239692
-1.55108 0.38063 -1.19737
2.20294 -0.869209 5.86943
2.71785 3.64766 5.78296
-4.15612 -2.38178 -1.68458
1.64291 -7.89556 0.21974
-1.37059 -4.21932 0.756016
8.43452 2.05663 -5.55963
0.464109 0.608961 -1.70838
-3.51584 1.95037 -1.05944
-1.7269 4.76898 -2.56167
2.02739 -1.49345 0.534375
-0.699781 2.06008 -0.229969
1.48693 -0.239971 1.64556
2.60978 -1.44414 3.73014
-3.85212 0.031545 -0.219009
-5.5556 0.216267 -2.07173
-2.45822 -3.23704 -0.391491
4.94939 5.11404 -1.8349
0.388045 0.101417 0.620555
-0.279952 2.96671 0.791309
1.03573 1.65731 -5.14686
-2.95116 -2.52656 0.620765
-2.13421 -4.90775 -0.29228
-1.16226 -0.896516 2.62613
-1.77167 -4.83265 -1.91772
4.88602 1.89295 0.546368
4.13234 -4.14821 -0.525945
6.93103 2.22461 0.663598
0.441613 -1.18238 0.923104
1.16082 4.21527 -1.04624
-6.06206 -5.30351 -1.43451
-1.51174 7.20402 3.50984
-0.87185 -0.145748 -4.22461
5.88662 4.84627 -12.5511
-4.78696 -1.52461 -1.67069
-0.708052 5.65356 0.984931
-9.09908 -1.59024 -1.25404
3.10895 1.72112 -5.27393
1.4909 2.09573 0.342297
1.9684 3.70913 -3.12155
0.449211 2.41966 0.495438
0.432639 -4.58399 3.74262
-0.514452 -2.4963 -1.9253
0.178232 4.5483 -4.40583
1.14481 -5.17202 -0.359806
-0.902443 5.48092 -3.13985
-1.26167 -0.494887 -1.45074
-6.71177 -6.49005 -1.75338
4.03523 0.039653 1.91244
-2.25702 1.15164 -1.30393
-0.265706 -0.476365 0.807634
-1.92532 -5.5157 2.55798
-0.367646 0.633759 -0.0219244
-2.30184 -3.0158 -0.81983
-0.793918 1.13148 -0.152038
2.85906 5.73379 -0.984772
-2.64335 -4.14925 7.30235
-1.27051 1.33222 4.5426
0.470412 -3.45443 3.5272
-1.48137 0.0816643 -5.25849
3.68014 3.59499 4.75241
0.816676 1.298 0.901816
3.90938 -4.22179 -2.78647
