-6.84448 2.27395 -3.09702
1.08558 -0.664465 3.02966
2.3987 -2.32761 -0.0675282
-1.90311 -1.99469 -0.175953
-1.79845 -7.36774 2.30879
5.32228 0.290436 5.18069
0.1107 1.55498 0.71765
6.55529 -7.28788 3.62376
0.501498 5.15939 -2.24585
4.27421 0.209687 -2.92778
-1.59898 4.50208 5.45981
-0.994477 2.67708 -3.52999
-0.0725621 1.63218 -1.34878
-15.6 -4.15721 5.11438
-5.75244 3.65928 -3.17953
0.362738 0.563355 -2.63903
0.332261 -6.20106 2.82055
2.58411 -0.48544 -2.40914
1.55232 0.717602 -0.980613
0.574973 1.42114 4.17403
0.831177 0.771169 1.38281
1.10389 2.20042 0.936338
9.41759 0.689292 -4.0614
0.330667 2.87569 0.778194
-2.79649 -0.642813 -0.689698
-2.18407 -3.36738 -2.38748
1.08666 -2.85771 -1.78876
-0.266552 1.96147 -0.457908
-1.44442 4.14254 2.80111
0.555432 -0.114946 6.05371
-2.4055 5.36391 -8.53844
-1.55444 -5.20253 3.14855
-4.93109 -0.128764 3.42368
6.26794 -0.774009 -6.14652
2.47713 -0.0563075 0.935097
0.64259 2.37872 -0.449831
-0.724325 -0.388082 0.00289511
-1.55722 0.372588 -1.15073
1.99345 -0.923276 5.50754
2.61593 3.68621 5.77069
-4.19534 -2.41765 -1.66543
1.58805 -8.3787 0.00893657
-1.38229 -4.14208 0.757075
8.2478 2.02055 -5.50691
0.511548 0.687989 -1.73416
-3.53611 2.13317 -0.714122
-1.65788 4.87374 -2.41217
2.02223 -1.50654 0.535087
-0.755732 2.02773 -0.234388
1.50618 -0.244219 1.61249
2.52803 -1.68451 3.56403
-3.82712 0.0282272 -0.21631
-5.69629 0.23458 -2.14968
-2.6486 -3.19524 -0.369375
4.91104 5.05571 -1.69855
0.387545 0.100431 0.590486
-0.278346 3.00637 0.802741
1.12382 1.73552 -5.15447
-2.96547 -2.53113 0.322847
-2.15952 -4.82336 -0.296504
-1.16793 -0.90546 2.59561
-2.01175 -5.15295 -2.01328
5.07986 2.00813 0.425381
4.0206 -4.2473 -0.531614
7.29011 2.37902 0.631202
0.407579 -1.10903 1.019
1.17948 4.07623 -1.01285
-5.76576 -6.56032 -1.21437
-1.36487 7.03981 3.70921
-0.960348 -0.150373 -4.20229
6.14681 4.33316 -12.542
-4.50621 -1.80446 -1.70275
-0.68419 5.65823 1.06986
-9.07451 -1.55318 -1.33189
3.18004 1.65343 -5.53865
1.40792 2.11246 0.346039
1.99553 3.97389 -3.00195
0.497204 2.37708 0.493815
0.432926 -4.66319 3.83089
-0.622028 -2.50803 -1.62749
0.181712 4.47184 -4.51593
1.15428 -5.14177 -0.358657
-0.885649 5.6115 -3.22567
-1.27026 -0.498116 -1.46467
-6.6492 -6.36835 -1.72767
4.12065 0.0433049 1.93786
-2.16446 1.15347 -1.21119
-0.264023 -0.478766 0.818873
-1.91956 -5.42746 2.32426
-0.372116 0.634197 -0.0222368
-2.1559 -2.97343 -0.823245
-1.09585 1.24486 -0.414359
2.86668 5.6158 -0.992155
-2.16243 -3.98537 7.21612
-1.26169 1.34294 4.60817
-2.06156 -3.21651 3.743
-1.51077 0.0335052 -5.16127
3.68386 3.58471 4.71959
0.88874 1.30133 0.903267
3.69624 -4.32495 -2.806
