-7.02904 2.38586 -2.78245
1.41766 0.172413 3.13561
2.66524 -2.38816 -0.084974
-1.68014 -1.1175 -0.213061
-1.45514 -6.44232 2.6896
5.1702 0.285741 4.94541
0.108757 1.46683 0.72646
6.48819 -7.28301 3.57608
0.669652 5.13405 -2.18729
4.19697 0.629332 -3.02259
-1.72107 4.82511 5.22476
-1.28516 2.69669 -3.84749
-0.0687725 1.56456 -1.36833
-15.7462 -4.35548 5.04393
-6.19889 3.40776 -3.15905
0.365379 0.57469 -2.69695
0.337311 -6.13427 2.72891
2.32323 -0.498679 -2.47629
1.68767 0.724923 -1.00391
0.630156 1.33076 4.07201
0.956315 0.210679 1.40478
1.12061 2.10224 0.936871
9.07098 0.620706 -3.92615
0.342966 2.93285 0.730048
-3.03082 -0.496193 -0.704506
-2.21004 -3.31009 -2.35744
1.16353 -3.03806 -0.211946
-0.280095 1.83619 -0.181079
-1.51465 4.23838 2.77001
0.101901 -0.416848 6.38426
-2.20622 5.3336 -8.02794
-1.76426 -5.13489 3.32334
-5.54969 0.32235 3.53575
6.76216 -0.791512 -6.62214
2.79405 -0.0474529 0.861312
0.743165 2.41731 -0.409426
-0.725168 -0.345558 0.00387665
-1.56845 0.358084 -1.05987
1.61011 -1.02713 4.85058
2.41341 3.77297 5.7434
-4.27431 -2.48678 -1.62656
1.49607 -9.3534 -0.434078
-1.39351 -3.55796 0.745479
7.906 1.96036 -5.42277
0.627249 0.854006 -1.78972
-3.56696 2.29334 -0.0595799
-1.52359 5.12889 -2.11806
2.01369 -1.531 0.535725
-0.865304 1.96925 -0.243899
1.55092 -0.253145 1.53178
2.38529 -2.15397 3.25531
-3.77627 0.0222061 -0.211922
-5.96645 0.276938 -2.30553
-3.12935 -3.11509 -0.323339
4.85684 4.94664 -1.47009
0.388165 0.0984436 0.526381
-0.275303 3.08947 0.82483
1.31683 1.90004 -5.16974
-2.98933 -2.54542 -0.606772
-2.20887 -4.6536 -0.3066
-1.17739 -0.920988 2.53396
-2.44908 -5.91278 -2.19394
5.59312 2.26568 0.206412
3.81257 -4.4518 -0.542312
7.03549 2.7602 0.583255
0.349246 -0.919065 1.21789
1.21927 3.79901 -0.950402
-5.15987 -9.14541 -0.734942
-1.06591 6.75833 4.09958
-1.14688 -0.159467 -4.16432
6.655 2.6918 -12.5043
-3.81827 -2.40754 -1.76352
-0.631393 5.66787 1.22383
-9.02549 -1.47769 -1.47737
3.33 1.5261 -5.94957
1.23929 2.14996 0.356191
2.05564 4.55296 -2.7765
0.59561 2.2948 0.489733
0.435387 -4.83449 3.99447
-0.847161 -2.4979 -1.08424
0.188592 4.33067 -4.78163
1.17359 -5.08425 -0.356663
-0.856234 4.84783 -3.37908
-1.28458 -0.502084 -1.4939
-5.9514 -6.14206 -1.67483
4.30677 0.0516947 1.98514
-1.98176 1.15855 -1.04176
-0.26045 -0.482606 0.840014
-1.90684 -5.12867 1.92446
-0.380187 0.635897 -0.0230451
-1.8891 -2.89448 -0.830375
-1.85137 1.48219 -0.842071
2.8835 5.41524 -1.00926
-1.08356 -3.6716 6.40567
-1.24972 1.36639 4.74657
-2.68536 -2.82992 4.42507
-1.56207 -0.0354345 -4.98038
3.69733 3.56948 4.64338
1.03407 1.30747 0.905415
3.26978 -4.5357 -2.83102
