-7.21608 2.47714 -2.45735
1.75297 1.05352 3.23365
2.91625 -2.44951 -0.103077
-1.49766 0.43315 -0.249993
-1.13013 -5.46376 3.08033
5.04212 0.283454 4.73546
0.105525 1.3805 0.73491
6.42393 -7.27558 3.53251
0.835888 5.1118 -2.13603
4.1101 1.20969 -3.11994
0.563358 5.1926 4.98094
-1.73001 2.72529 -4.22062
-0.0672565 1.50518 -1.38922
-15.9472 -4.56724 4.96989
-5.69386 3.18574 -3.1393
0.368013 0.586316 -2.75148
0.341311 -6.07155 2.64239
2.10038 -0.511154 -2.54303
1.82596 0.733175 -1.02382
0.684973 1.24385 3.95864
1.07677 -0.324726 1.42349
1.13105 2.00644 0.931633
8.65208 0.754206 -3.71882
0.353818 2.99556 0.68464
-3.28996 -0.343647 -0.719725
-2.2383 -3.25258 -2.32709
1.23864 -3.20815 1.04005
-0.29673 1.73137 0.103296
-1.59669 4.34816 2.74031
-0.31203 -0.71472 6.7729
-1.95972 5.31061 -7.65515
-1.99205 -5.05823 3.4977
-6.22293 0.783159 3.64077
6.60335 -0.807275 -7.10929
3.11032 -0.0399408 0.796196
0.843032 2.45762 -0.366597
-0.726556 -0.301878 0.0050408
-1.5798 0.345208 -0.968732
1.32041 -1.1303 4.26433
2.20795 3.87158 5.71274
-4.37177 -2.55266 -1.58352
1.396 -10.5233 -0.929389
-1.39946 -3.05724 0.723074
7.48025 1.90236 -5.36819
0.734126 1.02858 -1.85111
-3.60393 1.67799 0.581842
-1.44304 5.53434 -1.85497
2.00436 -1.55437 0.536784
-0.982735 1.91503 -0.255132
1.60158 -0.263224 1.4574
2.22686 -2.61962 2.94583
-3.72849 0.0167453 -0.207429
-6.27495 0.323257 -2.46214
-3.62963 -3.03849 -0.277357
4.82499 4.83241 -1.29703
0.389908 0.0960484 0.46917
-0.273952 3.17769 0.84707
1.51728 2.07531 -5.18455
-3.00985 -2.5647 -1.36364
-2.26455 -4.48834 -0.318735
-1.18566 -0.934955 2.47338
-3.05993 -6.50081 -2.39217
6.03923 2.55512 -0.0198071
3.60226 -4.67253 -0.552295
6.00064 3.20285 0.54435
0.285171 -0.610919 1.42067
1.25697 3.51965 -0.891022
-4.63103 -12.3517 -0.31059
-0.773125 6.51389 4.36345
-1.3445 -0.168759 -4.12932
7.0727 -0.214834 -12.4601
-3.12227 -3.10726 -1.82806
-0.574329 5.6777 1.14921
-8.99005 -1.40119 -1.61326
3.48569 1.40858 -5.63189
1.07212 2.1927 0.370801
2.10622 5.21714 -2.56591
0.669536 2.21569 0.485243
0.436423 -5.02778 4.18174
-1.07936 -2.44245 -0.574665
0.191502 4.20002 -5.09627
1.19042 -5.03102 -0.352992
-0.833732 4.10652 -3.52104
-1.29814 -0.504266 -1.52285
-5.35043 -5.93325 -1.62436
4.51718 0.0610815 2.04097
-1.79765 1.16487 -0.864882
-0.257845 -0.485396 0.861937
-1.89996 -4.70962 1.58253
-0.388803 0.63799 -0.0235131
-1.63789 -2.82159 -0.838421
-3.21281 1.71424 -1.29001
2.89834 5.23945 -1.02796
0.0566667 -3.36809 5.71489
-1.24729 1.39192 4.89331
-2.89653 -2.64286 4.99658
-1.61421 -0.0765461 -4.81051
3.71583 3.55944 4.5801
1.18254 1.31242 0.907931
2.07778 -4.76289 -2.83586
