-7.31344 2.51034 -2.29027
1.91701 1.42499 3.28302
2.9268 -2.48252 -0.111918
-0.969169 1.37951 -0.257472
-1.00481 -5.16738 3.2876
4.98381 0.281422 4.63814
0.104133 1.33664 0.739424
6.3937 -7.27317 3.51222
0.92095 5.09972 -2.11068
4.0645 1.59828 -3.1673
1.76926 5.31003 4.86184
-2.01179 2.72837 -4.43718
-0.0661543 1.47528 -1.39985
-16.0654 -4.69561 4.93313
-5.29185 3.08331 -3.1297
0.369324 0.591454 -2.77821
0.342969 -6.04383 2.60082
1.99692 -0.518066 -2.5766
1.89701 0.736252 -1.03293
0.712668 1.19812 3.90653
1.13739 -0.602631 1.43327
1.13531 1.95599 0.92806
8.28715 0.815817 -3.61367
0.359148 3.0265 0.662815
-3.42414 -0.270492 -0.727496
-2.25192 -3.22577 -2.31165
1.2755 -3.29793 1.59521
-0.305989 1.67943 0.249875
-1.63902 4.40238 2.72607
-0.508426 -0.874335 6.98826
-1.83908 5.2974 -7.48592
-2.1171 -5.02371 3.58381
-6.60231 1.00338 3.69307
6.42389 -0.81808 -7.35861
3.26733 -0.0378335 0.765507
0.892902 2.47575 -0.344429
-0.726412 -0.280471 0.00572294
-1.58553 0.338231 -0.922978
1.19171 -1.1917 3.993
2.11219 3.92353 5.69637
-4.41797 -2.58773 -1.55827
1.34647 -11.4005 -1.20159
-1.40093 -2.8676 0.710292
7.2895 1.86836 -5.35108
0.788228 1.11405 -1.88337
-3.62692 1.37131 0.90834
-1.42602 5.71901 -1.73097
2.00091 -1.56671 0.53761
-1.03032 1.88647 -0.261522
1.62778 -0.269612 1.42306
2.14089 -2.90226 2.79054
-3.70474 0.0137858 -0.205174
-6.43982 0.341013 -2.54223
-3.88733 -3.00426 -0.254449
4.81965 4.77044 -1.22359
0.391148 0.0940991 0.442398
-0.273414 3.22228 0.858395
1.63414 2.16477 -5.19142
-3.01896 -2.57806 -1.69035
-2.29002 -4.41021 -0.325397
-1.18939 -0.942916 2.4435
-3.47522 -6.21194 -2.49971
6.28402 2.68118 -0.135235
3.51023 -4.79491 -0.556808
5.42215 3.3505 0.529567
0.248567 -0.457712 1.52482
1.27633 3.3712 -0.860583
-4.41954 -13.1389 -0.112984
-0.629289 6.38649 4.4965
-1.44693 -0.174577 -4.11259
6.25292 -1.99637 -12.4544
-2.77046 -3.53417 -1.86037
-0.545785 5.68169 1.07521
-8.9759 -1.36591 -1.67793
3.56175 1.34464 -5.48685
0.991348 2.21444 0.380203
2.12736 5.56993 -2.46408
0.709922 2.1756 0.483401
0.436809 -5.13896 4.29147
-1.21639 -2.41938 -0.321825
0.191278 4.13494 -5.27475
1.19911 -5.00725 -0.350532
-0.823506 3.8201 -3.59159
-1.30424 -0.505997 -1.53722
-5.07218 -5.83995 -1.59921
4.63054 0.0651963 2.07149
-1.70685 1.16711 -0.775516
-0.25629 -0.487169 0.873284
-1.89809 -4.51751 1.42489
-0.392853 0.638634 -0.023605
-1.51185 -2.78799 -0.842805
-4.1675 1.79088 -1.53486
2.90633 5.15512 -1.0376
0.726736 -3.24493 5.39527
-1.24908 1.40316 4.96962
-2.43139 -2.57464 5.29846
-1.64207 -0.0925444 -4.72867
3.72694 3.55459 4.5532
1.26022 1.31309 0.909196
1.46653 -4.88843 -2.83116
