-7.40824 2.53481 -2.08929
2.10094 1.70672 3.33385
2.82354 -2.51748 -0.120648
-0.0137369 2.32043 -0.254285
-0.874094 -5.10524 3.50277
4.92963 0.278665 4.55095
0.103622 1.29193 0.743193
6.36614 -7.27175 3.49498
1.00925 5.08692 -2.08639
4.02298 1.9017 -3.21036
2.03054 5.42873 4.74653
-2.31074 2.72656 -4.68257
-0.0636919 1.44436 -1.41146
-16.1877 -4.83187 4.89719
-4.89327 2.98518 -3.12057
0.371004 0.595927 -2.80406
0.344976 -6.01901 2.55988
1.89634 -0.525392 -2.61057
1.97096 0.738711 -1.04174
0.742811 1.15147 3.85522
1.20446 -0.893938 1.44262
1.14079 1.90288 0.922355
8.04983 0.869751 -3.51263
0.365524 3.05638 0.640994
-3.55297 -0.196854 -0.735313
-2.26355 -3.20055 -2.29551
1.31442 -3.3927 2.07293
-0.315047 1.62595 0.36685
-1.6765 4.45689 2.71273
-0.694566 -1.04072 7.21571
-1.72553 5.28297 -7.32968
-2.24158 -4.99237 3.67562
-7.00031 1.21458 3.74553
6.25317 -0.83064 -7.61476
3.4243 -0.0367748 0.735492
0.946013 2.49181 -0.322091
-0.724834 -0.259459 0.00650178
-1.59071 0.330722 -0.87254
1.0688 -1.2577 3.73121
2.0264 3.97766 5.67967
-4.45711 -2.62498 -1.52946
1.31112 -11.5437 -1.49463
-1.39988 -2.71766 0.69724
7.13623 1.83071 -5.34141
0.851489 1.20022 -1.91832
-3.64792 1.02304 1.24177
-1.40939 5.82418 -1.61112
1.99923 -1.57965 0.538546
-1.06389 1.85714 -0.268643
1.65451 -0.276786 1.38894
2.06216 -3.25419 2.63468
-3.68034 0.0107072 -0.203016
-6.60181 0.355935 -2.62229
-4.14738 -2.97305 -0.231361
4.82208 4.71189 -1.15519
0.392876 0.0915757 0.416064
-0.272301 3.26688 0.869474
1.77233 2.25753 -5.19821
-3.02631 -2.59411 -2.00689
-2.31062 -4.33531 -0.332275
-1.19254 -0.951875 2.41403
-3.86298 -5.93804 -2.61548
6.69287 2.8084 -0.253234
3.43673 -4.92406 -0.561369
5.02379 3.49905 0.518859
0.215336 -0.309838 1.63254
1.29893 3.2141 -0.831622
-4.19495 -12.8327 0.0654898
-0.48085 6.25606 4.63071
-1.55092 -0.181211 -4.09627
4.45674 -3.76839 -12.4657
-2.37831 -3.99056 -1.89333
-0.51676 5.68497 1.00164
-8.96108 -1.33271 -1.74354
3.63922 1.27675 -5.35427
0.914619 2.23613 0.391389
2.15265 5.93322 -2.37203
0.758763 2.13492 0.48145
0.439032 -5.26171 4.37699
-1.3662 -2.41398 -0.0709377
0.190787 4.06926 -5.3242
1.20934 -4.98545 -0.34791
-0.811933 3.52799 -3.66412
-1.3094 -0.508356 -1.55083
-4.79555 -5.75454 -1.57417
4.74901 0.0687644 2.10345
-1.61657 1.16857 -0.686417
-0.254047 -0.489325 0.885097
-1.89398 -4.35493 1.27546
-0.396219 0.638938 -0.0234351
-1.38206 -2.75601 -0.84747
-5.41819 1.84452 -1.80785
2.91601 5.07157 -1.04848
1.70713 -3.12825 5.08701
-1.25128 1.41279 4.95141
-2.03576 -2.52329 5.63646
-1.66928 -0.107111 -4.61272
3.73998 3.54978 4.52727
1.34256 1.31241 0.910438
0.965033 -5.02219 -2.82302
