-7.92215 2.57905 -0.871401
2.65751 3.18262 3.72048
2.23949 -2.71062 -0.159302
2.9899 3.74098 -0.17067
-0.337109 -4.79931 4.7014
4.6725 0.257685 4.19091
0.0984333 1.06451 0.764141
6.23641 -7.27643 3.43105
1.56049 5.0322 -1.98464
3.80746 2.54381 -3.2673
-2.9963 5.70428 4.42777
-7.77486 2.63088 -6.62878
-0.0591521 1.28045 -1.4689
-16.3585 -5.93525 4.77321
-3.398 2.60656 -3.07185
0.379015 0.611231 -2.93128
0.350998 -5.92486 2.38005
1.41752 -0.566481 -2.82644
2.33358 0.740606 -1.08567
0.892166 0.89908 3.66342
1.43167 -2.22877 1.51369
1.14057 1.63685 0.889471
7.30046 1.1562 -3.04426
0.394694 3.20088 0.544096
-4.3086 0.105358 -0.771803
-2.32434 -3.09054 -2.20404
1.4979 -3.90541 0.235156
-0.367306 1.34881 0.801999
-1.88626 4.7272 2.66228
-1.62696 -1.95998 5.5126
-1.20592 5.21516 -6.72881
-2.96098 -4.85279 4.06743
-6.13456 0.329906 4.06116
5.52667 -0.906877 -7.00278
4.16388 -0.0449375 0.580518
1.21734 2.5851 -0.197698
-0.716895 -0.157525 0.0132531
-1.61403 0.289459 -0.607171
0.451592 -1.66076 2.70439
1.634 4.31153 5.60009
-4.7174 -2.83266 -1.31066
1.14858 -9.74199 -2.73029
-1.39747 -2.28093 0.657975
6.52953 1.65141 -5.38579
1.18518 1.54841 -2.10424
-3.80734 -1.37198 0.846596
-1.30699 6.56382 -1.01633
1.99213 -1.65043 0.546643
-1.2566 1.68371 -0.305545
1.78309 -0.320512 1.22892
1.63172 -2.79171 2.07382
-3.56655 -0.0052731 -0.194027
-6.94071 0.382714 -3.05726
-5.66566 -2.80921 -0.110836
4.79947 4.51179 -0.684161
0.402704 0.0738529 0.288293
-0.271937 3.4973 0.929997
2.64194 2.73216 -5.21864
-3.05166 -2.69047 -1.675
-2.42734 -4.00949 -0.362121
-1.20987 -1.00904 2.27036
-9.13258 -5.21557 -3.30596
12.534 3.36173 -0.887332
3.0667 -5.6375 -0.585273
3.98654 3.90998 0.492287
0.027773 0.364198 2.56084
1.41025 2.35022 -0.667788
-3.40754 -11.8381 0.949217
0.227962 5.71135 3.85826
-1.918 -0.216576 -4.03971
-1.06426 -6.73824 -12.5872
-0.0237305 -3.38615 -2.03466
-0.370974 5.69566 0.63195
-8.90763 -1.16451 -2.0549
4.03825 0.930402 -3.77323
0.519031 2.35511 0.474211
2.23904 8.33234 -1.91405
0.970861 1.95392 0.480064
0.448575 -5.98613 4.79008
-2.1027 -2.68673 2.11135
0.170495 3.75675 -4.77727
1.2572 -4.89248 -0.329101
-0.775062 2.14201 -3.96177
-1.338 -0.527614 -1.61588
-3.52183 -5.30781 -1.44293
4.61191 0.0804949 2.24895
-1.12198 1.1687 -0.278038
-0.243715 -0.502909 0.947732
-1.87745 -3.84502 0.721159
-0.413777 0.637281 -0.0197434
-0.761528 -2.58896 -0.873462
0.189089 1.86112 -5.88444
2.96228 4.67135 -1.10094
0.515928 -2.5975 3.67539
-1.28156 1.44232 4.49726
0.726419 -2.25635 9.91503
-1.8114 -0.164705 -4.00151
3.81316 3.5281 4.4167
1.80382 1.30218 0.916376
-1.02874 -5.71841 -2.73606
