-8.20145 2.66895 -0.270055
2.84779 2.69056 3.96554
1.96836 -2.80071 -0.173113
3.4434 3.33349 -0.153774
-0.145859 -4.55825 4.92132
4.56446 0.251133 4.07118
0.0959496 0.970122 0.773581
6.18533 -7.27931 3.41155
1.81044 5.0191 -1.94594
3.74555 2.87408 -3.32164
-1.05095 5.91159 4.36438
-8.42213 2.58366 -2.50531
-0.0622235 1.21373 -1.49201
-15.9087 -6.54457 4.74501
-2.93881 2.49752 -3.05304
0.381105 0.615384 -2.98399
0.351098 -5.89758 2.31696
1.23166 -0.582146 -2.91282
2.46368 0.739226 -1.10195
0.946684 0.802392 3.60668
1.51476 -2.52014 1.55408
1.13141 1.5289 0.873565
7.0998 1.30239 -2.88266
0.403418 3.2615 0.507957
-4.72186 0.162704 -0.788542
-2.34855 -3.05469 -2.16676
1.56568 -4.17307 -0.649945
-0.389992 1.22693 0.971508
-1.99636 4.79356 2.64343
-2.0055 -2.32188 4.5448
-1.02246 5.19836 -6.51651
-3.29056 -4.85474 4.09379
-5.70081 -0.226198 4.19762
5.27718 -0.933191 -6.7095
4.42413 -0.0507728 0.521892
1.33877 2.64065 -0.137011
-0.714635 -0.119529 0.0161962
-1.62554 0.273751 -0.503786
0.195611 -1.82573 2.40666
1.49776 4.47143 5.57445
-4.86898 -2.92057 -1.21924
1.0148 -9.35038 -3.08939
-1.40382 -2.16094 0.646453
6.36753 1.58882 -5.40767
1.3048 1.69827 -2.18268
-3.89634 -2.47048 0.250055
-1.23103 6.25187 -0.762715
1.98894 -1.68122 0.550881
-1.35101 1.5974 -0.31953
1.83011 -0.338142 1.17315
1.45402 -2.47496 1.90143
-3.52675 -0.0112392 -0.190912
-6.59691 0.392857 -3.25822
-6.43413 -2.73359 -0.063487
4.76667 4.4587 -0.513765
0.406065 0.0659484 0.239158
-0.273779 3.59289 0.955151
3.10901 2.91474 -5.22103
-3.05751 -2.74241 -1.39137
-2.48559 -3.91871 -0.372492
-1.21858 -1.03503 2.2141
-10.7062 -5.17637 -3.52947
12.8626 3.74242 -1.14802
2.90215 -5.45356 -0.592761
3.25527 4.05849 0.45665
-0.0510331 0.694837 3.07081
1.4648 1.93313 -0.59891
-3.20758 -11.2618 1.55131
0.494249 5.56961 3.12789
-2.05153 -0.228018 -4.02075
-1.92106 -6.0275 -12.5842
0.781592 -3.04858 -2.07393
-0.320567 5.70064 0.486459
-8.89416 -1.0971 -2.17365
4.22722 0.814441 -2.96346
0.354101 2.40261 0.513945
2.27043 9.81609 -1.70546
1.04691 1.89517 0.483621
0.451468 -5.73038 4.98801
-2.36698 -2.83439 3.12389
0.15929 3.54791 -4.5738
1.27403 -4.85986 -0.319697
-0.76893 1.66753 -4.07718
-1.3525 -0.53657 -1.6426
-2.92965 -5.10588 -1.39632
4.43222 0.083362 2.31024
-0.926617 1.16879 -0.116417
-0.240962 -0.508965 0.97331
-1.87034 -3.69189 0.522272
-0.422164 0.635725 -0.0174076
-0.520636 -2.52323 -0.886523
2.77104 2.43901 -8.45808
2.97923 4.52188 -1.12199
-2.49263 -2.48313 3.21601
-1.30352 1.45209 4.35591
2.12596 -2.3628 8.49005
-1.87714 -0.176504 -3.81092
3.84252 3.52222 4.38104
2.02285 1.29431 0.918162
-1.69698 -6.00861 -2.68719
