-8.38626 2.76107 0.0480522
2.93317 2.43604 4.12448
1.84513 -2.8447 -0.179399
3.49317 3.18078 -0.148435
-0.091764 -4.4465 4.5387
4.51751 0.248135 4.01701
0.0947594 0.923256 0.778997
6.16359 -7.28046 3.40357
1.94052 5.01328 -1.92701
3.71386 3.05213 -3.35705
-0.166527 6.03708 4.32069
-8.26528 2.58864 -0.444341
-0.0643383 1.18086 -1.50338
-15.7115 -6.84958 4.73591
-2.71439 2.44564 -3.04379
0.382011 0.617008 -3.01026
0.350517 -5.88571 2.2878
1.15977 -0.58977 -2.95583
2.55707 0.738482 -1.10873
0.971585 0.7551 3.58176
1.55366 -2.406 1.58088
1.12473 1.48421 0.866318
7.0056 1.37224 -2.79984
0.406837 3.29278 0.491284
-4.95941 0.189225 -0.795222
-2.3603 -3.03889 -2.14784
1.59486 -4.3148 -1.06981
-0.40188 1.16514 1.05782
-2.05527 4.82715 2.63474
-2.21052 -2.50929 4.08958
-0.935078 5.1907 -6.41678
-3.44635 -4.90217 4.10879
-5.50272 -0.604832 4.27431
5.15979 -0.947429 -6.57353
4.42672 -0.0540315 0.494233
1.40471 2.66718 -0.0991773
-0.713194 -0.100531 0.0178729
-1.63171 0.266024 -0.45201
0.0638786 -1.90982 2.26633
1.43941 4.56005 5.56662
-4.95085 -2.96619 -1.1782
0.923712 -9.17864 -3.25327
-1.40988 -2.10677 0.641198
6.30179 1.55645 -5.41176
1.35258 1.7795 -2.21639
-3.95562 -3.07536 -0.0884441
-1.20016 6.02449 -0.607651
1.98794 -1.69675 0.553377
-1.39518 1.55597 -0.326
1.85441 -0.346826 1.14674
1.34889 -2.31459 1.82319
-3.50619 -0.0141001 -0.18918
-6.43933 0.397961 -3.35294
-6.88284 -2.69862 -0.0380204
4.74758 4.43315 -0.435486
0.408023 0.0619084 0.215386
-0.27507 3.64233 0.968311
3.39895 3.01912 -5.21892
-3.06057 -2.76857 -1.26259
-2.51463 -3.87647 -0.376551
-1.2228 -1.04863 2.18623
-9.2076 -5.09277 -3.60642
11.7489 3.88686 -1.23848
2.8291 -5.36888 -0.59306
2.83164 4.13446 0.440653
-0.0964527 0.889751 3.36815
1.49418 1.75798 -0.563972
-3.14334 -11.0364 2.10836
0.620403 5.50804 2.81859
-2.12282 -0.233643 -4.0117
-2.26347 -5.76817 -12.575
1.06689 -2.89087 -2.07951
-0.295935 5.70295 0.41578
-8.89001 -1.06452 -2.22997
4.32492 0.757646 -2.61588
0.272182 2.42547 0.53438
2.2823 10.0679 -1.57944
1.08691 1.86587 0.486824
0.45092 -5.5154 5.09981
-2.5039 -2.91148 3.63311
0.153465 3.44256 -4.47556
1.2828 -4.84454 -0.313923
-0.76862 1.43335 -4.13714
-1.35884 -0.541104 -1.65624
-2.58363 -5.01335 -1.37314
4.34458 0.0839064 2.34213
-0.828177 1.16829 -0.0335894
-0.23964 -0.51198 0.986469
-1.86804 -3.62264 0.423735
-0.426163 0.634982 -0.0158917
-0.398262 -2.49143 -0.893111
3.19094 2.89683 -9.51299
2.9877 4.44998 -1.13212
-3.22951 -2.43691 3.06772
-1.31637 1.45652 4.29166
2.45939 -2.53917 7.61208
-1.91221 -0.18099 -3.72124
3.86025 3.51964 4.36498
2.14526 1.28839 0.919873
-1.98305 -6.15972 -2.65915
