-8.60655 2.86806 0.333577
3.01639 2.15161 4.27967
1.73756 -2.88869 -0.185776
3.39288 3.04481 -0.145307
-0.0590677 -4.34797 4.14616
4.47708 0.244558 3.96471
0.0934376 0.877088 0.784229
6.14473 -7.28174 3.39603
2.0742 5.00748 -1.90914
3.68273 3.21633 -3.39908
0.555444 6.17112 4.25201
-8.17473 2.60881 0.884475
-0.0667301 1.14749 -1.51531
-15.5334 -7.15487 4.72708
-2.48849 2.39411 -3.03602
0.382813 0.618165 -3.03716
0.34956 -5.8751 2.2593
1.10717 -0.597562 -2.9995
2.67672 0.737349 -1.11625
0.995807 0.708005 3.55686
1.58951 -2.0286 1.60486
1.11642 1.45424 0.857691
6.91561 1.43259 -2.72518
0.409573 3.32428 0.473934
-4.96645 0.212843 -0.803617
-2.37425 -3.02523 -2.12985
1.62108 -4.45497 -1.48379
-0.41405 1.10259 1.14424
-2.12651 4.85916 2.62391
-2.42412 -2.71029 3.63488
-0.850171 5.18288 -6.32234
-3.59661 -4.97113 4.1481
-5.32186 -1.11784 4.33544
5.04756 -0.964259 -6.44587
4.30399 -0.0578543 0.466181
1.44974 2.69163 -0.0595787
-0.712204 -0.0817518 0.0193528
-1.63838 0.257994 -0.40092
-0.0683616 -1.99883 2.12572
1.37963 4.65287 5.56159
-5.03524 -3.01424 -1.14146
0.821169 -9.06343 -3.42155
-1.4177 -2.05857 0.634856
6.2443 1.52187 -5.41304
1.39235 1.86481 -2.25427
-4.0238 -3.31706 -0.481713
-1.17301 5.83134 -0.465976
1.98735 -1.7126 0.555777
-1.43683 1.51491 -0.332886
1.87987 -0.35558 1.12063
1.24002 -2.19582 1.74132
-3.48571 -0.0169908 -0.187727
-6.28705 0.40141 -3.45571
-7.05286 -2.66731 -0.0147305
4.72794 4.40585 -0.361836
0.410207 0.0577221 0.191684
-0.276839 3.69276 0.981261
3.66924 3.13481 -5.21832
-3.06379 -2.79317 -1.14165
-2.5468 -3.83696 -0.380868
-1.22668 -1.0632 2.15811
-8.795 -4.98928 -3.71877
11.0502 4.0114 -1.34356
2.7531 -5.28826 -0.591651
2.43085 4.20827 0.419081
-0.144895 1.01576 3.70246
1.52472 1.6452 -0.533043
-3.09543 -10.8594 2.57781
0.744173 5.44975 2.53417
-2.19777 -0.239619 -4.00338
-2.63317 -5.54416 -12.5658
1.31761 -2.74841 -2.08807
-0.271488 5.70484 0.343848
-8.88725 -1.03208 -2.28843
4.42547 0.699698 -2.30318
0.18046 2.44711 0.553333
2.29188 9.73248 -1.4504
1.12857 1.83605 0.490029
0.449222 -5.30582 5.2162
-2.6446 -2.99589 4.14765
0.14776 3.34907 -4.38206
1.29044 -4.82999 -0.308417
-0.769409 1.1825 -4.2008
-1.36424 -0.546114 -1.67066
-2.3613 -4.92882 -1.35604
4.25805 0.0835525 2.37389
-0.728548 1.16697 0.0485677
-0.238594 -0.51518 0.999525
-1.86545 -3.57022 0.322801
-0.430496 0.634141 -0.0144181
-0.299585 -2.46072 -0.900793
3.3794 3.09558 -9.21323
2.99619 4.37912 -1.14281
-2.97048 -2.39543 2.84395
-1.33025 1.45928 4.22958
2.59814 -2.54768 6.59803
-1.94985 -0.185865 -3.63705
3.88066 3.51702 4.34906
2.24445 1.28054 0.920738
-2.2247 -6.31748 -2.63071
