-9.09631 3.05625 0.800445
3.2247 1.19081 4.58296
1.52397 -2.97606 -0.197268
3.19287 2.80315 -0.144296
0.0368181 -4.18103 3.29781
4.40038 0.236722 3.8682
0.0905774 0.782845 0.794921
6.10878 -7.28393 3.3844
2.35393 4.99646 -1.87158
3.63031 3.53931 -3.49387
1.84046 6.52097 4.09152
-7.74974 2.69508 2.29892
-0.0728829 1.08004 -1.53864
-15.252 -7.75614 4.71547
-2.06549 2.29529 -3.02293
0.384214 0.618989 -3.09225
0.347375 -5.85754 2.20487
1.00119 -0.613179 -3.08345
2.91307 0.734648 -1.13138
1.04479 0.614528 3.51044
1.65946 -1.33235 1.64821
1.09573 1.39923 0.838671
6.76255 1.53282 -2.58853
0.414206 3.38803 0.438061
-4.46949 0.252449 -0.821205
-2.40772 -3.00303 -2.09589
1.6709 -4.751 -2.29829
-0.43796 0.974598 1.32012
-2.28656 4.91969 2.59512
-2.85777 -3.13443 3.16764
-0.689446 5.16651 -6.14003
-3.89466 -5.09742 4.32362
-4.98819 -1.24031 4.44805
4.83397 -1.00421 -6.1529
4.06314 -0.0666271 0.411776
1.49155 2.7416 0.0302956
-0.712007 -0.044683 0.0223044
-1.65303 0.241481 -0.297211
-0.332939 -2.18422 1.94937
1.25323 4.85076 5.56523
-5.21511 -3.1155 -1.07121
0.608787 -8.93494 -3.76833
-1.43521 -1.9735 0.620881
6.13872 1.44822 -5.40588
1.4665 2.05149 -2.33779
-4.16638 -3.01498 -1.52518
-1.11314 5.47832 -0.201939
1.98605 -1.74527 0.561546
-1.5212 1.43505 -0.344974
1.93004 -0.373224 1.07155
1.0453 -2.01263 1.57697
-3.44836 -0.0226777 -0.184962
-5.99562 0.406265 -3.6791
-6.78806 -2.61333 0.0268302
4.68951 4.3494 -0.166156
0.414595 0.0488835 0.145216
-0.281305 3.79574 1.00752
4.24054 3.40608 -5.21956
-3.0699 -2.84228 -0.916202
-2.62226 -3.76379 -0.38865
-1.23453 -1.09458 2.10455
-8.29893 -4.74504 -4.02774
10.227 3.89643 -1.56567
2.57876 -5.13114 -0.578477
1.69648 4.40975 0.370442
-0.234076 1.10468 4.56675
1.5914 1.42129 -0.482681
-2.98767 -10.6094 3.35407
0.992456 5.34279 2.05743
-2.36026 -0.252383 -3.98523
-3.70884 -5.16298 -12.5479
1.79178 -2.5018 -2.11919
-0.224138 5.7072 0.197091
-8.88319 -0.970216 -2.41152
4.64099 0.579613 -1.73124
-0.0198142 2.48927 0.586821
2.31666 9.11535 -1.16905
1.20974 1.77739 0.498358
0.447057 -4.93732 5.46672
-2.93286 -3.1773 4.00453
0.138807 3.18486 -4.2094
1.30206 -4.8035 -0.297302
-0.768952 0.632544 -4.33433
-1.37551 -0.556865 -1.69942
-2.21795 -4.77455 -1.33921
4.08836 0.0806076 2.44167
-0.52834 1.16217 0.21432
-0.237482 -0.522166 1.02673
-1.84963 -3.49613 0.117915
-0.440592 0.632361 -0.0110829
-0.157532 -2.40078 -0.918446
3.32464 3.39206 -7.17921
3.01348 4.24109 -1.16421
-2.11889 -2.2876 2.35744
-1.35869 1.46145 4.11225
2.24378 -2.51026 4.97299
-2.02965 -0.194956 -3.47959
3.92244 3.51147 4.3197
2.38918 1.26034 0.921404
-2.6848 -6.65007 -2.5674
