-1.63133 -1.56977 -0.534621
-0.177046 -1.64049 0.173671
1.42804 -0.266573 0.063973
-0.755968 -0.836362 -0.0362645
-2.54248 -0.360399 -2.26379
0.46827 -0.00202213 1.36492
0.0598207 -1.06451 0.0676817
0.23923 1.18767 0.558377
-1.61636 0.460419 -0.564484
0.369919 1.37877 -0.136035
-1.73224 -0.0755367 0.167043
-1.52299 0.188291 0.827805
-0.0235541 0.57903 -0.176866
-0.582799 -0.242042 -1.07491
0.911468 0.873049 -1.58188
0.0716792 0.161983 -0.295586
0.00215098 -0.464736 -0.990309
-1.09474 -0.0351933 -0.164089
3.29906 0.0993061 -0.326272
-2.0868 0.530163 0.307426
-0.564577 -0.0129702 0.183514
0.103914 0.389474 -0.0772945
0.709406 -0.384331 -0.319299
0.0887249 0.155916 0.886648
0.944489 -0.473155 -0.0128782
-0.208805 -0.603045 -0.599854
0.0478797 0.556871 -0.677772
-0.0368881 1.36254 0.234676
1.61094 0.0255773 0.63109
-0.670122 0.263773 -1.74779
-0.23254 0.615562 -0.236794
0.574905 1.60378 -1.16299
-0.257922 1.65356 0.122296
0.195032 0.107854 -0.294001
-0.753803 0.0628192 0.440241
2.30448 0.268471 -0.857033
-0.0954867 -0.567343 -0.00293163
-0.204346 -0.214184 5.99266
-0.76685 -0.426943 0.17818
0.649069 -0.220148 0.807929
-0.559137 0.000374953 -0.95878
4.40381 -0.375219 -2.10719
-0.100929 -0.832555 0.524632
-0.992279 -2.25007 -0.416019
-0.510629 2.48592 -0.594069
-0.187175 0.497383 1.16451
-0.360517 0.298 0.82046
1.21273 -0.141642 0.11778
0.570564 0.679808 -0.124582
0.18618 -0.199984 0.473656
0.378739 1.05116 1.07961
-0.681077 -0.0228696 -0.0965004
-0.627466 0.193353 1.56641
0.665543 0.564248 -0.127008
0.304894 0.191273 0.0467505
0.116026 -0.00549801 -3.39914
-0.06442 0.306092 -0.0526221
1.84983 0.991964 1.52713
-1.07463 -0.151519 2.0117
-0.27886 -0.403107 -0.0753902
-0.150493 -0.272286 0.372574
-0.47165 1.2798 -0.834827
-0.0285366 1.02745 1.67851
0.316332 -0.35341 0.0265989
0.266858 -0.785607 0.577545
0.598221 -1.30806 -1.23153
0.200247 -0.697391 -0.583706
-0.366901 1.8691 1.60023
-0.259202 0.249439 -0.455707
0.480362 -0.00622322 -0.401762
-2.9526 -1.15822 1.98984
0.921656 -1.8519 -0.116079
-0.505954 0.532709 -0.694579
-0.289069 -0.452899 -0.686017
0.26923 0.634168 0.870124
0.503555 0.138143 -0.0371763
0.130012 -1.29878 -0.258217
-0.748565 0.412534 0.470384
0.0857203 -0.34069 0.212078
-1.16116 -0.446578 0.984581
0.0617858 0.228242 -0.302183
0.134389 -0.571432 0.0996518
-0.18972 -0.494766 -0.174227
-0.19168 -0.0386141 -0.0936425
-1.80408 -0.330688 -0.615053
0.379429 -0.113926 0.0776525
1.87923 -0.0944997 1.98849
-0.0852508 -0.163776 -0.107088
0.00474847 1.26217 -1.79422
0.245721 0.0784411 0.0199613
-1.04703 -0.215189 0.100107
2.33038 -0.416035 1.52212
1.58366 -0.0220216 -0.300696
-0.773908 -0.554006 0.233597
-0.250978 0.118903 0.172393
0.336846 -0.31228 0.180059
-1.48212 0.17877 -3.87905
4.92828 0.898351 0.311962
-2.09656 0.156166 0.119437
0.816539 -0.114691 -1.01887
