-9.82842 3.24515 1.40134
3.75391 -1.42783 5.01414
1.21167 -3.10087 -0.212331
2.89628 2.48697 -0.157429
0.323677 -3.97932 1.66533
4.30218 0.229497 3.73856
0.0885523 0.637328 0.809222
6.06481 -7.28322 3.37387
2.82101 4.98463 -1.81905
3.58045 4.22195 -3.71741
1.31333 5.09952 3.89187
-6.49753 2.92564 4.49779
-0.082127 0.984207 -1.57567
-15.0244 -8.53234 4.70651
-1.48579 2.15822 -3.01408
0.388171 0.618464 -3.17963
0.346269 -5.83512 2.12771
0.843665 -0.633352 -3.21241
3.27969 0.735474 -1.1565
1.12803 0.485975 3.43737
1.78935 -0.593144 1.69751
1.06139 1.32237 0.796458
6.61564 1.67468 -2.41743
0.423908 3.49254 0.37692
-3.95732 0.323338 -0.839892
-2.45997 -2.97523 -2.05169
1.75075 -5.23483 -2.12937
-0.469629 0.786889 1.1812
-2.52966 5.01856 2.46956
-3.48633 -3.7141 2.67658
-0.460385 5.14386 -5.89736
-4.35577 -5.18447 4.71461
-4.45614 1.68439 4.67876
4.54451 -1.06926 -5.76176
3.71904 -0.0783136 0.329747
1.56836 2.83972 0.192885
-0.71182 0.0124544 0.0260669
-1.67269 0.219158 -0.142683
-0.711362 -2.42883 1.74149
1.08699 5.17314 5.60547
-5.50589 -3.27588 -0.979914
0.301341 -8.74133 -4.39125
-1.45851 -1.84208 0.590354
6.00182 1.33492 -5.38658
1.6078 2.4082 -2.48941
-4.38154 -2.44891 -2.08346
-0.990107 4.98514 0.109501
1.98612 -1.79381 0.570322
-1.64961 1.33067 -0.363178
2.00654 -0.397032 0.998677
0.843901 -1.48555 1.22419
-3.39498 -0.0293932 -0.181929
-5.52508 0.427375 -4.05158
-6.38341 -2.55823 0.0739064
4.64051 4.27496 0.0925176
0.423219 0.0359854 0.0753671
-0.287221 3.96062 1.04615
4.72567 3.91546 -5.22334
-3.07613 -2.91663 -0.589863
-2.7474 -3.65543 -0.399704
-1.24492 -1.14233 2.02536
-7.17081 -4.31396 -4.71115
9.66141 2.40206 -1.90722
2.18165 -4.84898 -0.485554
0.951076 4.93604 0.282659
-0.306726 1.24505 5.79354
1.71191 1.06639 -0.449375
-2.73217 -10.3885 4.34285
1.38138 5.21582 1.45998
-2.63571 -0.272486 -3.96181
-3.11909 -4.58896 -12.547
3.48285 -1.12289 -2.25297
-0.146894 5.70977 -0.0376366
-8.87722 -0.881522 -2.61774
5.0165 0.397518 -1.00624
-0.296673 2.55992 0.624003
2.40175 8.32575 -0.75591
1.33359 1.69218 0.51226
0.456482 -4.47232 5.80096
-3.37239 -3.43261 3.28914
0.136333 2.98426 -4.05017
1.32027 -4.7671 -0.281148
-0.751558 -0.31087 -4.57767
-1.39175 -0.569291 -1.74927
-2.05711 -4.59107 -1.34697
3.85003 0.0732754 2.54707
-0.209822 1.15268 0.465236
-0.23532 -0.53209 1.06773
-1.78218 -3.36696 -0.218606
-0.455364 0.631395 -0.00594913
0.0440292 -2.31099 -0.950673
1.8151 3.87049 -6.01516
3.04342 4.05006 -1.19959
1.17146 -1.97734 1.88187
-1.39501 1.46632 3.94823
-1.18502 -2.40297 4.0082
-2.14536 -0.198192 -3.26693
3.99266 3.50507 4.27517
2.62699 1.22485 0.92214
-3.32852 -7.19358 -2.45888
