-11.0815 3.46844 2.33117
4.91623 -2.90216 5.69269
0.829552 -3.25081 -0.222628
2.5637 2.11619 -0.189218
0.521477 -3.7998 0.710135
4.18215 0.231665 3.59377
0.0883751 0.437782 0.834382
6.02143 -7.27727 3.37389
3.54515 4.98696 -1.7458
3.50395 3.447 -4.06647
-1.98036 1.83924 3.72495
-5.79255 3.46562 4.05317
-0.0968486 0.873623 -1.62194
-14.8539 -8.59229 4.70594
-0.787799 2.00309 -3.01644
0.39316 0.618136 -3.30194
0.344947 -5.80464 2.04007
0.627733 -0.652614 -3.39398
3.788 0.745906 -1.18892
1.24992 0.322509 3.35715
1.99087 1.17883 1.78273
1.00536 1.2509 0.748424
6.46525 1.89043 -2.22131
0.434736 3.65537 0.29621
-3.43038 0.450815 -0.818577
-2.54358 -2.93411 -1.99902
1.8315 -5.92971 -1.46554
-0.512424 0.565906 0.432365
-2.78485 5.65112 1.90478
-4.41103 -4.41054 2.01915
-0.181811 5.12557 -5.60995
-5.16507 -5.18029 5.34286
-3.80259 -1.47008 5.25662
4.19229 -1.15045 -5.34776
3.26948 -0.0899942 0.221781
1.71923 3.07001 0.423529
-0.71284 0.0951657 0.0324894
-1.70372 0.198574 0.0664103
-1.22231 -2.67893 1.48485
0.883219 5.63989 5.71422
-5.95569 -3.48146 -0.866574
-0.164254 -8.44538 -5.27592
-1.49686 -1.57243 0.543075
5.84825 1.19512 -5.35345
1.81946 2.91648 -2.68314
-4.87551 -1.35881 0.10938
-0.832739 4.52724 0.519262
1.98863 -1.85586 0.585414
-1.82161 1.22099 -0.384021
2.10901 -0.422844 0.908871
0.595404 -0.0789931 0.656627
-3.32922 -0.0348504 -0.177529
-4.97694 0.476592 -4.59191
-5.71896 -2.53675 0.118765
4.58072 4.20339 0.377577
0.435785 0.0213235 -0.0132718
-0.29753 4.2088 1.10385
5.3917 4.79063 -5.07947
-3.08267 -3.02408 0.068922
-2.92551 -3.50042 -0.408447
-1.26033 -1.2014 1.92392
-6.38197 -3.76518 -5.24852
9.17693 0.681 -2.44333
1.6754 -4.73845 -0.0192006
0.316886 3.88168 0.154527
-0.324909 1.63352 6.13038
1.88317 0.618115 -0.407934
-2.45599 -10.1512 5.84339
1.9012 5.11019 0.813313
-3.07438 -0.299422 -3.9365
-1.5947 -3.76983 -12.7139
6.42691 1.62254 -2.51747
-0.0518446 5.71289 -0.410925
-8.88 -0.760511 -2.87971
5.58773 0.207857 -0.148354
-0.625356 2.69386 0.662824
2.57501 7.73958 -0.191848
1.50947 1.59524 0.539455
0.471917 -3.93362 6.17204
-4.0548 -3.72308 2.42627
0.144905 2.79169 -3.83997
1.34407 -4.72104 -0.25433
-0.705759 -0.948839 -4.96995
-1.42048 -0.569331 -1.82855
-2.16162 -4.35545 -1.31914
3.55295 0.0631812 2.69943
0.256105 1.13933 0.815533
-0.234025 -0.542207 1.12612
-1.69196 -3.03895 -0.64308
-0.476091 0.635273 0.00233893
0.300441 -2.18561 -0.998822
0.0542591 5.04932 -4.96511
3.08667 3.82742 -1.24155
3.6029 -1.44847 1.64714
-1.45197 1.48485 3.75778
-2.83379 -2.28045 3.41424
-2.32578 -0.175418 -3.00359
4.0936 3.49878 4.22066
2.98974 1.19269 0.940818
-4.14758 -8.00701 -2.29737
