-10.5573 3.57946 3.22169
7.80132 -3.81067 6.32833
0.560496 -3.40858 -0.219631
2.34921 1.69733 -0.202569
0.699326 -3.81886 0.176011
4.0993 0.23029 3.50566
0.0912745 0.270917 0.86026
6.00016 -7.27909 3.37963
4.15361 4.99052 -1.68475
3.43134 2.77049 -4.1741
-0.719093 -0.706902 3.65547
-5.45951 3.89762 3.39835
-0.109768 0.783439 -1.65222
-14.7776 -8.37159 4.70861
-0.306631 1.85979 -3.02493
0.396548 0.61468 -3.34071
0.344192 -5.78691 1.97856
0.455446 -0.670101 -3.54089
4.19788 0.749068 -1.21305
1.34043 0.191002 3.31136
2.17972 1.73242 1.87062
0.966409 1.16092 0.735093
6.37656 2.03417 -2.03597
0.441798 3.77917 0.252371
-3.07293 0.562149 -0.792144
-2.61071 -2.91062 -1.95886
1.88005 -6.57701 -0.766511
-0.548269 0.400804 -0.208607
-3.13886 6.11907 1.87136
-5.22163 -5.0855 1.52461
0.00994765 5.10277 -5.41669
-6.22137 -5.16429 5.87584
-3.3019 -0.943324 5.84529
3.94658 -1.23464 -5.08881
2.9311 -0.104917 0.140191
1.88151 3.22747 0.574779
-0.714269 0.153041 0.0402022
-1.73241 0.182756 0.227264
-1.6548 -2.90857 1.31051
0.739423 5.95141 5.82459
-6.35493 -3.69631 -0.77838
-0.464303 -8.32304 -5.77839
-1.53054 -1.39371 0.522132
5.74769 1.07401 -5.32468
2.00796 3.28823 -2.81262
-5.27193 -0.545565 4.11413
-0.712619 4.10175 0.841471
1.99166 -1.90929 0.600658
-1.96304 1.13412 -0.394954
2.18541 -0.445714 0.84649
0.419322 1.36393 0.403722
-3.27981 -0.0405265 -0.173443
-4.61401 0.484435 -5.13585
-4.75337 -2.58181 0.235022
4.53799 4.15184 0.576047
0.445508 0.00809637 -0.0841976
-0.307025 4.41153 1.15704
6.26361 5.71258 -4.9794
-3.07577 -3.134 0.721126
-3.06061 -3.40602 -0.40752
-1.27512 -1.25188 1.85272
-5.92655 -3.47174 -5.49121
8.90069 -1.2423 -2.86998
1.46462 -4.66984 0.0200043
-0.403936 3.04616 0.069126
-0.3622 2.16236 3.88341
2.01465 0.233092 -0.351771
-2.30302 -10.0348 7.50467
2.28465 5.02832 0.405412
-3.44719 -0.330352 -3.92035
-0.225976 -3.24411 -12.8236
5.45199 3.66108 -2.75151
0.000667761 5.68812 -0.96688
-8.88555 -0.675162 -2.99388
6.08157 0.00958507 0.474088
-0.83222 2.7927 0.694968
2.75132 7.33736 0.188113
1.65696 1.50557 0.565802
0.483208 -3.59624 5.79465
-4.66893 -4.02685 1.80094
0.154759 2.67326 -3.67892
1.36489 -4.69841 -0.229331
-0.647027 -1.3553 -5.25998
-1.45081 -0.563353 -1.89542
-2.71598 -4.20207 -1.35265
3.34009 0.0489301 2.82561
0.672641 1.11718 1.09106
-0.23441 -0.55298 1.17302
-1.67547 -2.79982 -0.834076
-0.490893 0.636598 0.0101555
0.772668 -2.11179 -1.03578
-3.04134 6.00523 -4.42602
3.12065 3.66629 -1.26645
-0.470029 -1.10303 1.49884
-1.50154 1.49148 3.64965
0.631682 -2.24799 3.09483
-2.49248 -0.159655 -2.80732
4.17456 3.48698 4.18024
2.44816 1.17037 0.97571
-4.75745 -7.74368 -2.20555
