-10.3066 3.60663 3.59812
9.73213 -3.65138 6.60842
0.458695 -3.47036 -0.216215
2.25228 1.52573 -0.204492
0.781315 -3.85191 0.00956457
4.0738 0.229278 3.47821
0.0926141 0.211758 0.869152
5.99458 -7.28127 3.38061
4.2958 4.99175 -1.66318
3.40758 2.56256 -4.18689
0.066442 -1.67761 3.63806
-5.35906 4.03552 3.21674
-0.114173 0.751559 -1.66284
-14.7578 -8.31086 4.70937
-0.160473 1.80649 -3.02879
0.397653 0.613222 -3.26176
0.344044 -5.78181 1.93953
0.395807 -0.676685 -3.59255
4.34211 0.749434 -1.22105
1.37209 0.14632 3.29778
2.25136 1.85834 1.90596
0.954943 1.12512 0.735295
6.35081 2.0792 -1.97031
0.444215 3.8213 0.236313
-2.95352 0.603715 -0.785167
-2.63311 -2.90449 -1.94569
1.89669 -6.81881 -0.52776
-0.561592 0.345631 -0.456115
-3.25451 6.25369 1.87442
-5.50833 -5.35582 1.35757
0.0643394 5.09375 -5.35668
-6.68449 -5.15754 6.06994
-3.12579 -0.673704 6.0681
3.86214 -1.26677 -5.01003
2.81736 -0.111078 0.112717
1.94516 3.27349 0.621973
-0.715137 0.171295 0.043002
-1.74344 0.177346 0.278518
-1.80325 -2.99705 1.2546
0.687432 6.04536 5.86492
-6.51399 -3.78178 -0.74829
-0.548933 -8.29125 -5.94166
-1.54149 -1.3389 0.516695
5.7125 1.03073 -5.31517
2.08506 3.41837 -2.85501
-5.40957 -0.250225 4.56081
-0.671549 3.95432 0.947851
1.99227 -1.92848 0.605793
-2.01339 1.10349 -0.39796
2.21125 -0.453998 0.825786
0.362809 1.9589 0.35494
-3.26382 -0.0426694 -0.172127
-4.49244 0.482249 -5.31634
-4.30131 -2.57068 0.346755
4.52372 4.13478 0.640158
0.448851 0.00328788 -0.118478
-0.3107 4.48297 1.17537
6.66168 6.1855 -4.95071
-3.06946 -3.1753 0.975618
-3.10644 -3.37942 -0.406356
-1.28063 -1.26994 1.82921
-5.80905 -3.37997 -5.59252
8.82855 -2.10272 -2.98196
1.39793 -4.63191 0.0229705
-0.615937 2.73895 0.0436873
-0.379367 2.40351 3.57164
2.05767 0.102494 -0.330812
-2.2508 -9.98343 7.81282
2.41121 5.0002 0.279062
-3.48138 -0.342455 -3.91541
0.38413 -3.08215 -12.8548
4.37029 4.36296 -2.82633
0.0119751 5.66558 -1.16589
-8.88708 -0.64713 -3.03325
6.2594 -0.066067 0.682317
-0.898299 2.82184 0.706919
2.81494 7.21101 0.301501
1.70624 1.47254 0.574978
0.486954 -3.49312 5.67918
-4.89298 -4.15228 1.59109
0.15787 2.63672 -3.62835
1.372 -4.69267 -0.22127
-0.624141 -1.49906 -5.36717
-1.46221 -0.560603 -1.92028
-3.01756 -4.19409 -1.44324
3.26893 0.0430943 2.87047
0.857743 1.107 1.18832
-0.235319 -0.557235 1.18764
-1.67915 -2.72734 -0.890877
-0.495811 0.636632 0.0125951
1.02139 -2.09281 -1.04787
-5.00067 6.08796 -4.30148
3.13224 3.61394 -1.27519
-2.10372 -0.998011 1.44809
-1.51839 1.49325 3.61814
1.98452 -2.24721 3.00176
-2.55096 -0.15533 -2.74243
4.20279 3.48186 4.16522
1.99647 1.16325 0.991301
-4.66973 -7.39802 -2.18259
