-0.23372 -0.615973 -0.041536
-0.0183097 -0.14194 0.0218648
0.187993 -0.0359803 0.00998213
-0.0964776 -0.102214 -0.00633257
-0.317767 -0.0481083 -0.276473
0.0624296 0.00106031 0.165477
0.00863626 -0.138525 0.00974452
0.0204438 0.160849 0.0820889
-0.197396 0.0539997 -0.0756
0.0482215 0.165172 -0.0145691
1.0859 0.0101862 0.025599
-0.216727 0.0251986 0.105476
-0.00308465 0.069111 -0.0220681
-0.0658184 -0.0293904 -0.130711
0.113318 0.106231 -0.192909
0.0116928 0.0222744 -0.0393851
0.00114711 -0.0611039 -0.12908
-0.12789 -0.00449455 -0.0210498
0.446518 0.0234432 -0.0435547
-0.554258 0.0600893 0.0322329
-0.0754705 -0.130355 0.0244669
0.00985122 0.0542635 -0.0149548
0.0956287 -0.0490987 -0.0426541
0.0142452 0.0244598 0.116381
0.123551 -0.0587345 0.0012078
-0.0294311 -0.0827013 -0.0718386
0.00542347 0.0684088 -0.547244
-0.00539977 0.173922 0.0318776
0.170717 0.000334947 0.0777688
-0.0778543 0.0264517 -0.215436
-0.0273562 0.391366 -0.0286906
0.0751278 0.191808 -0.141372
-0.0361788 0.200464 0.0166889
0.0194483 0.0225908 -0.0376421
-0.0978603 0.00876397 0.0497542
0.415417 0.0374921 -0.104637
-0.0135968 -0.0765085 -0.000965509
-0.0159333 -0.03442 0.495157
-0.0945145 -0.0542869 0.0223888
0.0856229 -0.0445741 0.107933
-0.0904202 0.00523427 -0.116281
0.63242 -0.0492561 -0.256582
-0.0123438 -0.101797 0.067252
-0.124884 -0.344402 -0.0522576
-0.0257604 0.588226 -0.128186
-0.0242996 0.063017 0.19407
-0.0464037 0.0405216 0.104626
0.15019 -0.0209723 0.0208362
0.0664873 0.099051 -0.014954
0.0244894 -0.0285031 0.0596218
0.0510664 0.170614 0.17429
-0.103193 -0.00444063 -0.0144676
-0.0921609 0.0299436 0.20862
0.0854143 0.0644138 -0.0269614
0.0385128 0.0240409 0.174778
0.00976151 0.000822053 -0.289805
-0.0106749 0.0422443 -0.00945599
0.21279 0.129439 0.182434
-0.0994824 -0.0212769 0.26953
-0.0392317 -0.0544678 -0.00995713
-0.0199717 -0.0409574 0.0474522
-0.0569612 0.164717 -0.102982
-0.00788847 0.0773199 0.164472
0.0420826 -0.0491525 0.00673442
0.0343335 -0.100712 0.0758354
0.0769024 -0.161982 -0.151679
0.0287468 -0.089358 -0.075099
-0.0472176 0.229807 0.209325
-0.0289385 0.0282361 -0.0543219
0.0660089 0.000329756 -0.0526746
-0.423195 -0.138278 0.238436
0.113524 -0.228052 -0.0128788
-0.0634541 0.0652301 -0.0859434
-0.0335134 -0.0592034 -0.0868704
0.0303562 0.0914416 0.120541
0.0610561 0.0177833 -0.00823389
0.0145632 -0.16874 -0.0255562
-0.10386 0.0469822 0.0857309
0.0102472 -0.0427933 0.027784
-0.133633 -0.0631625 0.118372
0.00815436 0.0279193 -0.0366819
0.0209397 -0.074063 0.0136942
-0.0240733 -0.0678971 -0.0229603
-0.0255685 -0.0075331 -0.0094816
-0.20706 -0.0440923 -0.0763
0.0499291 -0.0179265 0.00606239
0.264128 -0.0115848 0.207426
-0.0106971 -0.0257852 -0.0204337
-0.000888241 0.170654 -0.194966
0.0503292 0.0111664 0.00661297
-0.129289 -0.0240579 0.0111373
0.310357 -0.0535006 0.183917
0.20336 -0.0208077 -0.0404386
-0.0973973 -0.0628119 0.0312775
-0.0359122 0.0171303 0.0201938
0.0453407 -0.0387544 0.0213891
-0.857311 0.0214117 -0.440231
0.285887 0.116581 0.0343678
-0.40901 0.0166348 0.0131314
0.134369 -0.00683044 -0.113571
