-10.0663 3.634 4.0443
10.6438 -3.50875 6.91824
0.342483 -3.52589 -0.211014
2.13176 1.36227 -0.20555
0.879847 -3.88641 -0.136741
4.04868 0.228361 3.45305
0.0937899 0.151125 0.87862
5.98882 -7.28397 3.3818
4.37189 4.99321 -1.6399
3.38513 2.36533 -4.18392
0.82017 -2.84742 3.62146
-5.25733 4.16747 3.05764
-0.119389 0.719095 -1.67291
-14.7427 -8.25412 4.71111
-0.0253288 1.75572 -3.0326
0.398523 0.611861 -3.18184
0.343745 -5.77694 1.90209
0.333894 -0.683441 -3.64513
4.48886 0.750054 -1.22764
1.40209 0.101707 3.2855
2.33358 1.98398 1.9458
0.944067 1.08839 0.738515
6.32703 2.12486 -1.89948
0.446071 3.86437 0.221558
-2.84137 0.648523 -0.777943
-2.65789 -2.89818 -1.93188
1.91327 -7.07193 -0.282459
-0.576358 0.290755 -0.726383
-3.37729 6.38936 1.88031
-5.35509 -5.64585 1.19331
0.108515 5.08477 -5.29558
-7.26769 -5.14771 6.27832
-2.91399 -0.404858 6.30937
3.77204 -1.29952 -4.93301
2.70169 -0.1175 0.0860326
2.00958 3.31881 0.669755
-0.717054 0.189569 0.0462494
-1.75646 0.172181 0.331003
-1.98504 -3.09072 1.20166
0.62898 6.14019 5.90841
-6.69251 -3.8685 -0.716986
-0.628437 -8.26139 -6.09544
-1.55358 -1.28553 0.513439
5.67357 0.987798 -5.30516
2.16147 3.55387 -2.89499
-5.54774 0.064853 4.37378
-0.630532 3.81132 1.05538
1.99197 -1.94802 0.611525
-2.06777 1.07285 -0.400257
2.23637 -0.462346 0.806025
0.301413 2.62739 0.343465
-3.24944 -0.0447312 -0.170375
-4.36881 0.479973 -5.45741
-3.85401 -2.52481 0.508096
4.5084 4.11823 0.704393
0.451931 -0.00158541 -0.151409
-0.314988 4.55694 1.1947
7.08999 6.89679 -4.91477
-3.06117 -3.21817 1.25618
-3.1568 -3.35353 -0.404003
-1.28706 -1.28835 1.80662
-5.71417 -3.27585 -5.71474
8.76249 -3.11895 -3.03946
1.32932 -4.59156 0.0257594
-0.83636 2.41125 0.0222911
-0.39797 2.70679 3.48671
2.09979 -0.0258301 -0.308443
-2.18562 -9.89984 7.63366
2.53107 4.97292 0.157868
-3.42461 -0.354697 -3.9101
0.966625 -2.92583 -12.8825
3.34003 5.08876 -2.89603
0.0134803 5.62446 -1.24897
-8.88851 -0.618922 -3.07089
6.43752 -0.142163 0.893774
-0.96986 2.85255 0.720258
2.87899 7.09337 0.411303
1.75367 1.44025 0.584627
0.490225 -3.39278 5.57071
-5.25548 -4.2868 1.38259
0.160416 2.6016 -3.57824
1.3775 -4.68722 -0.212175
-0.603192 -1.64912 -5.47581
-1.47491 -0.55745 -1.94517
-3.33435 -4.22733 -1.58658
3.19553 0.037119 2.91773
1.09424 1.09542 1.29131
-0.237336 -0.561582 1.20296
-1.68693 -2.65763 -0.940665
-0.501543 0.63669 0.0153233
1.26503 -2.0747 -1.05934
-6.18053 6.18983 -4.17994
3.14323 3.56264 -1.28346
-3.89728 -0.888979 1.40279
-1.53603 1.49581 3.59056
3.46755 -2.25287 2.91483
-2.61274 -0.150706 -2.67546
4.23042 3.47654 4.15163
1.54922 1.15797 1.00953
-4.31235 -7.09446 -2.16142
