-9.84991 3.66776 4.54808
10.1757 -3.36809 7.22735
0.228476 -3.57306 -0.204127
2.02668 1.20321 -0.206676
0.974098 -3.90974 -0.281678
4.0238 0.227962 3.42896
0.0950766 0.106819 0.888142
5.98339 -7.28674 3.38273
4.44955 4.99527 -1.61635
3.36501 2.18102 -4.17741
2.28902 -4.56132 3.59354
-5.17363 4.29588 2.90638
-0.124749 0.686777 -1.68332
-14.7292 -8.19922 4.71281
0.109294 1.70898 -3.03683
0.399167 0.611141 -3.10272
0.343238 -5.77186 1.86501
0.269877 -0.690061 -3.69974
4.6391 0.751431 -1.23462
1.43212 0.0575708 3.27379
2.4086 1.92319 1.98757
0.933836 1.05769 0.743896
6.30328 2.174 -1.83124
0.447386 3.90927 0.206305
-2.71907 0.697062 -0.772273
-2.68348 -2.89005 -1.91827
1.9263 -7.33061 -0.0327573
-0.592878 0.238423 -1.0264
-3.48527 6.52978 1.88704
-4.77053 -5.95494 1.02254
0.151093 5.07687 -5.23609
-8.08024 -5.13159 6.49492
-2.73112 -0.0350371 6.56433
3.68212 -1.33105 -4.85924
2.58376 -0.123862 0.0587131
2.07352 3.37176 0.715563
-0.719153 0.210035 0.0495935
-1.77035 0.167933 0.383899
-2.19651 -3.18901 1.14761
0.569591 6.24238 5.95243
-6.8814 -3.95123 -0.685949
-0.707512 -8.23122 -6.25167
-1.56667 -1.23291 0.510062
5.63622 0.94707 -5.29533
2.23913 3.69661 -2.93638
-5.70168 0.39177 4.18184
-0.594533 3.68077 1.16238
1.99174 -1.96585 0.61741
-2.12248 1.0426 -0.402457
2.26111 -0.470426 0.786467
0.229396 3.36854 0.336556
-3.23556 -0.0464086 -0.168575
-4.24963 0.480467 -5.61114
-3.46031 -2.44735 0.695061
4.49257 4.10286 0.767798
0.454848 -0.00620212 -0.183872
-0.319696 4.56951 1.21421
6.35364 8.2172 -4.86465
-3.05077 -3.26015 1.56717
-3.20771 -3.3269 -0.401462
-1.29418 -1.30675 1.78442
-5.65813 -3.1634 -5.87105
8.70008 -4.33507 -3.09717
1.26646 -4.54947 0.027721
-1.05232 2.05631 0.00024891
-0.421957 3.12545 3.39738
2.14 -0.135125 -0.285949
-2.08368 -9.75866 7.5121
2.64484 4.94763 0.0399059
-3.37062 -0.366259 -3.9049
1.48159 -2.77258 -12.9103
2.3982 5.85157 -2.96881
-0.0110764 5.55366 -1.36426
-8.8899 -0.589263 -3.1085
6.61334 -0.214194 1.10638
-1.04072 2.88699 0.733904
2.94047 7.0013 0.516032
1.80434 1.4112 0.594157
0.491829 -3.29273 5.46517
-5.75921 -4.42772 1.16777
0.16225 2.57083 -3.52918
1.3827 -4.68063 -0.202996
-0.587379 -1.80541 -5.59354
-1.4885 -0.553691 -1.9708
-3.6006 -4.29099 -1.75949
3.12347 0.0314996 2.96641
1.42774 1.08232 1.39545
-0.239632 -0.565076 1.21843
-1.70013 -2.58893 -0.991777
-0.507415 0.637333 0.0180519
1.50812 -2.05642 -1.07086
-6.03664 6.3324 -4.04856
3.15411 3.51344 -1.29209
-4.75814 -0.774016 1.35408
-1.55539 1.5 3.56452
4.31322 -2.2637 2.82775
-2.67686 -0.144402 -2.60859
4.25813 3.47144 4.13787
1.10898 1.15608 1.02913
-3.98428 -6.81961 -2.14292
