-9.41338 3.76821 5.82836
9.27048 -2.83233 7.8993
-0.00171114 -3.62642 -0.183203
1.86169 0.894101 -0.21182
1.19611 -3.89822 -0.605178
3.98726 0.229451 3.38056
0.098698 0.0521223 0.90721
5.97782 -7.29191 3.3833
4.61314 5.00058 -1.56946
3.34581 1.82228 -4.16801
2.90711 -12.1119 3.32742
-5.02049 4.55852 2.60465
-0.131279 0.622451 -1.70561
-14.6996 -8.09343 4.7161
0.366008 1.62944 -3.04614
0.401599 0.611356 -2.94831
0.343625 -5.76159 1.79143
0.14393 -0.702293 -3.81661
4.56812 0.758437 -1.25084
1.50747 -0.0267989 3.2518
2.52506 1.52333 2.07574
0.915344 1.00976 0.760543
6.2579 2.28461 -1.70186
0.45325 4.00317 0.173336
-2.41958 0.823527 -0.765583
-2.7341 -2.8678 -1.89227
1.9529 -7.60839 0.486033
-0.629728 0.137496 -1.74284
-3.61977 6.67384 1.90122
-3.56932 -6.61438 0.660345
0.236824 5.06453 -5.12215
-12.219 -5.05464 6.96965
-2.49189 1.00862 7.12362
3.50745 -1.38818 -4.72107
2.44167 -0.135512 0.000755913
2.20091 3.50341 0.802531
-0.721978 0.256801 0.0563255
-1.79721 0.162228 0.488494
-2.57622 -3.39219 1.03466
0.446974 6.47354 6.041
-7.1186 -4.09949 -0.625179
-0.843457 -8.1699 -6.23869
-1.5851 -1.12942 0.501217
5.56983 0.874466 -5.27643
2.46151 4.01544 -3.02491
-6.01821 0.976209 3.73906
-0.530619 3.441 1.37555
1.99321 -1.99724 0.629468
-2.22196 0.988339 -0.406786
2.31714 -0.485236 0.747616
0.0888278 4.62332 0.327418
-3.20227 -0.0483932 -0.16496
-3.96651 0.497169 -5.97863
-2.89835 -2.26486 1.03728
4.46354 4.07578 0.892086
0.462693 -0.0147963 -0.24792
-0.329357 4.47004 1.2534
5.09752 15.012 -4.5341
-3.02024 -3.34786 2.3065
-3.29828 -3.26517 -0.396625
-1.30634 -1.34306 1.7409
-5.55897 -2.93543 -6.26517
8.61878 -6.58525 -3.19022
1.17237 -4.43587 0.0291528
-1.28035 1.26489 -0.0467388
-0.470997 4.28915 3.17746
2.21355 -0.308587 -0.240954
-1.8257 -9.62778 7.53512
2.87988 4.90498 -0.188201
-3.26968 -0.386107 -3.89468
2.67414 -2.43649 -12.954
1.35557 7.64846 -3.13122
-0.0838035 5.4931 -1.74201
-8.89054 -0.527989 -3.18565
6.98165 -0.333832 1.53502
-1.17944 2.96989 0.761566
3.05656 6.87694 0.713507
1.90298 1.36354 0.612538
0.496873 -3.1142 5.26093
-6.77483 -4.70884 0.716196
0.165617 2.51559 -3.43392
1.39644 -4.66442 -0.184647
-0.568966 -2.16163 -5.84617
-1.51148 -0.544508 -2.02541
-3.88901 -4.42719 -2.06493
2.98692 0.0219169 3.06739
3.1916 1.04216 1.59793
-0.243567 -0.569927 1.24936
-1.72703 -2.45741 -1.15939
-0.516453 0.640487 0.023219
1.99827 -2.01745 -1.09422
-5.33264 5.83409 -3.7688
3.17892 3.42035 -1.31088
-2.38514 -0.539611 1.22524
-1.58924 1.51375 3.49022
2.23496 -2.27041 2.66055
-2.80666 -0.12599 -2.48089
4.33635 3.46261 4.10916
0.249944 1.16432 1.07167
-3.38995 -6.31984 -2.11247
