-9.20749 3.81625 6.67158
8.98152 -2.61045 8.31556
-0.136168 -3.62142 -0.167884
1.79494 0.747905 -0.217969
1.30656 -3.87399 -0.833223
3.97063 0.230681 3.35239
0.100374 0.023231 0.915105
5.97556 -7.29445 3.38185
4.69424 5.00227 -1.54825
3.34489 1.61134 -4.18033
2.57618 -11.1872 3.18845
-4.94733 4.67902 2.44306
-0.134181 0.589352 -1.72026
-14.6877 -8.04388 4.71632
0.469783 1.59602 -3.05147
0.402481 0.611191 -2.87645
0.343743 -5.75754 1.75252
0.0734887 -0.708432 -3.88081
4.4687 0.763963 -1.26263
1.54734 -0.0662591 3.24067
2.57745 1.35248 2.12011
0.905435 0.982118 0.770256
6.23666 2.33908 -1.64261
0.456133 4.04887 0.151654
-2.27249 0.905729 -0.766003
-2.76111 -2.85532 -1.88116
1.96487 -7.3805 0.751799
-0.651252 0.0833597 -1.89491
-3.68008 6.50927 1.90697
-2.94831 -6.95872 0.465737
0.274478 5.05816 -5.07158
-13.973 -4.90887 7.33621
-2.3821 1.49997 7.4285
3.41776 -1.41738 -4.65843
2.38327 -0.141211 -0.0322294
2.26361 3.57039 0.842058
-0.723964 0.281465 0.0591009
-1.81312 0.159516 0.536242
-2.76022 -3.4891 0.973357
0.378783 6.5944 6.0829
-6.99121 -4.17268 -0.596585
-0.908949 -8.1467 -5.77266
-1.59362 -1.08071 0.493249
5.5355 0.842667 -5.2682
2.58407 4.19389 -3.07571
-6.17276 1.14963 3.43516
-0.500818 3.30189 1.48012
1.99354 -2.0128 0.634639
-2.2734 0.96866 -0.409501
2.34568 -0.492468 0.727131
0.020497 4.76891 0.313793
-3.18605 -0.0490115 -0.163718
-3.8299 0.508072 -6.32801
-2.70794 -2.18587 1.16808
4.44874 4.06234 0.95126
0.466482 -0.0194651 -0.281571
-0.334846 4.41965 1.27074
4.94125 13.6443 -4.36816
-3.00042 -3.40173 2.55314
-3.34469 -3.22699 -0.395729
-1.31287 -1.36134 1.71817
-5.51038 -2.83859 -6.51229
8.61367 -6.34029 -3.19099
1.12854 -4.34865 0.0276112
-1.36213 0.958944 -0.0728186
-0.517907 4.41698 3.00986
2.24507 -0.395101 -0.219788
-1.7757 -9.67678 6.68045
2.99736 4.88461 -0.30058
-3.22571 -0.395144 -3.89026
3.42134 -2.21746 -12.9562
0.979812 7.8674 -3.22205
-0.0864134 5.51699 -1.30863
-8.89033 -0.499784 -3.22994
7.17136 -0.392751 1.74876
-1.2502 3.01609 0.774388
3.10786 6.81286 0.804975
1.93157 1.34196 0.620741
0.498927 -3.06087 5.15594
-7.29241 -4.85634 0.477489
0.166614 2.48323 -3.39566
1.40268 -4.6566 -0.176792
-0.568202 -2.39056 -5.9851
-1.52356 -0.53982 -2.05657
-3.94049 -4.47939 -2.17376
2.91341 0.0172098 3.1176
4.02838 0.975347 1.63937
-0.246372 -0.572595 1.26326
-1.74285 -2.40398 -1.32786
-0.520939 0.642502 0.0251172
2.24238 -1.99732 -1.10673
-5.13485 5.53387 -3.63324
3.19131 3.37443 -1.32383
-1.16571 -0.419293 1.13058
-1.60689 1.52115 3.41937
1.00458 -2.26357 2.57668
-2.8789 -0.116859 -2.42817
4.37881 3.4585 4.09182
-0.173531 1.17249 1.09303
-3.12889 -6.08466 -2.10121
