-9.01949 3.86008 7.8075
8.71475 -2.41453 8.4652
-0.284884 -3.60417 -0.147428
1.74677 0.593271 -0.227585
1.40752 -3.83942 -1.15628
3.95314 0.231928 3.3254
0.102006 -0.00584968 0.921279
5.97302 -7.29716 3.37972
4.77453 5.00308 -1.5256
3.34633 1.40761 -4.20805
2.30246 -9.36069 3.18683
-4.88301 4.79952 2.27515
-0.137556 0.555697 -1.73765
-14.6779 -7.99748 4.71539
0.572062 1.56362 -3.05656
0.402716 0.611211 -2.80957
0.34344 -5.75375 1.71069
-0.00646024 -0.714561 -3.94261
4.36723 0.769468 -1.27338
1.58608 -0.10591 3.22996
2.62597 1.19323 2.16816
0.895945 0.95439 0.78084
6.21593 2.3949 -1.58391
0.458187 4.09548 0.122744
-2.12896 0.976593 -0.766886
-2.78956 -2.84309 -1.87022
1.97275 -7.16736 1.02214
-0.675343 0.030663 -1.79732
-3.7417 6.34711 1.91255
-2.42898 -7.30714 0.288542
0.307549 5.05178 -5.02157
-13.6961 -4.72133 -7.19104
-2.28297 1.97003 7.76472
3.32576 -1.44647 -4.59692
2.32077 -0.147304 -0.0629878
2.32548 3.63826 0.881724
-0.726402 0.305877 0.0617082
-1.83158 0.157057 0.584092
-2.98291 -3.58344 0.913773
0.308258 6.7174 6.1263
-6.86827 -4.24746 -0.567715
-0.97773 -8.12474 -5.3644
-1.60328 -1.03303 0.484703
5.50208 0.810771 -5.26032
2.70382 4.37883 -3.12821
-6.3335 1.33539 3.20223
-0.476181 3.16924 1.58495
1.99366 -2.02859 0.639312
-2.327 0.94903 -0.411899
2.37257 -0.499695 0.706945
-0.0483775 4.92686 0.300776
-3.17091 -0.049692 -0.162608
-3.71219 0.518084 -6.85091
-2.55539 -2.11817 1.27584
4.43274 4.04943 1.00952
0.46959 -0.0241708 -0.316389
-0.340774 4.36949 1.28569
4.73605 12.0088 -4.34671
-2.9781 -3.45731 2.63096
-3.39341 -3.19134 -0.39464
-1.32064 -1.37955 1.69528
-5.4694 -2.7464 -6.7987
8.65642 -6.12361 -3.16107
1.08458 -4.27456 0.0258265
-1.44651 0.740716 -0.0950781
-0.615241 4.57087 2.82812
2.2744 -0.479108 -0.198863
-1.75141 -9.72206 5.424
3.10459 4.86494 -0.408986
-3.18431 -0.403729 -3.88536
4.42065 -1.9859 -12.886
0.602564 7.25069 -3.3038
-0.0854228 5.53704 -0.462768
-8.89019 -0.471178 -3.21995
7.33323 -0.450882 1.96572
-1.32116 3.06351 0.787807
3.15469 6.75373 0.894275
1.95963 1.32113 0.628755
0.499475 -3.00919 5.04392
-7.40906 -5.00563 0.244582
0.166865 2.45254 -3.36621
1.40801 -4.64927 -0.169576
-0.573703 -2.63055 -6.13066
-1.53741 -0.535282 -2.0892
-3.95684 -4.51839 -2.25457
2.834 0.0126792 3.17493
4.07602 0.890111 8.01721
-0.249847 -0.575343 1.27639
-1.76214 -2.35261 -1.48296
-0.525734 0.644401 0.0268489
2.48511 -1.97847 -1.11904
-4.97807 5.27745 -3.48272
3.20308 3.3294 -1.33982
-0.1157 -0.296554 1.00744
-1.6266 1.52921 3.35575
-0.212556 -2.25688 2.50067
-2.95796 -0.107655 -2.37311
4.42068 3.4543 4.07364
-0.593532 1.18202 1.11585
-2.88102 -5.8659 -2.09088
