-8.42538 4.20818 11.8017
7.34774 -1.11316 7.47834
-1.65887 -3.68496 0.0740919
1.86878 -0.191051 -0.339418
2.2734 -3.33161 -5.09026
3.87671 0.259204 3.16349
0.125561 -0.196205 0.970309
5.97347 -7.30726 3.36573
4.82712 4.99986 -1.366
3.40018 0.417841 -8.05906
0.701616 -6.55553 3.17441
-4.54097 6.97746 0.649765
-0.143851 0.341291 -1.86859
-14.6272 -7.71027 4.71131
1.29973 1.39354 -3.07894
0.408509 0.628048 -2.38565
0.345362 -5.72197 1.44501
-0.582735 -0.733524 -4.37594
3.73852 0.839131 -1.32722
1.88631 -0.299017 3.17331
2.96935 0.403514 2.52422
0.877795 0.803805 0.896615
6.11884 3.02993 -1.25931
0.476301 4.50535 -0.0878403
-1.04667 1.52647 -0.77783
-2.96121 -2.73539 -1.79711
2.00481 -5.51799 3.30649
-0.848398 -0.236319 1.90733
-4.18101 5.54408 1.91916
1.33412 -10.0781 -0.900148
0.682566 5.01673 -4.70249
-12.8496 -4.66348 -20.1906
-1.53349 -1.23754 9.73498
2.85787 -1.59946 -4.21333
1.94982 -0.182728 -0.245195
2.82278 4.2217 1.1622
-0.739094 0.496022 0.0813868
-1.93032 0.159818 0.929744
-4.66744 -4.03984 0.44528
-0.175384 6.11505 6.45658
-6.05851 -4.75377 -0.386052
-1.36642 -7.92097 -3.42109
-1.66311 -0.615005 0.411798
5.31819 0.625837 -5.20858
3.66243 3.19988 -3.54532
-7.69941 4.46264 2.48902
-0.297163 2.67737 2.41015
2.00727 -2.12589 0.677774
-2.72191 0.859771 -0.423489
2.59165 -0.529975 0.580602
-0.41461 3.1804 0.137129
-3.06618 -0.0488593 -0.154561
-2.91211 0.512192 -6.70724
-1.79886 -1.78974 1.72039
4.36265 3.99075 1.41349
0.49989 -0.0493858 -0.547102
-0.376922 4.05634 1.38992
3.53156 10.3993 -4.23633
-2.77729 -3.87998 -0.782787
-3.7033 -2.94484 -0.377249
-1.37134 -1.48171 1.54988
-5.24864 -1.90312 -3.10385
8.71045 -3.86675 -4.11524
0.825062 -3.86783 0.00604112
-2.0016 -0.445312 -0.18298
-0.999231 4.77091 1.99076
2.47711 -0.943731 -0.036316
-1.46016 -9.83289 3.45404
4.16168 4.77701 -1.10325
-2.8563 -0.440263 -3.84615
-26.4207 -0.30159 -13.3819
-2.13224 4.81659 -3.83614
-0.116138 5.67074 -0.0378394
-8.87533 -0.222428 -2.73653
6.00181 -0.748937 3.41369
-1.76569 3.54219 0.888196
3.58925 6.5649 1.53641
2.18971 1.22371 0.682439
0.503609 -2.60217 4.29742
-5.06719 -5.92517 -1.40096
0.17434 2.298 -3.09106
1.464 -4.59469 -0.114499
-0.668205 -4.35811 -0.88283
-1.62335 -0.49463 -2.34752
-3.63171 -4.55325 -2.43452
2.42529 -0.00176921 3.66901
4.19197 0.878285 13.908
-0.262443 -0.583318 1.37333
-1.90886 -1.93095 -2.43142
-0.547217 0.664838 0.0393444
2.6738 -1.8548 -1.19158
-4.12059 4.49084 -2.46087
3.29135 3.07274 -1.44674
18.0695 0.69411 0.437626
-1.75135 1.63824 3.03642
-1.32972 -2.08896 2.17154
-3.46768 -0.00821394 -1.98956
4.79198 3.44674 3.96234
-2.09587 1.32176 1.2875
-1.1682 -4.54636 -2.03985
