-8.33081 4.30644 11.4177
7.24188 -0.798474 7.39073
-1.81968 -3.76141 0.0952353
1.86729 -0.242887 -0.343109
2.35978 -3.2882 -5.05217
3.87052 0.263311 3.14337
0.129644 -0.224675 0.979077
5.97564 -7.30953 3.36402
4.6793 4.99714 -1.34513
3.40808 0.138835 -8.2196
0.477864 -6.36208 3.16911
-4.51723 7.56833 0.544087
-0.143171 0.309815 -1.88965
-14.6214 -7.67606 4.71212
1.40629 1.37225 -3.07916
0.409363 0.631183 -2.32959
0.345898 -5.71817 1.41342
-0.682432 -0.733563 -4.44301
3.65718 0.850299 -1.33327
1.93357 -0.324643 3.1688
3.02753 0.273169 2.59347
0.879038 0.781295 0.92096
6.10908 3.13329 -1.22125
0.478407 4.56993 -0.112399
-0.881745 1.60531 -0.778478
-2.99217 -2.72046 -1.7869
2.00098 -5.29992 3.40631
-0.870124 -0.269964 2.6071
-4.25039 5.46103 1.91554
1.97263 -10.0249 -1.03264
0.752933 5.00929 -4.67116
-12.738 -4.66478 -20.0741
-1.40552 -2.2438 9.43892
2.80346 -1.61969 -4.16465
1.90526 -0.189286 -0.26893
2.88938 4.31475 1.20399
-0.742144 0.523548 0.0847569
-1.94165 0.160672 0.97994
-4.92276 -4.11039 0.37193
-0.248345 5.92174 6.51044
-5.95894 -4.83248 -0.363144
-1.41213 -7.89541 -3.21764
-1.67123 -0.555161 0.400878
5.29601 0.600355 -5.20173
3.8234 2.8998 -3.5851
-8.04208 4.92102 2.36002
-0.272185 2.61444 2.56672
2.00988 -2.14025 0.684233
-2.7832 0.849466 -0.424297
2.62713 -0.534051 0.564183
-0.458722 2.93752 0.1131
-3.0528 -0.0488476 -0.154288
-2.81727 0.5041 -5.7488
-1.73962 -1.75404 1.76383
4.35658 3.98384 1.47109
0.504958 -0.0532525 -0.579039
-0.381944 4.01171 1.40592
3.41109 10.3134 -4.23052
-2.74739 -3.95734 -1.47447
-3.75344 -2.91386 -0.373326
-1.37854 -1.49477 1.53062
-5.22574 -1.80671 -2.52921
8.69921 -3.62392 -4.36886
0.791142 -3.82095 0.00253744
-2.09281 -0.611719 -0.184987
-1.02182 4.53747 1.87722
2.50306 -1.00709 -0.00582967
-1.40585 -9.83763 3.34211
4.36253 4.76315 -1.19496
-2.80497 -0.444092 -3.84051
-26.3238 -0.0576308 -13.7469
-2.51582 4.50591 -3.90701
-0.117185 5.68945 -0.559926
-8.87191 -0.186857 -2.65691
5.8328 -0.794368 3.61387
-1.835 3.61863 0.903237
3.65615 6.54391 1.63837
2.22669 1.21235 0.691014
0.502265 -2.54838 4.22752
-4.74174 -6.13351 -1.61922
0.175675 2.27838 -3.05166
1.4713 -4.58847 -0.105582
-0.688799 -4.24285 -0.352637
-1.63483 -0.490412 -2.39
-3.59388 -4.54379 -2.43775
2.38379 -0.00266431 3.74968
4.11792 0.882844 13.8573
-0.263578 -0.584473 1.38778
-1.93215 -1.87877 -2.56043
-0.550008 0.667561 0.0413861
2.49131 -1.8398 -1.19823
-4.02786 4.43183 -2.31512
3.3043 3.03905 -1.46129
17.9462 0.800672 0.405413
-1.76742 1.65539 3.00127
-1.18337 -2.03927 2.13197
-3.5378 0.0065025 -1.93739
4.85491 3.44713 3.94939
-1.84035 1.34801 1.31023
-0.944671 -4.38356 -2.03374
