-8.14376 4.55551 10.8306
7.0321 0.0456256 7.21311
-2.10199 -3.92578 0.128524
1.83445 -0.33855 -0.342799
2.52072 -3.19726 -4.54786
3.8597 0.271509 3.10382
0.138022 -0.281872 0.998009
5.98097 -7.31522 3.36066
4.39713 4.99151 -1.3053
3.41837 -0.657964 -7.88259
0.0177524 -6.02136 3.15403
-4.48869 7.35854 0.388776
-0.141999 0.246517 -1.93391
-14.6087 -7.61065 4.71412
1.62279 1.33155 -3.07764
0.410815 0.638172 -2.22127
0.346887 -5.71076 1.35355
-0.929804 -0.7295 -4.58622
3.49734 0.874466 -1.34638
2.02762 -0.372413 3.16118
3.16053 0.0228769 2.74777
0.883441 0.737946 0.973336
6.09116 3.24409 -1.15631
0.482048 4.70688 -0.15683
-0.542851 1.76912 -0.781504
-3.05505 -2.69115 -1.76735
1.96893 -4.73712 2.87375
-0.908518 -0.339809 3.58417
-4.40057 5.31326 1.90539
3.38034 -8.36886 -1.29636
0.890802 4.99765 -4.6428
-12.5524 -4.67199 -19.8542
-1.12394 -2.57129 8.96569
2.69723 -1.65791 -4.07322
1.81774 -0.20411 -0.317232
3.02576 4.51295 1.28378
-0.749283 0.579217 0.0916714
-1.96524 0.162381 1.07968
-4.84351 -4.24496 0.231908
-0.396407 5.5871 6.6192
-5.77221 -4.99315 -0.322571
-1.50191 -7.84673 -2.8483
-1.68818 -0.438046 0.377401
5.25174 0.549992 -5.18912
4.17276 2.37659 -3.66039
-8.93538 4.26219 2.09792
-0.222923 2.51395 2.88964
2.01469 -2.16906 0.697597
-2.91514 0.83108 -0.426337
2.6987 -0.540605 0.531349
-0.552348 2.45333 0.060742
-3.02751 -0.0485359 -0.155494
-2.65308 0.497602 -4.30673
-1.62807 -1.68449 1.84221
4.34562 3.97084 1.58608
0.515002 -0.0607182 -0.643014
-0.39187 3.92609 1.43819
3.0543 10.1824 -4.23944
-2.69085 -4.12657 -2.57213
-3.85887 -2.85401 -0.365854
-1.39429 -1.51978 1.49233
-5.17692 -1.62669 -0.984644
8.68119 -3.33852 -5.03437
0.724431 -3.73161 -0.00599726
-2.31436 -0.917686 -0.191091
-1.06436 4.11292 1.63537
2.55318 -1.13052 0.0575721
-1.29913 -9.84156 3.1407
4.839 4.73494 -1.37671
-2.70898 -0.450824 -3.82993
-26.1916 0.424075 -14.9523
-3.39549 3.95798 -4.05535
-0.106436 5.73037 -1.58624
-8.86491 -0.121709 -2.48037
5.51643 -0.875158 4.01107
-1.97458 3.77505 0.932243
3.79158 6.51144 1.84414
2.30327 1.1903 0.708599
0.497392 -2.43069 4.13185
-4.09841 -6.57238 -2.06933
0.178401 2.24188 -2.97202
1.48449 -4.5771 -0.0875242
-0.734918 -3.29622 0.371259
-1.6592 -0.48314 -2.48074
-3.51777 -4.51858 -2.44091
2.3026 -0.00328571 3.91817
3.97916 0.894353 13.7633
-0.266208 -0.58651 1.41668
-1.98246 -1.78691 -2.8298
-0.555716 0.67289 0.0455029
2.16461 -1.81085 -1.2088
-3.87052 4.32995 -2.0583
3.33 2.97448 -1.49013
17.776 1.0258 0.337304
-1.79992 1.68964 2.93242
-0.938491 -1.93802 2.04029
-3.68121 0.036963 -1.8373
4.98651 3.4499 3.92477
-1.38116 1.40472 1.35202
-0.50159 -4.06976 -2.02315
