-8.06018 4.67427 10.5509
6.92583 0.48005 7.12879
-2.23034 -4.01061 0.141759
1.80688 -0.38525 -0.340384
2.59585 -3.15632 -4.37534
3.85457 0.275845 3.08437
0.142128 -0.309227 1.00717
5.98379 -7.31866 3.35917
4.26283 4.98875 -1.28663
3.41992 -0.972883 -7.71156
-0.2227 -5.87073 3.14397
-4.48043 6.76044 0.290625
-0.142282 0.215332 -1.95552
-14.602 -7.57888 4.71481
1.73245 1.31193 -3.0761
0.41134 0.642025 -2.17112
0.347226 -5.7071 1.32395
-1.09119 -0.725134 -4.66272
3.41831 0.887047 -1.35342
2.07008 -0.396567 3.15701
3.23104 -0.0981497 2.82874
0.886138 0.715296 0.998614
6.08234 3.17917 -1.12451
0.483137 4.77806 -0.18145
-0.370817 1.85214 -0.785686
-3.08724 -2.67589 -1.75791
1.94312 -4.45166 1.43964
-0.924046 -0.370775 3.21968
-4.48588 5.24691 1.89928
4.15874 -7.4748 -1.43442
0.969823 5.00283 -4.65589
-12.4897 -4.68975 -19.7374
-0.987787 -1.3923 8.7444
2.64439 -1.67387 -4.02911
1.7742 -0.212952 -0.341971
3.0953 4.61727 1.32013
-0.753612 0.608758 0.0952709
-1.97801 0.16362 1.12973
-3.86918 -4.31304 0.170754
-0.472406 5.47942 6.67725
-5.68507 -5.07566 -0.306304
-1.54693 -7.82083 -2.67826
-1.69795 -0.37992 0.366493
5.22844 0.525897 -5.183
4.35041 2.07293 -3.70628
-9.5252 3.67931 1.96465
-0.200445 2.45881 3.04931
2.01659 -2.18248 0.704487
-2.98947 0.822607 -0.427717
2.73293 -0.543833 0.5144
-0.607665 2.19829 0.0371489
-3.01571 -0.0483117 -0.157398
-2.58149 0.49423 -3.91546
-1.57511 -1.65083 1.8759
4.3402 3.96557 1.64492
0.519722 -0.0644233 -0.675629
-0.39691 3.89377 1.45477
2.69295 10.133 -4.25647
-2.66629 -4.21262 -2.33047
-3.91509 -2.82475 -0.362482
-1.40373 -1.53138 1.47424
-5.14433 -1.55722 -0.386976
8.67478 -3.2085 -5.42152
0.690862 -3.68891 -0.0109154
-2.47464 -1.05981 -0.196049
-1.08862 3.92037 1.5178
2.57707 -1.1936 0.0868839
-1.24773 -9.8427 3.04207
5.13257 4.71885 -1.46707
-2.6639 -0.453819 -3.82512
-26.1548 0.561061 -14.1358
-4.08342 3.73619 -4.13553
-0.0945796 5.74755 -1.75007
-8.86181 -0.0855607 -2.37657
5.36072 -0.912423 4.21047
-2.04539 3.85714 0.946229
3.85856 6.4955 1.94502
2.34243 1.17906 0.717147
0.493801 -2.3757 4.06742
-3.79389 -6.83325 -2.31009
0.179556 2.2252 -2.93339
1.49014 -4.57189 -0.0792382
-0.762099 -2.88149 0.786653
-1.67308 -0.479719 -2.5283
-3.4802 -4.50351 -2.4433
2.26179 -0.00297161 4.00658
3.91256 0.901098 13.7191
-0.267908 -0.586705 1.43124
-2.01042 -1.74094 -2.96886
-0.558814 0.675755 0.0475087
2.01716 -1.79652 -1.21306
-3.80248 4.2734 -1.94721
3.34201 2.94296 -1.50474
17.7145 1.13428 0.301381
-1.81698 1.70737 2.89913
-0.830813 -1.88982 1.99309
-3.75494 0.0534854 -1.78882
5.05454 3.45171 3.9121
-1.17359 1.43514 1.37076
-0.281767 -3.91735 -2.0193
