-7.91036 4.91174 10.0005
6.71697 1.34123 6.97305
-2.47002 -4.18498 0.162853
1.73948 -0.480846 -0.334012
2.73857 -3.07845 -4.1336
3.84534 0.284218 3.04492
0.150374 -0.365192 1.02069
5.99059 -7.32807 3.35485
4.00737 4.9827 -1.25255
3.41764 -1.49135 -7.41439
-0.716396 -5.60133 3.11877
-4.46157 5.88357 0.0599451
-0.142986 0.15255 -2.00513
-14.5878 -7.51922 4.71444
1.96032 1.27304 -3.07169
0.412358 0.649926 -2.07971
0.347894 -5.7001 1.26445
-1.5454 -0.710403 -4.82739
3.26346 0.913219 -1.36701
2.15656 -0.444858 3.14697
3.37475 -0.324197 2.99454
0.893132 0.670001 1.04506
6.06484 3.0541 -1.06773
0.485088 4.92599 -0.244373
-0.0189783 2.02292 -0.799718
-3.1529 -2.64674 -1.74016
1.98132 -3.94202 -2.0665
-0.945901 -0.437837 2.11631
-4.67062 5.1256 1.88558
5.75751 -5.69997 -1.72647
1.17811 5.05114 -4.67294
-12.4484 -4.77156 -19.553
-0.738524 0.648411 8.33673
2.54069 -1.70513 -3.94706
1.68972 -0.235074 -0.394109
3.2382 4.83785 1.38583
-0.763415 0.668327 0.102046
-2.00482 0.164913 1.2284
-2.10135 -4.44928 0.0701549
-0.627358 5.27127 6.79623
-5.52111 -5.24607 -0.28285
-1.63737 -7.77023 -2.36398
-1.71932 -0.266407 0.344887
5.18168 0.477301 -5.17341
4.73329 1.40038 -3.81377
-10.9999 2.5216 1.69289
-0.155556 2.36088 3.36653
2.01985 -2.21004 0.716569
-3.14752 0.806454 -0.432141
2.80317 -0.549916 0.478619
-0.732512 1.64167 -0.0112187
-2.99301 -0.0476501 -0.164225
-2.4536 0.493911 -3.63142
-1.47309 -1.5852 1.93313
4.33046 3.95568 1.76203
0.529201 -0.0718749 -0.743956
-0.406798 3.8311 1.48193
2.11268 10.0518 -4.31549
-2.62577 -4.39018 -1.30558
-4.03406 -2.76885 -0.357649
-1.42375 -1.55395 1.43728
-5.08087 -1.4057 0.110209
8.67007 -2.96845 -6.28479
0.624543 -3.60764 -0.022677
-2.86616 -1.33347 -0.211875
-1.14243 3.5558 1.28177
2.62393 -1.32001 0.139326
-1.14741 -9.84285 2.84723
5.93532 4.67919 -1.64609
-2.57762 -0.459685 -3.8166
-26.1949 0.786582 -11.0995
-4.96473 3.35146 -4.31592
-0.0571184 5.78213 -1.39755
-8.85753 -0.0156854 -2.12373
5.06298 -0.985493 4.61248
-2.18921 4.02426 0.9724
3.99563 6.46774 2.14126
2.42299 1.1553 0.733241
0.487134 -2.27073 3.90095
-3.16572 -7.37932 -2.82839
0.182126 2.19314 -2.87026
1.50019 -4.56303 -0.0653308
-0.823927 -2.18205 1.64124
-1.70231 -0.474395 -2.63087
-3.40638 -4.46871 -2.45159
2.17933 -0.0019714 4.19127
3.7826 0.917077 13.6335
-0.27172 -0.587194 1.4585
-2.07207 -1.65589 -3.26419
-0.565351 0.68074 0.0509859
1.74741 -1.76868 -1.22007
-3.67521 4.15902 -1.7484
3.36588 2.88118 -1.54041
17.6261 1.33438 0.217065
-1.85273 1.74202 2.83259
-0.632614 -1.79769 1.89625
-3.90642 0.0864498 -1.69473
5.19738 3.45616 3.8855
-0.792384 1.49859 1.40421
0.159933 -3.62093 -2.01492
