-7.84929 5.03019 9.8068
6.6027 1.77423 6.89955
-2.58525 -4.2745 0.171314
1.70075 -0.530023 -0.330602
2.80411 -3.04144 -4.02572
3.84121 0.288294 3.02413
0.154254 -0.393932 1.02674
5.99424 -7.33428 3.35229
3.88573 4.9795 -1.23806
3.41291 -1.70641 -7.29704
-0.97537 -5.47998 3.1052
-4.45892 5.57115 -0.0559638
-0.144063 0.120919 -2.03204
-14.5809 -7.49127 4.71388
2.07936 1.25371 -3.06861
0.412916 0.653961 -2.03653
0.348253 -5.6967 1.23536
-1.70939 -0.699025 -4.67713
3.1886 0.927153 -1.37273
2.19806 -0.469143 3.1416
3.44021 -0.431742 3.08213
0.896555 0.647403 1.06824
6.05536 2.99401 -1.04463
0.48511 5.00289 -0.277981
0.155868 2.11126 -0.807471
-3.18663 -2.63281 -1.73185
2.00391 -3.73385 -2.8354
-0.953791 -0.474798 1.65277
-4.77432 5.06958 1.8785
6.24113 -4.92269 -1.8754
1.28243 5.06992 -4.65006
-12.4371 -4.80806 -19.5084
-0.658823 1.57417 8.16868
2.49035 -1.72053 -3.91132
1.65095 -0.248708 -0.425128
3.30984 4.95466 1.41846
-0.769102 0.698515 0.105213
-2.01769 0.164777 1.27424
-1.65888 -4.51876 0.0310308
-0.709276 5.17031 6.8557
-5.44489 -5.33417 -0.274212
-1.6824 -7.74492 -2.22231
-1.7334 -0.210918 0.333006
5.15748 0.45289 -5.1702
4.86187 1.01959 -3.86903
-11.3486 2.01241 1.55732
-0.137481 2.31705 3.52937
2.021 -2.22419 0.722151
-3.23338 0.798739 -0.435615
2.84154 -0.55281 0.458277
-0.816967 1.3425 -0.0393673
-2.98205 -0.0471253 -0.168913
-2.39761 0.497763 -3.50089
-1.42406 -1.55311 1.95995
4.32654 3.95104 1.8196
0.534118 -0.0756066 -0.778897
-0.411883 3.80068 1.49395
1.85045 10.0169 -4.35718
-2.60962 -4.4824 -0.887258
-4.09802 -2.74196 -0.356306
-1.43462 -1.565 1.41795
-5.06435 -1.32252 0.381268
8.67015 -2.85185 -6.44513
0.590541 -3.56882 -0.029474
-3.15753 -1.46626 -0.222398
-1.1831 3.38565 1.1598
2.64572 -1.38362 0.165392
-1.09563 -9.84192 2.75572
6.13055 4.65373 -2.01182
-2.53583 -0.462613 -3.81304
-26.2239 0.90188 -10.6407
-4.50563 3.18465 -4.41819
-0.0329725 5.79975 -1.21906
-8.85819 0.0175687 -2.01141
4.91407 -1.02166 4.81115
-2.26318 4.10961 0.984855
4.06742 6.45557 2.23607
2.46401 1.14272 0.741003
0.48271 -2.22045 3.82236
-2.96959 -7.66721 -3.10218
0.18325 2.17766 -2.84061
1.50453 -4.55941 -0.0593025
-0.859805 -1.88669 1.92343
-1.71698 -0.472488 -2.68766
-3.37041 -4.44901 -2.45585
2.14289 -0.00137641 4.26926
3.71929 0.926412 13.5903
-0.273812 -0.587491 1.47148
-2.1081 -1.61631 -3.43446
-0.568934 0.682769 0.0524011
1.62243 -1.75505 -1.22271
-3.62005 4.10234 -1.65466
3.37706 2.85087 -1.55962
17.5902 1.4273 0.16134
-1.87274 1.75906 2.79726
-0.54541 -1.75336 1.84991
-3.98387 0.102978 -1.65025
5.27277 3.45874 3.87202
-0.61585 1.53162 1.41995
0.381855 -3.47589 -2.01331
