-1.94861 -1.53709 -0.615268
-0.215721 -2.11081 0.201809
1.63494 -0.306424 0.0727731
-0.882528 -0.986049 -0.0406178
-2.33336 -0.420999 -2.75413
0.529987 0.0025868 1.61655
0.0670401 -1.24137 0.0765275
0.278894 1.37989 0.640388
-1.90832 0.546699 -0.651541
0.420578 1.64114 -0.159498
-2.31845 -0.141874 0.189938
-1.81333 0.218306 0.970824
-0.0319158 0.678854 -0.203236
-0.703741 -0.26972 -1.25522
1.04498 1.0418 -1.86357
0.079136 0.187031 -0.340706
-0.00112236 -0.528388 -1.14696
-1.33423 -0.0397363 -0.192655
3.66367 0.0890867 -0.384469
-2.76517 0.615262 0.370516
-0.662996 0.376225 0.212714
0.117814 0.448344 -0.082673
0.808053 -0.441185 -0.369586
0.0932371 0.181616 1.03814
1.08091 -0.545983 -0.016727
-0.243481 -0.684644 -0.696497
0.0550386 0.695407 -0.287549
-0.0452227 1.6083 0.273818
1.89082 0.0320952 0.744231
-0.798449 0.330146 -2.04851
-0.277939 0.331747 -0.273837
0.654985 1.92297 -1.35693
-0.303051 1.93915 0.141664
0.218205 0.12241 -0.339141
-0.90368 0.0744988 0.518258
2.40521 0.307652 -1.01015
-0.111902 -0.650456 -0.00306794
-0.39537 -0.235033 9.66881
-0.909229 -0.496279 0.208616
0.738435 -0.234613 0.948327
-0.632156 0.00456576 -1.11916
4.80667 -0.420036 -2.49917
-0.12117 -0.964695 0.608631
-1.16718 -2.50021 -0.483954
-0.638102 2.7121 -0.645382
-0.222719 0.596758 1.31396
-0.430875 0.345681 0.95744
1.35586 -0.158585 0.130214
0.653329 0.77546 -0.143377
0.208424 -0.227177 0.555262
0.427368 1.4046 1.26489
-0.779006 -0.0238742 -0.108154
-0.724423 0.224998 1.83028
0.761866 0.666002 -0.132526
0.347792 0.231542 -0.239596
0.212761 -0.00377557 -5.47109
-0.0757968 0.353743 -0.0570891
2.14066 1.15855 1.82544
-1.36793 -0.170454 2.35628
-0.324652 -0.458539 -0.0853031
-0.176467 -0.308517 0.4392
-0.565098 1.05238 -0.972503
-0.0349943 0.541951 2.0298
0.358164 -0.404483 0.0288933
0.299438 -0.900867 0.669929
0.664901 -1.52147 -1.45271
0.223823 -0.799647 -0.676895
-0.432836 2.24764 1.86264
-0.311881 0.301352 -0.529447
0.542522 -0.00599836 -0.46427
-2.71156 -1.36116 2.35795
1.06737 -2.18722 -0.13497
-0.595357 0.66412 -0.806574
-0.35055 -0.507619 -0.795305
0.306597 0.733396 1.01307
0.572949 0.161162 -0.0388214
0.140774 -1.49476 -0.302965
-0.879656 0.482074 0.51381
0.0939398 -0.389879 0.248118
-1.41642 -0.509418 1.1594
0.0687494 0.269724 -0.348865
0.148471 -0.655408 0.115124
-0.222373 -0.559945 -0.202375
-0.22458 -0.0414524 -0.110396
-2.18524 -0.375484 -0.719209
0.429642 -0.128188 0.0951558
2.09338 -0.110568 2.64306
-0.102142 -0.18464 -0.116139
-0.000451367 1.67066 -2.19307
0.258814 0.0912006 0.0202725
-1.23096 -0.254218 0.118412
2.45418 -0.47066 1.8211
1.80202 -0.00188119 -0.344346
-0.910366 -0.665476 0.271078
-0.29117 0.138212 0.204977
0.382217 -0.358884 0.211182
-1.10758 0.236994 -4.97083
6.67082 1.08994 0.353617
-1.78753 0.197321 0.154639
0.906859 -0.129274 -1.19993
