-7.78812 5.14874 9.6466
6.50126 2.20842 6.82704
-2.69767 -4.36575 0.178466
1.66059 -0.580121 -0.327435
2.87143 -3.00558 -3.92509
3.83819 0.292329 3.00213
0.15831 -0.42326 1.03207
5.9985 -7.34164 3.34931
3.76836 4.97626 -1.22618
3.40742 -1.89879 -7.20652
-1.23361 -5.36616 3.09061
-4.45579 5.3156 -0.173851
-0.144512 0.0890832 -2.06084
-14.5741 -7.46446 4.71296
2.20455 1.23446 -3.06502
0.413898 0.658053 -1.99527
0.348914 -5.69331 1.20639
-1.74932 -0.684217 -4.22728
3.11842 0.942179 -1.37656
2.24162 -0.493628 3.13574
3.50573 -0.53723 3.1727
0.900836 0.624889 1.0912
6.04606 2.93547 -1.02648
0.485549 5.08185 -0.313764
0.334553 2.20194 -0.816082
-3.22051 -2.6193 -1.72417
2.02285 -3.53548 -3.47165
-0.959544 -0.514202 1.23384
-4.88342 5.016 1.87119
6.01668 -4.26494 -2.02769
1.37807 5.07764 -4.61954
-12.4172 -4.83309 -19.4802
-0.58848 2.48163 8.01736
2.44292 -1.73587 -3.88025
1.61624 -0.263928 -0.461466
3.38384 5.07614 1.45081
-0.774873 0.729053 0.108038
-2.02869 0.163977 1.31634
-1.24283 -4.59218 -0.00293632
-0.791328 5.07109 6.91383
-5.37096 -5.42434 -0.267681
-1.72469 -7.71921 -2.09234
-1.74778 -0.156219 0.319701
5.13406 0.428466 -5.16849
4.9896 0.604735 -3.92676
-11.0287 1.58072 1.42138
-0.11883 2.27605 3.69517
2.0222 -2.2386 0.727216
-3.32204 0.79126 -0.440303
2.88445 -0.555628 0.435504
-0.903458 1.03235 -0.0720943
-2.97096 -0.046409 -0.174571
-2.34229 0.504494 -3.37667
-1.37524 -1.52142 1.98554
4.32413 3.9466 1.87606
0.53963 -0.0793218 -0.814651
-0.416626 3.77083 1.50439
1.62543 9.98465 -4.40748
-2.59495 -4.57799 -0.52176
-4.16364 -2.7156 -0.356114
-1.44493 -1.57594 1.39763
-5.0568 -1.2388 0.675286
8.67317 -2.73478 -6.32336
0.557583 -3.53109 -0.0371125
-3.44955 -1.59716 -0.234918
-1.2246 3.22477 1.03404
2.66792 -1.44772 0.191314
-1.04011 -9.84028 2.66516
6.02526 4.62314 -2.76153
-2.49429 -0.465566 -3.81013
-26.2429 1.01172 -10.3965
-4.16397 3.03443 -4.53061
-0.00138124 5.81802 -1.03314
-8.86076 0.0499388 -1.93114
4.77522 -1.0578 5.00686
-2.33794 4.19633 0.996638
4.14633 6.4443 2.32687
2.50611 1.12965 0.748355
0.478902 -2.17155 3.74719
-2.83049 -7.96337 -3.38742
0.18484 2.16252 -2.81244
1.50877 -4.55634 -0.0544294
-0.89493 -1.6211 2.06983
-1.73004 -0.471078 -2.74906
-3.33453 -4.42786 -2.46055
2.11294 -0.000782197 4.33134
3.65798 0.936239 13.5452
-0.275583 -0.587828 1.48374
-2.14469 -1.57833 -3.6247
-0.572407 0.684404 0.05345
1.5032 -1.74156 -1.22496
-3.56625 4.04679 -1.5641
3.38873 2.82092 -1.58012
17.5628 1.5152 0.0933668
-1.8924 1.77607 2.7596
-0.451611 -1.70993 1.80427
-4.06095 0.119571 -1.60838
5.35233 3.46154 3.85794
-0.44607 1.56552 1.4349
0.60723 -3.33227 -2.01223
