-7.54457 5.75336 9.10006
6.23931 3.89529 6.58479
-3.14579 -4.74804 0.199572
1.4792 -0.786155 -0.315474
3.15074 -2.85809 -3.59432
3.83077 0.309881 2.91367
0.175607 -0.544934 1.05129
6.01769 -7.38231 3.33913
3.32226 4.96627 -1.18804
3.38079 -2.51774 -6.8877
-2.2512 -4.95344 3.02912
-4.43162 4.93494 -0.631986
-0.143383 -0.0380332 -2.17713
-14.5549 -7.36129 4.71361
2.76994 1.1632 -3.03839
0.419658 0.67709 -1.84651
0.352113 -5.67828 1.09462
-1.96303 -0.562276 0.730669
2.98867 1.08556 -1.26926
2.43321 -0.581846 3.11424
3.79339 -0.936406 3.58366
0.923767 0.542781 1.19163
6.00948 2.71521 -0.963045
0.49062 5.43342 -0.467805
1.07275 2.62122 -0.859577
-3.36081 -2.56824 -1.69433
2.10476 -2.64261 -2.91346
-0.969718 -0.691392 -0.0947651
-5.24829 4.82451 1.8479
3.95463 -2.37322 -2.66145
1.73141 5.06185 -4.49382
-12.2999 -4.88437 -19.3768
-0.325434 2.15706 7.49905
2.26078 -1.79494 -3.747
1.47781 -0.324222 -0.627969
3.70849 5.61887 1.58105
-0.797479 0.855147 0.11831
-2.06886 0.152934 1.48563
0.533269 -4.86087 -0.0802025
-1.12055 4.69513 7.20488
-5.10009 -5.79974 -0.250984
-1.89114 -7.60237 -1.63584
-1.80922 0.0590134 0.265697
5.04579 0.333656 -5.16433
5.60992 -0.134616 -4.14295
-9.83355 0.578647 0.866943
-0.0359717 2.18389 3.9801
2.02526 -2.29726 0.748949
-3.73813 0.768865 -0.460084
3.06242 -0.561527 0.350414
-1.22924 -0.226747 -0.207434
-2.92779 -0.0396196 -0.20423
-2.13236 0.577238 -2.98687
-1.18458 -1.39378 2.07837
4.31971 3.93196 2.11466
0.562691 -0.0915223 -0.95944
-0.432643 3.65834 1.54361
0.956684 9.89082 -4.59638
-2.54544 -5.01128 0.614266
-4.44931 -2.60902 -0.362494
-1.48741 -1.61798 1.3244
-5.11538 -0.932252 1.10969
8.69776 -2.26013 -5.93831
0.433865 -3.38608 -0.0705454
-4.65515 -2.07619 -0.28215
-1.3739 2.6874 0.577756
2.7643 -1.70462 0.298168
-0.820365 -9.82237 2.33707
5.70862 4.41012 -10.9095
-2.33392 -0.476536 -3.79589
-26.2576 1.46378 -10.0399
-2.98007 2.71066 -4.99101
0.194314 5.95459 -0.506497
-8.89112 0.188593 -1.62898
4.26273 -1.1904 4.9721
-2.64942 4.56078 1.0436
4.49678 6.41822 2.73993
2.67991 1.07499 0.782618
0.465603 -1.96516 3.4108
-2.26551 -8.76486 -4.61577
0.194235 2.10944 -2.70374
1.50931 -4.54325 -0.0581521
-1.01413 -0.762508 2.69766
-1.78296 -0.468372 -3.00867
-3.20123 -4.33249 -2.48082
1.99847 0.0025529 4.62936
3.33885 0.928625 13.3183
-0.282683 -0.588413 1.53538
-2.29734 -1.43457 -3.94925
-0.58592 0.685867 0.0563031
1.06626 -1.68666 -1.22812
-3.35185 3.86111 -1.19866
3.4365 2.71214 -1.66378
17.5156 1.81702 -0.243171
-1.97108 1.84993 2.59274
-0.0484401 -1.52289 1.62359
-4.3852 0.189104 -1.43354
5.70788 3.47837 3.80504
0.183768 1.71317 1.49215
1.55746 -2.75466 -2.00795
