-7.40411 6.23961 8.85323
6.1053 4.93863 6.43592
-3.15058 -4.67456 0.208743
1.19353 -1.03403 -0.309419
3.35514 -2.76397 -3.39855
3.82539 0.324166 2.84884
0.187347 -0.643705 1.06721
6.02774 -7.4246 3.33293
3.00029 4.96041 -1.17718
3.35204 -2.91361 -6.6723
-3.02199 -4.70574 2.97598
-4.41989 4.72947 -0.888467
-0.146725 -0.130242 -2.26195
-14.5681 -7.28111 4.72407
3.07171 1.09806 -3.00341
0.424345 0.692647 -1.7442
0.353223 -5.66642 1.02076
-2.29692 -0.456692 2.31496
3.18116 1.36544 -1.45312
2.53929 -0.655326 3.09596
4.02494 -1.31074 3.85465
0.939521 0.475167 1.27132
5.97824 2.55369 -0.923431
0.491622 5.44306 -0.580759
1.59022 2.96806 -0.902901
-3.47998 -2.5379 -1.67413
2.15989 -1.98241 -2.3536
-0.973123 -0.839979 -0.843225
-4.84536 4.65813 1.83048
2.84216 -1.38288 -3.26396
2.01008 5.0401 -4.41627
-12.0144 -5.38692 -19.1439
-0.153563 1.54344 7.14554
2.12111 -1.84576 -3.65741
1.35899 -0.35617 -0.77934
3.97105 6.06066 1.67082
-0.818219 0.948541 0.123568
-2.09206 0.129467 1.6233
2.27086 -5.1202 -0.199936
-1.38568 4.41771 7.4789
-4.95466 -6.12348 -0.247573
-2.03423 -7.49611 -1.34677
-1.8681 0.214098 0.216611
4.97692 0.264126 -5.16382
6.25641 -0.667299 -4.3829
-9.41302 -0.221868 -0.217552
0.0271565 2.11821 3.68165
2.02133 -2.34336 0.767333
-4.11069 0.750806 -0.48265
3.19653 -0.566515 0.279585
-1.48362 -1.056 -0.337781
-2.89915 -0.0299064 -0.234827
-1.9933 0.64848 -2.74839
-1.05111 -1.30459 2.14146
4.31897 3.9236 2.1047
0.579685 -0.098575 -1.06691
-0.444028 3.57863 1.57363
0.546643 9.83209 -4.76422
-2.51529 -5.41499 1.27236
-4.71191 -2.53689 -0.379385
-1.52782 -1.65037 1.27614
-5.20018 -0.790719 1.34789
8.69688 -1.88888 -5.70678
0.33524 -3.28987 -0.0996282
-5.86225 -2.44227 -0.32899
-1.50355 2.37122 0.277623
2.8386 -1.92579 0.372596
-0.667786 -9.80625 2.10535
5.74497 4.22341 -13.0626
-2.22715 -0.486918 -3.78576
-26.2303 1.8869 -9.88194
-2.29915 2.53495 -5.43413
0.359062 6.08995 -0.187768
-8.92917 0.308511 -1.47919
3.89755 -1.30172 4.54852
-2.9333 4.82568 1.07457
4.80107 6.39201 3.04438
2.79617 1.02128 0.808486
0.45646 -1.81516 3.17874
-1.90599 -8.00634 -3.09129
0.201847 2.07293 -2.62216
1.332 -4.14213 -0.195493
-1.09626 -0.243002 3.00606
-1.82962 -0.471582 -3.20357
-3.12508 -4.26904 -2.49704
1.91452 0.00463945 4.84239
2.92527 0.79695 13.3229
-0.290594 -0.589625 1.58155
-2.42689 -1.34145 -3.62212
-0.594414 0.679198 0.0546103
0.7544 -1.65048 -1.22568
-3.20841 3.71475 -0.961631
3.46539 2.64414 -1.72409
17.5034 2.009 -0.515146
-2.03814 1.91011 2.45142
0.229014 -1.39329 1.48343
-4.66461 0.234395 -1.30225
6.01933 3.48929 3.76532
0.61282 1.82566 1.53146
2.24389 -2.39673 -2.0051
