-7.36885 6.41021 8.79364
6.06656 5.2233 6.4054
-3.03518 -4.53727 0.21152
1.07878 -1.13745 -0.307367
3.42345 -2.73699 -3.33764
3.82301 0.329278 2.8304
0.190898 -0.677624 1.07401
6.02962 -7.44039 3.33163
2.89431 4.95917 -1.17391
3.3407 -3.05124 -6.58503
-3.27635 -4.63529 2.95899
-4.4178 4.66361 -0.968504
-0.149385 -0.159348 -2.287
-14.5802 -7.25479 4.7311
3.12676 1.07352 -2.98738
0.42577 0.698035 -1.70981
0.353123 -5.66243 0.999768
-2.37325 -0.455657 2.38798
3.14096 1.39784 -1.53893
2.56108 -0.682586 3.08958
4.10687 -1.46156 3.94764
0.943951 0.450073 1.29767
5.96737 2.49733 -0.906699
0.491042 5.3546 -0.615237
1.75206 3.08885 -0.917242
-3.52376 -2.53002 -1.66668
2.16506 -1.76551 -2.19873
-0.974241 -0.890771 -1.05041
-4.76947 4.59465 1.82465
2.4996 -1.09541 -3.47171
2.10731 5.03573 -4.39393
-11.9854 -5.81267 -19.2191
-0.0906098 1.34215 7.05076
2.07287 -1.86495 -3.62684
1.31547 -0.364362 -0.829084
4.06248 6.21019 1.70232
-0.826315 0.978699 0.125587
-2.09618 0.117718 1.67771
3.02392 -5.21692 -0.25066
-1.47827 4.32436 7.59497
-4.91824 -6.24167 -0.245941
-2.09036 -7.4562 -1.24233
-1.89016 0.264797 0.203346
4.95304 0.241444 -5.16188
6.52898 -0.888475 -4.5172
-9.34134 -0.521561 -0.522111
0.0482846 2.09437 3.58913
2.01847 -2.35902 0.774723
-4.0484 0.74407 -0.491138
3.23874 -0.56859 0.25592
-1.5703 -1.29139 -0.375228
-2.89035 -0.0250802 -0.246494
-1.94965 0.672496 -2.67283
-1.00845 -1.27718 2.16303
4.3188 3.92143 2.0394
0.585139 -0.100329 -1.1014
-0.447833 3.55324 1.5862
0.410696 9.81359 -4.82471
-2.50626 -5.56457 1.48258
-4.81165 -2.51522 -0.38612
-1.54424 -1.66154 1.26309
-5.22513 -0.750544 1.43227
8.69321 -1.75825 -5.61031
0.300731 -3.26064 -0.108461
-6.37618 -2.5721 -0.3421
-1.55224 2.27709 0.198558
2.86379 -2.00825 0.39707
-0.621003 -9.80127 2.03185
5.69399 4.21533 -13.011
-2.1964 -0.491083 -3.78215
-26.2199 2.0642 -9.83509
-2.10483 2.4688 -5.58318
0.416442 6.12667 -0.083013
-8.94469 0.350888 -1.41109
3.77725 -1.34213 4.4163
-3.04137 4.90846 1.08543
4.91331 6.38064 3.14304
2.83099 0.999948 0.817583
0.455735 -1.76506 3.10682
-1.79247 -7.37469 -2.54738
0.204278 2.06127 -2.59454
1.32173 -3.79653 -0.11168
-1.12378 -0.0822944 2.82345
-1.84756 -0.473677 -3.26154
-3.10458 -4.25245 -2.5007
1.88609 0.00523154 4.92057
2.85217 0.787697 13.3424
-0.293934 -0.590203 1.60043
-2.47215 -1.31425 -3.51019
-0.596212 0.676432 0.0536696
0.64992 -1.64014 -1.22338
-3.16402 3.66196 -0.887162
3.47267 2.62535 -1.74254
17.5007 2.07428 -0.578145
-2.06216 1.93096 2.40993
0.317408 -1.35329 1.43849
-4.76829 0.246495 -1.2544
6.13361 3.49157 3.7533
0.749554 1.86189 1.54544
2.45909 -2.3067 -2.00292
