-7.27304 7.42469 8.58376
5.86324 4.9575 6.28076
-2.47535 -3.86432 0.229396
0.501796 -1.65352 -0.294267
3.88264 -2.60506 -2.98309
3.80404 0.362903 2.74614
0.217416 -0.913275 1.13554
6.0366 -7.56738 3.32857
2.2824 4.9728 -1.10683
3.28748 -3.87599 -6.04797
-2.49419 -4.25165 2.85567
-4.40965 4.30925 -1.38489
-0.169096 -0.343066 -2.42034
-14.6961 -7.13971 4.79233
3.5255 0.963346 -2.85253
0.434316 0.724718 -1.50342
0.349811 -5.64238 0.895123
-2.55562 -0.458223 2.26719
2.7057 1.49457 -1.80851
2.66982 -0.867302 3.04843
3.81262 -1.35109 4.66256
0.996441 0.240923 1.46677
5.92606 2.05674 -0.775933
0.4837 4.75612 -0.771204
2.21238 3.96863 -0.989761
-3.84868 -2.49537 -1.61534
1.78215 -0.64427 -1.85202
-0.980779 -1.65442 -1.72808
-4.4419 4.23634 1.79976
0.623047 0.504369 -4.89137
2.74405 5.05251 -4.29287
-12.1155 -5.99644 -19.3759
0.252896 0.275773 6.65482
1.80213 -2.00163 -3.4323
1.02777 -0.396032 -1.0478
3.57445 6.9349 1.92262
-0.879148 1.16052 0.139576
-2.0085 0.038596 2.2197
-0.181416 -5.89222 -0.621599
-1.96872 3.73087 8.5344
-4.66914 -5.70055 -0.213826
-2.63427 -7.22539 0.143819
-2.06244 0.7498 0.128712
4.83824 0.111037 -5.13177
8.35743 -2.3088 -5.54485
-8.94138 -1.93284 -1.85673
0.198266 1.95187 3.1264
1.99773 -2.46668 0.828685
-3.71698 0.719065 -0.547199
3.5128 -0.583326 0.145469
-2.09291 -2.15913 -0.622914
-2.83131 0.0200654 -0.301174
-1.68445 0.80998 -2.21741
-0.738537 -1.1486 2.30789
4.31854 3.91257 1.71121
0.620188 -0.106838 -1.30203
-0.466369 3.3977 1.68993
-0.371147 9.72557 -5.15837
-2.47396 -4.67696 1.10874
-5.75127 -2.36658 -0.442764
-1.65287 -1.72586 1.20774
-5.30571 -0.517493 1.98584
8.7101 -1.25819 -4.93806
-0.00201309 -3.08598 -0.154254
-4.90774 -3.39112 -0.426708
-1.86897 1.87049 -0.218244
3.19637 -2.70218 0.557245
-0.371008 -9.78734 1.66523
5.23057 4.17802 -12.3869
-2.01889 -0.520666 -3.7543
-26.3184 3.19085 -9.49223
-1.0307 2.01618 -6.46178
0.985557 6.38532 0.866279
-9.06393 0.608513 -1.01137
3.12361 -1.5826 3.71168
-3.59023 4.92418 1.15163
5.70959 6.29338 3.96111
3.07627 0.851347 0.883502
0.471325 -1.50962 2.74801
-0.854716 -4.82436 -0.108574
0.225759 1.97777 -2.42229
1.47136 -3.7253 0.130288
-1.26855 0.781046 2.00575
-1.9643 -0.496683 -3.54953
-2.98637 -4.19548 -2.48535
1.68895 0.0100024 4.31271
2.44879 0.76776 13.3357
-0.312407 -0.598562 1.73661
-2.72915 -1.19683 -2.86775
-0.603765 0.680835 0.0545305
-0.0248526 -1.57498 -1.19293
-2.82728 3.33091 -0.439884
3.51045 2.50393 -1.83531
17.4884 2.42809 -0.843292
-2.24233 2.08306 2.19876
0.75569 -1.12045 1.18988
-5.51082 0.285717 -0.926214
7.04677 3.48678 3.69967
1.59118 2.08783 1.6433
3.78238 -1.78769 -1.97639
