-7.2605 7.59285 8.56431
5.84062 4.8412 6.26611
-2.39254 -3.76192 0.232596
0.419705 -1.72552 -0.292162
3.96925 -2.58445 -2.92589
3.80094 0.368975 2.73465
0.222605 -0.960663 1.1476
6.03801 -7.59417 3.32844
2.1801 4.98089 -1.08571
3.27916 -3.58637 -5.97584
-2.32351 -4.19571 2.83621
-4.40601 4.25646 -1.44907
-0.172427 -0.375007 -2.44304
-14.7131 -7.13018 4.80611
3.60896 0.94709 -2.83171
0.435665 0.728493 -1.46962
0.349031 -5.63973 0.879921
-2.47073 -0.457373 2.1862
2.63019 1.50713 -1.84151
2.69001 -0.904416 3.03996
3.67367 -1.17449 4.83046
1.00746 0.205625 1.49595
5.92271 1.85113 -0.749033
0.483498 4.64725 -0.7942
2.29908 4.12104 -0.998971
-3.91875 -2.48953 -1.60822
1.74859 -0.574041 -1.82584
-0.982071 -1.78414 -1.81291
-4.4026 4.18565 1.80333
0.380536 0.766916 -5.19394
2.86096 5.06364 -4.28044
-12.1196 -6.00123 -19.3818
0.33311 0.0559403 6.60244
1.75878 -2.02557 -3.40123
0.975197 -0.399372 -1.0769
3.45044 6.8159 1.96561
-0.887912 1.19115 0.14194
-1.97728 0.041538 2.3263
-1.09395 -6.32769 -0.691033
-2.04201 3.63518 8.74178
-4.62926 -5.55387 -0.205574
-2.76846 -7.21274 0.416845
-2.0901 0.83109 0.116179
4.82426 0.0895866 -5.12525
8.39674 -2.6083 -5.74297
-8.86215 -2.15626 -2.05577
0.228735 1.92687 3.06077
1.99404 -2.48704 0.837961
-3.66616 0.716279 -0.557799
3.55981 -0.586725 0.130344
-2.1611 -2.29045 -0.669372
-2.82315 0.026419 -0.305793
-1.63964 0.835497 -2.14214
-0.691116 -1.12953 2.33283
4.31792 3.91208 1.66262
0.62628 -0.106936 -1.33515
-0.47023 3.36106 1.71039
-0.518418 9.71137 -5.21396
-2.47465 -4.5517 0.977814
-5.96469 -2.3374 -0.457489
-1.67192 -1.73683 1.20042
-5.30853 -0.477716 2.08234
8.71342 -1.21176 -4.83953
-0.0514799 -3.05864 -0.161478
-4.5154 -3.22097 -0.449622
-1.91384 1.80336 -0.285592
3.27049 -2.79858 0.585801
-0.336188 -9.78857 1.61192
5.14002 4.17049 -12.3081
-1.98994 -0.525196 -3.74942
-26.3495 3.28989 -9.43832
-0.805445 1.92215 -6.61457
1.06587 6.50257 1.05178
-9.08807 0.651313 -0.944801
3.03184 -1.62286 3.59652
-3.67648 4.84683 1.16236
5.83017 6.27965 4.14945
3.12304 0.832179 0.895677
0.478042 -1.47134 2.69724
-0.648266 -4.52004 0.217869
0.230181 1.96268 -2.39425
1.48363 -3.73211 0.145928
-1.2864 0.911779 1.89924
-1.98627 -0.502726 -3.59592
-2.96446 -4.18805 -2.47822
1.64663 0.0122604 4.1704
2.37337 0.76134 13.3284
-0.31544 -0.600496 1.76135
-2.76631 -1.18188 -2.76723
-0.606092 0.684637 0.0562943
-0.146969 -1.56153 -1.18568
-2.76586 3.28921 -0.36493
3.51719 2.48239 -1.84946
17.4886 2.48689 -0.877031
-2.27337 2.10951 2.16748
0.830775 -1.08636 1.15071
-5.65887 0.290353 -0.873448
7.2786 3.48114 3.69117
1.73648 2.13582 1.6613
4.04044 -1.69514 -1.97071
