-7.22947 7.92683 8.53461
5.806 4.63083 6.23986
-2.19409 -3.57045 0.239063
0.283314 -1.86944 -0.288173
4.1637 -2.54635 -2.81316
3.79739 0.381365 2.71276
0.235533 -1.0586 1.17247
6.04452 -7.65341 3.32849
2.02386 5.00048 -1.03407
3.26294 -3.06953 -5.85026
-1.93771 -4.09507 2.79418
-4.39436 4.15355 -1.57603
-0.176577 -0.440339 -2.49081
-14.7223 -7.13071 4.84953
2.94881 0.906195 -2.79872
0.439768 0.735803 -1.40273
0.34858 -5.63513 0.850254
-2.2989 -0.455277 2.01228
2.48757 1.52991 -1.90656
2.76912 -0.988732 3.0213
3.44139 -0.788812 5.26702
1.03395 0.132684 1.55474
5.91906 1.48789 -0.692075
0.486001 4.42224 -0.840237
2.50356 4.39114 -1.01447
-4.05821 -2.47302 -1.6038
1.77553 -0.442942 -1.68254
-0.983559 -2.03053 -1.98118
-3.90941 4.09481 1.82139
-0.000967281 1.31277 -5.93387
3.16649 5.08882 -4.25698
-12.117 -6.00521 -19.3922
0.512207 -0.514 6.50433
1.68143 -2.07549 -3.34172
0.873691 -0.405191 -1.13388
3.22369 6.5879 2.05815
-0.900875 1.25185 0.146706
-1.92003 0.0710796 2.55273
-2.72991 -7.82494 -0.845814
-2.17672 3.44626 9.21961
-4.53453 -5.28539 -0.187569
-3.02748 -7.22678 0.944829
-2.14045 0.982955 0.0907818
4.80452 0.0452357 -5.11212
7.81849 -3.34256 -6.20692
-8.69988 -2.6324 -2.46693
0.297172 1.87166 2.93575
1.9892 -2.52885 0.855801
-3.44478 0.708364 -0.580195
3.66265 -0.595563 0.0998669
-2.2686 -2.56781 -0.768086
-2.80636 0.0368041 -0.314184
-1.53832 0.886585 -1.99261
-0.56851 -1.09499 2.38214
4.31765 3.91212 1.5683
0.640385 -0.106393 -1.40173
-0.478284 3.29352 1.75392
-0.824927 9.68118 -5.33559
-2.47892 -4.32098 0.74319
-6.44383 -2.2786 -0.49493
-1.70672 -1.75982 1.18604
-5.30497 -0.399091 2.27941
8.7208 -1.11819 -4.66566
-0.141419 -3.00807 -0.17615
-3.72401 -2.24851 -0.503802
-1.98752 1.65954 -0.426465
3.43522 -2.98913 0.644529
-0.259853 -9.79623 1.50634
4.98325 4.15484 -12.1868
-1.92004 -0.534758 -3.74002
-26.4125 3.49685 -9.33828
-0.304041 1.7153 -6.93411
1.18358 6.76043 1.39368
-9.13606 0.736716 -0.80854
2.87423 -1.7055 3.35335
-3.83628 4.69479 1.18336
6.09093 6.25072 4.58358
3.23701 0.794549 0.920451
0.496153 -1.39894 2.60109
-0.194472 -3.97509 0.833484
0.241247 1.93357 -2.33945
1.51551 -3.74809 0.173978
-1.3139 1.17202 1.70206
-2.02637 -0.517592 -3.69446
-2.90824 -4.1736 -2.4622
1.56777 0.018731 3.90145
2.21465 0.744351 13.3122
-0.318732 -0.604322 1.8116
-2.83107 -1.15182 -2.57269
-0.608477 0.692915 0.0607493
-0.371082 -1.53289 -1.1701
-2.6368 3.21177 -0.214126
3.53586 2.43706 -1.87754
17.4912 2.61068 -0.947731
-2.33285 2.16135 2.10684
0.98913 -1.02694 1.07333
-5.94124 0.297012 -0.772932
7.90489 3.46014 3.67158
1.62622 2.23264 1.69832
4.34144 -1.51186 -1.95939
