-7.21472 8.09665 8.5212
5.78926 4.53696 6.22486
-2.06333 -3.47946 0.241834
0.224476 -1.94098 -0.286751
4.26824 -2.52798 -2.76133
3.79631 0.387978 2.70178
0.242617 -1.10923 1.18357
6.04859 -7.68585 3.32812
1.95766 5.013 -1.0046
3.2544 -2.84055 -5.80156
-1.70241 -4.04555 2.77018
-4.38946 4.1045 -1.64189
-0.179187 -0.473289 -2.52024
-14.7241 -7.14499 4.88395
2.53215 0.883288 -2.7866
0.442013 0.73952 -1.37006
0.34858 -5.63305 0.835035
-2.21063 -0.453831 1.91378
2.41933 1.54128 -1.94049
2.81617 -1.03319 3.01093
3.32588 -0.557908 5.49623
1.04741 0.0950395 1.58318
5.91797 1.32903 -0.666936
0.486937 4.30829 -0.867953
2.60593 4.53887 -1.02288
-4.12655 -2.45913 -1.61001
1.81018 -0.365229 -1.58446
-0.984917 -2.14756 -1.95165
-3.64186 4.05617 1.83416
-0.195232 1.6128 -5.95857
3.34693 5.10315 -4.24639
-12.1133 -6.0054 -19.3975
0.581378 -0.816505 6.45533
1.6447 -2.10104 -3.31495
0.82368 -0.407242 -1.16267
3.11492 6.47731 2.10329
-0.905514 1.28228 0.148696
-1.90202 0.0933981 2.67218
-2.97986 -8.65222 -0.947221
-2.24776 3.35506 9.49031
-4.48321 -5.16153 -0.179337
-3.14816 -7.24745 1.19735
-2.16666 1.05603 0.0757685
4.79635 0.0227187 -5.10752
7.54569 -3.79406 -6.57657
-8.63787 -2.88349 -2.6938
0.329678 1.84313 2.87411
1.98718 -2.55011 0.863305
-3.31899 0.704461 -0.592465
3.71544 -0.600269 0.0839165
-2.33227 -2.70938 -0.831241
-2.79806 0.0413381 -0.318472
-1.48623 0.913366 -1.92095
-0.500662 -1.07895 2.40535
4.31738 3.91274 1.52164
0.647783 -0.105623 -1.43578
-0.483287 3.26238 1.77368
-0.992155 9.66677 -5.4043
-2.48236 -4.21394 0.614452
-6.71065 -2.24785 -0.518917
-1.72444 -1.77135 1.17777
-5.30159 -0.359406 2.37849
8.72405 -1.07067 -4.59354
-0.180431 -2.98385 -0.184408
-3.48428 -1.73438 -0.538035
-2.02971 1.58522 -0.508101
3.52223 -3.0838 0.672648
-0.221462 -9.80176 1.45233
4.91411 4.14765 -12.1404
-1.88294 -0.539523 -3.73572
-26.4494 3.6126 -9.29619
-0.0862529 1.6119 -7.1088
1.22702 6.90254 1.56188
-9.16269 0.779904 -0.74647
2.796 -1.74514 3.21619
-3.91426 4.61933 1.19237
6.22868 6.23649 4.83823
3.29925 0.776246 0.932437
0.505718 -1.36346 2.55402
0.0250094 -3.72451 1.10607
0.247083 1.91969 -2.31435
1.53364 -3.75684 0.186363
-1.3278 1.30311 1.59979
-2.04633 -0.526143 -3.74854
-2.87626 -4.16611 -2.45404
1.53006 0.0232965 3.77319
2.12893 0.734642 13.3031
-0.319887 -0.60609 1.8361
-2.86275 -1.13513 -2.48425
-0.608917 0.697398 0.0630263
-0.469524 -1.51676 -1.16233
-2.57304 3.17674 -0.139792
3.5457 2.41413 -1.89298
17.4923 2.67614 -0.9914
-2.36341 2.18805 2.07523
1.06745 -0.997174 1.03137
-6.08588 0.299637 -0.726372
8.33757 3.44401 3.65923
1.51379 2.28189 1.71589
4.05862 -1.41851 -1.95497
