-7.1913 8.44226 8.4946
5.75492 4.36598 6.19075
-1.80781 -3.3064 0.245995
0.109281 -2.08538 -0.285276
4.39289 -2.49323 -2.66672
3.79467 0.401799 2.67971
0.257297 -1.21471 1.20257
6.05685 -7.75845 3.32659
1.83479 5.04566 -0.940686
3.23645 -2.43346 -5.72845
-1.19452 -3.95003 2.71589
-4.3815 4.0088 -1.78148
-0.186807 -0.540549 -2.59077
-14.7697 -7.19866 4.97153
1.80291 0.8331 -2.76981
0.446738 0.746964 -1.30626
0.348983 -5.6294 0.802921
-2.0241 -0.451285 1.67758
2.28848 1.56313 -2.0121
2.91453 -1.12804 2.98888
3.09091 0.121561 6.05389
1.07378 0.0156963 1.63581
5.91615 1.05054 -0.624651
0.486831 4.0819 -0.933435
2.79157 4.84648 -1.04272
-4.24839 -2.42336 -1.63005
1.89882 -0.185942 -1.3649
-0.989059 -2.37142 -1.67395
-3.20782 3.98826 1.86265
-0.592645 2.29882 -5.12554
3.75199 5.135 -4.22695
-12.1051 -6.00487 -19.4095
0.675578 -1.4761 6.35491
1.57265 -2.15347 -3.26807
0.725226 -0.410074 -1.22155
2.90196 6.25416 2.1876
-0.91495 1.34321 0.151862
-1.89029 0.140601 2.92138
-2.33001 -9.88366 -1.21165
-2.40075 3.17712 10.1173
-4.38345 -4.93159 -0.165644
-3.37194 -7.29963 1.68193
-2.22415 1.19556 0.0408929
4.78132 -0.0241798 -5.1028
7.02933 -5.18791 -7.93072
-8.54423 -3.46157 -3.23911
0.390876 1.78152 2.74275
1.98282 -2.59393 0.87497
-3.0803 0.694983 -0.61988
3.82229 -0.611197 0.0488609
-2.48175 -3.01312 -0.989606
-2.78198 0.0494787 -0.327582
-1.37486 0.968512 -1.78431
-0.354613 -1.04918 2.44863
4.31638 3.91503 1.429
0.663095 -0.103419 -1.50568
-0.495719 3.20402 1.80881
-1.36318 9.63897 -5.56504
-2.48998 -4.01366 0.333638
-7.31393 -2.18375 -0.577499
-1.76152 -1.79519 1.15844
-5.29279 -0.280567 2.57954
8.7293 -0.974109 -4.47518
-0.256931 -2.93857 -0.202808
-3.34107 -0.814885 -0.621587
-2.12558 1.42579 -0.705775
3.70327 -3.27597 0.723621
-0.144633 -9.81788 1.33843
4.79372 4.13473 -12.067
-1.80727 -0.549234 -3.72818
-26.5451 3.89231 -9.22852
0.305409 1.39817 -7.2834
1.3007 7.24294 1.93853
-9.21974 0.866904 -0.637375
2.64125 -1.82608 2.8888
-4.07834 4.46413 1.20635
6.52745 6.20788 5.455
3.42934 0.740052 0.954585
0.524513 -1.29493 2.46088
0.452716 -3.27031 1.58142
0.258692 1.89285 -2.269
1.5728 -3.77602 0.208251
-1.35684 1.56686 1.38341
-2.08666 -0.546491 -3.86903
-2.80889 -4.15057 -2.43811
1.45842 0.0348778 3.52671
1.97275 0.712639 13.2812
-0.321985 -0.609546 1.88362
-2.92265 -1.09842 -2.32475
-0.609774 0.706572 0.0673296
-0.671191 -1.47976 -1.14756
-2.44825 3.11301 -0.000456447
3.56537 2.36721 -1.92703
17.4933 2.81353 -1.09639
-2.42846 2.24158 2.00919
1.22158 -0.940965 0.941211
-6.37994 0.303228 -0.639834
9.10808 3.39497 3.62742
1.29246 2.38154 1.7482
3.5002 -1.2301 -1.94981
