-7.15256 7.79162 8.42378
5.62789 3.70407 6.10351
-0.664127 -2.58711 0.26478
-0.477892 -2.87876 -0.268892
3.51982 -2.42835 -2.15941
3.8019 0.466188 2.60787
0.349302 -1.89841 1.33361
6.12351 -8.17827 3.35849
1.09043 5.24634 -0.631634
3.14218 -1.01427 -5.457
1.29896 -3.52943 2.41721
-4.33893 3.4548 -2.41661
-0.256924 -0.914726 -2.94248
-15.1334 -7.44898 5.27639
-0.900853 0.529334 -2.73499
0.47178 0.771711 -0.92372
0.39149 -5.61224 0.650479
0.150144 -0.534873 -0.234646
1.76354 1.62376 -2.36886
3.58814 -1.66587 2.93871
1.6954 1.49668 8.03074
1.24273 -0.647983 1.97148
5.88508 0.137918 -0.364927
0.488885 3.26133 -1.19898
3.90785 4.92791 -1.11973
-5.14049 -2.38561 -1.43997
2.54544 0.36509 2.49123
-1.01598 -3.40764 -0.366642
-2.00456 3.70435 2.00466
-2.88059 3.32051 -0.21335
6.60276 5.35626 -4.06156
-12.1788 -6.07254 -19.6378
1.17825 -3.37337 6.13639
1.21489 -2.46599 -3.04546
0.266711 -0.424938 -1.49728
1.81961 4.94495 2.68238
-0.983074 1.65503 0.178648
-2.05756 0.280083 4.5279
0.766627 -8.44651 -2.50319
-3.42148 2.17772 9.91721
-3.99523 -4.14859 -0.0384041
-4.34231 -7.5967 4.47492
-2.51998 1.71043 -0.10933
4.7592 -0.266579 -5.05405
6.31724 -3.91353 -12.8606
-8.36538 -2.97964 -4.79277
0.727647 1.2713 2.12571
1.95535 -2.84524 0.929134
-2.05533 0.587142 -0.758807
4.42574 -0.711383 -0.134154
-3.20976 -2.62953 -1.90742
-2.72318 0.0783631 -0.36366
-0.80297 1.13671 -0.759217
0.308275 -0.985724 2.74447
4.30996 3.94338 1.02597
0.752545 -0.0946642 -1.83749
-0.575778 2.93729 2.05568
-3.49633 9.68974 -7.75444
-2.52073 -3.20507 -0.689573
-4.51188 -2.11392 -0.829537
-1.95535 -1.94831 1.08652
-5.25316 -0.00792183 1.83372
8.74835 -0.501653 -3.8942
-0.655918 -2.78835 -0.28354
-2.65218 0.627204 -1.02769
-2.6539 -0.147918 -1.57187
4.70162 -2.57625 1.08074
0.282198 -10.1328 0.831505
4.33947 4.0496 -11.8127
-1.43214 -0.604356 -3.69312
-26.0579 5.82382 -8.99845
2.16483 -0.0762049 -5.39942
1.81801 8.0732 -0.378928
-9.62004 1.10634 0.00348586
2.21481 -2.66529 1.96248
-4.49841 3.26293 1.29763
3.85666 6.02434 11.4626
3.89873 0.510968 1.07469
0.62711 -1.03416 2.23195
2.55685 -2.37808 2.36571
0.315679 1.74875 -2.03833
1.78274 -3.90959 0.32233
-1.48414 2.29324 0.457451
-2.28229 -0.734425 -4.7487
-2.51435 -4.07485 -2.33776
1.20006 0.101375 2.48257
1.75868 0.526785 13.273
-0.339942 -0.636958 2.16642
-3.1783 -0.963205 -1.54328
-0.626785 0.749015 0.0939651
-2.1857 -1.23903 -1.0964
-1.90179 2.74298 0.656439
3.68397 2.15956 -2.05122
17.5259 3.48915 -1.48081
-2.75649 2.44661 1.74093
1.08728 -0.819227 0.580489
-4.69335 0.249027 -0.178347
6.88003 3.15574 3.19115
-0.0255704 2.79294 1.95391
0.434095 -0.314878 -1.9458
