-7.15705 7.71246 8.41682
5.61798 3.65944 6.10099
-0.558509 -2.51982 0.267167
-0.539116 -2.96021 -0.265902
3.43938 -2.42195 -2.10524
3.80307 0.473285 2.60254
0.360755 -1.98258 1.34661
6.13398 -8.2363 3.36139
1.01216 5.27385 -0.60212
3.13245 -0.895339 -5.43679
1.56255 -3.48353 2.38621
-4.33521 3.41631 -2.48163
-0.265816 -0.947758 -2.97616
-14.9865 -7.46373 5.2964
-1.14162 0.502638 -2.73311
0.47405 0.775412 -0.883706
0.394945 -5.61131 0.639022
0.383235 -0.547448 -0.282818
1.71993 1.63377 -2.40296
3.67224 -1.7162 2.93925
1.57813 1.25929 7.89057
1.26593 -0.713907 2.0139
5.87807 0.0766906 -0.335106
0.490567 3.20049 -1.22553
4.03671 4.71343 -1.12983
-5.27331 -2.41324 -1.42138
2.6213 0.475736 2.84897
-1.01885 -3.4945 -0.2403
-1.92204 3.67973 2.0168
-3.12323 3.54642 0.160806
6.9863 5.394 -4.03701
-12.1884 -6.08154 -19.7042
1.2403 -3.192 6.12877
1.18381 -2.49529 -3.02393
0.221829 -0.423883 -1.51922
1.70547 4.84746 2.73726
-0.99151 1.68922 0.181841
-2.07937 0.291622 4.7538
1.12864 -8.31825 -2.6027
-3.55082 2.12783 9.81708
-3.9692 -4.08011 -0.0245144
-4.44294 -7.62783 4.8788
-2.55162 1.77159 -0.120936
4.76136 -0.284307 -5.05275
6.23809 -3.76906 -12.7434
-8.35973 -2.82048 -4.72924
0.766949 1.22714 2.06775
1.95226 -2.87381 0.934173
-1.96078 0.575446 -0.771067
4.49555 -0.720115 -0.14818
-3.27593 -2.26711 -1.9777
-2.71956 0.0813626 -0.366679
-0.752208 1.16354 -0.654884
0.366007 -0.978165 2.78102
4.30996 3.94895 0.990565
0.761827 -0.0929048 -1.86917
-0.58343 2.91544 2.08516
-3.64266 9.78099 -7.90049
-2.52412 -3.11894 -0.778588
-4.23647 -2.12609 -0.84403
-1.97563 -1.96147 1.08238
-5.25209 0.0253585 1.73764
8.7511 -0.448485 -3.84492
-0.696611 -2.77495 -0.290694
-2.57874 0.749201 -1.06173
-2.71114 -0.274759 -1.64439
4.80326 -2.48079 1.11878
0.3198 -10.1847 0.798375
4.30273 4.0393 -11.791
-1.39584 -0.60821 -3.68981
-25.9892 5.97491 -8.98315
2.36284 -0.189573 -5.23428
1.87303 7.79872 -0.530585
-9.68683 1.13559 0.0829079
2.19768 -2.74928 1.91304
-4.39625 3.17305 1.31053
3.35631 5.93786 11.2798
3.81044 0.490829 1.08812
0.637499 -1.00893 2.21274
2.77179 -2.25041 2.02653
0.321008 1.73672 -2.01559
1.80368 -3.92406 0.335514
-1.49734 2.16753 0.37684
-2.30246 -0.752683 -4.87489
-2.49327 -4.06614 -2.32744
1.18173 0.10766 2.3958
1.7157 0.523051 13.2879
-0.342675 -0.638102 2.20002
-3.20827 -0.940939 -1.46052
-0.630059 0.754094 0.0965636
-2.38829 -1.2196 -1.09781
-1.85759 2.72085 0.722693
3.69888 2.14725 -2.06313
17.5429 3.60941 -1.54957
-2.79109 2.47484 1.721
0.983445 -0.805195 0.552375
-4.5186 0.246277 -0.128023
6.77091 3.16156 3.15832
-0.164718 2.83811 1.97783
0.10619 -0.216548 -1.94762
