-7.16851 7.50424 8.3992
5.59166 3.53648 6.09423
-0.235494 -2.32362 0.275595
-0.721036 -2.98474 -0.256916
3.21293 -2.40182 -1.94835
3.80682 0.495157 2.58545
0.397014 -2.25155 1.37985
6.16417 -8.41517 3.35859
0.784345 5.36373 -0.520436
3.10337 -0.541996 -5.38509
2.43338 -3.35401 2.29319
-4.32317 3.31762 -2.68821
-0.291856 -1.04118 -3.08108
-14.6576 -7.49788 5.35525
-1.85435 0.42093 -2.73111
0.481207 0.788363 -0.765894
0.402276 -5.6087 0.601718
0.915764 -0.576876 -0.456088
1.5957 1.66825 -2.51221
3.94619 -1.87122 2.94355
1.20824 -1.48599 7.57335
1.34368 -0.891848 2.14432
5.85422 -0.0823024 -0.243568
0.498375 3.03089 -1.31387
4.29216 4.15169 -1.16598
-5.66909 -2.50075 -1.37872
2.86628 0.792161 3.85786
-1.02686 -3.75511 0.13297
-1.69009 3.61069 2.04945
-3.88381 4.36037 1.19728
8.32246 5.53039 -3.95704
-12.2091 -6.11557 -19.9642
1.46294 -2.69625 6.10149
1.09338 -2.5864 -2.96354
0.0904456 -0.417752 -1.5948
1.34814 4.59464 2.90317
-1.01662 1.78651 0.190805
-2.14766 0.327492 5.50288
2.3379 -7.91209 -2.92481
-3.92319 1.98842 9.57535
-3.88888 -3.74677 0.0128079
-4.79728 -7.71964 6.10536
-2.647 1.97077 -0.155623
4.76804 -0.334879 -5.06225
6.01129 -3.37811 -12.4726
-8.33635 -2.42932 -4.11509
0.895574 1.1124 1.88578
1.94385 -2.95862 0.948732
-1.66792 0.539836 -0.808529
4.64899 -0.744472 -0.195168
-3.44973 0.619023 -2.21293
-2.70908 0.0914442 -0.376379
-0.598091 1.2585 -0.365596
0.540794 -0.949094 2.89232
4.31053 3.96569 0.88682
0.789726 -0.087114 -1.96629
-0.604932 2.85404 2.17731
-4.08544 9.9212 -8.13885
-2.535 -2.86334 -1.0491
-3.49141 -2.16411 -0.889817
-2.03446 -2.00108 1.06956
-5.24859 0.128972 1.43282
8.76407 -0.277382 -3.72294
-0.819554 -2.73951 -0.313938
-2.34212 1.11429 -1.16534
-2.88366 -0.571868 -1.87466
5.13886 -2.19102 1.22525
0.426375 -10.395 0.703886
4.21336 4.00185 -11.7377
-1.28698 -0.615198 -3.68164
-25.8399 5.64061 -8.94766
3.01406 -0.504548 -4.77409
2.04022 7.01442 -1.00801
-9.93547 1.24057 0.33714
2.13119 -2.98026 1.74176
-4.10612 2.95688 1.34814
2.36021 5.84119 10.7502
3.55417 0.436289 1.12667
0.670874 -0.932274 2.14741
3.47401 -1.88592 0.940364
0.33667 1.70647 -1.9502
1.86975 -3.9646 0.374895
-1.53792 1.82448 0.139452
-2.3639 -0.801368 -5.33629
-2.43366 -4.03823 -2.2997
1.13301 0.122846 2.11953
1.59086 0.519734 13.3316
-0.351429 -0.639408 2.30623
-3.30408 -0.866014 -1.21124
-0.639114 0.769096 0.10306
-3.0314 -1.17283 -1.10692
-1.73437 2.66845 0.914013
3.75447 2.11705 -2.10846
17.6194 4.07364 -1.78977
-2.90076 2.56705 1.66483
0.630351 -0.761156 0.469587
-4.01729 0.243392 0.0112052
6.4841 3.1866 3.1162
-0.577201 2.98155 2.04706
-0.918922 0.0549866 -1.96088
