-7.17315 7.31828 8.37967
5.5753 3.42203 6.08429
0.146209 -2.16159 0.285291
-0.886848 -2.79484 -0.248842
3.00874 -2.38875 -1.81957
3.81292 0.516113 2.56463
0.432033 -2.55572 1.40979
6.20045 -8.63213 3.3215
0.596974 5.449 -0.452788
3.07578 -0.189995 -5.34422
3.51783 -3.25618 2.20079
-4.30642 3.23756 -2.82098
-0.312071 -1.13387 -3.21689
-14.423 -7.52283 5.41323
-2.52075 0.328856 -2.73576
0.490296 0.802093 -0.651981
0.410271 -5.60529 0.551689
1.33276 -0.597527 -0.700953
1.48841 1.69986 -2.64419
4.27255 -2.04263 2.95062
0.853289 -1.72479 7.42944
1.43406 -1.06161 2.27925
5.83365 -0.212193 -0.149444
0.51454 2.87661 -1.41633
3.8347 3.62774 -1.20789
-6.01884 -2.58974 -1.34374
3.14175 1.12019 4.88887
-1.03162 -4.02952 0.500839
-1.4619 3.53841 2.07679
-4.75933 5.05099 2.2129
8.74339 5.66877 -3.87629
-12.2207 -6.17154 -19.8367
1.79916 -2.26658 6.06911
1.01042 -2.68985 -2.914
-0.0153814 -0.409952 -1.70782
0.930863 4.36642 3.07065
-1.03766 1.87704 0.198271
-2.21562 0.362113 6.31225
3.80444 -7.64903 -3.29712
-4.21605 1.77424 9.35815
-3.79458 -3.43754 0.0433239
-5.20826 -7.82376 7.31571
-2.72268 2.15888 -0.192164
4.77658 -0.390432 -5.10134
5.80215 -3.08371 -12.2791
-8.30256 -2.08951 -3.69846
1.0443 1.02504 1.70324
1.94041 -3.05075 0.963248
-1.32313 0.497978 -0.848816
4.46141 -0.771338 -0.257909
-3.60986 1.55135 -2.58062
-2.69585 0.101638 -0.387784
-0.435043 1.35883 -0.0987672
0.725559 -0.921169 3.00289
4.31239 3.98052 0.777552
0.820146 -0.0820951 -2.0737
-0.622492 2.79395 2.26823
-4.45357 9.9526 -7.34911
-2.54572 -2.61663 -1.3276
-2.76759 -2.19907 -0.946167
-2.07602 -2.04893 1.05047
-5.2415 0.2361 1.13768
8.78986 -0.0984477 -3.62007
-0.936769 -2.71572 -0.341891
-2.04579 1.56514 -1.26746
-3.04789 -0.97603 -2.13008
5.52281 -1.93362 1.32727
0.570498 -10.684 0.568263
4.14948 3.96287 -11.7093
-1.16989 -0.61833 -3.67733
-25.7377 5.27926 -8.89817
3.82073 -0.850038 -4.36187
2.21541 6.43738 -1.27505
-10.1529 1.33438 0.636422
2.06898 -3.2625 1.54318
-3.83674 2.75737 1.38363
1.78319 5.84408 9.94566
3.3166 0.377599 1.16086
0.712711 -0.854761 2.07977
4.29162 -1.56493 -0.304848
0.353525 1.67905 -1.89128
1.94918 -4.00677 0.411224
-1.57509 1.46756 -0.0987238
-2.41608 -0.844763 -5.9413
-2.37193 -4.01255 -2.27851
1.10429 0.128177 1.77461
1.4884 0.516131 13.3795
-0.358553 -0.640042 2.40816
-3.41455 -0.796435 -0.970598
-0.642406 0.782183 0.10665
-3.60485 -1.14121 -1.11262
-1.61645 2.61647 1.09344
3.83954 2.09068 -2.17429
17.7808 4.01594 -2.05402
-3.00911 2.65004 1.61127
0.193933 -0.732524 0.388026
-3.53234 0.235447 0.116127
6.26692 3.20663 3.11166
-0.967836 3.11271 2.11087
-1.90934 0.282192 -1.99188
