-7.17738 7.25404 8.36948
5.56911 3.38578 6.07839
0.286766 -2.11153 0.28831
-0.945166 -2.73225 -0.24689
2.93836 -2.38496 -1.7795
3.81415 0.522943 2.55619
0.440607 -2.66584 1.41589
6.22081 -8.52877 3.30198
0.538252 5.47675 -0.433038
3.066 -0.072974 -5.33573
3.87677 -3.23002 2.16988
-4.30197 3.21423 -2.73739
-0.320517 -1.16447 -3.27442
-14.3627 -7.52908 5.4339
-2.58153 0.297348 -2.73893
0.492775 0.806779 -0.616344
0.412421 -5.60359 0.528362
1.45572 -0.602299 -0.770481
1.45321 1.71139 -2.69119
4.36016 -2.10173 2.95274
0.745892 -1.57317 7.39895
1.46182 -1.11652 2.31074
5.82852 -0.251349 -0.123549
0.519185 2.82751 -1.46839
3.68873 3.46108 -1.22514
-6.28418 -2.6184 -1.33218
3.21361 1.24238 5.21711
-1.03436 -4.12479 0.598242
-1.40641 3.51321 2.08456
-4.79929 5.31199 2.54816
8.46704 5.71274 -3.85136
-12.2306 -6.19456 -19.653
1.90695 -2.13304 6.05365
0.979904 -2.72599 -2.90073
-0.0504639 -0.406626 -1.74508
0.754923 4.29769 3.12677
-1.04552 1.90776 0.199885
-2.24275 0.373983 6.62586
3.91776 -7.56921 -3.43953
-4.32169 1.69874 9.29152
-3.76584 -3.35662 0.0488293
-5.36864 -7.85994 7.43375
-2.74874 2.22375 -0.206139
4.77683 -0.411113 -5.12756
5.7237 -2.99635 -12.2295
-8.29423 -1.98051 -3.59531
1.08931 1.00132 1.62932
1.93871 -3.08825 0.965958
-1.23914 0.483441 -0.863404
4.39765 -0.779765 -0.278397
-3.70968 1.66934 -2.72576
-2.69215 0.104871 -0.392271
-0.388045 1.39372 -0.0179303
0.784042 -0.911952 3.04019
4.31247 3.98523 0.738481
0.829511 -0.0805057 -2.11512
-0.628394 2.77403 2.29275
-4.57309 9.95636 -7.17732
-2.55124 -2.53471 -1.33838
-2.57245 -2.20771 -0.967509
-2.09243 -2.06572 1.043
-5.24017 0.272825 1.02951
8.79934 -0.0390721 -3.5935
-0.980372 -2.70906 -0.352179
-1.95472 1.76997 -1.31221
-3.11695 -1.11571 -2.22326
5.6364 -1.85177 1.35787
0.617025 -10.7888 0.481984
4.12652 3.95161 -11.7025
-1.13554 -0.618473 -3.67706
-25.7244 5.04228 -8.88196
4.11911 -0.967707 -4.24344
2.26359 6.31683 -1.07502
-10.0409 1.36869 0.752161
2.03925 -3.36021 1.47227
-3.75647 2.69424 1.39326
1.62134 5.8466 9.78125
3.23775 0.357715 1.17127
0.726521 -0.829041 2.05416
4.52978 -1.44609 -0.790939
0.358339 1.6696 -1.87757
1.97412 -4.0221 0.421529
-1.59296 1.35048 -0.186243
-2.43826 -0.857181 -6.12004
-2.35406 -4.00488 -2.27341
1.09543 0.127874 1.64899
1.45583 0.514095 13.3958
-0.361809 -0.639853 2.43764
-3.4673 -0.772128 -0.891627
-0.644074 0.786457 0.10704
-3.48664 -1.13192 -1.1118
-1.58173 2.59938 1.13973
3.86766 2.08269 -2.2073
17.8531 3.78128 -2.21652
-3.04537 2.67853 1.5929
0.0773705 -0.723293 0.36121
-3.38176 0.231745 0.145685
6.18548 3.21372 3.11292
-1.10599 3.15547 2.12977
-2.23982 0.35617 -2.00797
