-7.18395 7.18635 8.35887
5.56212 3.34987 6.07192
0.426851 -2.06454 0.291732
-1.00736 -2.67016 -0.245018
2.87031 -2.38164 -1.73811
3.8147 0.529388 2.54764
0.447058 -2.78043 1.422
6.24369 -8.29265 3.28887
0.473255 5.5037 -0.413595
3.0559 0.04305 -5.32909
4.1895 -3.20762 2.1397
-4.29821 3.19143 -2.65585
-0.33006 -1.19541 -3.33219
-14.3118 -7.53469 5.45649
-2.4819 0.2646 -2.74172
0.495035 0.81126 -0.581323
0.414237 -5.60165 0.50463
1.57397 -0.606348 -0.826527
1.41991 1.7233 -2.73623
4.42727 -2.16264 2.95527
0.643529 -1.42958 7.36604
1.48767 -1.17205 2.34307
5.8248 -0.290148 -0.0988862
0.523252 2.778 -1.52128
3.54143 3.29534 -1.24196
-6.70499 -2.64666 -1.32014
3.28464 1.36124 5.55179
-1.03756 -4.22273 0.675986
-1.36842 3.48658 2.09253
-4.49953 5.60006 2.90271
8.14459 5.75424 -3.82685
-12.2457 -6.2198 -19.4929
2.01194 -2.00765 6.03842
0.946925 -2.76335 -2.88784
-0.0847885 -0.403314 -1.77427
0.551896 4.23212 3.1863
-1.05451 1.9386 0.201241
-2.27181 0.385819 6.70591
3.63651 -7.49471 -3.58651
-4.43592 1.62235 9.23328
-3.74023 -3.29124 0.0533661
-5.541 -7.89723 7.22415
-2.77444 2.2903 -0.22052
4.77529 -0.434105 -5.15493
5.64661 -2.91321 -12.1851
-8.28702 -1.87496 -3.49796
1.1315 0.976741 1.55841
1.93652 -3.13138 0.969164
-1.18885 0.468034 -0.877317
4.33146 -0.788078 -0.29593
-3.83598 1.80329 -2.86748
-2.68929 0.107756 -0.396714
-0.342152 1.42765 0.0620076
0.842116 -0.903381 3.07915
4.31234 3.98973 0.699799
0.838452 -0.0791417 -2.15679
-0.634315 2.75385 2.31696
-4.69273 9.95763 -7.01507
-2.55742 -2.45271 -1.26256
-2.4294 -2.21548 -0.98917
-2.11141 -2.08306 1.03598
-5.23903 0.309239 0.914273
8.8094 0.018504 -3.56863
-1.02933 -2.70314 -0.362356
-1.86744 1.9722 -1.35796
-3.19737 -1.25579 -2.31857
5.746 -1.77215 1.38969
0.661343 -10.9035 0.39163
4.09983 3.94064 -11.6954
-1.10618 -0.618488 -3.67695
-25.7194 4.73376 -8.87632
4.43619 -1.08861 -4.12397
2.30535 6.19883 -0.890306
-9.94702 1.40444 0.882494
2.00478 -3.45893 1.40209
-3.6817 2.63187 1.40324
1.4663 5.84866 9.65533
3.15807 0.337342 1.18223
0.740376 -0.804852 2.02823
4.79321 -1.33026 -1.31027
0.362586 1.65932 -1.86414
1.99654 -4.03878 0.432058
-1.61322 1.23495 -0.279015
-2.46363 -0.868917 -6.06657
-2.33897 -3.99809 -2.26861
1.08703 0.126374 1.55647
1.42156 0.511745 13.4127
-0.365691 -0.639622 2.46762
-3.52039 -0.747346 -0.810437
-0.647015 0.790566 0.107308
-3.09921 -1.12317 -1.10913
-1.54953 2.5813 1.18673
3.89448 2.0741 -2.24029
17.9356 3.53629 -2.37294
-3.07924 2.70749 1.57484
0.0111545 -0.714218 0.33574
-3.23811 0.226976 0.174451
6.08331 3.22098 3.11535
-1.25277 3.19737 2.14869
-2.60053 0.427926 -2.0262
