-2.40914 -1.45529 -0.714487
-0.274073 -2.62808 0.241395
1.91977 -0.354896 0.0828649
-1.05777 -1.16769 -0.0457303
-2.05079 -0.504168 -3.64898
0.615078 0.0126896 1.9394
0.0766153 -1.48722 0.0894739
0.331397 1.64713 0.758877
-2.29101 0.674035 -0.772767
0.486814 1.6026 -0.189778
0.914499 -0.247241 0.215902
-2.2725 0.261793 1.15379
-0.0439787 0.8209 -0.236693
-0.860081 -0.305048 -1.49897
1.22747 1.29412 -2.27984
0.0900229 0.221204 -0.401134
-0.00495644 -0.609502 -1.35246
-1.68644 -0.0452114 -0.237226
4.25794 0.073893 -0.461045
-5.9391 0.691347 0.495432
-0.803159 0.629496 0.252683
0.133988 0.52822 -0.0864219
0.946345 -0.507482 -0.438963
0.0964727 0.218553 1.23532
1.2698 -0.628703 -0.0238295
-0.287428 -0.788675 -0.820976
0.0670561 0.906095 0.263998
-0.0573071 1.96674 0.337488
2.24158 0.0439835 0.882695
-0.956675 0.426603 -2.47914
-0.341383 -0.0318003 -0.322594
0.767234 2.53909 -1.594
-0.36709 2.38391 0.169945
0.256954 0.147754 -0.401973
-1.13401 0.0932731 0.621175
1.82894 0.358893 -1.32156
-0.133978 -0.757882 -0.0025305
-0.596863 -0.243803 5.77471
-1.10617 -0.580445 0.250154
0.85287 -0.243175 1.13116
-0.720024 0.0103138 -1.32954
5.68604 -0.467938 -3.41511
-0.148517 -1.14751 0.731427
-1.40476 -2.84528 -0.576199
-0.816926 3.02479 -0.707514
-0.271525 0.74098 1.53131
-0.533077 0.41175 1.14847
1.55753 -0.176343 0.142513
0.768028 0.913077 -0.168684
0.237942 -0.261177 0.657382
0.490373 1.93559 1.69939
-0.904777 -0.0230326 -0.122583
-0.850166 0.26991 2.19575
0.883177 0.816324 -0.13049
0.40824 0.293064 -0.620146
0.314342 -0.00415048 -3.41876
-0.0914335 0.419582 -0.0612137
2.51938 1.39978 2.28337
-1.77909 -0.192751 2.68919
-0.384803 -0.526155 -0.0970522
-0.211241 -0.353503 0.529343
-0.694051 0.753219 -1.1603
-0.041579 -0.329861 1.87041
0.416172 -0.464136 0.030515
0.34392 -1.0529 0.803419
0.75624 -1.81727 -1.76228
0.256562 -0.924975 -0.795693
-0.522702 2.80647 2.26295
-0.376353 0.375026 -0.629729
0.639147 -0.00255044 -0.5547
-2.4046 -1.63583 2.89128
1.27465 -2.50342 -0.158684
-0.712075 0.843712 -0.960257
-0.431529 -0.579703 -0.941928
0.352836 0.869453 1.2052
0.655588 0.196387 -0.04067
0.157658 -1.73116 -0.358331
-1.06776 0.584547 0.560683
0.10471 -0.451883 0.297022
-1.78644 -0.588162 1.40685
0.0795109 0.332407 -0.410056
0.166823 -0.760737 0.135722
-0.264517 -0.640956 -0.238905
-0.266674 -0.0428134 -0.133608
-2.69299 -0.431617 -0.875631
0.493598 -0.144522 0.115905
2.45651 -0.148457 3.43776
-0.125297 -0.208958 -0.126079
-0.00845296 2.28067 -2.57422
0.267963 0.109968 0.0195555
-1.48418 -0.300836 0.143531
2.64656 -0.543202 2.25802
2.10852 0.0451975 -0.403462
-1.09636 -0.795555 0.322081
-0.345102 0.165843 0.250309
0.443213 -0.418598 0.254132
-0.429952 0.360524 -4.92282
10.2062 1.49798 0.323778
-1.40707 0.258442 0.20423
1.02405 -0.145478 -1.46351
