-7.20117 7.06954 8.33935
5.54926 3.28295 6.05847
0.73008 -1.97009 0.300965
-1.13155 -2.54221 -0.24074
2.74331 -2.372 -1.65059
3.81576 0.543769 2.53177
0.455732 -3.01082 1.43964
6.28928 -8.03049 3.27656
0.345057 5.56097 -0.372442
3.03729 0.279075 -5.31568
3.69457 -3.1655 2.0837
-4.29018 3.15206 -2.49452
-0.34885 -1.25394 -3.44696
-14.229 -7.5415 5.50662
-2.28026 0.203322 -2.74606
0.499756 0.821753 -0.508862
0.418492 -5.59428 0.455849
1.80411 -0.60953 -0.936493
1.36165 1.7541 -2.81927
4.56861 -2.28244 2.96166
0.448156 -1.10833 7.29749
1.54867 -1.27152 2.41448
5.82411 -0.363839 -0.0502098
0.533068 2.68676 -1.62378
3.2592 2.9984 -1.2714
-6.71595 -2.69896 -1.29453
3.44066 1.65449 5.34962
-1.04268 -4.42398 0.833384
-1.2922 3.43582 2.10932
-3.85923 5.20185 3.75658
7.60217 5.84024 -3.77796
-12.2873 -6.2697 -19.2427
2.23119 -1.73109 6.0136
0.882746 -2.83713 -2.86382
-0.144784 -0.395971 -1.81836
0.172537 4.13209 3.31403
-1.0712 2.00371 0.204078
-2.3338 0.411726 6.3761
3.10754 -7.31934 -3.86024
-4.67185 1.48916 9.12447
-3.69056 -3.16979 0.0649075
-5.90078 -7.96187 6.76619
-2.82538 2.43865 -0.24681
4.76991 -0.48147 -5.21038
5.52274 -2.74612 -12.1029
-8.27171 -1.65919 -3.29611
1.21662 0.94087 1.424
1.93651 -3.21366 0.980193
-1.08903 0.442072 -0.903634
4.20285 -0.799615 -0.331646
-4.13676 2.20721 -3.13612
-2.68369 0.11426 -0.404823
-0.246672 1.5066 0.256477
0.963462 -0.882255 3.16873
4.31231 3.99939 0.624746
0.856506 -0.0753877 -2.24039
-0.644073 2.71575 2.36647
-4.93945 9.95975 -6.71661
-2.56955 -2.28363 -1.10809
-1.97782 -2.2222 -1.03139
-2.14915 -2.11597 1.02215
-5.23528 0.387313 0.690787
8.83617 0.136891 -3.51219
-1.10429 -2.69022 -0.381187
-1.70054 1.89033 -1.44157
-3.36832 -1.50175 -2.51889
5.86526 -1.59222 1.46496
0.756148 -11.0961 0.209537
4.03906 3.91985 -11.6813
-1.05067 -0.614904 -3.67754
-25.7083 4.39351 -8.88522
4.884 -1.27843 -3.88477
2.3997 6.02338 -0.53812
-9.76335 1.52217 1.2379
1.93642 -3.64428 1.26289
-3.52876 2.51851 1.42531
1.16986 5.85751 9.46295
3.00757 0.29973 1.20432
0.770527 -0.749468 1.98381
5.35494 -1.00295 -2.21977
0.371522 1.64067 -1.83692
2.0414 -4.06999 0.453695
-1.65232 1.01971 -0.462553
-2.51884 -0.887229 -5.61728
-2.31232 -3.9844 -2.25919
1.0743 0.121445 1.44803
1.35447 0.508874 13.4484
-0.372891 -0.636626 2.52812
-3.62502 -0.687369 -0.634754
-0.651736 0.800285 0.108045
-2.58742 -1.10436 -1.09822
-1.48086 2.55258 1.28347
3.95158 2.06395 -2.30588
18.1652 3.19576 -2.67156
-3.14341 2.77531 1.54355
-0.116369 -0.684661 0.294282
-2.9645 0.220536 0.232236
5.90435 3.24067 3.12402
-1.53491 3.28923 2.19154
-3.18575 0.575844 -2.06547
