-7.21138 7.01871 8.33095
5.54362 3.25056 6.05125
0.89202 -1.92398 0.306517
-1.19374 -2.47717 -0.238566
2.66753 -2.36746 -1.60714
3.81627 0.551026 2.52402
0.458846 -3.12718 1.45066
6.31309 -7.94221 3.27244
0.286957 5.58957 -0.351638
3.02953 0.396478 -5.30927
3.26496 -3.14683 2.05737
-4.2853 3.13213 -2.41482
-0.357489 -1.28661 -3.50387
-14.1944 -7.54365 5.53337
-2.17676 0.172546 -2.74763
0.50216 0.826852 -0.472223
0.421093 -5.58931 0.430469
1.91494 -0.609953 -0.990771
1.33349 1.77065 -2.86081
4.6436 -2.34346 2.96518
0.351315 -0.940758 7.26244
1.59174 -1.3195 2.4519
5.82762 -0.402214 -0.0270828
0.539375 2.64022 -1.6742
3.12396 2.85186 -1.28496
-6.59477 -2.72337 -1.28147
3.53125 1.81038 5.09676
-1.04393 -4.42996 0.913083
-1.25276 3.41057 2.11817
-3.48067 4.83993 4.29114
7.37385 5.88373 -3.75511
-12.3111 -6.29823 -19.1354
2.3452 -1.59466 6.00228
0.854233 -2.8756 -2.85245
-0.172785 -0.393941 -1.84056
0.119182 4.09034 3.38348
-1.07831 2.03739 0.205381
-2.37241 0.424452 6.22203
2.85851 -7.2374 -3.99609
-4.79324 1.42523 9.07583
-3.66524 -3.11403 0.0706883
-6.08091 -7.99371 6.56418
-2.85087 2.51732 -0.259242
4.76639 -0.5101 -5.23832
5.4866 -2.66713 -12.0656
-8.26261 -1.55689 -3.19716
1.26173 0.924155 1.35869
1.94146 -3.25571 0.987857
-1.03874 0.429713 -0.916222
4.14084 -0.804251 -0.349287
-4.32092 2.46687 -3.27156
-2.68076 0.117467 -0.408655
-0.196345 1.54711 0.357108
1.02298 -0.871543 3.21626
4.3124 4.00389 0.587437
0.865412 -0.0736792 -2.28273
-0.647323 2.69543 2.39225
-4.8976 9.95951 -6.58237
-2.57502 -2.22087 -1.03003
-1.75029 -2.22332 -1.05257
-2.16754 -2.13311 1.01573
-5.23249 0.422727 0.579297
8.85484 0.195413 -3.48368
-1.1375 -2.68416 -0.390399
-1.61743 1.7721 -1.48439
-3.45539 -1.62146 -2.62534
5.75987 -1.50167 1.50633
0.808269 -11.1907 0.116572
4.00915 3.90893 -11.6748
-1.02333 -0.611997 -3.67849
-25.7028 4.27358 -8.89417
4.67559 -1.3693 -3.76683
2.46034 5.94899 -0.37266
-9.66531 1.58701 1.45202
1.9054 -3.73935 1.19551
-3.43995 2.46509 1.43685
1.01801 5.86422 9.38405
2.9415 0.2812 1.2154
0.786388 -0.721518 1.96314
5.6607 -0.831523 -2.68775
0.376803 1.63111 -1.82337
2.06556 -4.08548 0.464621
-1.66899 0.90831 -0.553573
-2.54857 -0.895729 -5.42216
-2.29955 -3.97815 -2.25479
1.06876 0.117324 1.40053
1.32198 0.50751 13.4665
-0.375858 -0.635102 2.55919
-3.6811 -0.656149 -0.543736
-0.652882 0.805502 0.108391
-2.37134 -1.09518 -1.09055
-1.43887 2.5389 1.3324
3.98221 2.05983 -2.33907
18.3353 3.0268 -2.84564
-3.17572 2.81122 1.52914
-0.179788 -0.667603 0.275439
-2.8383 0.217285 0.259188
5.83073 3.25201 3.12975
-1.64294 3.33656 2.2139
-3.46258 0.648223 -2.08663
