-7.22309 6.97253 8.32424
5.5381 3.21847 6.04344
1.05786 -1.87906 0.312676
-1.25817 -2.41148 -0.236484
2.57306 -2.36361 -1.56384
3.81644 0.558135 2.51627
0.460489 -3.24411 1.46285
6.33697 -7.86522 3.26862
0.227453 5.61761 -0.33081
3.02235 0.511813 -5.30326
2.83592 -3.12979 2.03215
-4.28093 3.11097 -2.33572
-0.366544 -1.32326 -3.56095
-14.1648 -7.54537 5.56092
-2.07161 0.140915 -2.74887
0.50404 0.831539 -0.435533
0.423674 -5.58331 0.404171
2.02084 -0.610136 -1.04503
1.30378 1.78716 -2.90278
4.7207 -2.40609 2.96874
0.250495 -0.771574 7.22732
1.63431 -1.36788 2.48989
5.83251 -0.442835 -0.00502616
0.545861 2.5914 -1.72443
2.99052 2.70117 -1.29824
-6.4821 -2.7467 -1.26844
3.62321 1.96648 4.83597
-1.04547 -4.33942 0.993409
-1.21328 3.38514 2.12735
-3.09667 4.47618 4.92977
7.16339 5.92759 -3.73413
-12.3399 -6.3302 -19.0392
2.46097 -1.4632 5.99107
0.825306 -2.91589 -2.84153
-0.202204 -0.39393 -1.86455
0.0661073 4.05176 3.45749
-1.08559 2.07175 0.206544
-2.41893 0.436622 6.07478
2.6137 -7.16436 -4.13383
-4.92229 1.3609 9.0305
-3.64245 -3.06142 0.0762659
-6.26843 -8.02705 6.37532
-2.87763 2.59809 -0.271336
4.76164 -0.54425 -5.26638
5.45208 -2.59215 -12.0306
-8.25446 -1.46129 -3.10085
1.30649 0.906445 1.2938
1.94934 -3.30125 0.995773
-0.988618 0.417167 -0.92854
4.07936 -0.808624 -0.36697
-4.56271 2.78647 -3.41359
-2.67795 0.120484 -0.412379
-0.1499 1.58688 0.455995
1.07606 -0.861359 3.26468
4.31223 4.00791 0.549982
0.873611 -0.0723017 -2.32564
-0.650492 2.6736 2.41876
-4.68653 9.95843 -6.45501
-2.58132 -2.18167 -0.951412
-1.54093 -2.2238 -1.07396
-2.18632 -2.15125 1.00945
-5.23002 0.453316 0.466872
8.87472 0.25276 -3.45597
-1.17112 -2.67864 -0.399573
-1.53567 1.6552 -1.52938
-3.55727 -1.74477 -2.73753
5.65918 -1.41369 1.54961
0.859919 -11.2911 0.0221418
3.97975 3.89731 -11.669
-0.996545 -0.608659 -3.68
-25.7001 4.16431 -8.90388
4.46955 -1.46544 -3.65143
2.52185 5.87738 -0.213488
-9.57643 1.65059 1.67807
1.87267 -3.83896 1.12929
-3.35402 2.41294 1.44852
0.861381 5.87285 9.31651
2.87673 0.262425 1.22644
0.801895 -0.694426 1.94276
5.97234 -0.66768 -3.17138
0.381743 1.62099 -1.80999
2.08984 -4.10117 0.475656
-1.68717 0.790584 -0.644438
-2.58201 -0.904451 -5.24375
-2.28753 -3.97253 -2.25059
1.06278 0.111909 1.35662
1.28816 0.505744 13.4846
-0.37941 -0.634048 2.5909
-3.74785 -0.62542 -0.450815
-0.653608 0.810866 0.108759
-2.15484 -1.08653 -1.08168
-1.3987 2.52465 1.38145
4.01303 2.05549 -2.37278
18.5685 2.81412 -3.05552
-3.20995 2.84746 1.51518
-0.244724 -0.650125 0.256708
-2.725 0.21354 0.2845
5.76443 3.26392 3.13637
-1.75294 3.38408 2.23649
-3.74987 0.718109 -2.10838
