-7.23388 6.92859 8.32012
5.53385 3.18687 6.03487
1.23163 -1.83563 0.319507
-1.31528 -2.34494 -0.234523
2.47802 -2.36018 -1.52033
3.81672 0.565186 2.50847
0.461635 -3.17636 1.47611
6.36347 -7.79749 3.26495
0.169258 5.64529 -0.309831
3.01642 0.603699 -5.29774
2.40736 -3.11408 2.00818
-4.27616 3.089 -2.25707
-0.37453 -1.36062 -3.61844
-14.1375 -7.54709 5.58912
-1.94634 0.108422 -2.74978
0.506157 0.835652 -0.39878
0.426754 -5.57541 0.376813
2.12618 -0.610201 -1.09948
1.27628 1.80412 -2.94527
4.71979 -2.4706 2.97229
0.166889 -0.600395 7.19241
1.67897 -1.41804 2.52849
5.83909 -0.578907 0.0160367
0.553914 2.54193 -1.7745
2.87357 2.54577 -1.31141
-6.3758 -2.76894 -1.25552
3.72998 2.12323 4.56454
-1.04626 -4.25264 1.07449
-1.16872 3.35938 2.13692
-2.507 4.10357 5.67384
6.97225 5.97212 -3.71535
-12.3698 -6.36396 -18.953
2.59119 -1.33611 5.97991
0.798849 -2.95831 -2.83102
-0.231459 -0.395764 -1.89093
0.0165094 4.0166 3.53681
-1.09182 2.10672 0.207552
-2.46558 0.448471 5.9338
2.38411 -7.09901 -4.27318
-5.04932 1.2971 8.98837
-3.62043 -3.01711 0.0818358
-6.45361 -8.0616 6.19633
-2.90104 2.68178 -0.283043
4.75723 -0.584089 -5.29439
5.42195 -2.5201 -11.9976
-8.24582 -1.3749 -3.00685
1.35481 0.887765 1.22903
1.96017 -3.35758 1.00264
-0.933492 0.404396 -0.940595
4.02105 -0.812655 -0.384794
-4.77861 3.23646 -3.56734
-2.6748 0.123209 -0.415986
-0.102217 1.6243 0.553356
1.13002 -0.852117 3.31394
4.31234 4.0116 0.512292
0.882058 -0.0712243 -2.36916
-0.653066 2.65043 2.44603
-4.47018 9.95707 -6.33266
-2.58722 -2.14447 -0.872133
-1.34403 -2.22395 -1.09554
-2.20302 -2.17003 1.00323
-5.22676 0.481983 0.353267
8.89751 0.303732 -3.42908
-1.20391 -2.67347 -0.408705
-1.44179 1.53905 -1.57642
-3.64976 -1.87217 -2.85666
5.56661 -1.32808 1.59497
0.918928 -11.3978 -0.0731605
3.95196 3.88493 -11.664
-0.968337 -0.605134 -3.68212
-25.6987 4.05801 -8.91279
4.27648 -1.56695 -3.53894
2.59438 5.80792 -0.0588017
-9.49101 1.71256 1.90516
1.84521 -3.94034 1.06417
-3.26778 2.36136 1.46035
0.712201 5.88343 9.26006
2.81594 0.243407 1.23746
0.818642 -0.667816 1.92267
6.30858 -0.511126 -3.64525
0.387044 1.60866 -1.79677
2.11662 -4.11758 0.486916
-1.70274 0.673812 -0.735251
-2.61564 -0.913089 -5.07966
-2.27502 -3.96777 -2.24654
1.05908 0.105402 1.31571
1.25633 0.503437 13.5029
-0.382573 -0.633577 2.62328
-3.81698 -0.594671 -0.355711
-0.653211 0.816289 0.109246
-1.93569 -1.07858 -1.07175
-1.35788 2.50899 1.43066
4.04664 2.05111 -2.40704
18.5465 2.49969 -3.29804
-3.24269 2.8845 1.50155
-0.307614 -0.632096 0.237752
-2.61477 0.208975 0.308376
5.70571 3.27619 3.14395
-1.8617 3.43176 2.25942
-4.04255 0.785259 -2.13027
