-7.24299 6.88586 8.31928
5.5308 3.15589 6.02539
1.40926 -1.79366 0.327062
-1.36647 -2.27736 -0.232701
2.38046 -2.35695 -1.47629
3.81691 0.572224 2.5006
0.462065 -2.9382 1.49025
6.39119 -7.73688 3.26145
0.0940964 5.67278 -0.288543
3.01142 0.672086 -5.29281
1.97557 -3.09938 1.98553
-4.27129 3.0662 -2.17871
-0.381587 -1.39874 -3.67654
-14.1128 -7.54893 5.61787
-1.80238 0.0750864 -2.75034
0.508216 0.839182 -0.361953
0.430077 -5.56476 0.348285
2.23053 -0.610281 -1.15429
1.25047 1.82152 -2.98841
4.64107 -2.53722 2.97579
0.101661 -0.428726 7.15761
1.7246 -1.47014 2.5678
5.8467 -0.798577 0.0362687
0.563285 2.49162 -1.82445
2.77233 2.38474 -1.32468
-6.27621 -2.79005 -1.24275
3.84924 2.28173 4.28061
-1.04662 -4.16952 1.1565
-1.11991 3.33346 2.14693
-1.71348 3.71126 6.48314
6.79092 6.01747 -3.69899
-12.4011 -6.39951 -18.8756
2.73533 -1.21263 5.96875
0.774008 -3.00297 -2.82089
-0.262798 -0.398909 -1.91936
-0.0317018 3.98426 3.6218
-1.09783 2.14255 0.208392
-2.51324 0.460024 5.79844
2.16757 -7.04042 -4.41416
-5.17591 1.23405 8.94917
-3.60134 -2.98084 0.087579
-6.63638 -8.09768 6.02441
-2.92085 2.76864 -0.294314
4.75342 -0.631651 -5.32219
5.38814 -2.45063 -11.9661
-8.23739 -1.29827 -2.91487
1.40634 0.86816 1.16414
1.97199 -3.42484 1.00775
-0.873751 0.391412 -0.952408
3.96587 -0.816437 -0.40286
-4.94139 4.00589 -3.74131
-2.67146 0.125608 -0.419461
-0.0567926 1.65939 0.649371
1.18199 -0.843867 3.36398
4.3126 4.01495 0.474299
0.8906 -0.0704358 -2.41337
-0.655414 2.62601 2.47404
-4.25125 9.95596 -6.21402
-2.59315 -2.1092 -0.792067
-1.15767 -2.22391 -1.11729
-2.21772 -2.18948 0.997021
-5.22308 0.508777 0.238222
8.92085 0.348656 -3.40303
-1.23639 -2.66859 -0.417786
-1.33878 1.42317 -1.6255
-3.72699 -2.00518 -2.98455
5.45761 -1.24453 1.64253
0.983282 -11.5114 -0.168729
3.92503 3.87187 -11.6599
-0.938919 -0.601563 -3.68489
-25.6981 3.9532 -8.92003
4.09578 -1.67341 -3.42929
2.67555 5.74036 0.0928626
-9.41154 1.77271 2.12349
1.82335 -4.04361 1.00002
-3.18348 2.31021 1.47237
0.571788 5.89494 9.21315
2.75817 0.224148 1.24847
0.836329 -0.641617 1.90283
6.66224 -0.361148 -4.08684
0.392431 1.59417 -1.78373
2.14546 -4.13468 0.498519
-1.71586 0.557921 -0.826151
-2.64973 -0.921692 -4.9277
-2.26243 -3.9639 -2.24256
1.05743 0.0978801 1.27724
1.22532 0.500305 13.5217
-0.385671 -0.633746 2.65632
-3.89272 -0.563959 -0.258095
-0.652198 0.821772 0.109984
-1.71404 -1.07138 -1.06089
-1.31699 2.49195 1.48013
4.0828 2.04672 -2.44194
18.2391 1.92114 -3.54488
-3.27416 2.92234 1.4882
-0.368722 -0.613579 0.218304
-2.5118 0.203626 0.331039
5.65103 3.28871 3.15251
-1.81846 3.47982 2.28281
-4.34462 0.849748 -2.152
