-7.25077 6.84538 8.32182
5.52832 3.12626 6.01495
1.58713 -1.75273 0.33532
-1.42106 -2.20833 -0.231028
2.28001 -2.35337 -1.43301
3.81669 0.579581 2.49263
0.461421 -2.72465 1.50512
6.41837 -7.67957 3.25818
0.000524569 5.70081 -0.267203
3.00687 0.739195 -5.28851
1.53645 -3.08517 1.96391
-4.26698 3.04413 -2.10027
-0.388812 -1.43693 -3.73525
-14.0909 -7.55037 5.64713
-1.65777 0.0411645 -2.75017
0.509959 0.842783 -0.325191
0.432852 -5.54991 0.318682
2.33288 -0.610353 -1.20926
1.22487 1.83959 -3.03362
4.56555 -2.60596 2.97932
0.0351937 -0.258328 7.12401
1.76898 -1.52275 2.61074
5.85462 -0.997135 0.0559759
0.572789 2.44103 -1.87402
2.67189 2.21729 -1.33686
-6.18324 -2.80979 -1.23029
3.97054 2.44449 3.95372
-1.04736 -4.08762 1.23963
-1.07199 3.30793 2.15747
-0.926817 3.28114 6.74282
6.61485 6.0641 -3.68523
-12.4357 -6.43579 -18.805
2.88293 -1.0915 5.95761
0.748443 -3.04885 -2.8109
-0.298156 -0.40252 -1.94921
-0.0830606 3.95413 3.71613
-1.1046 2.18012 0.209045
-2.56286 0.471486 5.66753
1.9565 -6.9872 -4.59191
-5.31395 1.17216 8.91454
-3.58618 -2.94617 0.0934867
-6.82289 -8.1353 5.86165
-2.9408 2.85905 -0.305017
4.75018 -0.68917 -5.34962
5.34929 -2.38247 -11.9363
-8.23022 -1.22345 -2.82471
1.4578 0.848099 1.10076
1.98294 -3.49583 1.01121
-0.814182 0.378427 -0.963693
3.91204 -0.820017 -0.420763
-5.13947 5.46623 -3.89543
-2.66822 0.127839 -0.422832
-0.0155478 1.69484 0.741422
1.23109 -0.836016 3.41308
4.31281 4.01828 0.43586
0.898898 -0.0696619 -2.45831
-0.658118 2.60233 2.50279
-4.03187 9.95596 -6.10212
-2.59992 -2.07441 -0.711288
-0.980615 -2.22346 -1.13949
-2.23267 -2.2095 0.991019
-5.21962 0.535513 0.121339
8.94349 0.393938 -3.37817
-1.2695 -2.6638 -0.427035
-1.24086 1.30755 -1.67268
-3.81029 -2.14574 -3.10359
5.32798 -1.16229 1.69165
1.04402 -11.6319 -0.26088
3.89839 3.85851 -11.6572
-0.90999 -0.597887 -3.68821
-25.6988 3.85294 -8.92527
3.92107 -1.78327 -3.31218
2.75489 5.67535 0.258951
-9.34145 1.83152 2.29628
1.80135 -4.14842 0.938425
-3.10377 2.26017 1.48529
0.439617 5.90617 9.17221
2.70086 0.204921 1.25983
0.85379 -0.615409 1.88295
7.01271 -0.216026 -4.08537
0.397359 1.57982 -1.77075
2.17454 -4.15162 0.510744
-1.72993 0.44339 -0.91648
-2.68543 -0.93003 -4.78544
-2.25042 -3.96056 -2.23862
1.05718 0.0895753 1.24048
1.19566 0.496206 13.5408
-0.389289 -0.633841 2.69006
-3.97747 -0.533014 -0.163143
-0.651041 0.827579 0.111082
-1.48938 -1.06476 -1.04926
-1.27766 2.47492 1.53119
4.11964 2.04272 -2.47699
17.9749 0.756976 -3.69326
-3.30715 2.96113 1.47436
-0.430055 -0.594522 0.19506
-2.41682 0.198169 0.351589
5.59829 3.30176 3.16188
-1.62545 3.52913 2.30581
-4.6621 0.912228 -2.17369
