-7.26234 6.76561 8.3339
5.52706 3.07207 5.99212
1.85216 -1.6727 0.353932
-1.56181 -2.06375 -0.228139
2.07639 -2.34208 -1.35113
3.81453 0.595854 2.47639
0.458233 -2.35475 1.53649
6.46964 -7.57183 3.25256
-0.197536 5.76248 -0.22334
2.99891 0.870308 -5.28172
0.550957 -3.05597 1.9237
-4.25969 3.00298 -1.9429
-0.403876 -1.51119 -3.85536
-14.0543 -7.55118 5.70729
-1.35908 -0.0257305 -2.74752
0.513014 0.850746 -0.251662
0.432617 -5.50037 0.258023
2.53194 -0.609162 -1.32045
1.17061 1.88148 -3.12977
4.41858 -2.74948 2.98639
-0.106525 0.110817 7.05795
1.85719 -1.62501 2.70546
5.8715 -1.34345 0.0942998
0.592029 2.33953 -1.97219
2.46836 1.87285 -1.35929
-6.02014 -2.84462 -1.20628
4.2269 2.82029 3.23635
-1.04958 -3.92428 1.41011
-0.978437 3.25962 2.17982
0.721623 2.75862 6.16441
6.17069 6.16302 -3.66489
-12.5141 -6.50701 -18.6811
3.1424 -0.849997 5.93577
0.696388 -3.143 -2.79134
-0.382622 -0.407955 -2.00836
-0.193898 3.90868 3.92601
-1.12068 2.26264 0.20972
-2.66773 0.49552 5.41706
1.54795 -6.87536 -5.01767
-5.63901 1.06247 8.85551
-3.56355 -2.87926 0.106169
-7.21291 -8.19991 5.55534
-2.9843 3.06173 -0.324049
4.75599 -0.848819 -5.40833
5.27709 -2.24687 -11.8809
-8.21821 -1.07731 -2.64895
1.56179 0.811358 0.97678
2.00148 -3.64662 1.01447
-0.694796 0.354201 -0.984856
3.80818 -0.824897 -0.456724
-5.78413 6.13684 -4.13805
-2.66234 0.131903 -0.429143
0.0628561 1.7718 0.917358
1.3275 -0.819819 3.50979
4.31317 4.02537 0.357594
0.914921 -0.0675804 -2.55052
-0.664451 2.5579 2.5622
-3.59039 9.96531 -5.89447
-2.61543 -2.00298 -0.546916
-0.668683 -2.22017 -1.18475
-2.26426 -2.24894 0.979254
-5.21269 0.590383 -0.11906
8.99143 0.487615 -3.3317
-1.34886 -2.65303 -0.445661
-1.05535 1.09326 -1.76142
-4.01032 -2.27437 -3.3311
5.07402 -0.990004 1.79221
1.1527 -11.8866 -0.434866
3.84438 3.83253 -11.6564
-0.853719 -0.590231 -3.69631
-25.7072 3.65957 -8.93078
3.59681 -1.98782 -3.06683
2.91479 5.56724 0.624225
-9.2187 1.95728 2.5708
1.7567 -4.34332 0.821048
-2.9522 2.1656 1.51302
0.192542 5.92639 9.09983
2.58802 0.168293 1.28305
0.885557 -0.560987 1.84358
7.70603 0.134706 -3.29059
0.406116 1.55177 -1.74515
2.23283 -4.18425 0.537272
-1.76007 0.237309 -1.09718
-2.76176 -0.943471 -4.524
-2.2286 -3.95513 -2.23078
1.06014 0.0721415 1.17016
1.14952 0.485557 13.5856
-0.398034 -0.632895 2.75934
-4.16784 -0.46451 0.0218487
-0.650131 0.840149 0.11499
-1.04325 -1.05265 -1.0238
-1.2019 2.44393 1.63703
4.19547 2.03815 -2.54811
17.6702 -0.152657 -3.80482
-3.39076 3.04768 1.44586
-0.557943 -0.54999 0.140722
-2.24019 0.189054 0.388324
5.48932 3.33006 3.18278
-1.2492 3.63681 2.35114
-4.29174 1.0354 -2.21671
