-2.5263 -1.42735 -0.737376
-0.286977 -2.70589 0.251786
1.99391 -0.365638 0.0852113
-1.10048 -1.20604 -0.046847
-1.93069 -0.524503 -3.6844
0.638942 0.016741 2.01837
0.079611 -1.55051 0.0927477
0.348582 1.71766 0.789827
-2.38706 0.709089 -0.803286
0.503923 1.53489 -0.197362
2.05655 -0.274736 0.219802
-2.38929 0.273961 1.2016
-0.0461193 0.859375 -0.244588
-0.896884 -0.31264 -1.5522
1.27709 1.36501 -2.39457
0.0931163 0.230222 -0.415983
-0.00557138 -0.626832 -1.40364
-1.7841 -0.0463559 -0.249208
4.43506 0.0716533 -0.477788
-6.40013 0.696695 0.543894
-0.834797 0.579584 0.2629
0.139662 0.548952 -0.0868167
0.983226 -0.521687 -0.456965
0.0979185 0.229181 1.28256
1.31934 -0.645858 -0.0259646
-0.297748 -0.811429 -0.85124
0.0718763 0.971917 0.407026
-0.0596734 2.06429 0.355309
2.34953 0.0482998 0.915364
-0.994208 0.453474 -2.58983
-0.356167 -0.117441 -0.334608
0.797379 2.75909 -1.65031
-0.37973 2.51446 0.177487
0.268925 0.156226 -0.418147
-1.18904 0.0990742 0.652128
1.70887 0.372128 -1.40701
-0.139071 -0.783316 -0.00225608
-0.617395 -0.240494 5.28439
-1.15512 -0.597968 0.261347
0.885002 -0.242377 1.17583
-0.740177 0.0128429 -1.38075
5.52745 -0.478946 -3.79476
-0.154849 -1.19319 0.763973
-1.46308 -2.93238 -0.599479
-0.859393 3.10872 -0.721839
-0.282865 0.782411 1.58886
-0.556034 0.429464 1.20073
1.6127 -0.179427 0.145121
0.800466 0.949982 -0.174897
0.246212 -0.268881 0.681329
0.507355 2.08432 1.83618
-0.934472 -0.0221111 -0.12579
-0.87916 0.282878 2.28661
0.91903 0.85773 -0.128401
0.425167 0.311773 -0.715494
0.324546 -0.00489628 -3.14739
-0.0946147 0.436931 -0.0618791
2.63577 1.46654 2.41339
-1.88031 -0.197321 2.5415
-0.399135 -0.540897 -0.0995377
-0.219399 -0.363768 0.551283
-0.725942 0.680196 -1.2081
-0.0419113 -0.46672 1.72589
0.431573 -0.476859 0.0306358
0.356194 -1.08937 0.837996
0.78112 -1.89082 -1.84428
0.2654 -0.948319 -0.824728
-0.543764 2.96429 2.37233
-0.391579 0.395156 -0.654168
0.666325 -0.000618182 -0.578703
-2.32577 -1.7019 3.02881
1.33077 -2.55579 -0.164401
-0.740471 0.890437 -0.998943
-0.450883 -0.596791 -0.977278
0.36762 0.905438 1.25335
0.679809 0.206407 -0.0410443
0.163053 -1.77973 -0.371654
-1.11063 0.613317 0.570739
0.108042 -0.466225 0.309112
-1.87957 -0.606231 1.5003
0.0827486 0.350805 -0.425137
0.172021 -0.785047 0.14077
-0.274467 -0.658802 -0.247612
-0.27645 -0.0421861 -0.139149
-2.81064 -0.444317 -0.915753
0.510923 -0.14781 0.120433
2.58373 -0.16361 3.56676
-0.130236 -0.214014 -0.128063
-0.0101122 2.17007 -2.63461
0.269712 0.115349 0.0193501
-1.54795 -0.310318 0.150018
2.70627 -0.561088 2.35196
2.19262 0.061332 -0.418091
-1.14164 -0.819668 0.335023
-0.357668 0.17354 0.261984
0.459244 -0.432554 0.264801
-0.241048 0.406063 -4.64111
9.79161 1.64984 0.283926
-1.31199 0.274372 0.216366
1.05374 -0.147011 -1.53117
