-7.26943 6.64368 8.35532
5.53753 2.99327 5.96324
2.21469 -1.55966 0.385936
-1.80617 -1.82978 -0.225018
1.8059 -2.32713 -1.26176
3.81066 0.623508 2.44885
0.454199 -1.90509 1.58662
6.55378 -7.42671 3.2468
-0.492117 5.8711 -0.150745
2.99145 1.06405 -5.27521
-1.09319 -3.01274 1.86764
-4.24737 2.94574 -1.72148
-0.420874 -1.6238 -4.04735
-14.0047 -7.54838 5.78266
-0.81011 -0.12916 -2.73823
0.520645 0.863267 -0.153879
0.386958 -5.37355 0.185013
2.46776 -0.608075 -1.49793
1.10796 1.94951 -3.28555
4.21527 -2.98793 2.9961
-0.33129 0.64376 6.95246
2.00308 -1.78211 2.85612
5.90212 -1.7712 0.149085
0.627681 2.17616 -2.12436
2.17798 1.2856 -1.39784
-5.80391 -2.88721 -1.17328
4.80205 3.4621 2.24204
-1.04912 -3.68425 1.56301
-0.836797 3.19444 2.21266
6.01908 2.23636 5.45973
5.58927 6.3225 -3.64769
-12.6346 -6.62862 -18.5327
3.538 -0.49283 5.90389
0.627174 -3.29621 -2.76195
-0.506298 -0.413463 -2.08427
-0.356616 3.84946 4.26226
-1.14194 2.4084 0.208969
-2.78459 0.530319 5.05804
1.13272 -6.73382 -5.66732
-6.32749 0.90574 8.77054
-3.53419 -2.78464 0.126141
-7.7748 -8.3029 5.10103
-3.03017 3.39962 -0.345834
4.88963 -1.21273 -5.60651
5.19307 -2.05526 -11.8045
-8.19886 -0.869808 -2.38001
1.74288 0.753476 0.78043
2.02727 -3.8966 1.01311
-0.498963 0.317941 -1.01701
3.68566 -0.833963 -0.515417
-8.33323 5.67729 -4.49984
-2.6515 0.135604 -0.43906
0.199963 1.8937 1.16982
1.4901 -0.802505 3.65462
4.3175 4.03626 0.209701
0.943736 -0.0641966 -2.44563
-0.672749 2.49512 2.65167
-2.88103 10.0025 -5.60928
-2.6361 -1.89633 -0.259245
-0.222909 -2.2137 -1.25535
-2.30994 -2.31251 0.959615
-5.19649 0.672793 -0.494162
9.08198 0.631027 -3.26845
-1.47004 -2.63615 -0.472622
-0.77015 0.719441 -1.89799
-4.43696 -2.40182 -3.70656
4.74468 -0.727809 1.94918
1.31648 -12.0558 -0.687157
3.77612 3.79929 -11.6681
-0.766865 -0.581566 -3.71249
-25.7321 3.363 -8.94349
3.18794 -2.28842 -2.71191
3.19541 5.42741 1.18097
-9.01241 2.14399 2.97461
1.70709 -4.64543 0.653424
-2.732 2.03143 1.55506
-0.121241 5.94222 8.9965
2.42424 0.115623 1.31697
0.936586 -0.47994 1.78465
7.2801 0.665688 -2.25944
0.419951 1.50868 -1.71357
2.32694 -4.23357 0.5783
-1.78949 -0.0592801 -1.36952
-2.83524 -0.960964 -4.17531
-2.19518 -3.95125 -2.22172
1.08808 0.0446647 1.065
1.11788 0.469878 13.7064
-0.40947 -0.630246 2.85761
-4.45021 -0.361214 0.31409
-0.648567 0.856754 0.125106
-0.28717 -1.03894 -0.979902
-1.08031 2.39919 1.78962
4.33373 2.03437 -2.68421
17.4907 -0.457881 -4.00853
-3.5257 3.18516 1.40361
-0.731072 -0.481579 0.055029
-1.98105 0.175466 0.435842
5.34799 3.37466 3.21824
-0.683234 3.81583 2.42242
-3.34624 1.21128 -2.28159
