-7.27241 6.56554 8.3735
5.54385 2.93766 5.95078
2.46657 -1.49071 0.409603
-1.99204 -1.66123 -0.222682
1.66838 -2.32658 -1.21345
3.80656 0.643736 2.43124
0.451378 -1.65672 1.6272
6.61491 -7.34193 3.24674
-0.688268 5.95709 -0.0967492
2.9878 1.19677 -5.26985
-2.42299 -2.9852 1.82881
-4.24093 2.90817 -1.56944
-0.433727 -1.70302 -4.17073
-13.9793 -7.54451 5.83495
-0.231299 -0.202998 -2.72115
0.52588 0.870921 -0.0876653
0.324799 -5.31243 0.175818
2.36494 -0.609234 -1.62189
1.06818 1.99536 -3.39588
4.08603 -3.16839 3.00265
-0.519139 0.989383 6.8841
2.10195 -1.89559 2.98193
5.92352 -2.01392 0.188598
0.651319 2.04826 -2.21889
1.97387 0.82195 -1.42832
-5.67361 -2.91073 -1.15238
5.21832 3.89758 1.67769
-1.04945 -3.52794 1.27772
-0.742594 3.15572 2.23317
12.3404 1.93509 5.05384
5.27904 6.43867 -3.64137
-12.7173 -6.7406 -18.4667
3.82467 -0.261091 5.88555
0.58484 -3.41017 -2.73692
-0.605591 -0.42011 -2.11571
-0.487925 3.80897 4.48869
-1.15358 2.51883 0.208122
-2.85215 0.553675 4.81548
0.880016 -6.66219 -6.12321
-7.21368 0.792993 8.70483
-3.51757 -2.72537 0.142895
-7.35565 -8.39257 4.79834
-3.04027 3.64869 -0.361013
5.05652 -1.39956 -5.84565
5.14495 -1.94128 -11.7528
-8.18733 -0.742116 -2.14444
1.84813 0.704345 0.657946
2.04306 -4.08428 1.01422
-0.358803 0.290998 -1.03694
3.58559 -0.844059 -0.556287
-11.481 5.36655 -4.98907
-2.64381 0.135159 -0.444239
0.290359 1.97276 1.33928
1.60408 -0.800391 3.75869
4.32128 4.04277 0.108698
0.962249 -0.0625073 -2.34483
-0.679873 2.45415 2.7172
-2.40818 10.0446 -5.43538
-2.652 -1.82615 0.0514783
0.0796655 -2.21152 -1.30216
-2.34805 -2.36005 0.945991
-5.18362 0.723838 -0.720308
9.15028 0.726106 -3.22671
-1.55204 -2.62518 -0.488201
-0.589209 0.275257 -1.98846
-4.92104 -2.52396 -3.55435
4.54248 -0.553668 2.05753
1.42411 -11.2859 -0.846718
3.74034 3.78376 -11.6806
-0.709156 -0.57945 -3.72307
-25.7578 3.15076 -8.9551
2.9298 -2.4957 -2.48487
3.38528 5.33343 1.39848
-8.90895 2.25859 3.2134
1.66697 -4.86415 0.555058
-2.59362 1.94454 1.58607
-0.333567 5.9424 8.92806
2.3056 0.0858565 1.3478
0.970425 -0.437079 1.74864
6.87724 0.993878 -1.65167
0.428532 1.47761 -1.69376
2.39068 -4.26992 0.609933
-1.79768 -0.260346 -1.54291
-2.88926 -0.972615 -3.95932
-2.17431 -3.95232 -2.21558
1.10691 0.0266448 0.993928
1.08828 0.467443 13.8243
-0.419516 -0.62809 2.92585
-4.66237 -0.298007 0.52793
-0.650547 0.863375 0.133656
0.355624 -1.03386 -0.944131
-1.00531 2.36746 1.90065
4.42494 2.02957 -2.77925
17.3909 -0.625347 -4.17336
-3.62619 3.27735 1.37638
-0.845732 -0.440324 -0.00350532
-1.81899 0.164712 0.469768
5.26673 3.40434 3.2456
-0.314773 3.94654 2.47476
-2.78115 1.31944 -2.32446
