-7.28111 6.46245 8.40641
5.54984 2.85476 5.93499
2.86678 -1.39343 0.44576
-2.32108 -1.38526 -0.218565
1.50902 -2.33021 -1.13018
3.79889 0.680301 2.40491
0.447528 -1.33697 1.69106
6.71458 -7.22771 3.25085
-0.985575 6.1102 -0.0173184
2.9833 1.41375 -5.26424
-5.59461 -2.93852 1.73888
-4.23302 2.85673 -1.33595
-0.452799 -1.82449 -4.37332
-13.9538 -7.53768 5.92434
2.03523 -0.301427 -2.59068
0.533678 0.882797 0.0130383
0.257079 -5.2924 0.164879
2.21141 -0.611793 -1.8179
1.00779 2.06783 -3.58542
3.89378 -3.47811 3.01217
-0.855417 1.51563 6.82742
2.2464 -2.07197 3.24247
5.95631 -2.33059 0.249452
0.684088 1.84314 -2.35546
1.65454 -0.0109678 -1.49342
-5.49228 -2.93863 -1.12309
5.86205 4.643 0.936268
-1.04993 -3.28963 0.82077
-0.600327 3.10818 2.25917
8.85994 1.36111 2.99826
4.89962 6.6525 -3.64232
-12.9243 -6.96322 -18.4458
4.31515 0.101856 5.86301
0.524643 -3.60351 -2.69891
-0.805575 -0.459039 -2.09891
-0.70492 3.74826 4.79879
-1.16983 2.69559 0.207214
-2.89765 0.620387 4.37935
0.501032 -6.57466 -6.9111
-10.6416 0.593891 8.44215
-3.4954 -2.63857 0.1693
-6.351 -8.56147 4.37074
-3.0164 4.10274 -0.439571
5.24429 -1.48005 -6.22862
5.08364 -1.79649 -11.6854
-8.1707 -0.553961 -1.76428
1.99054 0.636303 0.524844
2.06651 -4.40691 1.01861
-0.131998 0.252925 -1.06503
3.43629 -0.862943 -0.621203
-8.89938 5.01432 -5.82848
-2.63205 0.129687 -0.450191
0.422459 2.09857 1.59187
1.79495 -0.803548 3.92848
4.32829 4.05327 -0.043762
0.989486 -0.0589909 -2.19666
-0.692576 2.3945 2.81891
-1.7293 10.1351 -5.20545
-2.67917 -1.71699 0.546032
0.574805 -2.20931 -1.37306
-2.41652 -2.4382 0.920345
-5.16038 0.802017 -1.07844
9.26357 0.872646 -3.16589
-1.67717 -2.60684 -0.507293
-0.335919 -0.319964 -2.12939
-5.86554 -2.75391 -1.58674
4.25622 -0.290325 2.20745
1.59963 -10.3845 -1.0985
3.70073 3.77232 -11.7038
-0.622331 -0.578902 -3.73659
-25.8307 2.81267 -8.96845
2.54416 -2.82186 -2.21021
3.66034 5.21432 0.948378
-8.79643 2.43086 3.51641
1.60741 -5.21781 0.391483
-2.39843 1.81901 1.6377
-0.682815 5.93387 8.81662
2.14562 0.049145 1.41699
1.02075 -0.373955 1.6962
6.34592 1.46719 -0.86893
0.443203 1.43003 -1.66757
2.48774 -4.33027 0.663874
-1.51898 -0.86964 -1.5141
-2.97651 -0.988732 -3.65125
-2.1455 -3.95761 -2.20671
1.13037 0.00249951 0.882685
1.03413 0.472566 14.0468
-0.4381 -0.622065 3.03117
-5.01924 -0.211733 0.893755
-0.659864 0.866837 0.143891
1.97397 -1.03211 -0.867049
-0.900562 2.32266 2.10118
4.56412 2.02841 -2.92045
17.0487 -0.6138 -4.71652
-3.79447 3.42265 1.33006
-1.01975 -0.380137 -0.0965805
-1.58917 0.149743 0.527296
5.15975 3.44892 3.28992
0.222362 4.16684 2.55507
-1.9861 1.48183 -2.39281
