-7.28839 6.43229 8.4183
5.55048 2.82786 5.92982
3.00272 -1.36141 0.457217
-2.45087 -1.28526 -0.217194
1.4625 -2.33104 -1.10106
3.79542 0.69472 2.39587
0.446222 -1.24126 1.71206
6.74779 -7.19242 3.25232
-1.08886 6.16861 0.00712326
2.98148 1.49369 -5.2636
-6.27895 -2.91861 1.68098
-4.2309 2.841 -1.25852
-0.459687 -1.86472 -4.44697
-13.9488 -7.53708 5.95502
2.12506 -0.263555 -2.19261
0.536053 0.886978 0.0464163
0.241868 -5.2934 0.156064
2.16032 -0.612415 -1.81626
0.98546 2.09521 -3.65939
3.8249 -3.59258 3.0153
-0.967783 2.35111 6.82721
2.29409 -2.13199 3.31525
5.9672 -2.42613 0.268212
0.692819 1.772 -2.40271
1.52969 -0.26595 -1.52323
-5.44769 -2.94591 -1.11443
6.08585 4.92548 0.669734
-1.05027 -3.20639 0.65933
-0.557309 3.09564 2.26569
8.52161 1.18149 2.26022
4.78495 6.74387 -3.64634
-13.0291 -7.04119 -18.4394
4.49696 0.232098 5.85604
0.503162 -3.67381 -2.68839
-0.904107 -0.498716 -2.06767
-0.780348 3.72864 4.89101
-1.1771 2.75663 0.20841
-2.8772 0.677035 4.18142
0.37293 -6.54871 -7.22479
-10.4011 0.420269 7.78814
-3.48948 -2.60975 0.177375
-6.04648 -8.62635 4.19818
-3.01918 3.53869 -0.487241
5.28699 -1.48261 -6.35541
5.06562 -1.75267 -11.6699
-8.16525 -0.490419 -1.62935
2.03231 0.61589 0.47263
2.07385 -4.52858 1.02001
-0.0912862 0.242281 -1.07662
3.38326 -0.869069 -0.648636
-8.5371 4.91096 -5.58283
-2.62902 0.126447 -0.45215
0.465871 2.14353 1.6722
1.86516 -0.803928 3.9861
4.33073 4.05717 -0.0956285
0.99812 -0.0574754 -2.1497
-0.697669 2.37517 2.85337
-1.51618 10.1712 -5.13887
-2.68951 -1.67795 0.719939
0.703489 -2.20856 -1.39828
-2.44848 -2.46255 0.909397
-5.15174 0.829321 -1.20518
9.30391 0.923019 -3.14841
-1.73063 -2.59916 -0.512515
-0.260785 -0.498303 -2.19421
-6.16205 -2.84211 -1.19552
4.16595 -0.201347 2.25233
1.65993 -10.1451 -1.20168
3.68764 3.77193 -11.7134
-0.599136 -0.578723 -3.74137
-25.8768 2.69823 -8.97205
2.41749 -2.936 -2.13954
3.75017 5.18165 0.755124
-8.76677 2.48964 3.60123
1.58505 -5.32978 0.33371
-2.33711 1.77854 1.65246
-0.829549 5.9303 8.7727
2.09939 0.034247 1.43593
1.0362 -0.352441 1.67793
6.18617 1.62572 -0.640506
0.448616 1.41506 -1.66062
2.51768 -4.35221 0.681622
-1.5106 -1.2576 -1.26614
-3.00761 -0.99335 -3.56844
-2.13855 -3.96008 -2.20463
1.13526 -0.00444231 0.841061
1.01592 0.476208 14.1376
-0.445744 -0.618799 3.06613
-5.14576 -0.183898 1.03407
-0.666424 0.867094 0.146027
2.40484 -1.03339 -0.825139
-0.867695 2.30881 2.16369
4.60783 2.03009 -2.97521
17.0056 -0.460831 -5.07705
-3.85876 3.49829 1.31203
-1.08008 -0.358312 -0.130201
-1.51693 0.145775 0.546428
5.12403 3.46442 3.30532
0.397941 4.24827 2.5795
-1.74448 1.54183 -2.41824
