-7.29805 6.40409 8.4306
5.5507 2.80151 5.92471
3.13905 -1.32903 0.468509
-2.59272 -1.1805 -0.215659
1.41783 -2.33137 -1.07188
3.7916 0.71045 2.38681
0.444956 -1.14989 1.73324
6.78034 -7.15821 3.25414
-1.19527 6.2312 0.0311155
2.97947 1.57883 -5.26351
-6.09687 -2.89614 1.59413
-4.22877 2.82604 -1.18105
-0.466362 -1.90432 -4.52373
-13.9447 -7.53803 5.9857
2.53513 -0.193098 -1.80043
0.538319 0.891331 0.079763
0.22871 -5.29541 0.145643
2.10952 -0.612694 -1.7437
0.961674 2.12529 -3.74067
3.75568 -3.71323 3.01908
-1.07111 3.72046 6.8329
2.34205 -2.19242 3.38635
5.97813 -2.51753 0.28664
0.700944 1.70062 -2.45079
1.40764 -0.469121 -1.55545
-5.41663 -2.95214 -1.10639
6.31883 5.23002 0.406773
-1.05051 -3.11967 0.493151
-0.514735 3.08498 2.27129
8.24936 1.01716 1.67711
4.67351 6.84911 -3.6518
-13.1471 -7.12103 -18.429
4.694 0.369559 5.85005
0.481662 -3.74676 -2.67894
-1.03244 -0.575215 -2.02209
-0.856821 3.70972 4.97988
-1.18552 2.81843 0.210958
-2.81963 0.782616 3.9459
0.243322 -6.52389 -7.57418
-10.6696 0.20083 7.14074
-3.48442 -2.58083 0.185402
-5.74819 -8.69437 4.02206
-3.03321 2.35469 -0.539568
5.32516 -1.48132 -6.48355
5.04883 -1.70848 -11.6589
-8.15965 -0.425552 -1.48871
2.07404 0.597099 0.417627
2.08134 -4.65897 1.02182
-0.0512053 0.233592 -1.08966
3.33288 -0.874485 -0.680134
-8.23071 4.81376 -5.36623
-2.62661 0.122497 -0.454175
0.509337 2.19054 1.75224
1.93893 -0.803301 4.04413
4.33326 4.06135 -0.148069
1.00666 -0.0557534 -2.10407
-0.703212 2.35615 2.88829
-1.31126 10.2103 -5.07559
-2.70054 -1.6369 0.899572
0.784651 -2.20766 -1.42458
-2.47987 -2.4841 0.897563
-5.14249 0.857653 -1.33616
9.34558 0.97433 -3.13148
-1.79372 -2.59023 -0.516885
-0.188057 -0.667869 -2.26144
-6.44906 -2.93494 -0.861272
4.07806 -0.111407 2.29756
1.72258 -9.92853 -1.31066
3.67376 3.77338 -11.7241
-0.576832 -0.578177 -3.74631
-25.9374 2.58486 -8.97595
2.29144 -3.05345 -2.0717
3.84166 5.15301 0.553958
-8.74004 2.54949 3.68298
1.5626 -5.43235 0.275111
-2.27744 1.73883 1.66684
-1.00285 5.92719 8.72434
2.05437 0.018195 1.45216
1.05088 -0.330276 1.65958
6.03336 1.78749 -0.41638
0.454223 1.40101 -1.65405
2.54757 -4.37512 0.699199
-1.65 -1.4029 -1.29675
-3.03948 -0.997379 -3.50342
-2.13284 -3.96275 -2.20298
1.1389 -0.0107103 0.79594
0.998141 0.480911 14.2399
-0.45412 -0.614638 3.10093
-5.27471 -0.155419 1.189
-0.675166 0.867328 0.147575
2.45464 -1.03519 -0.766597
-0.835492 2.29567 2.22467
4.65257 2.03304 -3.03478
17.0788 -0.492613 -5.21995
-3.92731 3.60012 1.29345
-1.14198 -0.334543 -0.164556
-1.44711 0.142635 0.565485
5.08722 3.48072 3.3214
0.572389 4.33445 2.60452
-1.51726 1.60766 -2.44431
