-7.30978 6.37754 8.4426
5.55064 2.77558 5.91951
3.2807 -1.29582 0.479528
-2.74706 -1.07004 -0.2142
1.37518 -2.33124 -1.04163
3.7881 0.72745 2.37779
0.443905 -1.06234 1.75414
6.8142 -7.12494 3.25626
-1.30334 6.29834 0.0538463
2.97745 1.67004 -5.2643
-5.93891 -2.87405 1.47742
-4.22645 2.8118 -1.10413
-0.472691 -1.94367 -4.60972
-13.9404 -7.54067 6.01591
3.00914 -0.180317 -1.76414
0.540639 0.895865 0.113111
0.216829 -5.29791 0.134027
2.05912 -0.612635 -1.67187
0.937823 2.15784 -3.8316
3.68723 -3.84004 3.02359
-1.16573 4.26561 6.84008
2.39053 -2.25332 3.45595
5.98927 -2.60528 0.30466
0.708866 1.63 -2.50072
1.28868 -0.600354 -1.59152
-5.38664 -2.95735 -1.09877
6.56506 5.55956 0.142494
-1.05049 -3.02883 0.311428
-0.471741 3.07626 2.27629
8.01518 0.864682 1.20804
4.56881 6.97053 -3.65907
-13.2783 -7.20288 -18.4152
4.91447 0.517099 5.84497
0.460514 -3.82236 -2.67097
-1.19581 -0.713286 -1.97227
-0.934357 3.69131 5.0687
-1.19451 2.88082 0.214471
-2.71573 0.96996 3.70032
0.113085 -6.50121 -7.96373
-11.0357 0.0794196 7.053
-3.47939 -2.5517 0.19327
-5.45647 -8.76536 3.84722
-3.05744 1.76916 -0.594313
5.36109 -1.47895 -6.61456
5.03434 -1.66248 -11.6526
-8.15376 -0.358878 -1.34497
2.11629 0.580027 0.361576
2.08938 -4.79925 1.02392
-0.01069 0.227477 -1.10391
3.28503 -0.879209 -0.712412
-7.9643 4.7222 -5.16592
-2.62449 0.117852 -0.456271
0.553643 2.2398 1.83245
2.01707 -0.801595 4.10402
4.33607 4.06581 -0.201096
1.01527 -0.0538247 -2.05919
-0.709198 2.33731 2.9228
-1.11418 10.2522 -5.01481
-2.7121 -1.59402 1.07962
0.86955 -2.20657 -1.45166
-2.51063 -2.50297 0.884711
-5.13236 0.886968 -1.47431
9.38944 1.02661 -3.11535
-1.85373 -2.58011 -0.520129
-0.116794 -0.829571 -2.33127
-6.72738 -3.03347 -0.578057
3.99268 -0.0205787 2.34095
1.78875 -9.73055 -1.42555
3.66145 3.77658 -11.7361
-0.554428 -0.577058 -3.75111
-26.0179 2.47744 -8.98108
2.16577 -3.17521 -2.00833
3.93577 5.12811 0.348186
-8.71571 2.61043 3.76253
1.5405 -5.53255 0.187312
-2.21926 1.6999 1.68114
-1.19261 5.92502 8.67268
2.01014 0.0014001 1.46655
1.06576 -0.307259 1.64116
5.88707 1.95222 -0.200086
0.459974 1.38795 -1.64761
2.57866 -4.39896 0.716931
-1.71865 -1.50811 -1.6565
-3.07195 -1.00094 -3.44159
-2.12737 -3.96554 -2.20162
1.14179 -0.0163832 0.74968
0.981076 0.48664 14.3568
-0.463031 -0.609502 3.13561
-5.40499 -0.125784 1.36189
-0.684514 0.867679 0.148585
2.51718 -1.03567 -0.690644
-0.803749 2.28319 2.28588
4.69918 2.03725 -3.09631
17.099 -0.557061 -5.01744
-3.99865 3.74436 1.27361
-1.20406 -0.30882 -0.199709
-1.37786 0.140372 0.5857
5.05261 3.49807 3.33802
0.747026 4.4257 2.62955
-1.28809 1.68249 -2.47107
