-7.40265 6.25965 8.50651
5.54559 2.64785 5.8954
3.55184 -1.13081 0.531107
-3.80954 -0.471526 -0.213065
1.17641 -2.32589 -0.88966
3.77954 0.824868 2.3394
0.439344 -0.667731 1.8618
7.03165 -6.97744 3.27224
-1.86928 6.70455 0.158258
2.96541 2.24338 -5.28072
-4.96183 -2.83008 1.10587
-4.20948 2.74942 -0.719877
-0.507604 -2.14761 -5.1535
-13.8984 -7.57818 6.15615
3.78632 -0.280247 -1.88492
0.550195 0.920582 0.283268
0.159726 -5.32274 0.0776645
1.80039 -0.609761 -1.31177
0.749684 2.35179 -4.25315
3.3476 -4.59722 3.05169
-1.59939 3.50134 6.85527
2.57184 -2.59517 3.77586
6.04399 -3.00522 0.393375
0.753068 1.32256 -2.79121
0.703283 -0.880523 -1.80853
-5.24579 -2.97283 -1.06687
7.81209 7.72772 -1.42878
-1.05535 -2.48001 -0.820216
-0.258819 3.05314 2.29923
6.8823 0.135698 -0.236685
4.12748 7.78672 -3.71197
-13.9665 -7.71947 -18.313
6.90694 1.3969 5.84554
0.353766 -4.26557 -2.63934
-1.8379 -1.53842 -2.33706
-1.37804 3.59758 5.5614
-1.24489 3.20518 0.239293
-2.49156 2.07464 3.38274
-0.619538 -6.44493 -7.23574
-10.4155 -0.219634 7.11242
-3.45542 -2.40495 0.23387
-4.19169 -9.24175 3.01072
-3.31486 1.18777 -0.834864
5.52338 -1.50868 -7.31554
4.97981 -1.41289 -11.6636
-8.12493 0.0369886 -0.531326
2.3333 0.50463 0.0701629
2.13798 -5.69199 1.05025
0.247424 0.221696 -1.20249
3.06802 -0.901771 -0.876879
-7.2283 4.36089 -4.29203
-2.62339 0.086508 -0.468466
0.76767 2.52195 2.25447
2.47469 -0.781484 4.36811
4.35006 4.09173 -0.472095
1.05553 -0.0426792 -1.84469
-0.755759 2.24039 3.10923
-0.271789 10.5017 -4.76417
-2.79139 -1.3636 2.06137
1.37681 -2.20888 -1.59971
-2.67269 -2.59265 0.822948
-5.07293 1.04692 -2.27731
9.6513 1.29948 -3.05244
-2.1097 -2.54438 -0.533819
0.182219 -1.57527 -2.71727
-7.0222 -3.72191 0.579931
3.56982 0.446193 2.56167
2.09391 -8.95402 -2.04623
3.60708 3.80941 -11.807
-0.439705 -0.563734 -3.77407
-26.7021 1.96562 -9.01033
1.46162 -3.89336 -1.70977
4.41284 5.03037 -0.667978
-8.63939 2.92515 4.06257
1.4072 -6.07993 -0.31055
-1.96027 1.513 1.75585
-2.56533 5.97483 8.41762
1.78784 -0.0922924 1.52911
1.12943 -0.184577 1.54963
5.11626 2.816 0.852258
0.484799 1.33302 -1.61134
2.75583 -4.53831 0.80539
-1.93768 -2.04248 -2.98088
-3.25735 -1.01811 -3.15694
-2.10536 -3.98318 -2.19884
1.13662 -0.0404198 0.546144
0.871135 0.523833 13.9468
-0.518912 -0.565585 3.32112
-6.11488 0.0478238 1.78197
-0.739791 0.871063 0.150639
2.65 -0.995378 -0.415574
-0.65918 2.22721 2.60341
4.95697 2.06758 -3.43326
17.0809 -1.01032 -3.9393
-4.46535 4.73086 1.16702
-0.822819 -0.172985 -0.392935
-1.03912 0.140791 0.686589
4.90857 3.60251 3.4306
1.62488 4.97202 2.7653
-0.041448 2.14205 -2.60325
