-2.76964 -1.36659 -0.783035
-0.31386 -2.87236 0.273364
2.14555 -0.386474 0.0894135
-1.18686 -1.28354 -0.04887
-1.59929 -0.564117 -3.33552
0.689017 0.0271153 2.14331
0.0858921 -1.68013 0.0982797
0.383488 1.87537 0.847955
-2.58092 0.781567 -0.867355
0.538178 1.40288 -0.213437
3.33206 -0.324435 0.222414
-2.63377 0.299707 1.29431
-0.0500582 0.937482 -0.261444
-0.965582 -0.32732 -1.66142
1.37746 1.52502 -2.64079
0.0997072 0.248434 -0.446837
-0.00638336 -0.659146 -1.50695
-1.99632 -0.0488964 -0.275677
4.83259 0.0694917 -0.507698
-6.74063 0.734209 0.619887
-0.898532 0.480467 0.284111
0.15134 0.592059 -0.0906122
1.06051 -0.54912 -0.491391
0.100998 0.25229 1.3691
1.4215 -0.67924 -0.0301004
-0.317468 -0.855098 -0.912479
0.0823762 1.12143 0.634821
-0.0642565 2.27168 0.390354
2.58959 0.0587139 0.973057
-1.06796 0.50938 -2.82234
-0.385601 -0.288421 -0.358961
0.859565 3.22511 -1.77213
-0.403677 2.79285 0.192027
0.295764 0.17387 -0.451937
-1.29873 0.111386 0.711678
1.50279 0.399188 -1.58647
-0.149043 -0.834148 -0.00196645
-0.646018 -0.229087 4.58187
-1.25329 -0.632586 0.283856
0.951074 -0.236416 1.24874
-0.778336 0.0177936 -1.48333
4.40833 -0.502682 -4.80191
-0.167182 -1.28555 0.829192
-1.57958 -3.11364 -0.645368
-0.9448 3.2813 -0.749736
-0.305232 0.871272 1.69774
-0.601261 0.465313 1.30721
1.72826 -0.184981 0.149026
0.867723 1.02399 -0.188483
0.263668 -0.283029 0.726702
0.541688 2.05693 2.11339
-0.992428 -0.0198921 -0.132273
-0.934867 0.310512 2.46284
0.990179 0.947912 -0.126049
0.460112 0.355348 -0.690915
0.339301 -0.00645557 -2.75956
-0.100587 0.472471 -0.0647476
2.86573 1.61134 2.6973
-2.06815 -0.205422 2.22339
-0.427098 -0.569557 -0.104783
-0.235246 -0.383242 0.593416
-0.790016 0.533746 -1.30209
-0.0414787 -0.641319 1.43067
0.463539 -0.501363 0.0304507
0.381733 -1.15167 0.908711
0.832784 -2.01659 -1.98845
0.283917 -0.991414 -0.882854
-0.585486 3.29923 2.59579
-0.421075 0.436416 -0.704822
0.725378 0.00397348 -0.629068
-2.16348 -1.82627 2.69726
1.44788 -2.65942 -0.175069
-0.797303 0.985481 -1.07733
-0.488053 -0.630797 -1.04764
0.398193 0.981973 1.33172
0.72912 0.227631 -0.0436528
0.175192 -1.87417 -0.39895
-1.1964 0.671941 0.588554
0.115305 -0.493163 0.332668
-2.06641 -0.640999 1.6807
0.0896791 0.388765 -0.458645
0.182872 -0.832228 0.149893
-0.293652 -0.69363 -0.265407
-0.29518 -0.0404904 -0.151472
-3.02283 -0.468521 -1.00155
0.546381 -0.153392 0.126877
2.91783 -0.198495 3.78052
-0.139572 -0.223178 -0.133126
-0.0138217 1.98205 -2.76097
0.272163 0.12642 0.0182631
-1.67639 -0.328782 0.163451
2.84583 -0.596268 2.66375
2.36807 0.096338 -0.449217
-1.23242 -0.866961 0.362782
-0.382136 0.189656 0.283717
0.492167 -0.458185 0.286293
0.186869 0.510387 -4.19545
8.83714 1.90243 0.247912
-1.12325 0.305231 0.23853
1.11412 -0.148619 -1.67007
