-7.55266 6.15273 8.60792
5.53687 2.49822 5.87809
2.7514 -0.93127 0.584573
-6.03491 0.175726 -0.319674
0.956025 -2.31227 -0.735769
3.81041 0.937312 2.31749
0.446085 -0.240933 2.03092
7.49581 -6.839 3.31555
-2.4747 7.46337 0.280662
2.95914 3.02484 -5.32294
-0.715518 -2.79513 1.14404
-4.14971 2.69499 -0.264858
-0.54945 -2.48234 -6.05273
-13.8116 -7.80107 6.12879
2.55885 -0.398249 -1.9748
0.564477 0.954121 0.513227
0.108856 -5.41717 0.011341
1.47516 -0.603098 -0.856369
0.50615 2.60937 -4.76967
2.96224 -5.87744 3.08705
-2.15935 2.58485 6.84651
2.85166 -3.15246 4.25542
6.13314 -3.44239 0.524517
0.818341 1.09635 -3.20876
0.0872979 -1.32551 -2.09317
-5.03283 -2.97462 -1.04037
7.54712 8.71114 -4.47912
-1.07446 -1.74738 -1.825
-0.0206998 3.04006 2.3344
5.92772 -0.993859 -1.72459
3.81606 9.31781 -3.80393
-12.2227 -8.68825 -18.218
10.9473 3.11761 6.08774
0.259032 -4.88058 -2.59833
-2.16414 -1.71845 -2.91079
-2.07818 3.47381 6.14151
-1.29262 3.23247 0.271661
-2.86656 2.30067 3.19215
-1.9386 -6.42129 -6.44175
-9.74821 -0.495424 7.16481
-3.41412 -2.21916 0.305112
-2.76771 -10.3839 2.10383
-3.77161 0.360614 -1.06742
5.68955 -1.66991 -8.27019
4.95948 -1.0801 -11.7062
-8.11221 0.860453 0.867905
2.66082 0.405463 -0.337922
2.21915 -6.99986 1.13907
0.796086 0.18409 -1.32916
2.8718 -0.943674 -1.08834
-6.8844 4.20688 -3.59355
-2.63745 0.0522699 -0.48734
1.04987 2.97169 3.01918
3.12425 -0.744146 4.73579
4.37532 4.1306 -0.7949
1.10341 -0.0283245 -1.59869
-0.860868 2.1687 3.52287
0.877213 10.9589 -4.41045
-2.9082 -1.14059 1.60298
2.49912 -2.23198 -1.78538
-2.84139 -2.75227 0.757547
-4.969 1.22497 -3.23294
10.474 1.64734 -3.01503
-2.37212 -2.55743 -0.608623
0.545445 -1.67711 -3.29049
-6.00599 -4.74504 2.36723
3.20929 1.05136 2.84982
2.50237 -8.31635 -2.65565
3.58322 3.86391 -11.9108
-0.275998 -0.535405 -3.80779
-25.5696 1.4416 -9.16007
0.724165 -5.29206 -1.36776
5.20557 4.91561 -1.30308
-8.5888 3.30379 3.6235
1.26154 -5.36743 -0.963844
-1.67093 1.29983 1.85697
-4.20713 6.22988 8.28502
1.53896 -0.227082 1.59887
1.22545 -0.0232413 1.4645
4.30095 4.01527 2.23143
0.509035 1.27887 -1.55497
3.0243 -4.7433 0.902434
-2.15407 -2.51396 -2.36179
-3.52749 -1.05298 -2.85625
-2.07899 -4.01214 -2.20284
1.11193 -0.0670029 0.315618
0.702291 0.565896 13.6262
-0.576011 -0.469452 3.56501
-5.85671 0.282092 2.25229
-0.790059 0.886231 0.155937
0.245411 -0.951326 -0.322473
-0.487508 2.17146 3.03359
5.37427 2.10654 -3.92532
17.0771 -1.90441 -3.18372
-5.14629 6.10911 1.04359
-0.311309 -0.010177 -0.605296
-0.62182 0.169041 0.841607
4.82453 3.80045 3.54384
0.806592 5.98828 2.97747
2.00326 2.83052 -2.73248
