-7.57925 6.13986 8.63139
5.53578 2.48226 5.87628
2.66498 -0.898789 0.591198
-6.13841 0.261487 -0.331955
0.920266 -2.30958 -0.712153
3.81792 0.954972 2.31446
0.4488 -0.167 2.05649
7.58382 -6.81868 3.32493
-2.58383 7.61796 0.300208
2.96049 2.97809 -5.33117
-0.207736 -2.79301 1.15541
-4.13474 2.68797 -0.193963
-0.555429 -2.55235 -6.23448
-13.8423 -7.87646 6.15276
2.42365 -0.421906 -1.98747
0.566932 0.960357 0.549874
0.104184 -5.43863 -0.00517059
1.41782 -0.602107 -0.755359
0.460489 2.64052 -4.87446
2.93769 -5.95954 3.08993
-2.2422 2.43435 6.84517
2.91872 -3.23923 4.43198
6.15206 -3.51457 0.545939
0.827532 1.0668 -3.28476
0.00815646 -1.41429 -2.14102
-5.00264 -2.97305 -1.03769
7.18604 8.49383 -4.80717
-1.07655 -1.64783 -1.51245
0.0189597 3.03755 2.34079
5.84169 -1.27455 -1.99908
3.78817 9.3525 -3.82327
-11.9398 -8.8693 -18.2243
10.8127 3.41578 6.11859
0.252973 -4.95282 -2.59178
-2.2175 -1.72802 -2.9992
-2.23705 3.4514 5.91016
-1.29832 3.14046 0.276092
-2.94146 2.31147 3.14577
-2.17924 -6.41766 -6.34047
-9.67469 -0.538738 7.17091
-3.40693 -2.17986 0.315198
-2.50984 -10.839 1.97978
-3.85236 0.209966 -1.10369
5.71483 -1.70844 -8.46061
4.95889 -1.01228 -11.717
-8.11776 0.989563 0.960477
2.72545 0.383886 -0.419988
2.23366 -7.08614 1.15359
0.887357 0.171948 -1.34683
2.84364 -0.952454 -1.11969
-6.83829 4.16358 -3.50932
-2.64085 0.0491322 -0.491489
1.09715 3.05801 3.15012
3.23143 -0.738869 4.80581
4.38023 4.13795 -0.85412
1.11135 -0.0258815 -1.55966
-0.856209 2.17375 3.58887
1.1125 11.0631 -4.35147
-2.92763 -1.11531 1.39073
2.69545 -2.23636 -1.81599
-2.86464 -2.78299 0.747214
-4.94949 1.24408 -3.39817
10.6556 1.7035 -3.00946
-2.4288 -2.55682 -0.62058
0.61354 -1.35655 -3.39661
-5.83633 -4.90192 2.33401
3.16149 1.1462 2.89914
2.57313 -8.24239 -2.76989
3.58255 3.87393 -11.9376
-0.247582 -0.53098 -3.81471
-25.5053 1.37378 -9.18801
0.619702 -5.65695 -1.30801
5.39781 4.89187 -1.08352
-8.58172 3.36225 3.55742
1.24317 -5.20956 -1.09585
-1.62098 1.26451 1.87488
-4.47778 6.27938 8.26214
1.50169 -0.253117 1.61153
1.2436 0.00546854 1.4496
4.18988 4.18104 2.48017
0.513189 1.27234 -1.54509
3.08045 -4.77902 0.91679
-2.18141 -2.32501 -2.16612
-3.57939 -1.06182 -2.79324
-2.07494 -4.01586 -2.2051
1.10576 -0.070915 0.277387
0.673494 0.575791 13.592
-0.582298 -0.4519 3.60651
-5.71029 0.320357 2.33387
-0.79823 0.891854 0.156517
-0.0343067 -0.946251 -0.308688
-0.456786 2.16276 3.11269
5.45811 2.11148 -4.02113
17.0831 -2.03623 -3.11493
-5.27481 6.3656 1.02424
-0.229499 0.0153038 -0.640647
-0.554362 0.176586 0.869373
4.81519 3.84665 3.55859
0.556819 6.23267 3.02056
2.39196 2.95876 -2.75318
