-7.66504 6.10473 8.70993
5.53153 2.421 5.87205
2.29232 -0.813359 0.60747
-5.60658 0.475493 -0.342318
0.818344 -2.30103 -0.643125
3.84016 1.00017 2.30556
0.458639 0.0195001 2.12793
7.86533 -6.76923 3.35764
-2.89999 7.8651 0.358507
2.96597 2.76727 -5.35281
1.30753 -2.80116 1.18791
-4.08136 2.66514 -0.0111117
-0.568974 -2.78513 -6.38044
-13.9223 -8.05503 6.29937
2.0531 -0.497392 -2.02612
0.574193 0.975203 0.657646
0.0930167 -5.51127 -0.0716097
1.23402 -0.600114 -0.434761
0.312864 2.72015 -5.21524
2.84608 -5.61952 3.07919
-2.5334 1.99695 6.84505
3.12767 -3.9207 5.42834
6.21644 -3.38049 0.613024
0.849638 0.975408 -3.55314
-0.240045 -1.70456 -2.28787
-4.9207 -2.9685 -1.03268
6.37512 7.80679 -5.59895
-1.07152 -1.36929 -1.08039
0.135798 3.0247 2.35964
5.61599 -2.24513 -2.92348
3.68066 8.72485 -3.8844
-11.269 -9.48182 -18.275
10.0192 3.92696 6.18474
0.244644 -5.16803 -2.57523
-2.38494 -1.74363 -3.27384
-2.89836 3.38439 5.04849
-1.3251 2.86186 0.287345
-3.18308 2.33156 2.99354
-2.8499 -6.41045 -6.06794
-9.49636 -0.679148 7.17574
-3.38774 -2.09119 0.342736
-1.78475 -12.5619 1.69454
-4.16108 -0.257272 -1.20801
5.78464 -1.85764 -8.91009
4.94977 -0.814603 -11.7574
-8.141 1.30515 1.15148
2.93146 0.308695 -0.656921
2.27301 -7.01328 1.18924
1.15476 0.125209 -1.39578
2.76176 -0.980784 -1.21749
-6.70822 3.98561 -3.25247
-2.65197 0.0417617 -0.505221
1.24045 3.28317 3.57534
3.56318 -0.73018 5.0396
4.39525 4.15916 -1.04061
1.1351 -0.0206251 -1.44829
-0.861788 2.14528 3.71073
2.11025 11.6032 -4.18783
-2.98529 -1.04394 0.608302
3.28531 -2.2509 -1.9048
-2.94246 -2.8781 0.715105
-4.89488 1.26929 -2.79516
10.7025 1.92383 -2.98023
-2.62433 -2.55259 -0.653569
0.800254 -0.348791 -3.68232
-5.45935 -4.52485 1.22088
3.0296 1.45946 3.05664
2.77553 -8.05366 -3.13106
3.58092 3.90298 -12.0448
-0.164035 -0.522845 -3.83783
-25.3944 1.1863 -9.27231
0.325576 -6.69791 -1.12286
6.17509 4.80821 -0.257944
-8.56328 3.53343 3.36154
1.18351 -4.75817 -1.52778
-1.47189 1.13521 1.93227
-5.31075 6.4388 8.19949
1.39182 -0.335436 1.64795
1.29431 0.0915087 1.40487
3.86248 4.70142 3.3191
0.524902 1.2462 -1.51567
3.2602 -4.90916 0.95632
-2.25831 -1.69915 -1.54573
-3.75386 -1.0934 -2.61801
-2.06562 -4.03177 -2.21573
1.08335 -0.0808913 0.158876
0.586102 0.606816 13.5064
-0.601559 -0.401795 3.71983
-5.3339 0.431484 2.59243
-0.825892 0.909626 0.157577
-0.874791 -0.936543 -0.271124
-0.361669 2.13042 3.37049
5.73989 2.12082 -4.3321
17.0967 -2.37638 -2.95063
-5.52728 7.18753 0.97433
0.00390734 0.0895629 -0.745605
-0.346724 0.195162 0.956739
4.78794 3.98498 3.59634
-0.169686 6.23531 3.17375
3.35511 3.35959 -2.81487
