-7.69551 6.09647 8.73959
5.52999 2.39757 5.8702
2.17646 -0.777568 0.612004
-5.4363 0.550314 -0.342008
0.785819 -2.2971 -0.619729
3.84741 1.0131 2.30261
0.462473 0.0847083 2.14923
7.96729 -6.75174 3.36981
-2.9861 7.54115 0.377977
2.96823 2.68407 -5.35907
1.84429 -2.80811 1.19763
-4.05984 2.6577 0.0381588
-0.571187 -2.86923 -6.28951
-13.9445 -8.1074 6.347
1.93308 -0.525304 -2.04054
0.576561 0.97961 0.693769
0.0893655 -5.53844 -0.101723
1.16695 -0.599428 -0.322807
0.259432 2.74333 -5.32792
2.83187 -5.50578 3.06348
-2.67554 1.8552 6.84557
3.20055 -4.36811 5.88595
6.24093 -3.31362 0.634227
0.855253 0.94309 -3.68459
-0.349379 -1.81683 -2.33829
-4.89564 -2.96674 -1.03221
6.15533 7.57672 -5.86587
-1.06442 -1.27725 -0.937473
0.174355 3.02002 2.3652
5.546 -2.62882 -3.25048
3.64129 8.55874 -3.90496
-11.138 -9.75973 -18.3033
9.79751 4.19943 6.21997
0.248877 -5.23411 -2.57144
-2.44446 -1.74544 -3.3705
-3.21931 3.36294 4.6688
-1.33669 2.7694 0.29088
-3.26987 2.33609 2.94004
-3.05741 -6.40792 -5.98504
-9.44898 -0.727107 7.17209
-3.38179 -2.06863 0.351464
-1.58369 -12.6909 1.59912
-4.33214 -0.427066 -1.2419
5.80572 -1.91701 -8.72836
4.94506 -0.755088 -11.7727
-8.15028 1.40126 1.22388
3.00337 0.277996 -0.739541
2.28551 -6.88267 1.19761
1.24106 0.106254 -1.4124
2.73447 -0.991195 -1.25191
-6.66771 3.9209 -3.18466
-2.65576 0.039956 -0.510168
1.28763 3.35534 3.72654
3.67326 -0.728755 5.12624
4.40014 4.16626 -1.10488
1.14295 -0.0191593 -1.41638
-0.871681 2.12745 3.73683
2.52163 11.9035 -4.14187
-3.00452 -1.02067 0.354123
3.48569 -2.25572 -1.93327
-2.97548 -2.91355 0.704026
-4.88035 1.26718 -2.59045
10.5696 2.05657 -2.96685
-2.69932 -2.55069 -0.663687
0.855313 -0.111498 -3.79533
-5.36181 -4.03585 0.726768
2.98916 1.57711 3.13845
2.83816 -8.00467 -3.26317
3.57958 3.91175 -12.0872
-0.137229 -0.52195 -3.84728
-25.3744 1.12382 -9.30668
0.232338 -6.94922 -1.05813
6.53927 4.77701 0.103809
-8.55814 3.59402 3.29088
1.16018 -4.61542 -1.66717
-1.42172 1.09333 1.94948
-5.58787 6.49494 8.18382
1.35628 -0.358727 1.65943
1.30941 0.119277 1.38974
3.751 4.89157 3.01619
0.528662 1.23713 -1.5073
3.3248 -4.95481 0.966768
-2.28344 -1.46249 -1.11663
-3.81917 -1.10395 -2.56436
-2.06348 -4.03807 -2.22116
1.07453 -0.0834924 0.118508
0.556626 0.616668 13.4836
-0.609088 -0.384429 3.75278
-5.22507 0.468196 2.68461
-0.83564 0.91642 0.157925
-1.17459 -0.932758 -0.260969
-0.328957 2.12 3.43095
5.84589 2.1222 -4.44937
17.0986 -2.48938 -2.89914
-5.27391 7.46373 0.960393
0.0761146 0.112302 -0.780164
-0.274917 0.202618 0.986752
4.78049 4.03426 3.60827
-0.411625 5.97385 3.2322
3.59699 3.49812 -2.836
