-7.794 6.07067 8.85365
5.52594 2.3261 5.86559
1.80151 -0.671677 0.62468
-5.03764 0.780302 -0.336755
0.68648 -2.28611 -0.546275
3.86529 1.04843 2.29497
0.473048 0.307643 2.21178
8.25692 -6.70807 3.41046
-3.29166 6.46016 0.436896
2.97521 2.47485 -5.37376
3.63228 -2.84863 1.22494
-3.9768 2.63669 0.190668
-0.56854 -3.14623 -6.02183
-14.0095 -8.28383 6.53949
1.58648 -0.603637 -2.08731
0.582873 0.99174 0.805038
0.074571 -5.63061 -0.19426
0.955501 -0.59842 0.0326915
0.0868036 2.803 -5.66719
2.75981 -5.2415 3.00544
-3.0817 1.51444 6.84907
3.44757 -6.45636 8.00823
6.32061 -3.12043 0.701654
0.871224 0.839252 -4.05343
-0.673722 -2.14083 -2.49487
-4.83315 -2.96131 -1.03288
5.60036 6.92268 -6.37754
-1.0185 -1.00013 -0.490429
0.287313 3.00411 2.38128
5.35935 -4.13218 -4.36654
3.53206 8.14924 -3.96395
-10.8556 -10.9067 -18.4226
9.33288 5.20422 6.33465
0.296817 -5.45834 -2.57167
-2.63842 -1.74339 -3.68227
-4.4805 3.30461 2.94137
-1.38711 2.46029 0.304956
-3.5561 2.34775 2.7761
-3.63947 -6.40397 -5.75077
-9.32878 -0.867698 7.15464
-3.3683 -2.00681 0.379526
-1.00938 -11.3777 1.29255
-4.86019 -0.861588 -1.34203
5.86902 -2.11755 -8.24212
4.92758 -0.589662 -11.8223
-8.18057 1.68297 1.50214
3.24735 0.180091 -0.98213
2.32018 -6.56107 1.21979
1.49876 0.0473733 -1.46017
2.65594 -1.02418 -1.35999
-6.55057 3.72844 -3.00055
-2.66775 0.0362525 -0.524431
1.42419 3.57952 4.23128
3.99282 -0.727801 5.41911
4.41408 4.18861 -1.30281
1.16681 -0.0154497 -1.32124
-0.923196 2.05556 3.8174
3.8057 12.9002 -4.02678
-3.06214 -0.954989 -0.381663
4.07563 -2.27011 -2.01237
-3.08402 -3.02013 0.671191
-4.86025 1.23245 -1.95692
10.2546 2.41885 -2.91924
-2.99468 -2.54418 -0.69214
1.02037 0.488778 -4.24433
-5.13147 -1.94941 -1.4876
2.86912 1.87378 3.48454
3.021 -7.88314 -3.705
3.57251 3.93302 -12.2355
-0.059222 -0.522397 -3.87784
-25.3242 0.942704 -9.40437
-0.0975778 -6.81029 -0.852638
7.81939 4.67245 1.77427
-8.54484 3.79487 3.06314
1.08848 -4.20674 -2.05743
-1.27046 0.960744 2.00265
-4.78072 6.65821 8.15587
1.25194 -0.440949 1.69498
1.34862 0.204578 1.34615
3.40864 5.55871 -1.36121
0.539286 1.21284 -1.4792
3.53489 -5.10444 0.993796
-2.36158 -0.632454 1.89815
-4.03009 -1.14295 -2.41072
-2.06065 -4.05836 -2.23982
1.04368 -0.089322 -0.00289781
0.463303 0.644807 13.4277
-0.637839 -0.329008 3.85416
-4.93882 0.571388 2.98759
-0.87303 0.93659 0.15951
-2.45773 -0.910632 -0.23838
-0.22449 2.09182 3.6258
6.22956 2.12439 -4.83349
17.1006 -2.79238 -2.70619
-4.56062 7.6567 0.926112
0.282916 0.180172 -0.88328
-0.0605947 0.224935 1.08248
4.75659 4.17763 3.64571
-1.19549 4.92225 3.432
4.27348 4.04627 -2.90019
