-7.82503 6.06303 8.89893
5.52522 2.30125 5.86398
1.67193 -0.62877 0.628348
-4.9274 0.864846 -0.334746
0.653114 -2.28203 -0.521292
3.8703 1.05931 2.29263
0.475615 0.345425 2.23221
8.34885 -6.6938 3.42464
-3.4132 6.15623 0.453326
2.97787 2.41422 -5.37774
4.01956 -2.87142 1.23388
-3.94012 2.63009 0.241983
-0.564271 -3.25079 -5.9382
-14.0284 -8.35482 6.61754
1.47585 -0.625477 -2.10609
0.585006 0.994388 0.843068
0.066269 -5.66991 -0.229974
0.90669 -0.59787 0.156981
0.025943 2.82063 -5.79147
2.72219 -5.00936 2.99337
-3.2104 1.43057 6.84992
3.55028 -7.49621 8.43037
6.35058 -3.05392 0.727089
0.878313 0.797159 -4.17093
-0.778111 -2.23934 -2.55708
-4.81624 -2.95938 -1.03397
5.45826 6.71722 -6.09095
-0.993151 -0.912303 -0.337702
0.323981 2.99907 2.38617
5.31041 -4.84862 -4.92201
3.49996 8.04487 -3.98449
-10.7898 -11.017 -18.4774
9.2375 4.9905 6.35422
0.327913 -5.534 -2.58007
-2.70441 -1.7402 -3.79737
-4.57281 3.28883 2.03721
-1.40965 2.36589 0.311174
-3.65878 2.35177 2.71928
-3.81998 -6.4026 -5.67755
-9.29391 -0.912124 7.14717
-3.36472 -1.98914 0.389349
-0.82048 -11.0057 1.19485
-5.03499 -0.974113 -1.37793
5.89459 -2.19523 -8.09323
4.92196 -0.537307 -11.8418
-8.18973 1.77763 1.61271
3.35311 0.146636 -1.063
2.33168 -6.47301 1.22666
1.5865 0.0283648 -1.4762
2.63494 -1.03532 -1.40062
-6.50891 3.66387 -2.9436
-2.67167 0.0354708 -0.529132
1.46964 3.65416 4.4291
4.09765 -0.727316 5.52875
4.4189 4.19506 -1.37072
1.17587 -0.0146734 -1.28978
-0.947632 2.02437 3.84533
4.26175 12.9404 -3.9971
-3.08087 -0.934252 -0.626984
4.27707 -2.2748 -2.03699
-3.12285 -3.05343 0.65863
-4.86323 1.21439 -1.74154
10.1713 2.54847 -2.90326
-3.12085 -2.54136 -0.701907
1.07763 0.785804 -4.37564
-5.07823 -0.980426 -2.052
2.8305 1.96031 3.61094
3.08282 -7.84978 -3.87268
3.57041 3.93774 -12.2948
-0.0329506 -0.52324 -3.88916
-25.3025 0.883235 -9.42636
-0.222727 -6.46378 -0.789991
7.70257 4.63418 2.64459
-8.54125 3.84656 2.98481
1.06522 -4.07598 -2.19989
-1.21726 0.918322 2.02061
-4.5112 6.71285 8.15054
1.21984 -0.468603 1.70533
1.36092 0.231377 1.33224
3.29195 5.83598 -4.9594
0.542933 1.20572 -1.46872
3.61165 -5.15469 1.00054
-2.3883 -0.265314 4.26589
-4.09073 -1.15701 -2.36433
-2.06047 -4.06567 -2.24699
1.03353 -0.0905386 -0.0445198
0.431026 0.654223 13.4116
-0.648888 -0.308831 3.88768
-4.85332 0.604163 3.09957
-0.887588 0.944202 0.159937
-2.66629 -0.895627 -0.233383
-0.183242 2.08245 3.69568
6.40383 2.12523 -4.97635
17.1031 -2.73447 -2.63088
-4.341 7.52474 0.914793
0.350542 0.203367 -0.918914
0.0119587 0.233551 1.11598
4.7491 4.22662 3.6579
-1.46701 4.60002 3.50039
4.50191 4.27329 -2.9232
