-2.88524 -1.33609 -0.805974
-0.327892 -2.83906 0.283995
2.2318 -0.397251 0.0913485
-1.23049 -1.32547 -0.0500096
-1.38682 -0.584333 -3.16845
0.716086 0.0318854 2.20011
0.0892793 -1.74918 0.100489
0.401047 1.95447 0.874968
-2.6753 0.817665 -0.901378
0.555451 1.3366 -0.222469
2.52279 -0.34315 0.223508
-2.75684 0.312379 1.34034
-0.0513585 0.975238 -0.270175
-0.997547 -0.335631 -1.7169
1.42777 1.60809 -2.65901
0.103432 0.25718 -0.462446
-0.00649943 -0.676817 -1.55916
-2.07828 -0.0506942 -0.29001
4.77974 0.0691857 -0.520015
-6.0455 0.763431 0.644567
-0.930787 0.396798 0.29433
0.157671 0.612912 -0.0931549
1.10082 -0.563359 -0.508484
0.102998 0.263253 1.41058
1.47552 -0.696662 -0.0323116
-0.326722 -0.878294 -0.943489
0.0882306 1.18973 0.738302
-0.0663958 2.37666 0.407812
2.73191 0.0636497 0.999998
-1.10327 0.536905 -2.94548
-0.39998 -0.378761 -0.371812
0.891877 3.4551 -1.83969
-0.414408 2.90678 0.198759
0.312071 0.181779 -0.469066
-1.3484 0.116999 0.741297
1.41106 0.412424 -1.67733
-0.153765 -0.862071 -0.00196448
-0.656174 -0.222508 4.3131
-1.29994 -0.653024 0.295094
0.986285 -0.233528 1.28189
-0.796115 0.0185241 -1.53433
3.91771 -0.517724 -5.3283
-0.173113 -1.33637 0.861835
-1.63751 -3.21143 -0.66951
-0.986057 3.36779 -0.763753
-0.316052 0.912941 1.75118
-0.622451 0.482298 1.36175
1.81784 -0.188192 0.150645
0.904491 1.06023 -0.19578
0.273347 -0.290319 0.748928
0.558989 1.95739 2.25217
-1.01909 -0.0190411 -0.13548
-0.960783 0.32338 2.55005
1.02527 0.99312 -0.125873
0.478347 0.376384 -0.644564
0.34528 -0.00797609 -2.61092
-0.10308 0.489495 -0.0665029
2.97466 1.68333 2.80236
-2.14552 -0.209551 2.05929
-0.440197 -0.585147 -0.107482
-0.242598 -0.393157 0.61406
-0.822267 0.458359 -1.35118
-0.0406563 -0.498271 1.27932
0.480872 -0.513875 0.0301809
0.395201 -1.18382 0.944085
0.859373 -2.08135 -2.0694
0.293629 -1.01527 -0.912345
-0.606067 3.46638 2.71022
-0.434337 0.456536 -0.730954
0.757588 0.00593851 -0.65439
-2.08082 -1.8893 2.43919
1.50925 -2.71299 -0.180945
-0.825429 1.03278 -1.11893
-0.505939 -0.648773 -1.08324
0.414557 1.01912 1.36692
0.756013 0.237969 -0.0454563
0.182218 -1.92438 -0.413278
-1.23685 0.700023 0.596285
0.119722 -0.507277 0.344259
-2.14897 -0.658774 1.77187
0.0936411 0.40706 -0.476256
0.189149 -0.857133 0.154026
-0.30264 -0.712021 -0.274506
-0.303617 -0.0401223 -0.157945
-3.1263 -0.480957 -1.04481
0.565558 -0.156266 0.12961
2.66048 -0.215766 3.91851
-0.143317 -0.228096 -0.135794
-0.0159744 1.74984 -2.82694
0.273839 0.131575 0.017491
-1.7396 -0.339133 0.170217
2.92539 -0.615651 2.84267
2.4688 0.114045 -0.465392
-1.2776 -0.893222 0.376547
-0.393582 0.197199 0.294291
0.509549 -0.471443 0.29701
0.897856 0.562166 -3.99366
8.10546 1.99487 0.25243
-0.959727 0.319316 0.248583
1.14526 -0.151122 -1.74054
