-7.90199 6.05251 9.0209
5.52403 2.25076 5.86108
1.40608 -0.531506 0.635289
-4.71783 1.03976 -0.330546
0.568112 -2.27226 -0.468481
3.87839 1.0802 2.28863
0.476024 0.422263 2.27533
8.52144 -6.66387 3.45426
-3.71639 5.74067 0.481972
2.98337 2.30256 -5.3845
4.12478 -2.94017 1.25536
-3.85056 2.6233 0.344362
-0.556074 -3.46234 -5.77893
-14.0702 -8.51829 6.80722
1.25571 -0.669342 -2.14055
0.588245 0.999481 0.92109
0.0558058 -5.77999 -0.325169
0.799434 -0.596034 0.508487
-0.104285 2.85461 -6.07737
2.64392 -4.43292 2.97757
-3.45239 1.26919 6.85269
3.78067 -9.18646 8.21227
6.41081 -2.91263 0.785439
0.893505 0.707961 -4.39769
-0.983739 -2.45165 -2.68438
-4.78914 -2.95551 -1.0365
5.19053 6.32046 -5.57325
-0.930051 -0.738216 -0.0335683
0.39288 2.99037 2.39666
5.23752 -7.11145 -7.14586
3.44202 7.87371 -4.02506
-10.6869 -10.6343 -18.6105
9.07778 3.8048 6.37917
0.404687 -5.68572 -2.61117
-2.85527 -1.73004 -4.03284
-4.8204 3.259 1.39794
-1.46063 2.22082 0.325965
-3.88325 2.35974 2.60643
-3.99769 -6.39873 -5.52926
-9.23138 -0.998182 7.13274
-3.35973 -1.9544 0.409862
-0.451065 -10.5419 1.03649
-5.37402 -1.20861 -1.44547
5.93717 -2.34926 -7.79037
4.91156 -0.435124 -11.8874
-8.20763 1.99029 1.83585
3.57637 0.0746862 -1.19138
2.35335 -6.31204 1.24139
1.76199 -0.0101249 -1.50315
2.59264 -1.05828 -1.47556
-6.42895 3.53273 -2.83077
-2.67967 0.0345362 -0.538251
1.5557 3.79841 4.89581
4.29522 -0.72522 5.77325
4.42766 4.20758 -1.50911
1.19283 -0.0131696 -1.2248
-1.0117 1.95142 3.90857
5.09967 12.4444 -3.93931
-3.11948 -0.890086 -1.13752
4.72029 -2.28622 -2.08117
-3.20605 -3.12328 0.634955
-4.88517 1.19267 -1.30734
10.0224 2.84999 -2.87091
-3.43895 -2.53491 -0.722007
1.18379 1.48253 -4.48335
-5.00341 0.480722 -2.35223
2.74788 2.15553 3.77789
3.20539 -7.79876 -4.25003
3.5664 3.9449 -12.4337
0.0181708 -0.526446 -3.91067
-25.2776 0.804897 -9.41899
-0.530048 -5.82531 -0.67035
7.50267 4.55442 2.78652
-8.53674 3.95398 2.83941
1.01674 -3.81851 -2.55586
-1.11575 0.842221 2.06302
-4.09655 6.82121 8.14381
1.15123 -0.517118 1.73053
1.38561 0.278289 1.30631
3.20321 6.05861 -6.37918
0.548615 1.19544 -1.44468
3.77058 -5.25062 1.01381
-2.56205 1.19145 6.60807
-4.22851 -1.18462 -2.24018
-2.06217 -4.08096 -2.26183
1.0103 -0.0916891 -0.126
0.362751 0.673021 13.3832
-0.67756 -0.261354 3.95774
-4.69928 0.665502 3.35065
-0.920102 0.961725 0.160816
-2.49859 -0.848767 -0.22679
-0.104391 2.06324 3.85398
6.80784 2.12771 -5.24318
17.1134 -2.61921 -2.47917
-3.92081 7.28148 0.894674
0.485808 0.246982 -0.992557
0.142584 0.254189 1.18804
4.73375 4.33328 3.68167
-1.76295 4.18475 3.65065
4.71083 4.72705 -2.96914
