-8.01326 6.04296 9.1881
5.5243 2.19655 5.85721
1.15292 -0.441276 0.641555
-4.50023 1.21008 -0.327479
0.452279 -2.26257 -0.406871
3.88796 1.10012 2.28525
0.470793 0.500849 2.32219
8.39857 -6.63961 3.48771
-4.1568 5.38791 0.499347
2.98949 2.20005 -5.39114
4.27113 -3.04013 1.28523
-3.73753 2.62772 0.439421
-0.551724 -3.68169 -5.62132
-14.1277 -8.73322 7.0595
1.02466 -0.714975 -2.17741
0.590242 1.00382 1.00195
0.0791277 -5.90718 -0.400177
0.668722 -0.594568 0.959209
-0.248914 2.88538 -6.38432
2.57294 -4.07829 2.96608
-3.67072 1.10779 6.85491
3.99537 -8.77585 7.61693
6.46497 -2.78304 0.835353
0.90743 0.614677 -4.62215
-1.44798 -2.68767 -2.81883
-4.76178 -2.95243 -1.03956
4.90097 5.92839 -5.12384
-0.85801 -0.574091 0.285309
0.461456 2.98175 2.40731
5.24875 -12.0644 -11.5095
3.38969 7.72418 -4.06455
-10.6239 -10.3262 -18.8705
8.93595 3.0318 6.4048
0.47882 -5.88522 -2.65434
-3.04595 -1.71497 -4.27805
-5.16617 3.2188 1.18701
-1.50897 2.09388 0.338747
-4.13379 2.3671 2.50867
-3.62762 -6.3967 -5.34901
-9.17698 -1.08296 7.11674
-3.35532 -1.92262 0.431305
-0.175107 -10.1599 0.841735
-5.15508 -1.45246 -1.51587
5.94782 -2.47106 -7.47234
4.90365 -0.337921 -11.9401
-8.22493 2.25645 2.13246
3.81176 -0.00158445 -1.31589
2.37481 -6.17088 1.25504
1.93616 -0.0478055 -1.52858
2.54727 -1.08309 -1.55075
-6.35102 3.38092 -2.75863
-2.68685 0.0340788 -0.547023
1.62933 3.92542 5.36136
4.47378 -0.723331 5.60023
4.43473 4.21982 -1.65211
1.20735 -0.0120677 -1.15753
-1.09735 1.85889 3.98887
5.72359 12.0245 -3.88731
-3.16132 -0.843311 -1.64769
5.39936 -2.30431 -2.11513
-3.3098 -3.20091 0.611466
-4.92297 1.20114 -0.833819
9.89296 3.14289 -2.83637
-3.87392 -2.52637 -0.742427
1.25864 1.09069 -5.22112
-4.94423 0.82435 -1.2714
2.64709 2.39818 3.99728
3.32349 -7.76497 -4.63485
3.56356 3.94879 -12.5994
0.068435 -0.53108 -3.9332
-25.3302 0.732652 -9.46914
-0.934377 -5.32454 -0.553124
7.33399 4.47842 2.30425
-8.53501 4.07432 2.71035
0.960419 -3.56727 -2.93572
-1.0288 0.764256 2.10312
-3.60628 6.92273 8.14125
1.07035 -0.566368 1.75773
1.41343 0.324168 1.2809
3.28749 7.96718 -2.59097
0.551357 1.19051 -1.41763
3.93454 -5.35303 1.02225
-2.94657 3.21905 6.92839
-4.39952 -1.21555 -2.1059
-2.06515 -4.09754 -2.27838
0.983229 -0.091729 -0.205355
0.294624 0.690938 13.3617
-0.71776 -0.202868 4.03169
-4.56773 0.71585 3.74478
-0.949268 0.979509 0.162198
-2.33093 -0.782855 -0.225111
-0.0334491 2.04084 4.02164
7.31112 2.1321 -5.52399
17.127 -2.50443 -2.34685
-3.59234 7.07377 0.871749
0.620726 0.287502 -1.06098
0.264152 0.273943 1.27893
4.72174 4.44309 3.70765
-1.3492 3.82061 3.7917
4.13596 5.18423 -3.01664
