-8.0816 6.03883 9.28931
5.52602 2.16786 5.85511
1.02441 -0.398031 0.644044
-4.40016 1.29517 -0.326571
0.398413 -2.25755 -0.376005
3.89287 1.11019 2.28353
0.467832 0.542392 2.34808
8.29359 -6.62852 3.50437
-4.44966 5.23228 0.502506
2.99256 2.1517 -5.39469
4.36163 -3.09487 1.30276
-3.67314 2.63445 0.480229
-0.550471 -3.80001 -5.54497
-14.1628 -8.8898 7.20486
0.903115 -0.737349 -2.19699
0.591122 1.00633 1.04288
0.0866712 -5.96708 -0.426673
0.574205 -0.59359 1.22138
-0.324814 2.8974 -6.28069
2.53903 -3.941 2.9606
-3.77885 1.02803 6.85577
4.09084 -8.2795 7.38506
6.49432 -2.71752 0.858924
0.913293 0.568948 -4.73438
-1.70747 -2.81133 -2.88556
-4.74865 -2.95101 -1.04153
4.74991 5.73344 -4.91024
-0.820993 -0.501759 0.445542
0.496009 2.97781 2.41238
5.32304 -13.7417 -12.1354
3.36311 7.65583 -4.08404
-10.6032 -10.1515 -19.0611
8.86949 2.7033 6.42148
0.507388 -6.0008 -2.67715
-3.16628 -1.70483 -4.41276
-5.01237 3.19667 1.06757
-1.52977 2.03575 0.341915
-4.27171 2.37143 2.46054
-3.44367 -6.39514 -5.25997
-9.15252 -1.12457 7.10808
-3.35335 -1.90727 0.441936
-0.0613001 -9.95256 0.739647
-4.97208 -1.56987 -1.55032
5.94546 -2.47851 -7.26356
4.9 -0.291582 -11.9712
-8.22925 2.38161 2.29595
3.91268 -0.0360583 -1.37956
2.38574 -6.10511 1.26171
2.02094 -0.0650299 -1.5412
2.52003 -1.09613 -1.58977
-6.31247 3.28694 -2.75556
-2.69032 0.0341081 -0.551531
1.6658 4.01608 5.61706
4.5687 -0.720527 5.453
4.43801 4.22754 -1.72647
1.21402 -0.0111813 -1.12381
-1.14638 1.80366 4.03863
6.10502 11.8473 -3.85752
-3.18254 -0.823777 -1.98678
5.91606 -2.31764 -2.12858
-3.36854 -3.24225 0.600011
-4.94379 1.21268 -0.587534
9.83665 3.29311 -2.81798
-4.18801 -2.51945 -0.754201
1.30107 0.0310918 -5.74847
-4.91478 1.33635 -0.591515
2.59262 2.50733 4.15399
3.38241 -7.74796 -4.84578
3.56308 3.94902 -12.7024
0.0921551 -0.533155 -3.94528
-25.3481 0.673678 -9.52549
-1.11324 -5.1133 -0.493631
7.07626 4.44398 2.04922
-8.5344 4.14289 2.651
0.930493 -3.46392 -3.14439
-0.986107 0.726838 2.12259
-3.34991 6.97345 8.1411
1.0276 -0.59117 1.77175
1.42693 0.348701 1.26818
3.15528 9.11243 1.14881
0.551362 1.19097 -1.40325
4.02122 -5.40579 1.02477
-3.07943 3.77624 4.76097
-4.49648 -1.23125 -2.03976
-2.06707 -4.10594 -2.28751
0.967812 -0.0912725 -0.246449
0.259009 0.699783 13.3522
-0.742876 -0.168449 4.06942
-4.50445 0.743767 3.9699
-0.963297 0.988635 0.162815
-2.25415 -0.746301 -0.226184
-0.00207277 2.03061 4.10757
7.57712 2.13688 -5.68314
17.134 -2.44252 -2.28599
-3.4552 6.98393 0.859747
0.687073 0.30931 -1.09549
0.328475 0.285088 1.32702
4.71699 4.49914 3.72061
-1.16021 3.65596 3.86143
3.8586 5.41977 -3.04074
