-8.16229 6.03593 9.40296
5.52934 2.13806 5.8531
0.89413 -0.355839 0.645418
-4.3047 1.38045 -0.326507
0.345512 -2.25233 -0.347006
3.89768 1.12054 2.28153
0.465118 0.58788 2.37521
8.19201 -6.61783 3.51957
-4.83041 5.08794 0.498618
2.99564 2.10531 -5.39873
4.46248 -3.14751 1.32064
-3.60574 2.64434 0.513815
-0.549846 -3.91812 -5.47587
-14.2027 -9.06804 7.34997
0.777689 -0.759917 -2.2185
0.591791 1.00951 1.0837
0.0912351 -6.01465 -0.452137
0.450673 -0.592552 1.51377
-0.40335 2.91009 -5.90881
2.5058 -3.82054 2.95437
-3.8861 0.94872 6.8559
4.17891 -7.91537 7.20934
6.52516 -2.65232 0.882008
0.918046 0.528924 -4.84765
-1.95642 -2.93986 -2.95825
-4.73626 -2.9496 -1.04401
4.5901 5.55393 -4.7261
-0.784603 -0.430835 0.59821
0.530289 2.9742 2.41698
5.38867 -12.4652 -11.3581
3.33646 7.59203 -4.10514
-10.5881 -9.98284 -19.308
8.80631 2.39038 6.43978
0.52897 -6.12368 -2.70065
-3.31273 -1.69256 -4.56022
-4.57217 3.17415 0.941545
-1.54858 1.97985 0.341703
-4.41999 2.37628 2.40963
-3.26288 -6.39318 -5.17671
-9.13003 -1.16578 7.09869
-3.35177 -1.89177 0.451838
0.0472985 -9.76262 0.634246
-4.80009 -1.68858 -1.58635
5.99657 -2.42867 -6.97921
4.89668 -0.243041 -12.0085
-8.22667 2.52287 2.41963
3.99227 -0.0701746 -1.44512
2.39664 -6.04164 1.26802
2.10376 -0.0814335 -1.55434
2.48885 -1.10913 -1.63091
-6.30401 3.16866 -2.79428
-2.69377 0.0344353 -0.55637
1.70336 4.11576 5.91084
4.66692 -0.716728 5.3127
4.44106 4.23689 -1.80357
1.21998 -0.00997552 -1.09044
-1.19719 1.74381 4.09572
6.57546 11.6903 -3.82495
-3.20392 -0.804327 -2.43327
6.68123 -2.33726 -2.13945
-3.43019 -3.28552 0.587547
-4.96434 1.23328 -0.345878
9.78423 3.45049 -2.80052
-4.64009 -2.50884 -0.768435
1.3535 -0.926259 -6.34538
-4.88809 1.90674 0.0833509
2.53267 2.73727 4.26127
3.44144 -7.73322 -5.08201
3.5632 3.95009 -12.8245
0.114525 -0.535102 -3.95829
-25.3598 0.616006 -9.59285
-1.281 -4.91992 -0.442473
6.6997 4.41041 1.77488
-8.53382 4.14235 2.59338
0.899843 -3.36806 -3.39822
-0.944079 0.690081 2.14136
-3.09027 7.02501 8.141
0.982541 -0.615522 1.78487
1.44032 0.374482 1.25496
3.004 6.98458 2.9014
0.54995 1.19376 -1.38878
4.11172 -5.45974 1.02575
-3.19777 4.34342 3.14184
-4.60319 -1.24678 -1.97562
-2.0693 -4.11415 -2.29748
0.950704 -0.0902914 -0.289677
0.221999 0.708639 13.3424
-0.772315 -0.128672 4.10687
-4.44318 0.772707 4.203
-0.977314 0.998149 0.162992
-2.18376 -0.710433 -0.228372
0.0254056 2.02084 4.19432
7.84515 2.1431 -5.86237
17.1406 -2.37487 -2.22578
-3.32427 6.90059 0.846518
0.753381 0.331425 -1.13302
0.391234 0.297048 1.37431
4.71266 4.55724 3.73169
-0.979947 3.50024 3.92742
3.59092 5.66039 -3.06738
