-8.45847 6.04081 9.87736
5.55821 2.04199 5.85512
0.502325 -0.23506 0.646144
-4.10391 1.63795 -0.329151
0.197826 -2.23596 -0.258442
3.91753 1.15198 2.27549
0.462135 0.734916 2.46991
7.91525 -6.58747 3.56414
-5.35547 4.68599 0.440235
3.00502 1.97365 -5.41255
4.91857 -3.26932 1.37203
-3.4031 2.67379 0.573026
-0.54338 -4.25314 -5.27248
-14.3735 -9.58985 8.01461
0.383782 -0.829805 -2.28801
0.595034 1.01974 1.20911
0.100265 -6.11709 -0.523314
0.00139429 -0.591313 2.65842
-0.649366 2.97508 -4.7841
2.40787 -3.52633 2.9353
-3.70918 0.712922 6.85467
4.42933 -7.54555 6.83747
6.64334 -2.47118 0.958064
0.932772 0.421731 -5.19255
-2.66472 -3.33959 -3.18642
-4.69323 -2.94613 -1.05321
4.15518 5.19533 -4.24699
-0.681001 -0.202583 1.0518
0.641916 2.96459 2.42997
5.08087 -9.67653 -10.2329
3.24995 7.42757 -4.16756
-10.5809 -9.61212 -20.3782
8.66981 1.44428 6.50928
0.556122 -6.52277 -2.76683
-3.9702 -1.63779 -5.09297
-3.67975 3.10931 0.549418
-1.60178 1.81484 0.327248
-4.81652 2.39451 2.25596
-2.71527 -6.38606 -4.94243
-9.07442 -1.29151 7.0692
-3.34643 -1.84573 0.481976
0.355426 -9.33229 0.325087
-4.33278 -2.07281 -1.69305
6.54113 -2.52069 -6.33199
4.8918 -0.0793886 -12.1491
-7.95908 3.45052 2.72979
4.24666 -0.181015 -1.64941
2.43325 -5.86637 1.29033
2.35872 -0.128109 -1.59427
2.40176 -1.14415 -1.75991
-6.46362 2.93259 -2.81794
-2.702 0.0367236 -0.571554
1.84779 4.33011 6.7109
4.99957 -0.700936 4.94119
4.45309 4.26415 -2.04452
1.24037 -0.00611015 -0.990605
-1.32818 1.55198 4.31832
6.28554 11.3404 -3.67463
-3.26361 -0.722397 -3.63076
6.56076 -2.54725 -2.11542
-3.65274 -3.42809 0.550934
-5.01185 1.37172 0.38149
9.66279 4.00226 -2.74493
-5.03498 -2.39154 -0.840452
1.58002 -1.08345 -8.55528
-4.83078 2.41402 2.36554
2.3183 4.07124 4.59065
3.64287 -7.71511 -5.91316
3.57079 3.96363 -13.1362
0.189163 -0.542236 -4.00113
-25.3798 0.448777 -9.84869
-1.68508 -4.4139 -0.294947
6.00289 4.31064 0.782157
-8.53082 3.93517 2.4285
0.809357 -2.99648 -4.29611
-0.788955 0.577083 2.19763
-2.30749 7.18987 8.14847
0.868932 -0.683882 1.82718
1.48353 0.452824 1.21575
2.79719 -0.189476 6.71797
0.538113 1.21353 -1.34811
4.44934 -5.63362 1.02563
-3.52258 5.22788 -0.0707772
-4.93763 -1.29185 -1.78505
-2.07321 -4.13965 -2.33019
0.903036 -0.0838213 -0.425139
0.128084 0.735694 13.3168
-0.885044 0.0327646 4.23156
-4.26351 0.854975 4.98947
-1.0137 1.0293 0.1637
-1.94805 -0.621504 -0.235298
0.11077 1.9883 4.46207
9.14077 2.16262 -6.5951
17.1678 -2.17495 -2.0119
-3.00475 6.67695 0.805995
0.961105 0.397228 -1.24791
0.581097 0.333804 1.52386
4.70634 4.74704 3.7657
-0.357077 3.06023 4.13136
2.77807 6.4264 -3.14708
