-8.58594 6.04769 10.1084
5.57469 2.00942 5.86139
0.37756 -0.197305 0.646086
-4.04781 1.72314 -0.329879
0.151898 -2.23108 -0.228496
3.92616 1.16212 2.27405
0.462305 0.78467 2.51064
7.83421 -6.578 3.57969
-5.50118 4.54901 0.414263
3.0087 1.9309 -5.41688
4.73254 -3.297 1.38759
-3.34053 2.67377 0.581805
-0.540416 -4.36737 -5.20056
-14.4752 -9.7568 7.97138
0.250983 -0.857681 -2.30907
0.596381 1.0227 1.25278
0.103772 -6.15205 -0.543563
-0.200537 -0.593648 3.17109
-0.737137 3.00023 -4.67096
2.37633 -3.44482 2.9302
-3.62185 0.633553 6.8546
4.51382 -7.46485 6.7659
6.6874 -2.41362 0.997607
0.937554 0.384917 -5.30671
-2.89305 -3.53381 -3.25267
-4.67751 -2.94545 -1.05629
4.03813 5.10163 -3.97965
-0.64962 -0.127525 1.17303
0.684141 2.9615 2.43487
4.9476 -9.59241 -10.0338
3.22355 7.37772 -4.1858
-10.586 -9.51859 -20.6006
8.63953 1.09778 6.53643
0.557154 -6.66591 -2.78689
-4.37632 -1.60993 -5.30879
-3.44982 3.08951 0.419831
-1.61968 1.75704 0.320695
-4.95103 2.40119 2.20701
-2.53025 -6.38372 -4.86499
-9.06021 -1.3354 7.06119
-3.34445 -1.83116 0.491944
0.454822 -9.2306 0.263587
-4.18672 -2.05899 -1.72032
6.65545 -2.62528 -6.20605
4.89211 -0.0221737 -12.2135
-7.85931 4.00448 3.00642
4.33805 -0.2209 -1.71452
2.44639 -5.81277 1.30196
2.44752 -0.14407 -1.60583
2.37427 -1.15573 -1.80101
-6.48267 2.89158 -2.77128
-2.70412 0.0376482 -0.576884
1.89967 4.39699 6.42119
5.122 -0.694384 4.84512
4.45804 4.27184 -2.11064
1.24779 -0.00501725 -0.956332
-1.35853 1.48863 4.40644
6.09812 11.2657 -3.60575
-3.28211 -0.694113 -3.49732
6.3949 -2.71573 -2.08007
-3.73008 -3.48711 0.541531
-5.0223 1.43267 0.510606
9.6282 4.22426 -2.72556
-5.09516 -2.2978 -0.877402
1.66887 -0.971978 -8.97952
-4.81715 2.49974 2.71819
2.24324 4.58657 4.88362
3.71825 -7.71608 -6.10691
3.57486 3.9697 -13.0714
0.215872 -0.545673 -4.01541
-25.3863 0.385569 -9.94723
-1.81296 -4.26806 -0.237503
5.84016 4.27591 0.381378
-8.53007 3.87028 2.37637
0.779461 -2.86144 -4.68853
-0.734422 0.538747 2.22021
-2.05071 7.24866 8.15655
0.833206 -0.706233 1.84602
1.49902 0.477828 1.2065
2.75909 -1.44343 6.66451
0.531512 1.22195 -1.33666
4.58424 -5.6972 1.02807
-3.63125 4.91759 -0.690254
-5.05707 -1.30701 -1.71759
-2.07341 -4.14925 -2.34111
0.887423 -0.0810113 -0.473914
0.100423 0.744155 13.3091
-0.933708 0.101957 4.28173
-4.20664 0.881547 5.09107
-1.02337 1.04018 0.164
-1.74228 -0.599403 -0.236418
0.139618 1.97647 4.55673
9.93627 2.16385 -6.95477
17.1808 -2.11007 -1.88119
-2.90423 6.59842 0.79575
1.03253 0.417348 -1.27961
0.645732 0.345929 1.58655
4.70613 4.81416 3.77608
-0.16004 2.91899 4.22073
2.52179 6.67945 -3.1674
