-2.99398 -1.3063 -0.829256
-0.343071 -2.68654 0.294246
2.31838 -0.408498 0.0930833
-1.27619 -1.37043 -0.0513668
-1.12364 -0.605125 -3.00588
0.744721 0.035861 2.25638
0.0926486 -1.82207 0.102256
0.418599 2.03111 0.900451
-2.767 0.853232 -0.937103
0.572462 1.26948 -0.232437
1.83269 -0.356632 0.225006
-2.88245 0.324649 1.38604
-0.0521992 1.01149 -0.279081
-1.02738 -0.345002 -1.77352
1.47853 1.69136 -2.56498
0.107439 0.265538 -0.478111
-0.00644292 -0.696419 -1.61187
-2.12995 -0.0529913 -0.305261
4.46746 0.0692711 -0.530515
-5.53543 0.792799 0.6639
-0.964196 0.279655 0.30393
0.164308 0.6328 -0.095901
1.14201 -0.578295 -0.526086
0.105247 0.273317 1.45148
1.52921 -0.714979 -0.0349459
-0.335554 -0.903184 -0.974897
0.0945641 1.24845 0.84094
-0.0685851 2.48104 0.42527
2.88649 0.068003 1.02575
-1.13682 0.563648 -3.07433
-0.414817 -0.474027 -0.385419
0.924985 3.67757 -1.91269
-0.424548 2.98995 0.204958
0.329976 0.18865 -0.48647
-1.39526 0.121957 0.770675
1.33004 0.42529 -1.76978
-0.158569 -0.892489 -0.00210032
-0.664358 -0.215841 4.07865
-1.35473 -0.676604 0.306025
1.0227 -0.231462 1.3142
-0.812998 0.0174732 -1.5852
3.50194 -0.536184 -5.89282
-0.179003 -1.39172 0.894419
-1.69605 -3.31544 -0.695213
-1.02633 3.45389 -0.778052
-0.32659 0.950832 1.80461
-0.642386 0.498261 1.41717
1.93275 -0.191956 0.151992
0.943659 1.09567 -0.203457
0.283441 -0.298033 0.770926
0.576356 1.82641 2.39063
-1.0442 -0.018514 -0.138699
-0.985401 0.335014 2.63711
1.06022 1.03725 -0.126477
0.497305 0.39565 -0.600158
0.350786 -0.0102181 -2.48102
-0.105287 0.50563 -0.0683648
3.08485 1.75307 2.86131
-2.20354 -0.213904 1.88999
-0.453144 -0.602127 -0.110286
-0.249689 -0.403423 0.634502
-0.85464 0.380805 -1.40294
-0.0394104 -0.121172 1.12492
0.498492 -0.526809 0.0296665
0.408625 -1.21879 0.978972
0.886472 -2.15181 -2.16378
0.303645 -1.04215 -0.942459
-0.62658 3.63029 2.82653
-0.446265 0.475983 -0.757753
0.792012 0.0074473 -0.679922
-1.99692 -1.95458 2.18575
1.57126 -2.76858 -0.187711
-0.853109 1.07961 -1.16292
-0.523283 -0.667764 -1.11964
0.431611 1.05439 1.401
0.783948 0.247837 -0.0475464
0.189596 -1.97813 -0.428441
-1.27557 0.726666 0.603196
0.12413 -0.522325 0.355642
-2.22186 -0.677151 1.86374
0.0979732 0.424469 -0.494221
0.195407 -0.883592 0.157787
-0.311388 -0.731542 -0.28383
-0.311485 -0.0403094 -0.164609
-3.2269 -0.493914 -1.08938
0.585217 -0.159391 0.132118
1.98109 -0.231475 4.08404
-0.14664 -0.233508 -0.138497
-0.0184518 1.34892 -2.89496
0.275737 0.136293 0.0165535
-1.73252 -0.350666 0.176757
3.01258 -0.636875 3.01624
2.5805 0.131489 -0.482006
-1.33598 -0.922217 0.389673
-0.404587 0.204104 0.304776
0.526565 -0.48553 0.307486
2.07647 0.610393 -3.80379
7.65054 2.07449 0.261901
-0.734785 0.332237 0.257878
1.1772 -0.155591 -1.81184
