-8.70228 6.05756 10.4069
5.59454 1.97749 5.8705
0.258668 -0.162992 0.646173
-3.99404 1.80645 -0.330557
0.109846 -2.22718 -0.19616
3.93661 1.17152 2.27293
0.463068 0.834389 2.54996
7.76144 -6.56954 3.59647
-5.66717 4.40988 0.396879
3.013 1.88731 -5.42121
4.24728 -3.32046 1.40245
-3.27996 2.66508 0.58718
-0.536681 -4.48576 -5.1224
-14.5997 -9.92985 7.61269
0.11915 -0.89118 -2.32805
0.598251 1.0251 1.29634
0.108312 -6.1887 -0.563055
-0.355024 -0.599418 3.77809
-0.827389 3.02431 -4.54964
2.34568 -3.37683 2.92674
-3.5365 0.551766 6.8547
4.60135 -7.39834 6.69988
6.73418 -2.35771 1.03827
0.943046 0.346943 -5.42254
-3.12004 -3.79141 -3.30937
-4.66019 -2.94532 -1.05927
3.93245 5.0035 -3.64277
-0.619771 -0.0542779 1.30733
0.731409 2.95809 2.4402
4.93177 -9.4428 -9.83408
3.19961 7.32155 -4.20121
-10.5871 -9.43616 -20.5278
8.61606 0.703366 6.56628
0.556045 -6.60924 -2.80542
-4.66622 -1.57179 -5.54761
-3.20562 3.07004 0.290881
-1.63772 1.6651 0.314677
-5.08479 2.40726 2.16146
-2.33525 -6.38193 -4.78614
-9.04775 -1.38166 7.0543
-3.34194 -1.81817 0.502075
0.554658 -9.1567 0.213929
-4.04318 -1.90245 -1.74527
6.74816 -2.73454 -6.08442
4.89384 0.0346343 -12.2817
-7.84932 4.49533 3.46854
4.43778 -0.263869 -1.77843
2.46047 -5.76235 1.31405
2.54048 -0.161527 -1.61649
2.34938 -1.16839 -1.83949
-6.48892 2.85244 -2.72063
-2.7057 0.0382871 -0.582033
1.94903 4.46216 6.16728
5.255 -0.687937 4.76584
4.46423 4.27866 -2.1879
1.25671 -0.00424439 -0.921299
-1.38083 1.42737 4.49914
5.93283 11.2031 -3.53993
-3.29927 -0.668147 -3.3529
6.32006 -2.88323 -2.05081
-3.80723 -3.55803 0.534393
-5.0297 1.49725 0.671095
9.59594 4.46337 -2.70583
-5.1812 -2.20605 -0.908828
1.75755 -0.867938 -8.76622
-4.80057 2.58567 2.40801
2.16661 5.12499 5.37007
3.80374 -7.7198 -6.21335
3.57983 3.97593 -13.0083
0.245024 -0.550254 -4.02969
-25.3934 0.315612 -10.0472
-1.94093 -4.13435 -0.173072
5.71793 4.23942 -0.0593999
-8.52967 3.80662 2.324
0.750205 -2.72841 -5.09056
-0.678067 0.499704 2.24316
-1.79731 7.30775 8.16746
0.798933 -0.729874 1.86841
1.5157 0.50122 1.19801
2.72341 -2.73726 5.41048
0.524638 1.2296 -1.32692
4.73416 -5.76571 1.03143
-3.73592 4.60323 -0.969819
-5.17411 -1.32323 -1.64693
-2.07251 -4.16044 -2.35189
0.873971 -0.0783171 -0.52227
0.0764247 0.751135 13.3026
-0.987608 0.178869 4.34174
-4.14998 0.905817 4.9922
-1.03085 1.04958 0.164819
-1.43454 -0.58092 -0.236723
0.171877 1.96382 4.65368
10.2819 2.15444 -7.42432
17.1972 -2.04631 -1.74027
-2.8039 6.51179 0.786919
1.10592 0.43462 -1.30624
0.713974 0.357262 1.6561
4.70723 4.87753 3.7882
0.032392 2.77642 4.31995
2.27502 6.92014 -3.18337
