-9.04326 6.19067 11.9158
5.6829 1.8705 5.92472
-0.167816 -0.0396746 0.639751
-3.80066 2.13934 -0.338558
-0.0333712 -2.21907 -0.0696859
3.98372 1.20691 2.26739
0.4719 1.04191 2.69265
7.50834 -6.53928 3.65159
-6.27964 3.92699 0.420528
3.03508 1.71413 -5.44047
2.93373 -3.38633 1.44771
-3.06107 2.56351 0.548531
-0.518336 -4.99761 -4.83096
-15.3509 -10.7891 6.5652
-0.416612 -1.04295 -2.41038
0.6124 1.0315 1.46192
0.136463 -6.35321 -0.643282
-0.752825 -0.658946 3.53666
-1.17795 3.12893 -4.0769
2.22718 -3.17497 2.92231
-3.21736 0.225074 6.84822
5.10541 -7.11709 6.435
6.9562 -2.14003 1.16721
0.967553 0.192481 -5.7686
-4.03542 -4.91838 -3.5577
-4.59831 -2.94681 -1.07299
3.54263 4.60379 -2.73237
-0.510339 0.218788 1.69343
0.919632 2.94498 2.45905
4.8318 -8.87753 -9.29675
3.11896 7.09601 -4.26942
-10.5404 -9.16787 -19.5591
8.56095 -1.28667 6.69202
0.535362 -5.81439 -2.88053
-5.16607 -1.26192 -10.1224
-2.24345 3.00402 -0.238885
-1.71602 1.21944 0.290645
-5.61386 2.43667 1.96667
-1.55883 -6.37527 -4.53074
-9.02169 -1.57644 7.03704
-3.33076 -1.77387 0.535169
1.35719 -8.90147 -0.00491036
-3.45576 -1.29651 -1.85518
7.03448 -3.19916 -5.55673
4.91871 0.268572 -12.6184
-7.65509 130.088 6.05513
4.89467 -0.436248 -2.03698
2.52201 -5.58041 1.35458
2.93731 -0.22873 -1.65974
2.26215 -1.22328 -2.00301
-6.47321 2.7103 -2.49944
-2.7095 0.040268 -0.603053
2.19451 4.88998 5.11165
4.80486 -0.65462 4.40805
4.51315 4.31743 -2.56338
1.30104 -0.00191842 -0.733806
-1.41283 1.21038 4.86915
5.25954 10.9763 -3.39824
-3.33739 -0.590684 -2.72082
5.09514 -3.12378 -2.07266
-4.11098 -3.96831 0.506752
-5.03581 1.78057 1.82628
9.47859 5.67403 -2.65856
-4.66552 -2.08432 -0.961655
2.11633 -0.387745 -7.3987
-4.69934 2.74073 1.17119
1.78043 -78.3674 8.47586
4.66439 -7.72281 -6.77938
3.60728 4.0092 -12.7784
0.369736 -0.57168 -4.08655
-25.4601 -0.0733629 -10.5741
-2.47892 -3.67408 0.0587215
5.44963 4.09988 -1.27199
-8.53184 3.56575 2.11717
0.655334 -2.27667 -7.22353
-0.452791 0.353496 2.3174
-0.889629 7.57946 8.21598
0.643619 -0.830675 1.96202
1.59829 0.595976 1.16095
2.59748 -1.91619 -2.33174
0.500279 1.24661 -1.30231
5.47595 -6.08153 1.03585
-4.07545 3.07978 -2.28929
-5.23105 -1.39222 -1.38118
-2.06572 -4.21364 -2.39508
0.838209 -0.0663501 -0.73448
-0.0248669 0.771144 13.2788
-1.23187 0.531928 4.70876
-3.81009 0.993254 4.59021
-1.05248 1.08419 0.167112
-0.599015 -0.525834 -0.237294
0.310527 1.91351 4.35267
9.54441 1.90029 0.412938
17.3113 -1.76974 -1.27151
-2.40674 6.21436 0.751382
0.721259 0.503526 -1.42577
1.02224 0.40211 1.92906
4.72047 5.1356 3.83677
0.776301 2.19564 4.7209
1.39491 8.20232 -3.25097
