-9.30666 6.35227 12.597
5.71757 1.83216 5.95156
-0.361236 0.0254676 0.635215
-3.72439 2.31528 -0.344321
-0.111685 -2.21725 -0.00451639
4.00304 1.22599 2.26479
0.476789 1.15836 2.77221
7.39043 -6.5225 3.67195
-5.79632 3.74127 0.471029
3.04455 1.63249 -5.4501
2.44261 -3.40725 1.46334
-2.98855 2.51614 1.14178
-0.519478 -5.25353 -4.66899
-15.8431 -11.3294 6.18983
-0.704809 -1.11106 -2.45177
0.618548 1.03571 1.54867
0.149713 -6.44104 -0.684935
-1.00544 -0.694936 2.73835
-1.38299 3.17818 -3.84714
2.16453 -3.08648 2.92683
-3.09233 0.0738645 6.84024
5.44303 -6.95566 6.33517
7.08104 -2.02594 1.2246
0.9744 0.123649 -5.58339
-4.53793 -5.19112 -3.66854
-4.57841 -2.94713 -1.08117
3.33 4.4393 -2.31779
-0.468665 0.349882 1.11248
1.00267 2.941 2.46561
4.77855 -8.6694 -9.05132
3.07544 7.00866 -4.30205
-10.5137 -9.04809 -19.3029
8.52918 -2.3965 6.77849
0.509051 -5.5306 -2.91615
-5.52476 -1.22601 -9.71558
-1.81963 2.98049 -0.482664
-1.76811 1.01542 0.280561
-5.4236 2.45948 1.86437
-1.23579 -6.36856 -4.43409
-9.026 -1.67245 7.03503
-3.32862 -1.75119 0.552481
1.80684 -8.76901 -0.108633
-3.1559 -0.980986 -1.904
7.13984 -3.469 -5.26652
4.93467 0.396232 -12.7631
-7.67864 245.676 6.47468
5.14416 -0.511611 -2.17426
2.54936 -5.49321 1.37523
3.14056 -0.253536 -1.68301
2.21673 -1.24847 -2.0947
-6.46548 2.653 -2.42483
-2.71261 0.0423071 -0.613354
2.33651 5.60074 4.72774
4.497 -0.630184 4.17892
4.53601 4.35734 -2.7252
1.3195 0.000508854 -0.643585
-1.41259 1.11821 3.48494
4.69346 10.8821 -3.36472
-3.34086 -0.584889 -2.33521
4.17758 -3.15122 -2.10902
-4.2651 -4.10879 0.499909
-5.04557 1.93996 3.53786
9.41853 6.39896 -2.65242
-4.12813 -2.0728 -0.97798
2.29343 -0.0010989 -6.98215
-4.65055 2.15805 0.848117
1.64664 -156.372 9.61267
5.08626 -7.70462 -6.92781
3.61628 4.03577 -12.639
0.424991 -0.580487 -4.11941
-25.565 -0.288003 -10.9322
-2.81132 -3.46904 0.17533
5.34244 4.05461 -1.71494
-8.53564 3.45879 2.03361
0.602971 -2.087 -9.16364
-0.367546 0.315171 2.32689
-0.521213 7.75585 8.24339
0.531559 -0.879741 2.01658
1.63344 0.65117 1.14461
2.50729 -0.428128 -4.32643
0.490256 1.24869 -1.29598
5.66784 -6.26176 1.02941
-4.25471 2.61662 -2.69998
-4.93689 -1.42383 -1.25943
-2.06604 -4.24138 -2.41641
0.813699 -0.0581091 -0.856283
-0.0912716 0.779698 13.2705
-1.33127 0.688743 6.11431
-3.65721 1.04577 4.39331
-1.0638 1.10601 0.166653
-0.332468 -0.502143 -0.237636
0.369193 1.89418 4.15015
9.30576 1.87081 1.93597
17.3965 -1.57707 -1.08904
-2.22245 6.11177 0.736341
0.400033 0.544434 -1.4917
1.17243 0.429894 2.06065
4.72607 5.29072 3.87127
1.11037 1.9159 4.95121
0.979788 8.05686 -3.28672
