-9.80141 6.46116 11.6975
5.74895 1.79874 5.97842
-0.538728 0.0915977 0.630045
-3.65383 2.48911 -0.351282
-0.197134 -2.2185 0.0896945
4.02301 1.24449 2.26136
0.483431 1.27515 2.85203
7.28119 -6.50652 3.69583
-5.45317 3.58285 0.539486
3.05487 1.55032 -5.46005
2.02377 -3.42534 1.47638
-2.9488 2.49168 2.29697
-0.524861 -5.52523 -4.50881
-16.0288 -11.8923 5.81824
-1.00649 -1.19105 -2.48853
0.625773 1.04035 1.61956
0.160589 -6.53526 -0.728199
-1.29174 -0.730868 2.26041
-1.58409 3.27506 -3.59414
2.10446 -2.99543 2.93347
-2.97687 -0.0757213 6.82728
5.68579 -6.84292 6.24496
7.22933 -1.92071 1.27358
0.97947 0.0521034 -5.40122
-5.15026 -4.63295 -3.77896
-4.56122 -2.94822 -1.08952
3.13429 4.29164 -1.85471
-0.434491 0.473922 0.628929
1.08565 2.93745 2.47193
4.72858 -8.50652 -8.8367
3.0323 6.92776 -4.3293
-10.4871 -8.94847 -19.161
8.49546 -3.23513 6.8719
0.479097 -5.27507 -2.95092
-5.62956 -1.22408 -9.18791
-1.42111 2.95434 -0.687042
-1.82345 0.83949 0.271804
-5.0578 2.48109 1.76599
-0.934566 -6.36309 -4.33449
-9.03378 -1.7693 7.03829
-3.32712 -1.72923 0.566279
2.31324 -8.66932 -0.241105
-2.8354 -0.765675 -1.95127
7.28908 -3.82561 -4.98116
4.9545 0.522375 -12.9283
-7.81211 245.818 6.88616
5.41148 -0.595813 -2.30369
2.57912 -5.41106 1.39066
3.35414 -0.279702 -1.70229
2.17056 -1.28193 -2.16241
-6.45829 2.5975 -2.35553
-2.71552 0.044371 -0.623068
2.50941 6.30512 4.3639
4.19676 -0.606542 3.93151
4.56026 4.40198 -2.58343
1.33703 0.00228455 -0.55616
-1.40776 1.02017 1.90432
4.27789 10.8029 -3.33682
-3.36616 -0.561837 -1.92209
3.58386 -3.1694 -2.14197
-4.42088 -4.19557 0.510378
-5.15989 2.16934 15.9026
9.36982 6.85579 -2.65315
-3.80651 -2.06886 -0.99178
2.45621 0.346849 -6.62841
-4.6042 1.65473 0.590885
1.60686 -156.366 9.51679
5.51754 -7.68102 -6.40965
3.62279 4.06796 -12.5149
0.479982 -0.59205 -4.15129
-25.7747 -0.519206 -11.2902
-3.20881 -3.28691 0.285083
5.23073 4.00852 -2.06969
-8.53938 3.35616 1.95952
0.642009 -2.03294 -23.992
-0.308744 0.310091 2.33987
-0.187507 7.96051 8.26896
0.418584 -0.933476 2.08207
1.66906 0.705472 1.12498
2.41489 0.112984 -4.56179
0.483927 1.24683 -1.28998
5.85973 -6.47621 1.01868
-4.4795 2.15295 -3.07385
-4.66881 -1.45994 -1.12794
-2.06651 -4.27189 -2.43568
0.789787 -0.0514726 -0.956874
-0.159392 0.78619 13.2671
-1.39147 0.80947 6.9399
-3.5089 1.09156 4.07522
-1.07363 1.12996 0.162396
-0.109601 -0.480972 -0.237992
0.423737 1.87286 3.96171
9.02824 1.87944 3.12976
17.5298 -1.40782 -0.933257
-2.04802 6.01746 0.724315
0.0458291 0.574352 -1.56849
1.32339 0.456861 2.16596
4.7338 5.47471 3.90681
1.44559 1.60843 5.21287
0.594964 7.47173 -3.36254
