-3.10721 -1.27855 -0.852158
-0.35991 -2.53818 0.304627
2.39596 -0.420215 0.094758
-1.3244 -1.41981 -0.0526623
-0.864476 -0.626221 -2.84561
0.773026 0.0397156 2.31297
0.0957807 -1.89752 0.103787
0.435638 2.10789 0.925991
-2.86074 0.886678 -0.973107
0.58875 1.20186 -0.242557
1.24343 -0.364265 0.228339
-3.0181 0.337012 1.43265
-0.0532299 1.0468 -0.287954
-1.05771 -0.355446 -1.83096
1.52902 1.77648 -2.46889
0.111278 0.273659 -0.493707
-0.00653006 -0.716382 -1.6649
-2.18336 -0.0558301 -0.321277
4.17186 0.0697436 -0.538974
-5.14194 0.821552 0.68079
-0.999232 0.162934 0.313529
0.170719 0.652445 -0.0984562
1.18284 -0.594404 -0.543704
0.107071 0.283317 1.49221
1.58009 -0.734472 -0.0376072
-0.344478 -0.928728 -1.0065
0.100669 1.30719 0.944373
-0.0710847 2.58835 0.443139
3.05036 0.0722777 1.05141
-1.17119 0.589629 -3.20768
-0.430859 -0.59803 -0.399227
0.95797 3.90219 -1.98675
-0.434809 3.07276 0.211086
0.346981 0.194904 -0.503846
-1.44411 0.126762 0.800472
1.24963 0.43786 -1.86358
-0.163721 -0.923847 -0.00227634
-0.671722 -0.20848 3.86983
-1.42064 -0.701396 0.317023
1.05841 -0.229189 1.34658
-0.829866 0.0151566 -1.63577
3.08653 -0.558823 -6.51924
-0.185145 -1.44896 0.927178
-1.75621 -3.28049 -0.721292
-1.06767 3.5312 -0.792007
-0.337288 0.988612 1.85856
-0.662697 0.513853 1.47446
2.04207 -0.196214 0.153308
0.983134 1.13028 -0.211081
0.293112 -0.305759 0.792877
0.593424 1.69558 2.53275
-1.06948 -0.0182067 -0.141837
-1.01008 0.346403 2.72451
1.09435 1.08151 -0.126715
0.51618 0.414821 -0.555828
0.355528 -0.0127592 -2.36485
-0.107603 0.521502 -0.0701422
3.19539 1.82259 2.92137
-2.26196 -0.218317 1.71502
-0.466699 -0.619894 -0.113054
-0.257033 -0.413642 0.654872
-0.887855 0.297738 -1.45564
-0.0380077 0.298951 0.968511
0.515106 -0.540006 0.0291061
0.421279 -1.25423 1.01413
0.913394 -2.22517 -2.2615
0.313385 -1.06969 -0.972712
-0.647621 3.79853 2.94577
-0.458541 0.494196 -0.784744
0.826133 0.00865089 -0.70546
-1.91478 -2.02116 1.94193
1.63293 -2.82726 -0.19444
-0.881306 1.12455 -1.20744
-0.540997 -0.687715 -1.15652
0.448221 1.08939 1.43498
0.811276 0.257497 -0.0495743
0.196236 -2.03331 -0.443765
-1.31482 0.75198 0.609581
0.127814 -0.537567 0.367045
-2.2993 -0.695577 1.95728
0.102208 0.441557 -0.512233
0.200806 -0.910664 0.161422
-0.320434 -0.752049 -0.293232
-0.319597 -0.0408622 -0.171341
-3.33082 -0.507871 -1.13492
0.604084 -0.162519 0.134653
1.3412 -0.245119 4.28531
-0.150313 -0.239034 -0.141061
-0.0217886 0.893291 -2.96355
0.276807 0.140736 0.0155482
-1.65693 -0.362804 0.183353
3.10145 -0.659393 3.18606
2.69401 0.148535 -0.498473
-1.40831 -0.951918 0.402806
-0.415728 0.210853 0.315325
0.542429 -0.499824 0.318029
3.18934 0.655401 -3.62127
7.33527 2.14821 0.275464
-0.522453 0.344098 0.266714
1.20855 -0.160946 -1.88367
