-10.901 6.51815 10.8365
5.79368 1.75442 6.02083
-0.780062 0.19732 0.62133
-3.55355 2.74246 -0.362389
-0.353453 -2.21939 0.26575
4.05623 1.27124 2.25708
0.4973 1.4495 2.98004
7.13415 -6.48297 3.73759
-5.06719 3.3861 0.634149
3.07365 1.4183 -5.47511
1.48667 -3.44737 1.49422
-2.92209 2.49205 5.85577
-0.531101 -5.97624 -4.28681
-14.5327 -11.3433 5.20223
-1.48022 -1.32131 -2.55052
0.637613 1.05021 1.72614
0.17382 -6.52811 -0.794445
-1.78662 -0.769148 2.03312
-1.87944 3.43004 -3.24166
2.01894 -2.83921 2.94309
-2.82044 -0.297033 6.79381
5.32141 -6.71179 6.135
7.54647 -1.77315 1.3383
0.988695 -0.0659127 -5.12943
-6.56991 -4.15819 -4.02
-4.53833 -2.95098 -1.10013
2.8774 4.08314 -1.00423
-0.405782 0.655546 0.00770454
1.20948 2.93488 2.48256
4.65578 -8.29334 -8.62894
2.97194 6.82055 -4.36536
-10.4447 -8.82723 -19.0149
8.43559 -3.69932 6.98568
0.431501 -4.87612 -3.00162
-4.9925 -1.22219 -8.52891
-0.845899 2.91814 -0.932401
-1.91129 0.700957 0.260059
-4.54825 2.51139 1.66049
-0.560014 -6.35166 -4.1805
-9.04593 -1.91281 7.05197
-3.32837 -1.69712 0.5811
3.24062 -8.56712 -0.432718
-2.33649 -0.501915 -2.0225
7.6399 -4.36283 -4.69621
4.99003 0.684684 -13.2218
-8.06254 245.955 6.59
5.75866 -0.724476 -2.52933
2.63226 -5.29464 1.41301
3.70945 -0.317991 -1.7269
2.10246 -1.33305 -2.24804
-6.44918 2.51704 -2.25973
-2.7194 0.0480819 -0.634808
2.80277 7.26695 3.8724
3.79697 -0.569529 3.68309
4.60445 4.4735 -2.19404
1.35955 0.00459833 -0.419766
-1.39335 0.857983 0.82333
3.79758 10.7186 -3.30086
-3.42982 -0.549608 -1.36429
2.97381 -3.18641 -2.17227
-4.69157 -4.32873 0.603503
-5.30606 2.45287 23.1495
9.31981 6.56758 -2.65668
-3.46779 -2.06986 -1.00245
2.70186 0.8014 -6.22636
-4.54131 0.97931 0.260445
1.54616 -156.552 9.04752
6.20094 -7.63313 -5.5587
3.62773 4.13082 -12.3623
0.56757 -0.613378 -4.19593
-26.3563 -0.897077 -12.0261
-4.0551 -3.04147 0.415499
5.05548 3.95514 -2.35496
-8.54142 3.1804 1.85537
0.690686 -1.88816 -32.9547
-0.245039 0.281202 2.42876
0.275687 8.34835 8.30363
0.24977 -1.01653 2.18837
1.729 0.782339 1.09776
2.27162 0.995382 -3.44709
0.47967 1.2396 -1.2799
6.20256 -6.86819 1.03217
-4.85926 1.48118 -2.59357
-4.31677 -1.5165 -0.918869
-2.06641 -4.32396 -2.45991
0.750355 -0.03406 -1.04724
-0.257514 0.797827 13.2733
-1.44548 0.973451 3.42882
-3.28837 1.14764 3.56089
-1.09152 1.16948 0.147655
0.174722 -0.451843 -0.236472
0.499103 1.83862 3.70645
8.52307 1.91619 2.60266
17.8852 -1.157 -0.704915
-1.80285 5.88718 0.708708
-0.33629 0.599425 -1.68631
1.53687 0.497931 2.33426
4.75368 5.84937 3.95873
1.37789 1.10151 5.6274
0.164879 6.63907 -3.69521
