-10.5362 6.51528 10.3452
5.82577 1.72623 6.04762
-0.929063 0.267072 0.614369
-3.49042 2.90454 -0.37004
-0.472669 -2.22062 0.377729
4.08085 1.28784 2.25362
0.50958 1.56517 3.07361
7.05531 -6.47435 3.76063
-4.84978 3.25683 0.668386
3.08796 1.32248 -5.48673
1.16884 -3.46115 1.50177
-2.9088 2.50414 9.35632
-0.532613 -6.33182 -4.14599
-14.0288 -11.0959 4.86489
-1.7889 -1.41245 -2.60756
0.646203 1.05772 1.80111
0.180706 -6.43516 -0.838639
-2.10134 -0.788944 1.86591
-2.05341 3.54754 -2.98997
1.96559 -2.75143 2.94771
-2.72985 -0.443827 6.76265
5.09433 -6.62973 6.08575
8.11785 -1.67272 1.38819
0.999347 -0.151588 -4.95844
-6.45296 -3.8773 -4.21685
-4.5247 -2.95433 -1.10795
2.74651 3.95224 -0.684508
-0.404609 0.764381 -0.274487
1.29395 2.93423 2.48646
4.62024 -8.19946 -8.53996
2.93531 6.7522 -4.39688
-10.4032 -8.7576 -18.9389
8.39449 -4.0698 7.03813
0.398078 -4.65674 -3.03452
-4.73446 -1.2249 -8.26827
-0.424308 2.89571 -1.11328
-1.97132 0.611908 0.252305
-4.25222 2.52651 1.60153
-0.317376 -6.347 -4.10517
-9.05108 -2.01281 7.06246
-3.33479 -1.68517 0.582854
3.84582 -8.51568 -0.560061
-2.13208 -0.327869 -2.06759
7.93008 -4.68434 -4.57314
5.01318 0.772069 -13.4466
-8.24067 246.128 6.02158
5.49426 -0.806296 -2.76723
2.67585 -5.22267 1.43081
3.98075 -0.34289 -1.75024
2.06497 -1.3728 -2.3298
-6.44322 2.46553 -2.20599
-2.72178 0.0496468 -0.642986
2.98228 7.85856 3.56205
3.44559 -0.549381 3.53887
4.64168 4.52518 -1.92547
1.37424 0.00559468 -0.331483
-1.38157 0.73415 -0.138988
3.53935 10.6721 -3.28925
-3.47505 -0.5295 -0.970484
2.65407 -3.19706 -2.19438
-4.88246 -4.47938 0.650317
-5.34234 2.56509 22.8815
9.2981 6.41168 -2.66037
-3.2941 -2.0747 -1.00955
3.04993 1.10053 -6.03221
-4.49507 0.583872 0.0544961
1.48249 -156.514 8.7624
6.5618 -7.60232 -4.99872
3.63316 4.18307 -12.2752
0.633392 -0.63029 -4.23082
-26.1508 -1.13731 -11.4955
-4.84394 -2.90756 0.483281
4.96201 3.91948 -2.31503
-8.54227 3.05762 1.78951
0.645004 -1.68736 -32.6949
-0.181814 0.226152 2.5027
0.591667 8.68282 8.32419
0.143802 -1.07849 2.24111
1.76869 0.831116 1.08063
2.18954 1.39729 -2.82751
0.480092 1.23168 -1.27479
6.48788 -7.18556 1.06611
-5.07819 1.03487 -2.22135
-4.09274 -1.558 -0.804459
-2.06591 -4.3648 -2.47618
0.720708 -0.0264714 -1.12044
-0.31853 0.805923 13.2808
-1.48081 1.07663 -0.151904
-3.15806 1.1813 3.22912
-1.10936 1.19239 0.133963
0.341093 -0.43469 -0.235684
0.553453 1.815 3.54134
8.2685 1.95665 2.18808
17.4894 -0.97117 -0.557912
-1.65049 5.80822 0.696951
-0.617459 0.613652 -1.77589
1.68051 0.524533 2.44923
4.77679 6.16063 3.99517
0.726595 0.744335 5.81975
-0.115557 6.26387 -3.90092
