-9.87313 6.51415 9.95455
5.85518 1.6978 6.07534
-1.07413 0.335894 0.606018
-3.43129 3.06144 -0.377849
-0.603493 -2.21725 0.483618
4.10692 1.30383 2.24907
0.519939 1.67983 3.16058
6.9899 -6.47142 3.78823
-4.66399 3.1241 0.684864
3.10222 1.22348 -5.5008
0.871368 -3.47375 1.50633
-2.70853 2.35149 19.0251
-0.537517 -6.71269 -4.01465
-13.7718 -10.9186 4.5928
-2.12182 -1.50422 -2.66986
0.653596 1.06542 1.86962
0.184224 -6.3555 -0.894915
-2.44473 -0.810046 1.66067
-2.2135 3.66499 -2.83592
1.91158 -2.6794 2.94883
-2.65246 -0.590444 6.73309
4.89647 -6.55851 6.04722
8.96419 -1.56271 1.44747
1.00812 -0.242416 -4.79451
-6.04599 -3.62316 -4.43394
-4.51293 -2.95887 -1.11635
2.60256 3.82126 -0.379576
-0.4149 0.859933 -0.574764
1.37933 2.93502 2.48876
4.59244 -8.17556 -8.46506
2.89891 6.68789 -4.43115
-10.3292 -8.68466 -18.8903
8.34709 -3.80076 7.06713
0.361975 -4.47454 -3.06923
-4.51717 -1.2284 -8.06593
0.00827851 2.87506 -1.30723
-2.03453 0.517658 0.24436
-3.98349 2.54053 1.55192
-0.0754983 -6.34606 -4.04516
-9.05574 -2.13196 7.07294
-3.3648 -1.69819 0.574174
4.42666 -8.46268 -0.696251
-1.98802 -0.153454 -2.11428
8.19416 -5.01201 -4.46884
5.02776 0.852289 -13.3058
-8.55011 246.164 5.70426
5.21685 -0.888203 -2.99725
2.71919 -5.15767 1.44905
4.27043 -0.366753 -1.77604
2.03135 -1.43216 -2.41043
-6.44221 2.41446 -2.15872
-2.72419 0.0510255 -0.652155
3.13132 8.42984 3.24965
3.08068 -0.527885 3.40202
4.68051 4.58166 -1.66312
1.38717 0.0065518 -0.244005
-1.36297 0.588723 -1.15997
3.30139 10.6272 -3.28083
-3.53031 -0.508453 -0.748786
2.36997 -3.20461 -2.21802
-5.05975 -4.63861 0.662333
-5.40145 2.67865 22.7191
9.27894 6.22736 -2.66688
-3.14406 -2.08047 -1.01719
3.34875 1.41302 -5.8803
-4.4609 0.234476 -0.150774
1.4274 -156.506 8.55694
6.91179 -7.56771 -4.49763
3.63876 4.23179 -12.2147
0.698886 -0.648476 -4.26905
-24.7161 -1.37728 -11.0847
-6.17809 -2.80871 0.519265
4.8679 3.87238 -1.38803
-8.54498 2.9469 1.71909
0.566457 -1.50028 -32.5955
-0.122662 0.156373 2.57601
0.903846 9.11407 8.34381
0.0284986 -1.14894 2.28875
1.80708 0.880553 1.0626
2.09227 1.74439 -2.48609
0.481026 1.22095 -1.27039
6.80128 -7.57121 1.09437
-5.34075 0.677744 -1.94839
-3.8922 -1.60234 -0.69817
-2.06619 -4.41007 -2.49304
0.701081 -0.00732326 -1.20595
-0.378199 0.813217 13.2879
-1.77297 1.43584 -12.4
-3.04725 1.21514 2.91613
-1.1326 1.21103 0.118487
0.494034 -0.418539 -0.235488
0.601261 1.79216 3.38033
8.14066 1.95354 1.21956
17.014 -0.784267 -0.440314
-1.5123 5.73642 0.685619
-0.90579 0.638561 -1.873
1.82426 0.552876 2.56452
4.80594 6.42367 4.02458
-0.399399 0.408231 6.02426
-0.43524 5.94628 -4.03307
