-9.60236 6.50886 9.79887
5.87003 1.68355 6.09013
-1.14433 0.370485 0.601898
-3.40162 3.13869 -0.381264
-0.670501 -2.21508 0.530659
4.12132 1.31163 2.2468
0.525706 1.73658 3.20468
6.96191 -6.47291 3.80475
-4.57614 3.05677 0.689159
3.11034 1.17367 -5.50819
0.729546 -3.4799 1.50767
-2.53639 2.20355 18.9765
-0.538095 -6.6213 -3.9415
-13.662 -10.7768 4.47387
-2.29317 -1.54968 -2.70134
0.657595 1.069 1.90327
0.185823 -6.31859 -0.924241
-2.62254 -0.818077 1.56962
-2.28131 3.71867 -2.75136
1.88531 -2.64788 2.94867
-2.61434 -0.665369 6.72122
4.80937 -6.52723 6.03081
9.15755 -1.5013 1.48639
1.01372 -0.289772 -4.71413
-5.83444 -3.47911 -4.54582
-4.50739 -2.96158 -1.12056
2.5363 3.75481 -0.230075
-0.418777 0.89872 -0.721532
1.42287 2.93591 2.48967
4.57794 -8.17504 -8.41957
2.88232 6.65784 -4.44703
-10.2652 -8.64188 -18.888
8.32349 -3.67284 7.07554
0.344624 -4.39385 -3.08589
-4.42377 -1.23013 -7.98406
0.228812 2.86691 -1.40327
-2.06646 0.469073 0.240762
-3.85642 2.54575 1.5328
0.0456961 -6.3477 -4.02066
-9.05683 -2.20282 7.07932
-3.39751 -1.71979 0.579248
4.71542 -8.43301 -0.767627
-1.9119 -0.0213359 -2.13846
8.33647 -5.1883 -4.41911
5.0341 0.885779 -13.1851
-8.65573 246.249 5.5223
5.0982 -0.928315 -3.10746
2.74247 -5.12807 1.45909
4.4229 -0.377478 -1.78886
2.01823 -1.46822 -2.43928
-6.44242 2.38866 -2.13649
-2.72535 0.0514528 -0.656844
3.22224 8.26897 3.09385
2.9139 -0.522483 3.3379
4.70452 4.61491 -1.53234
1.39358 0.00701861 -0.200597
-1.3529 0.519613 -1.46112
3.19016 10.6051 -3.27686
-3.55675 -0.499858 -0.637229
2.23996 -3.20845 -2.2309
-5.14378 -4.71774 0.663085
-5.4279 2.73752 22.6636
9.27084 6.13478 -2.67019
-3.07599 -2.08397 -1.02104
3.51113 1.57915 -5.81048
-4.44275 0.0963139 -0.254028
1.39607 -156.536 8.45536
7.09007 -7.55198 -4.28149
3.64333 4.25007 -12.1896
0.732294 -0.657358 -4.2888
-24.3718 -1.50762 -10.9205
-6.70011 -2.7739 0.531017
4.82286 3.85441 -0.984781
-8.54511 2.89176 1.68454
0.530842 -1.44058 -32.5731
-0.0914005 0.118925 2.6121
1.08021 9.37938 8.35715
-0.0284306 -1.18768 2.31283
1.82746 0.906789 1.05407
2.05259 1.91017 -2.29843
0.482002 1.21458 -1.2682
6.97307 -7.79616 1.10143
-5.46031 0.479835 -1.78914
-3.79763 -1.62514 -0.647205
-2.06604 -4.43409 -2.50114
0.686408 3.59884e-05 -1.25223
-0.407218 0.815964 13.2917
-2.02201 1.71156 -12.0418
-2.99337 1.23485 2.77
-1.14531 1.21864 0.110754
0.566925 -0.410928 -0.235428
0.624321 1.78177 3.30257
8.04354 1.97796 0.75674
16.8767 -0.693803 -0.379025
-1.44618 5.704 0.680728
-1.04661 0.65578 -1.92086
1.9005 0.566848 2.62344
4.82399 6.51226 4.04044
-0.729656 0.256356 6.14745
-0.597051 5.79083 -4.08361
