-8.96496 6.49031 9.4193
5.91804 1.65241 6.13884
-1.34073 0.491977 0.589596
-3.313 3.18255 -0.390128
-0.879233 -2.20165 0.65822
4.16805 1.34302 2.24025
0.5421 1.93066 3.34766
6.88574 -6.47828 3.86798
-4.27101 2.88867 0.692343
3.1355 1.04257 -5.53261
0.323095 -3.49321 1.50848
-2.53326 2.22275 17.8888
-0.551555 -6.36338 -3.63069
-13.4464 -10.3165 4.14713
-2.80111 -1.66888 -2.80168
0.668371 1.08529 2.00671
0.187771 -6.21054 -1.01053
-3.2203 -0.842453 1.32165
-2.48154 3.92382 -2.51648
1.80348 -2.55145 2.94587
-2.2827 -0.871352 6.69334
4.45817 -6.43723 5.98218
8.38673 -1.22192 1.60272
1.03362 -0.422841 -4.48843
-5.31854 -2.95123 -4.90115
-4.49171 -2.9677 -1.134
2.35867 3.5924 0.197745
-0.429001 1.04679 -1.12792
1.55856 2.94463 2.49277
4.52564 -8.13719 -8.29697
2.8365 6.57903 -4.50582
-10.1162 -8.55226 -19.009
8.26371 -3.29851 6.9981
0.294125 -4.16767 -3.13585
-4.17021 -1.22558 -7.77572
0.996285 2.85534 -1.69362
-2.1464 0.332486 0.229918
-3.52837 2.57125 1.50257
0.422975 -6.35135 -3.96299
-9.05637 -2.4341 7.10028
-3.46477 -1.75892 0.673508
5.43389 -8.3092 -1.00465
-1.70994 0.587557 -2.21724
8.84924 -5.6517 -4.27589
5.04847 0.99835 -12.8831
-9.02524 246.278 5.03707
4.77108 -1.01832 -3.4427
2.81332 -5.03009 1.49158
4.77185 -0.400204 -1.8276
1.96398 -1.52805 -2.60113
-6.44567 2.3218 -2.07757
-2.72872 0.0534781 -0.671999
3.5069 6.58021 2.63074
2.43358 -0.500001 3.15286
4.7786 4.74917 -1.14403
1.41333 0.0120795 -0.0722265
-1.33324 0.398357 -2.68074
2.88612 10.5541 -3.26797
-3.65781 -0.447214 -0.324369
1.88198 -3.21646 -2.27086
-5.10465 -4.93382 0.655313
-5.52234 2.93058 22.5591
9.25272 5.9024 -2.682
-2.88977 -2.09313 -1.03202
4.01177 1.24385 -5.62883
-4.39173 -0.216739 -0.571147
1.32217 -156.467 8.22649
7.69527 -7.49481 -3.66637
3.66214 4.32555 -12.1321
0.846855 -0.678982 -4.3506
-23.9055 -1.78103 -10.4951
-5.82865 -2.57477 0.572985
4.70031 3.79512 0.313941
-8.54845 2.74183 1.58049
0.467246 -1.26351 -32.5453
0.0117782 0.0316843 2.71357
1.90964 10.5096 8.40949
-0.19153 -1.2921 2.38424
1.88406 1.00497 1.03047
1.94086 1.7905 -1.74046
0.487274 1.19817 -1.26325
5.97122 -8.5236 1.0931
-5.80821 0.0062233 -1.34067
-3.52162 -1.68089 -0.495457
-2.06515 -4.50352 -2.52688
0.644306 0.0255402 -1.41901
-0.496717 0.828795 13.306
-2.03343 1.76843 -8.90535
-2.87384 1.31087 2.37401
-1.18864 1.24218 0.0877281
0.773663 -0.385333 -0.235207
0.695622 1.76057 3.07807
7.79927 2.06358 -0.855593
16.6624 -0.376594 -0.226976
-1.2555 5.63034 0.668099
-1.03616 0.729815 -2.06264
2.1274 0.624189 2.806
4.88365 6.82207 4.09438
-1.40667 -0.025665 6.56427
-1.25471 5.3679 -4.21823
