-8.65979 6.45493 9.20554
5.95015 1.63752 6.17701
-1.47491 0.580786 0.581851
-3.26428 3.08985 -0.394901
-0.998401 -2.19047 0.73646
4.20104 1.36878 2.2366
0.548706 2.08242 3.45394
6.84441 -6.48135 3.92288
-4.11124 2.79087 0.692564
3.15229 0.965023 -5.55083
0.0669724 -3.49934 1.50716
-2.52344 2.21769 17.7737
-0.707451 -6.26835 -3.33779
-13.3715 -10.1112 3.95475
-3.03052 -1.7398 -2.87525
0.674153 1.09876 2.07862
0.185776 -6.1425 -1.06889
-3.68513 -0.856934 1.17321
-2.63846 4.07436 -2.36951
1.74197 -2.48827 2.95203
-2.11498 -1.01032 6.67696
4.21604 -6.38273 5.95037
7.87893 -1.0415 1.66857
1.04534 -0.508443 -4.34837
-5.00732 -2.60596 -5.15448
-4.48128 -2.97106 -1.1429
2.2379 3.50364 0.479363
-0.440629 1.16998 -1.28766
1.65575 2.95342 2.49596
4.48873 -8.10015 -8.23243
2.81588 6.53149 -4.54346
-10.0925 -8.52984 -19.0657
8.37833 -2.91279 6.83005
0.258745 -4.02744 -3.17384
-3.95545 -1.21616 -7.66365
1.62662 2.8577 -1.89106
-2.20046 0.242188 0.2229
-3.3438 2.6023 1.5009
0.687627 -6.35925 -3.93634
-9.05764 -2.59586 7.11959
-3.4581 -1.75646 0.717717
5.89436 -8.2151 -1.17543
-1.59185 1.0622 -2.27542
9.19063 -6.01497 -4.18129
5.05443 1.08808 -12.7325
-9.40805 246.392 4.74907
4.56468 -1.06168 -3.69541
2.85552 -4.96181 1.51498
4.55757 -0.412774 -1.85395
1.93058 -1.56943 -2.71386
-6.45074 2.28376 -2.04053
-2.73038 0.0553381 -0.681987
3.69395 5.43112 2.32632
2.12455 -0.486021 3.03824
4.8262 4.8497 -0.890725
1.42978 0.0167754 0.0127617
-1.32227 0.352622 -3.19879
2.69866 10.5274 -3.2633
-3.74287 -0.39661 -0.143157
1.67612 -3.2202 -2.29668
-4.92708 -5.07026 0.646093
-5.59891 3.06694 22.5093
9.2408 5.77804 -2.69142
-2.77178 -2.09955 -1.03878
4.27071 0.924275 -5.5195
-4.3661 -0.428494 -0.791706
1.25581 -156.448 8.14209
7.39771 -7.46093 -3.28387
3.67577 4.39586 -12.1118
0.952449 -0.693087 -4.39432
-23.8053 -1.96376 -10.2665
-4.93187 -2.37909 0.633092
4.62765 3.75034 1.35534
-8.55527 2.6609 1.50857
0.4458 -1.14182 -32.5536
0.0826959 -0.0172813 2.78062
2.40969 11.1174 8.44865
-0.309621 -1.35752 2.4332
1.9177 1.08039 1.01667
1.85482 1.27949 -1.44804
0.491824 1.18902 -1.26032
5.29015 -8.72496 1.07709
-6.75602 -0.287259 -1.05206
-3.34806 -1.71527 -0.396223
-2.06421 -4.54917 -2.54431
0.64678 0.0395211 -1.54876
-0.559852 0.840818 13.3205
-2.03304 1.78638 -8.09841
-2.81925 1.35534 2.13899
-1.22275 1.25698 0.0726101
0.904551 -0.367468 -0.234863
0.7486 1.75022 2.93675
7.66764 2.1314 -2.21742
16.5426 -0.154152 -0.142306
-1.10257 5.59307 0.66107
-0.801039 0.784259 -2.15508
2.29435 0.666176 2.93465
4.91913 6.86722 4.13318
-0.522697 -0.170867 6.8946
-1.69631 5.09831 -4.30323
