-8.546 6.43807 9.10679
5.96733 1.63363 6.19857
-1.54166 0.618286 0.577669
-3.24125 3.04109 -0.397273
-1.05244 -2.18374 0.773051
4.21836 1.38271 2.23451
0.551085 2.09018 3.5093
6.826 -6.48147 3.95051
-4.04077 2.7533 0.692711
3.16116 0.925504 -5.56129
-0.0585711 -3.50168 1.5053
-2.51842 2.21767 17.7215
-0.821173 -6.202 -3.27356
-13.3473 -10.0207 3.87053
-3.15192 -1.77652 -2.91455
0.676724 1.10831 2.11387
0.184304 -6.10666 -1.10133
-3.95519 -0.868636 1.09978
-2.72383 4.15108 -2.31103
1.71517 -2.45863 2.95568
-2.04697 -1.08238 6.6685
4.11487 -6.3587 5.93279
7.69957 -0.951389 1.69561
1.05077 -0.540237 -4.28338
-4.89718 -2.44017 -5.28989
-4.47626 -2.97239 -1.14781
2.17882 3.46454 0.622261
-0.446799 1.23775 -1.22618
1.70624 2.95871 2.49775
4.47133 -8.07816 -8.2089
2.80849 6.50985 -4.5662
-10.0856 -8.51733 -19.0856
8.47678 -2.64402 6.81321
0.242419 -3.96032 -3.19847
-3.84685 -1.20863 -7.61251
2.03193 2.86207 -1.99484
-2.22793 0.190957 0.219134
-3.25849 2.6239 1.50022
0.822453 -6.36421 -3.92595
-9.05959 -2.65699 7.12875
-3.45107 -1.75052 0.730973
6.15147 -8.17131 -1.26541
-1.53861 1.31304 -2.30824
9.3721 -6.12786 -4.13365
5.05781 1.16522 -12.6798
-9.58157 246.357 4.63347
4.4568 -1.07347 -3.83649
2.87628 -4.9241 1.52602
4.45634 -0.420239 -1.86712
1.91579 -1.58626 -2.7824
-6.45353 2.27155 -2.02406
-2.73124 0.0565308 -0.687918
3.79088 4.84558 2.17237
1.97376 -0.475029 2.97851
4.85005 4.90623 -0.770766
1.43896 0.0202489 0.0549079
-1.31631 0.335698 -3.26118
2.60925 10.5155 -3.26185
-3.78878 -0.369312 -0.0710926
1.57906 -3.22011 -2.31153
-4.85102 -5.0624 0.64004
-5.63946 3.13224 22.4856
9.23532 5.72728 -2.6976
-2.71458 -2.10256 -1.04241
4.39105 0.788645 -5.4691
-4.35423 -0.522154 -0.906322
1.23236 -156.468 8.09371
7.14442 -7.44239 -3.08626
3.68272 4.44518 -12.1089
1.00876 -0.700375 -4.41711
-23.7776 -2.04122 -10.1753
-4.63715 -2.2619 0.664654
4.59459 3.72753 1.96501
-8.55847 2.6228 1.46659
0.431526 -1.08396 -32.5599
0.12061 -0.0396353 2.81925
2.62678 10.8316 8.46196
-0.370784 -1.38891 2.45827
1.9345 1.11715 1.00961
1.81099 1.01877 -1.33329
0.494397 1.18597 -1.25944
5.00718 -8.41182 1.06845
-7.44898 -0.422704 -0.918837
-3.26123 -1.73 -0.346178
-2.06352 -4.57177 -2.5543
0.637094 0.0537804 -1.61946
-0.591701 0.848115 13.3284
-2.03137 1.79501 -7.88481
-2.79381 1.37661 2.0261
-1.24102 1.26314 0.0648096
0.968421 -0.359007 -0.235118
0.777388 1.74691 2.86764
7.61492 2.17781 -3.04424
16.4961 -0.0376436 -0.110728
-1.02902 5.5738 0.65781
-0.711488 0.81159 -2.203
2.37987 0.689764 2.99868
4.93497 6.61326 4.14908
0.238433 -0.23092 7.08403
-1.89469 4.94329 -4.34674
