-8.1735 6.4098 8.69167
6.05844 1.62257 6.35638
-1.87261 0.79101 0.561545
-3.13306 2.78974 -0.404665
-1.31921 -2.15232 0.952509
4.31549 1.45168 2.22741
0.558425 1.73722 3.8681
6.73714 -6.48008 4.10452
-3.71337 2.5823 0.704262
3.21343 0.714275 -5.61741
-0.67684 -3.51546 1.48945
-2.52378 2.24084 17.5412
-1.04024 -5.74826 -3.20274
-13.3085 -9.69226 3.57552
-3.24475 -1.93756 -3.1148
0.688844 1.163 2.30902
0.176211 -5.9288 -1.26307
-4.83075 -0.954968 0.793603
-3.14968 4.6137 -1.96077
1.60424 -2.32183 2.97087
-1.74504 -1.38728 6.63757
3.71176 -6.26097 5.86128
7.0902 -0.541656 1.82577
1.08124 -0.648252 -3.97664
-4.26365 -1.68106 -6.05183
-4.45391 -2.98327 -1.17262
1.90043 3.28258 1.36059
-0.469421 1.60275 -0.904664
1.97081 2.98665 2.51288
4.37495 -7.98598 -8.1146
2.77805 6.34207 -4.713
-10.066 -8.4574 -19.1402
8.60446 -1.59043 7.0127
0.30089 -3.25289 -3.28713
-3.42208 -1.16364 -7.40333
4.02047 2.92622 -2.54477
-2.36446 -0.0693154 0.203817
-2.81374 2.75702 1.49884
1.48057 -6.41198 -3.8879
-9.09883 -3.00143 7.19249
-3.38787 -1.7164 0.779491
7.97233 -8.09456 -1.6769
-1.24104 2.73059 -2.47876
7.51091 -6.72044 -3.99973
5.09577 1.6405 -12.4617
-10.9583 246.492 4.16476
4.01183 -1.20494 -4.40169
2.98336 -4.7539 1.59109
3.98345 -0.471796 -1.93033
1.83789 -1.67184 -3.12734
-6.46677 2.22793 -1.94709
-2.73458 0.0550195 -0.719854
4.53903 1.62261 1.50464
1.04815 -0.436885 2.70436
4.99508 5.21653 -0.147996
1.48317 0.0384824 0.265985
-1.29358 0.265135 -2.76395
2.20895 10.4656 -3.24813
-4.04504 -0.225398 0.323374
1.10577 -3.23446 -2.38889
-4.53155 -4.69574 0.612598
-5.86797 3.46426 22.4052
9.21761 5.52083 -2.72972
-2.45153 -2.12364 -1.06065
5.12847 0.13054 -5.18487
-4.28266 -0.929006 -1.52053
1.11196 -156.488 7.87817
5.99345 -7.38761 -2.10188
3.71521 4.68021 -12.1188
1.28958 -0.746178 -4.53349
-23.6685 -2.3731 -9.89281
-3.67555 -1.70518 0.866403
4.40578 3.5678 0.757648
-8.5835 2.44337 1.26119
0.246786 -1.224 -32.6179
0.311908 -0.17567 3.06094
5.66347 9.75676 8.66252
-0.674456 -1.54465 2.61043
2.02845 1.29194 0.981938
1.60946 -0.564146 -0.71769
0.510358 1.17256 -1.25523
3.97952 -7.22655 1.05112
-8.22747 -1.10302 1.35668
-2.82838 -1.80448 -0.0967281
-2.06016 -4.69824 -2.60887
0.591796 0.105016 -2.10541
-0.755028 0.891429 13.3912
-2.02258 1.81407 -7.43269
-2.62862 1.50266 1.51269
-1.33979 1.29156 0.0435933
1.28155 -0.323974 -0.234868
0.9085 1.73688 2.54938
7.42239 2.45636 -1.48363
16.3598 0.592823 0.0378474
-0.7072 5.48258 0.647831
-0.272541 0.94264 -2.44236
2.81195 0.801205 3.35578
4.99128 5.56211 4.24301
0.289459 -0.560029 5.20961
-3.48559 4.09653 -4.50147
