-8.06917 6.41429 8.5542
6.08922 1.62589 6.45222
-2.00561 0.859353 0.554739
-3.09576 2.69608 -0.406358
-1.43098 -2.13745 1.0184
4.35931 1.48053 2.22527
0.555539 1.60486 4.07368
6.6967 -6.47527 4.161
-3.59259 2.51523 0.709827
3.22948 0.628842 -5.64282
-0.925294 -3.52109 1.47937
-2.54074 2.26339 17.5172
-1.07118 -5.57842 -3.17971
-13.3125 -9.61374 3.47245
-0.162069 -1.95949 -3.21083
0.691981 1.1862 2.39637
0.170232 -5.86133 -1.32909
-4.6498 -0.987955 0.686664
-3.26967 4.84456 -1.75682
1.56482 -2.27096 2.97656
-1.61005 -1.49699 6.63341
3.59011 -6.2274 5.83576
6.8763 -0.390049 1.84648
1.09842 -0.688285 -3.86223
-4.11403 -1.35528 -6.51659
-4.44712 -2.98837 -1.18245
1.7738 3.21683 1.68639
-0.48094 1.76046 -0.778507
2.08023 2.99939 2.52053
4.31526 -7.96148 -8.098
2.78084 6.26295 -4.81618
-10.0722 -8.41764 -19.1525
8.6009 -1.22164 7.10113
0.279133 -3.12881 -3.25596
-3.29653 -1.14469 -7.34091
4.23135 2.96553 -2.77777
-2.41829 -0.178891 0.198717
-2.58709 2.81349 1.48847
1.73179 -6.43821 -3.87815
-9.12951 -3.16272 7.22668
-3.34141 -1.69626 0.803655
7.75097 -8.09409 -1.83205
-1.15713 3.192 -2.56218
5.71996 -7.11422 -3.99464
5.11716 1.82422 -12.4
-10.5955 246.601 3.97357
3.79593 -1.25675 -4.62708
3.02611 -4.69498 1.6208
3.71647 -0.49163 -1.95627
1.79819 -1.70646 -3.27934
-6.47183 2.21366 -1.91604
-2.73426 0.0485349 -0.734142
4.84081 0.408962 1.24904
0.79081 -0.410399 2.59749
5.04592 5.35685 0.18895
1.4967 0.0461862 0.350299
-1.28804 0.241289 -2.56647
2.06807 10.4528 -3.23907
-4.16857 -0.162963 0.478174
0.920309 -3.23719 -2.42433
-4.43728 -4.5633 0.60218
-5.96437 3.62172 22.3856
9.21278 5.45482 -2.74031
-2.3482 -2.13069 -1.07097
5.55022 -0.13199 -5.081
-4.25872 -1.08549 -1.81803
1.0519 -156.529 7.8266
5.53693 -7.37891 -1.7172
3.72481 4.76934 -12.1288
1.37004 -0.765182 -4.58579
-23.6357 -2.5041 -9.83147
-3.39256 -1.50007 0.956414
4.31226 3.5092 -0.882683
-8.60417 2.37385 1.1784
0.205406 -1.15555 -32.7214
0.374889 -0.234807 3.16861
7.01046 9.56169 8.81169
-0.8055 -1.60571 2.68447
2.06607 1.36529 0.972236
1.50675 -1.28423 -0.473385
0.517148 1.168 -1.25332
3.69527 -6.83158 1.05299
-7.54438 -1.36597 2.15892
-2.66338 -1.83966 -0.0109423
-2.0611 -4.754 -2.63256
0.571215 0.129062 -2.39054
-0.823113 0.912375 13.4265
-2.01921 1.81513 -7.27048
-2.57259 1.57705 1.33929
-1.37999 1.30917 0.0380497
1.40583 -0.31095 -0.235214
0.937473 1.73879 2.43184
7.37635 2.57304 1.03089
16.3226 0.86247 0.0878981
-0.617536 5.45493 0.644906
-0.133866 0.99276 -2.54371
2.98403 0.843891 3.50902
4.98969 5.20368 4.28959
-0.684637 -0.717732 4.45783
-8.8681 3.75115 -4.51821
