-3.34673 -1.22489 -0.897047
-0.395235 -2.25064 0.325824
2.55192 -0.444079 0.0979289
-1.42235 -1.52735 -0.0550441
-0.350658 -0.667992 -2.52402
0.829935 0.0495543 2.42726
0.102238 -2.05383 0.106101
0.470033 2.27028 0.977383
-3.05379 0.951151 -1.04608
0.620782 1.0693 -0.263276
0.286091 -0.363931 0.239191
-3.32814 0.363536 1.52926
-0.0552854 1.11749 -0.305616
-1.11902 -0.375843 -1.94866
1.63018 1.95937 -2.26965
0.118896 0.290072 -0.524706
-0.00675691 -0.750554 -1.77203
-2.29368 -0.0624707 -0.355627
3.62807 0.072722 -0.550339
-4.56254 0.877397 0.710497
-1.06947 -0.0672405 0.33274
0.183439 0.69311 -0.102974
1.26568 -0.627858 -0.579046
0.110244 0.305746 1.57328
1.68265 -0.774578 -0.0430397
-0.362157 -0.975561 -1.07043
0.112856 1.45966 1.15385
-0.0762709 2.82029 0.48023
3.41921 0.0818451 1.10223
-1.24201 0.64404 -3.49039
-0.46363 -0.897728 -0.427504
1.02514 4.39755 -2.13872
-0.453566 3.24278 0.223128
0.381512 0.207948 -0.538544
-1.54677 0.137012 0.861568
1.09015 0.463405 -2.05742
-0.173946 -0.987676 -0.00274908
-0.684274 -0.188786 3.50647
-1.55437 -0.752054 0.339289
1.12983 -0.220729 1.41167
-0.86312 0.0102527 -1.73626
2.23624 -0.62084 -8.12988
-0.19744 -1.5502 0.993275
-1.87801 -2.93146 -0.774766
-1.15197 3.66856 -0.818885
-0.358698 1.08118 1.96811
-0.703884 0.545858 1.59585
2.25752 -0.205202 0.155945
1.06408 1.19882 -0.226167
0.312524 -0.319946 0.836715
0.627827 1.52965 2.83002
-1.11908 -0.0176211 -0.147888
-1.05847 0.371782 2.90073
1.16204 1.17429 -0.126084
0.55415 0.458741 -0.467359
0.363773 -0.017137 -2.16153
-0.112097 0.553997 -0.0734209
3.42058 1.96637 3.04563
-2.3796 -0.225919 1.3451
-0.493649 -0.655572 -0.118504
-0.271728 -0.432805 0.695472
-0.956134 0.126962 -1.56411
-0.0337065 0.40422 0.647278
0.548271 -0.565789 0.0278269
0.446735 -1.31884 1.08546
0.967896 -2.37094 -2.46799
0.332678 -1.11763 -1.03372
-0.690101 4.01454 3.19395
-0.483538 0.530036 -0.839372
0.895025 0.0114297 -0.756607
-1.75205 -2.15225 1.48175
1.7607 -2.94934 -0.207897
-0.938987 1.21362 -1.29825
-0.576899 -0.726551 -1.23189
0.481274 1.16378 1.50271
0.865611 0.277324 -0.0534371
0.209268 -2.13845 -0.474986
-1.3943 0.800575 0.620924
0.135138 -0.566515 0.389955
-2.46492 -0.731082 2.15166
0.110701 0.47761 -0.548434
0.211472 -0.964094 0.168343
-0.338381 -0.792765 -0.312311
-0.335621 -0.0417141 -0.185046
-3.54671 -0.536084 -1.22973
0.641562 -0.167922 0.139848
0.185387 -0.262335 4.8564
-0.157489 -0.249273 -0.145746
-0.0311025 0.525865 -3.10191
0.277732 0.149549 0.0133423
-1.50782 -0.387636 0.196723
3.28754 -0.705534 3.5157
2.92995 0.183419 -0.530943
-1.55297 -1.01181 0.429146
-0.437725 0.225157 0.336646
0.574204 -0.526982 0.339358
5.23215 0.736809 -3.26309
6.91012 2.28816 0.309588
-0.125872 0.365852 0.283308
1.2707 -0.169049 -2.02932
