-8.02851 6.42506 8.49591
6.10866 1.63144 6.5108
-2.07128 0.894358 0.550923
-3.07703 2.65208 -0.407163
-1.48749 -2.1289 1.05201
4.38338 1.49585 2.22429
0.553647 1.54185 4.19933
6.67454 -6.47156 4.18634
-3.53463 2.48237 0.712923
3.23861 0.590655 -5.65654
-1.04937 -3.52425 1.47387
-2.55131 2.2671 17.5099
-1.08173 -5.49781 -3.16874
-13.3113 -9.57757 3.42014
4.83387 -1.90565 -3.29607
0.694276 1.1989 2.44216
0.167842 -5.82715 -1.36278
-4.56563 -1.00357 0.62869
-3.27368 4.9961 -1.59091
1.54705 -2.24589 2.97966
-1.53839 -1.55026 6.63338
3.53911 -6.21067 5.82358
6.76332 -0.32658 1.82298
1.10878 -0.708948 -3.80836
-4.0306 -1.14788 -6.84585
-4.44377 -2.9908 -1.18739
1.71109 3.18617 1.85596
-0.484794 1.84454 -0.711506
2.13649 3.0065 2.52485
4.28206 -7.95426 -8.09833
2.77935 6.23642 -4.87693
-10.0813 -8.38906 -19.1602
8.59958 -1.03962 7.14872
0.265686 -3.07522 -3.26257
-3.23862 -1.13542 -7.31306
4.34799 2.98426 -2.90047
-2.44417 -0.23814 0.196256
-2.47156 2.84238 1.47683
1.85794 -6.45185 -3.87369
-9.14575 -3.24779 7.24605
-3.31331 -1.68185 0.821724
7.48594 -8.08956 -1.91709
-1.11315 3.0735 -2.61049
5.23655 -7.32085 -3.98907
5.12944 1.91464 -12.3745
-10.3788 246.591 3.89983
3.68951 -1.28041 -4.74584
3.04911 -4.66643 1.6363
3.58617 -0.500062 -1.96912
1.77875 -1.72272 -3.35632
-6.47344 2.2072 -1.9005
-2.73203 0.0424698 -0.740755
5.02845 0.30328 1.11778
0.722786 -0.391218 2.54561
5.07456 5.43947 0.416815
1.50374 0.0506615 0.393371
-1.2854 0.229879 -2.46883
2.00202 10.4486 -3.23384
-4.22803 -0.128799 0.555331
0.829765 -3.23847 -2.44306
-4.39152 -4.49316 0.596384
-6.00851 3.71472 22.3752
9.21086 5.42434 -2.74508
-2.29615 -2.13259 -1.07647
5.54442 -0.25869 -5.03477
-4.24426 -1.15726 -1.99047
1.02241 -156.522 7.79996
5.31305 -7.37632 -1.51989
3.72945 4.81384 -12.1343
1.40987 -0.774331 -4.61325
-23.6137 -2.55788 -9.81104
-3.24749 -1.39891 1.0015
4.26438 3.48127 -1.70617
-8.61421 2.33847 1.13585
0.188194 -1.11274 -32.7552
0.407799 -0.262864 3.22483
7.50456 9.47317 8.8923
-0.872258 -1.63535 2.72475
2.08643 1.40547 0.967004
1.45742 -1.6366 -0.350568
0.521027 1.16604 -1.25228
3.57288 -6.63958 1.05579
-7.26725 -1.48277 2.50774
-2.58144 -1.85869 0.0271919
-2.06143 -4.78238 -2.64508
0.561046 0.140302 -2.55543
-0.856313 0.92392 13.4469
-2.01462 1.81462 -7.18923
-2.54503 1.62279 1.25814
-1.39924 1.31931 0.0353131
1.4688 -0.304161 -0.235575
0.950577 1.74226 2.37491
7.36355 2.63109 2.32056
16.3091 0.990644 0.112529
-0.573916 5.4441 0.643843
-0.0637431 1.02374 -2.59625
3.07506 0.867101 3.5865
4.98115 5.02302 4.32127
-1.13124 -0.783187 4.15147
-17.629 3.51141 -4.45512
