-7.92609 6.49358 8.32802
6.26679 1.65749 6.7764
-2.33289 1.03421 0.527765
-3.00448 2.48141 -0.414913
-1.7096 -2.09371 1.19034
4.49366 1.55711 2.21871
0.531284 1.2907 4.41002
6.51002 -6.53411 4.16569
-3.28763 2.34384 0.711178
3.27493 0.43321 -5.73762
-1.5414 -3.54737 1.45109
-2.58887 2.24703 17.4882
-1.10899 -5.21798 -3.13516
-13.3036 -9.47409 3.19605
1.19434 -1.92284 -3.5909
0.706073 1.24966 2.63245
0.15823 -5.69842 -1.52276
-4.1435 -1.04193 0.3606
-3.63161 6.12054 -0.782382
1.48636 -2.15395 2.99186
-1.21114 -1.77549 6.63687
3.34593 -6.15164 5.78245
6.57703 -0.347823 1.64176
1.15489 -0.803474 -3.64866
-3.54602 -0.409323 -11.3722
-4.42938 -3.00412 -1.21002
1.4876 3.05702 2.45442
-0.502185 2.13995 -0.444263
2.37564 3.03648 2.54334
4.19104 -7.96086 -8.14747
2.78384 6.16499 -5.12767
-10.1551 -8.26232 -19.2495
8.60849 -0.33698 7.32684
0.206917 -2.8747 -3.32215
-3.02283 -1.11156 -7.23162
4.35422 3.03242 -3.4214
-2.53653 -0.536595 0.17771
-2.07418 2.93551 1.39327
2.40092 -6.52534 -3.87752
-9.21254 -3.64679 7.32586
-3.22796 -1.60155 0.926583
6.49573 -8.1188 -2.28871
-0.987444 2.61589 -2.9022
4.43695 -7.9048 -3.99415
5.18012 2.24829 -12.3207
-9.80642 246.75 3.56246
3.30929 -1.39254 -4.3295
3.14923 -4.56569 1.69607
3.16772 -0.54508 -2.05414
1.71369 -1.80023 -3.74377
-6.47204 2.17627 -1.84619
-2.70644 0.0202801 -0.74606
5.78865 -0.17623 0.487312
0.428418 -0.298951 2.35265
5.07599 5.84546 3.59005
1.53986 0.0667482 0.560933
-1.26925 0.179753 -2.0761
1.75908 10.441 -3.21365
-4.49409 0.00331569 0.882058
0.48382 -3.25582 -2.53185
-4.23055 -4.23609 0.564738
-6.17064 4.24593 22.3159
9.20632 5.31328 -2.76672
-2.09649 -2.13886 -1.10633
4.93247 -0.842463 -4.89059
-4.17022 -1.45883 -1.83045
0.945389 -156.474 7.69105
4.56452 -7.39322 -0.778461
3.74507 4.99011 -12.1617
1.58667 -0.81634 -4.75922
-23.6145 -2.82804 -9.83246
-2.66488 -1.0289 1.1761
4.08486 3.38405 -1.97959
-8.6841 2.19417 0.969197
0.11214 -0.921053 -32.9554
0.566897 -0.380923 3.42893
7.59662 9.08596 9.20454
-1.09571 -1.76747 2.84573
2.16771 1.56546 0.939522
1.27102 -2.21932 0.0676278
0.540606 1.15742 -1.25051
3.17703 -5.93583 1.07373
-6.65697 -2.02615 3.71842
-2.25489 -1.94405 0.132219
-2.06435 -4.90777 -2.70959
0.519291 0.177591 -3.1491
-0.989769 0.968164 13.5559
-1.89462 1.89001 -6.72537
-2.45354 1.80661 0.919622
-1.47402 1.3642 0.0236348
1.72697 -0.279466 -0.238657
1.01569 1.75925 2.14777
7.38481 2.84228 2.65588
16.2796 1.35826 0.197548
-0.408545 5.40426 0.629883
0.21211 1.14202 -2.83719
3.47382 0.95276 3.91609
5.03682 4.38114 4.47957
-1.24389 -1.05884 3.04894
-11.9632 3.02258 -4.4793
