-7.883 6.53842 8.2616
6.39708 1.66112 6.9109
-2.4664 1.09505 0.511032
-2.97025 2.39697 -0.420814
-1.81618 -2.07693 1.24322
4.55648 1.58569 2.21395
0.507019 1.16264 4.49428
6.4561 -6.77758 4.14608
-3.17415 2.26425 0.706102
3.29453 0.351048 -5.78974
-1.78368 -3.56439 1.43875
-2.60944 2.23096 17.4797
-1.11817 -5.10469 -3.11663
-13.3011 -9.44161 3.08572
0.43719 -2.00242 -3.70036
0.713187 1.27449 2.73141
0.154036 -5.63922 -1.6112
-3.89679 -1.05377 0.144978
-3.89779 6.49348 -0.643893
1.45878 -2.11912 2.99717
-1.05275 -1.92327 6.64174
3.26126 -6.12712 5.75994
6.54186 -0.292588 1.68424
1.17871 -0.856428 -3.58395
-3.12038 -1.39238 -11.2348
-4.42239 -3.01282 -1.22343
1.39 2.98765 2.74349
-0.512205 2.23987 -0.292306
2.50291 3.05084 2.55146
4.18101 -7.96795 -8.17293
2.7912 6.13943 -5.26775
-10.1912 -8.22541 -19.3286
8.6208 0.00120772 7.42037
0.176499 -2.7828 -3.3604
-2.92221 -1.10891 -7.20831
4.02202 3.04732 -3.25912
-2.58119 -0.715402 0.161606
-1.91288 2.97499 1.33446
2.68681 -6.58476 -3.88964
-9.24883 -3.90156 7.3803
-3.21312 -1.56581 0.972478
6.14149 -8.13015 -2.54027
-0.937155 2.41626 -3.10853
4.15037 -6.8764 -3.99504
5.20361 2.39328 -12.308
-9.62337 246.831 3.41033
3.14309 -1.46291 -4.08795
3.20161 -4.52545 1.72319
2.99112 -0.572246 -2.11078
1.68836 -1.84825 -3.973
-6.46755 2.15507 -1.82201
-2.69701 0.0227397 -0.74845
6.20738 -0.445084 0.155517
0.284036 -0.253548 2.25065
4.94748 7.03692 3.9091
1.56274 0.0735546 0.640153
-1.25814 0.152093 -1.89709
1.64185 10.4408 -3.20863
-4.64978 0.0623339 1.04878
0.326689 -3.26473 -2.59644
-4.15648 -4.11995 0.544232
-6.25324 4.56755 22.2824
9.20657 5.26169 -2.77701
-2.00313 -2.14018 -1.12801
4.71435 -1.43462 -4.83461
-4.11966 -1.62957 -1.70659
0.908058 -156.475 7.65201
4.29386 -7.41515 -0.537758
3.75058 5.07775 -12.1766
1.68116 -0.841604 -4.85959
-23.6148 -3.02344 -9.83255
-2.40004 -0.880494 1.24314
4.01281 3.35516 -0.678472
-8.72784 2.11122 0.875448
0.0642822 -0.834176 -33.1705
0.651978 -0.446575 3.53117
7.09594 8.84785 9.37611
-1.18763 -1.85415 2.89939
2.20881 1.64361 0.922236
1.18499 -1.89969 0.270163
0.551756 1.15207 -1.25078
2.99845 -5.7631 1.0782
-6.48712 -2.37677 3.97446
-2.10236 -1.98684 0.176859
-2.06559 -4.9801 -2.74771
0.485604 0.190066 -3.54646
-1.05907 0.985104 13.6226
-1.85658 2.15759 -6.54159
-2.41437 1.89872 0.730267
-1.5113 1.38681 0.0155702
1.85808 -0.269127 -0.24297
1.0552 1.7678 2.0293
7.4356 2.92957 1.03289
16.2751 1.47888 0.239361
-0.329698 5.38491 0.618524
0.349828 1.19974 -2.99056
3.69609 0.988826 4.07361
5.05857 4.13501 4.52916
-0.870093 -1.20963 2.59905
-11.1379 2.91838 -4.63704
