-7.8387 6.58187 8.20216
6.549 1.65824 7.06047
-2.60248 1.15883 0.494802
-2.93783 2.31328 -0.425594
-1.92529 -2.06109 1.29344
4.62527 1.61355 2.20986
0.474737 0.35327 4.59639
6.47463 -6.88458 4.23747
-3.07092 2.18442 0.705931
3.31245 0.260009 -5.83976
-2.02381 -3.583 1.42759
-2.63122 2.21366 17.4742
-1.12364 -4.99813 -3.09113
-13.2979 -9.42108 2.98475
-0.244803 -2.0804 -3.79654
0.721632 1.29457 2.83562
0.15102 -5.59039 -1.70249
-3.68946 -1.06027 -0.0704076
-4.13668 6.86428 -0.49702
1.43173 -2.08557 3.00479
-0.901881 -2.07474 6.65548
3.17952 -6.10704 5.74003
6.49245 -0.214736 1.74406
1.20186 -0.921689 -3.51847
-3.04501 -1.20013 -11.0348
-4.41663 -3.02339 -1.23735
1.29407 2.92227 3.05471
-0.518315 2.34415 -0.0982348
2.63319 3.06404 2.56189
4.18197 -7.97066 -8.18732
2.79988 6.10816 -5.41433
-10.2221 -8.20599 -19.4174
8.63408 0.313132 7.5263
0.148348 -2.6951 -3.39291
-2.82807 -1.11014 -7.19031
3.75015 3.06072 -2.98508
-2.62808 -0.870009 0.144091
-1.76764 3.00861 1.2692
2.97367 -6.65463 -3.90071
-9.28528 -4.18549 7.4538
-3.20609 -1.53764 1.01129
5.85261 -8.13145 -2.82225
-0.88331 2.20768 -3.26281
3.84184 -5.93853 -3.93862
5.22551 2.52104 -12.2963
-9.47394 246.82 3.24008
2.99007 -1.53786 -3.84859
3.25498 -4.49138 1.75295
2.82648 -0.601675 -2.16809
1.66525 -1.90086 -4.21684
-6.46164 2.12902 -1.79798
-2.69115 0.0269015 -0.755713
6.71811 -0.76487 -0.0529223
0.147874 -0.21523 2.14655
5.07128 7.4932 4.39796
1.58615 0.0798592 0.719287
-1.24728 0.123067 -1.71681
1.52231 10.4411 -3.20374
-4.82683 0.124421 1.23707
0.175571 -3.27857 -2.66598
-4.0842 -4.00888 0.526038
-6.32453 4.93821 22.2313
9.20757 5.21158 -2.78497
-1.91467 -2.13898 -1.15236
4.50709 -2.06812 -4.77416
-4.06138 -0.825665 -1.58343
0.871439 -156.411 7.60745
4.03574 -7.44055 -0.334923
3.75463 5.16614 -12.1901
1.77426 -0.868733 -4.97216
-23.6155 -3.22348 -9.83514
-2.14877 -0.741284 1.32088
3.94889 3.33288 0.566754
-8.77879 2.03239 0.790093
0.0156504 -0.758604 -33.5446
0.735008 -0.518788 3.65829
6.60347 8.63051 9.60074
-1.27621 -1.94744 2.95548
2.25106 1.71948 0.907077
1.10161 -1.5763 0.496662
0.562922 1.14597 -1.25043
2.83578 -5.61108 1.06891
-6.33704 -2.84686 3.38221
-1.96062 -2.02765 0.232835
-2.06949 -5.0619 -2.78722
0.440643 0.197657 -4.09319
-1.13162 1.00065 13.7079
-1.89728 2.26846 -6.49239
-2.37536 1.98167 0.550326
-1.54885 1.41072 0.00892544
1.9929 -0.259943 -0.247903
1.09058 1.77867 1.91388
7.50744 3.00833 -0.278165
16.2724 1.59845 0.285151
-0.254187 5.36637 0.608512
0.494269 1.25604 -3.14904
3.93291 1.02121 4.23284
5.0695 3.87581 4.58338
-0.463684 -1.37228 2.2939
-10.6673 2.86888 -4.74431
