-3.47428 -1.19576 -0.919154
-0.413772 -2.10939 0.336661
2.63037 -0.455726 0.0994232
-1.47216 -1.5817 -0.0561175
-0.0921089 -0.688633 -2.35762
0.858651 0.0553766 2.48502
0.105577 -2.13457 0.106869
0.487436 2.35476 1.00332
-3.15333 0.984647 -1.08311
0.636569 1.00461 -0.273887
-0.115815 -0.357224 0.246153
-3.50959 0.378151 1.57971
-0.0563263 1.15392 -0.314417
-1.15013 -0.384184 -2.00909
1.68083 2.05744 -2.16601
0.12269 0.298493 -0.540125
-0.00689443 -0.764431 -1.82617
-2.3509 -0.065954 -0.373918
3.37607 0.0755508 -0.553627
-4.33773 0.904811 0.724218
-1.10472 -0.179493 0.342361
0.189778 0.714109 -0.104926
1.30777 -0.644401 -0.596804
0.111621 0.318325 1.61369
1.73438 -0.794361 -0.0458266
-0.370924 -0.996093 -1.10285
0.11895 1.54783 1.26016
-0.0789629 2.94632 0.499511
3.63203 0.0871485 1.12718
-1.27865 0.674866 -3.64128
-0.480366 -1.04406 -0.442001
1.0594 4.6609 -2.21701
-0.462074 3.33284 0.229045
0.399091 0.214875 -0.555885
-1.60132 0.142871 0.893005
1.01059 0.47677 -2.15855
-0.179015 -1.01934 -0.00304616
-0.68976 -0.176085 3.34452
-1.62241 -0.776456 0.350609
1.16565 -0.214711 1.44443
-0.879614 0.00803826 -1.78632
1.78918 -0.665779 -9.26965
-0.203602 -1.58159 1.02664
-1.9398 -2.75858 -0.802266
-1.19501 3.73934 -0.831815
-0.369417 1.13989 2.02378
-0.724871 0.563058 1.66073
2.36466 -0.209611 0.157306
1.1057 1.23334 -0.233629
0.322301 -0.32643 0.858638
0.645252 1.46412 2.98614
-1.14345 -0.017054 -0.15081
-1.08222 0.386349 2.98975
1.1957 1.22262 -0.125204
0.573286 0.48244 -0.423191
0.367467 -0.018857 -2.07038
-0.114274 0.570883 -0.0749112
3.53579 2.04113 3.11035
-2.43965 -0.228505 1.14891
-0.507061 -0.672702 -0.121201
-0.279097 -0.441565 0.715742
-0.991295 0.0483927 -1.62005
-0.0305217 0.328548 0.481175
0.564848 -0.578231 0.0270995
0.459564 -1.34943 1.12171
0.99549 -2.44616 -2.57733
0.342232 -1.13975 -1.06452
-0.711584 3.90143 3.32333
-0.496296 0.549313 -0.867046
0.929924 0.0130935 -0.782253
-1.67127 -2.2166 1.26453
1.82692 -3.01118 -0.214686
-0.968567 1.26122 -1.34463
-0.595147 -0.743104 -1.27047
0.497775 1.20283 1.5365
0.892717 0.287621 -0.055265
0.215671 -2.18906 -0.490927
-1.43464 0.825458 0.62595
0.138795 -0.580123 0.401482
-2.55499 -0.747611 2.25396
0.114971 0.496637 -0.566642
0.216757 -0.989923 0.171654
-0.347292 -0.811975 -0.322008
-0.343547 -0.0416826 -0.192036
-3.65906 -0.54912 -1.27938
0.660219 -0.170153 0.14253
-0.321018 -0.262608 5.28494
-0.161013 -0.253749 -0.14786
-0.0374959 0.448775 -3.17129
0.277601 0.154216 0.0121451
-1.43422 -0.399798 0.203509
3.38484 -0.728668 3.67616
3.05331 0.201996 -0.546934
-1.62537 -1.04141 0.442382
-0.448594 0.232939 0.347432
0.590139 -0.539984 0.350166
6.15282 0.772506 -3.07867
6.75285 2.35741 0.328978
0.0611557 0.376298 0.291217
1.30159 -0.17173 -2.10335
