-7.77093 6.64993 8.13301
6.81989 1.64138 7.33576
-2.5369 1.24913 0.471437
-2.89353 2.18706 -0.432233
-2.09409 -2.04143 1.37245
4.7515 1.65212 2.20586
0.422977 -1.63279 3.57668
6.49431 -6.94239 4.36552
-2.92762 2.05575 0.711207
3.34176 0.112437 -5.91099
-2.34743 -3.61315 1.41371
-2.65935 2.19063 17.4716
-1.12385 -4.85563 -3.05912
-13.2928 -9.39688 2.84611
-1.32022 -2.19251 -3.94353
0.734845 1.3213 3.00924
0.146294 -5.52719 -1.84512
-3.41064 -1.06501 -0.38236
-4.49908 7.3022 -0.25696
1.38873 -2.04338 3.01515
-0.688515 -2.36352 6.68997
3.08427 -6.07719 5.71005
6.41094 -0.107538 1.82504
1.23823 -1.02876 -3.41504
-2.88035 -0.85622 -10.5668
-4.40758 -3.04216 -1.25869
1.15476 2.83028 3.57901
-0.518422 2.50866 0.101578
2.84556 3.07925 2.583
4.19403 -7.96737 -8.19651
2.83373 6.06101 -5.66009
-10.2391 -8.16123 -19.619
8.64559 0.80436 7.82972
0.103117 -2.56706 -3.45716
-2.68821 -1.11824 -7.16878
3.39048 3.07748 -2.61854
-2.70937 -1.073 0.117978
-1.55573 3.05937 1.17978
3.41264 -6.79584 -3.91564
-9.33667 -4.6953 7.58722
-3.19843 -1.50605 1.05718
5.45155 -8.11746 -3.29803
-0.790044 1.86935 -3.449
3.31668 -5.57286 -3.97583
5.25526 2.69357 -12.2804
-9.29897 246.884 3.07086
2.79267 -1.66915 -3.49266
3.33824 -4.45144 1.80396
2.60021 -0.650192 -2.26017
1.63621 -1.98841 -4.62094
-6.44964 2.08317 -1.76218
-2.68419 0.0336936 -0.772915
7.69675 -1.29195 -0.305403
-0.0579525 -0.162146 1.98508
5.25168 8.68508 4.64018
1.62284 0.0869689 0.842938
-1.23211 0.0792211 -1.43494
1.37133 10.4419 -3.19514
-5.14939 0.217416 1.5336
-0.0513679 -3.30229 -2.77825
-3.98031 -3.85288 0.499113
-6.37967 5.52145 22.1911
9.21065 5.13889 -2.79269
-1.77536 -2.13605 -1.18925
4.1631 -1.97277 -4.64844
-3.96648 1.31192 -0.357929
0.820034 -156.425 7.56624
3.66381 -7.48768 -0.0346613
3.75624 5.30557 -12.2096
1.90874 -0.915446 -5.1547
-23.6313 -3.53088 -9.84521
-1.79528 -0.576227 1.45614
3.86855 3.29986 3.11605
-8.87032 1.928 0.660202
-0.047452 -0.661427 -33.4816
0.85922 -0.639562 3.87622
5.88576 8.32052 9.99874
-1.41247 -2.13691 3.03357
2.31477 1.8264 0.890137
0.979345 -1.07566 0.781253
0.581484 1.13566 -1.24834
2.52254 -5.45288 1.04362
-6.16103 -4.18893 2.5622
-1.75932 -2.09693 0.332285
-2.07706 -5.19882 -2.84833
0.36961 0.218013 -5.78788
-1.2512 1.02062 13.8597
-1.94094 2.30813 -6.4153
-2.32107 2.10293 0.29867
-1.60202 1.44956 -0.00347668
1.87797 -0.247588 -0.255859
1.15184 1.7896 1.75102
7.62501 3.11193 -1.88777
16.2627 1.77137 0.351874
-0.137816 5.33743 0.593179
0.731129 1.34142 -3.40661
4.32296 1.0621 4.50124
5.07461 3.47113 4.71909
0.230824 -1.64559 1.84879
-10.2461 2.71987 -4.99103
