-7.70113 6.76645 8.07525
7.28653 1.62556 7.90313
-2.11863 1.4018 0.447708
-2.83436 2.02333 -0.438321
-2.32699 -2.01576 1.50583
4.92773 1.71269 2.2073
0.330821 -3.36501 -2.84355
6.53396 -6.99849 4.58337
-2.69721 1.9147 0.731457
3.38509 -0.085428 -5.98617
-2.74988 -3.64605 1.39971
-2.6958 2.16447 17.4686
-1.09496 -4.66668 -3.02205
-13.2789 -9.358 2.70789
-3.03885 -2.30193 -4.14395
0.755356 1.37048 3.09843
0.139701 -5.44106 -2.01249
-3.04481 -1.02817 -0.855501
-5.00746 7.4146 0.185489
1.32338 -1.97598 3.03442
-0.401856 -2.7369 6.76372
2.97798 -6.0478 5.67614
6.30551 0.0862382 1.94493
1.29322 -1.14727 -3.27621
-2.64431 -0.344758 -10.0858
-4.40033 -3.06906 -1.28566
0.980166 2.74559 4.43993
-0.504776 2.75654 0.352838
3.13998 3.09871 2.62408
4.21997 -7.95293 -8.19067
2.89102 6.01528 -5.92504
-10.3592 -8.11054 -19.9137
8.60706 2.8305 8.93004
0.0523502 -2.38704 -3.52555
-2.48492 -1.12479 -7.14338
2.95558 3.10835 -2.14637
-2.82359 -1.29129 0.086042
-1.2985 3.13642 1.07185
3.31036 -6.97599 -3.92816
-9.41116 -5.54421 7.82668
-3.18582 -1.46773 1.12803
4.96481 -8.08234 -3.96317
-0.590527 1.45477 -3.60449
2.80949 -4.35715 -4.01723
5.29293 2.93028 -12.2562
-9.07288 246.904 2.88501
2.60718 -1.87618 -3.0212
3.4526 -4.39311 1.89007
2.33057 -0.708326 -2.38768
1.60937 -2.10931 -5.10831
-6.42882 2.02362 -1.71106
-2.68308 0.0375078 -0.796923
7.17551 -2.04132 -0.548162
-0.318594 -0.0965624 1.78804
5.65809 10.2932 4.17285
1.67662 0.100802 1.02415
-1.21941 0.0361089 -0.979354
1.17926 10.4512 -3.1776
-5.75583 0.380874 2.0936
-0.337006 -3.32814 -2.91184
-3.83235 -3.63618 0.458562
-6.60274 -3.32048 22.4782
9.21999 5.05137 -2.79668
-1.59997 -2.12268 -1.23694
3.67199 4.66139 -4.72227
-3.78657 1.97561 6.32883
0.757638 -156.419 7.502
3.20885 -7.53095 0.397644
3.75474 5.5323 -12.2311
2.06925 -1.00087 -5.44358
-23.678 -3.94483 -9.85504
-1.34316 -0.305999 1.6696
4.15804 3.19415 2.90746
-9.02162 1.80381 0.488872
-0.100138 -0.482755 -33.2781
1.04236 -0.777639 4.23935
4.9782 8.10576 10.7
-1.62366 -2.39986 3.15821
2.38925 1.95652 0.886545
0.826696 -0.281402 1.17182
0.609539 1.12622 -1.24062
2.0419 -5.17623 1.03437
-6.02001 -6.19323 1.99582
-1.47827 -2.17271 0.495079
-2.08896 -5.41517 -2.92731
-0.0509437 0.331541 -6.22667
-1.42771 1.06775 14.0604
-1.98704 2.3248 -6.26153
-2.24474 2.31141 0.0122986
-1.67804 1.51617 -0.0183366
1.64288 -0.230683 -0.266448
1.23422 1.82702 1.53855
7.76216 3.22489 -2.58263
16.2381 2.08026 0.475632
0.0227273 5.30448 0.577276
1.15226 1.48744 -3.84035
4.93179 1.13648 4.93341
5.07704 3.0035 5.00897
2.2645 -2.01157 1.28017
-9.86163 2.55942 -5.36495
