-7.66868 6.8348 8.05578
7.57497 1.62368 8.3219
-1.91758 1.48977 0.437397
-2.80296 1.94018 -0.441998
-2.44828 -2.00294 1.5767
5.02608 1.74687 2.21017
0.0411892 -4.62764 -34.1807
6.56283 -7.03242 4.67377
-2.57745 1.85533 0.743523
3.41035 -0.198975 -6.02607
-2.95066 -3.65956 1.39363
-2.71408 2.15405 17.4694
-1.03174 -4.57988 -3.00739
-13.2667 -9.33315 2.64076
-2.58166 -2.34171 -4.26244
0.769676 1.39866 2.99539
0.136624 -5.39983 -2.07468
-2.85291 -0.964067 -1.146
-5.20888 2.39597 0.442288
1.28004 -1.9483 3.046
-0.251943 -2.93642 6.8084
2.93164 -6.03317 5.66027
6.26863 0.203973 2.00755
1.32109 -1.20574 -3.21897
-2.51497 -0.0655528 -9.92014
-4.39794 -3.08496 -1.30081
0.894723 2.71649 4.79161
-0.487053 2.89805 0.472812
3.29344 3.1087 2.64901
4.23675 -7.9442 -8.18734
2.92347 6.00106 -6.13971
-10.4555 -8.08323 -20.2101
8.55828 6.6331 10.4599
0.0268021 -2.29797 -3.56774
-2.37607 -1.126 -7.13247
2.74567 3.12903 -1.9081
-2.88268 -1.38973 0.0645844
-1.16811 3.17891 1.02169
3.07478 -7.0576 -3.9361
-9.46165 -6.04697 7.93932
-3.17555 -1.44952 1.1655
4.71948 -8.06506 -4.34271
-0.460982 1.0497 -3.70441
2.56675 -3.76065 -4.01287
5.31333 3.05466 -12.2458
-8.98263 246.865 2.79575
2.52011 -1.97248 -2.85219
3.51766 -4.36259 1.94014
2.19156 -0.735679 -2.46905
1.60056 -2.1694 -4.99462
-6.41897 1.99671 -1.6959
-2.68221 0.0404857 -0.809135
4.95933 -2.38331 -0.684042
-0.436309 -0.0628265 1.70672
6.01338 10.0053 3.94739
1.7066 0.109499 1.12223
-1.21478 0.0218913 -0.805625
1.0857 10.4613 -3.16901
-5.98794 0.479214 2.58606
-0.487694 -3.33655 -2.99349
-3.74385 -3.51738 0.422646
-6.94008 1.40099 22.5691
9.22811 5.01129 -2.79942
-1.51392 -2.11147 -1.26116
3.54327 4.29477 -4.70442
-3.4106 0.994267 40.4641
0.737318 -156.428 7.48165
2.99884 -7.54379 0.574779
3.75367 5.67426 -12.2445
2.12357 -1.09058 -5.63564
-23.7077 -4.16529 -9.85963
-1.09731 -0.154549 1.78795
4.51321 3.2278 2.53228
-9.13846 1.74974 0.39319
-0.141216 -0.342575 -33.1991
1.1429 -0.843006 4.45166
4.56489 8.05412 11.13
-1.74162 -2.50436 3.2184
2.41816 2.00102 0.903639
0.761389 0.198771 1.35287
0.624515 1.12322 -1.23628
1.82829 -5.03163 1.04197
-5.91637 -5.43357 1.74001
-1.33495 -2.20588 0.583285
-2.09709 -5.5511 -2.9736
-0.427493 0.324592 -6.5588
-1.5031 1.10267 13.8604
-2.00881 2.33023 -6.19878
-2.19016 2.42591 -0.104366
-1.71402 1.5569 -0.0290096
1.52976 -0.221327 -0.271985
1.29141 1.85619 1.43009
7.81864 3.27345 -2.04788
16.2268 2.31668 0.554281
0.106094 5.28922 0.570065
1.09222 1.57425 -4.16618
5.34069 1.18012 5.21556
5.0832 2.79219 5.17499
3.03389 -2.16083 0.990714
-9.73522 2.47584 -5.59551
