-3.60766 -1.16566 -0.940718
-0.432482 -1.97092 0.348094
2.7095 -0.467345 0.101173
-1.52234 -1.63672 -0.0568763
0.192074 -0.70961 -2.16194
0.888233 0.0612184 2.54388
0.10915 -2.21807 0.107524
0.505501 2.43991 1.02997
-3.2547 1.01849 -1.1202
0.652701 0.940423 -0.284212
-0.482185 -0.347637 0.254311
-3.71467 0.393418 1.6327
-0.0572509 1.19052 -0.323073
-1.17915 -0.392593 -2.06821
1.73309 2.15938 -2.05772
0.126627 0.306824 -0.555349
-0.00677192 -0.778269 -1.88046
-2.40927 -0.0696447 -0.392454
3.13562 0.0789497 -0.555151
-4.14081 0.93172 0.737774
-1.1396 -0.290629 0.352489
0.196237 0.735002 -0.106551
1.35187 -0.661128 -0.61313
0.113147 0.330992 1.65434
1.78728 -0.814278 -0.0478422
-0.379237 -1.01661 -1.13519
0.125415 1.63703 1.36807
-0.081512 3.0762 0.519529
3.87192 0.0924056 1.15226
-1.3157 0.706229 -3.79928
-0.496751 -1.18958 -0.456167
1.09566 4.93018 -2.29566
-0.46964 3.42459 0.235284
0.417602 0.221558 -0.572546
-1.65783 0.148822 0.925944
0.932202 0.49028 -2.26193
-0.183921 -1.05132 -0.00325362
-0.694422 -0.162281 3.19282
-1.6904 -0.800969 0.363059
1.20218 -0.208376 1.47796
-0.895585 0.00474727 -1.83585
1.33936 -0.726853 -10.7668
-0.209433 -1.6136 1.06062
-2.00127 -2.58773 -0.829321
-1.23838 3.8112 -0.844064
-0.37991 1.19847 2.08032
-0.745836 0.580091 1.72945
2.47243 -0.214167 0.159146
1.14832 1.26783 -0.240876
0.332562 -0.332864 0.881004
0.663811 1.39843 3.14877
-1.16743 -0.0164474 -0.153523
-1.10515 0.400927 3.08007
1.22965 1.27146 -0.123593
0.59276 0.506247 -0.378832
0.371239 -0.0206961 -1.98417
-0.116303 0.587697 -0.0761934
3.65465 2.11661 3.17875
-2.49713 -0.230704 0.948931
-0.520193 -0.68987 -0.123648
-0.286252 -0.450169 0.736255
-1.0255 -0.0310084 -1.67551
-0.0258813 0.250737 0.311018
0.581821 -0.590642 0.0266914
0.47344 -1.38046 1.15936
1.02605 -2.52478 -2.68839
0.352364 -1.16237 -1.09491
-0.732308 3.79025 3.45738
-0.508958 0.56867 -0.894696
0.966133 0.0146917 -0.807063
-1.54094 -2.2816 1.10506
1.89563 -3.07426 -0.220719
-0.998218 1.30922 -1.39123
-0.611826 -0.759723 -1.3079
0.514595 1.24182 1.57056
0.920025 0.297926 -0.0568397
0.222803 -2.24042 -0.506323
-1.47533 0.850515 0.63072
0.142811 -0.593784 0.41342
-2.64836 -0.763906 2.36444
0.11937 0.515683 -0.584831
0.222331 -1.01592 0.175191
-0.355873 -0.831182 -0.331528
-0.351187 -0.0416783 -0.198889
-3.76942 -0.561944 -1.32567
0.679204 -0.172299 0.145638
-0.766661 -0.254549 5.87291
-0.164279 -0.258142 -0.149595
-0.0448023 0.372958 -3.2399
0.277215 0.158878 0.0110214
-1.36051 -0.412042 0.211051
3.3504 -0.752453 3.69956
3.18131 0.221041 -0.56247
-1.69681 -1.07123 0.456723
-0.459206 0.240701 0.358489
0.60669 -0.553097 0.361655
7.00112 0.803717 -2.87913
6.61773 2.42593 0.350092
0.24258 0.386357 0.299204
1.33328 -0.17482 -2.17745
