-7.62597 6.9414 8.0391
8.09754 1.62377 9.13214
-1.6153 1.63228 0.424825
-2.7564 1.80473 -0.446132
-2.63985 -1.98832 1.6813
5.18386 1.79742 2.21585
0.133589 -5.71067 -33.5785
6.60921 -7.09765 4.80261
-2.42106 1.76601 0.767542
3.70006 -0.40005 -6.23426
-2.75234 -3.68085 1.38256
-2.75252 2.14146 17.4649
-0.949817 -4.46607 -2.93376
-13.2494 -9.29963 2.52271
-0.496377 -2.41283 -4.46295
0.796552 1.43307 2.85242
0.131242 -5.35025 -2.15476
-2.58817 -0.774809 -1.57664
-5.57272 -1.74133 0.647739
1.2197 -1.90866 3.09158
-0.0163829 -3.31422 6.89224
2.8677 -6.02306 5.63199
6.22975 0.374788 2.09182
1.35803 -1.32625 -3.13524
-2.32233 0.398644 -9.72685
-4.39842 -3.11413 -1.32449
0.777873 2.66625 5.39842
-0.443848 3.117 0.660221
3.51678 3.1213 2.68656
4.25701 -7.93813 -8.18756
2.97255 5.98013 -6.62546
-10.6408 -8.03432 -21.5381
8.56813 9.29775 9.64813
0.0240627 -2.17483 -3.63613
-2.2617 -1.12912 -7.11933
2.44708 3.16389 -1.54282
-3.00295 -1.51644 -0.030214
-0.969033 3.23466 0.947895
2.71824 -7.18255 -3.94632
-9.56804 -6.94274 8.1663
-3.15911 -1.42772 1.21811
4.36142 -8.05053 -5.05159
-0.202746 0.457675 -3.90198
2.21647 -2.95179 -3.99321
5.346 3.25275 -12.2283
-9.13869 246.851 2.86721
2.40042 -2.10373 -2.59098
3.62407 -4.32363 2.01701
1.99782 -0.777465 -2.60919
1.59347 -2.26615 -4.83951
-6.40918 1.95671 -1.6779
-2.68839 0.0414433 -0.831571
3.45684 -2.95167 -0.922524
-0.598216 -0.022523 1.57799
7.56673 9.65992 3.55669
1.7562 0.12084 1.27138
-1.20391 -1.1081e-05 -0.601317
0.934463 10.4723 -3.16225
-6.20252 0.608267 4.12033
-0.712614 -3.34165 -3.14162
-3.59121 -3.30877 0.297687
-7.48845 5.4454 23.0669
9.24218 4.95335 -2.80454
-1.39492 -2.09407 -1.30363
3.3758 3.93931 -4.663
-3.40471 0.432047 40.0309
0.686559 -156.401 7.44479
2.70357 -7.58487 0.877912
3.75633 5.96331 -12.2623
2.22156 -1.33907 -6.05805
-23.7541 -4.61444 -9.74258
-0.69725 0.0658159 1.98489
4.62213 3.28376 -0.592468
-9.35342 1.66909 0.253702
-0.178969 -0.137802 -33.2218
1.31256 -0.955186 4.82881
4.00345 7.9555 11.4848
-1.93234 -2.66733 3.33259
2.45226 2.01624 1.02912
0.678481 0.978422 1.62871
0.642138 1.11849 -1.22935
1.5266 -4.83586 1.07195
-5.71756 -4.31865 1.40231
-1.12649 -2.26599 0.727259
-2.11408 -5.83664 -3.03902
-0.569274 0.324411 -3.85303
-1.58712 1.15771 13.6008
-2.04567 2.33306 -6.1268
-2.10732 2.58269 -0.271717
-1.77007 1.62161 -0.0500408
1.3518 -0.210486 -0.282685
1.38194 1.87164 1.28098
7.88963 3.33463 -1.21499
16.146 2.79097 0.759855
0.219825 5.26512 0.557332
0.847891 1.71469 -5.25976
5.52433 1.23496 5.67385
5.10272 2.38424 5.47974
-0.118026 -2.44535 0.562594
-9.58489 2.32962 -5.97298
