-7.61231 6.98173 8.03496
8.29862 1.6258 9.21132
-1.512 1.68505 0.421576
-2.74088 1.75703 -0.447421
-2.70594 -1.98426 1.7245
5.24142 1.81531 2.21857
0.127511 -5.62045 -33.6248
6.62382 -7.1212 4.84863
-2.37262 1.73781 0.779229
3.7359 -0.465441 -6.26435
-2.65458 -3.68828 1.38073
-2.76704 2.13821 17.4617
-0.935496 -4.42682 -2.9135
-13.244 -9.28967 2.48128
0.284113 -2.42709 -4.52883
0.807086 1.44556 2.80666
0.129605 -5.33478 -2.18035
-2.52379 -0.707014 -1.65723
-5.72521 -2.0164 0.736428
1.20485 -1.89096 3.10738
0.0652694 -3.45594 6.92658
2.84452 -6.0235 5.62431
6.21977 0.432381 2.11827
1.36887 -1.37353 -3.10637
-2.26257 0.577566 -9.67709
-4.39948 -3.12531 -1.33185
0.743718 2.64775 5.65765
-0.425829 3.19308 0.723055
3.595 3.12586 2.70083
4.26365 -7.93786 -8.18689
2.99054 5.97358 -6.81559
-10.7167 -8.01366 -21.6065
8.57607 9.29219 9.45604
0.0449462 -2.13121 -3.66031
-2.22815 -1.13004 -7.1143
2.35167 3.17795 -1.40816
-3.01285 -1.52566 -0.094999
-0.901588 3.25586 0.922604
2.60371 -7.22156 -3.94734
-9.61632 -7.246 8.268
-3.15336 -1.42029 1.23666
4.24781 -8.04355 -5.38629
-0.110931 0.308325 -3.98228
2.10571 -2.701 -3.98383
5.35799 3.32599 -12.2221
-9.11688 246.849 2.83287
2.36334 -2.14162 -2.47501
3.66311 -4.31085 2.04413
1.93558 -0.791313 -2.64834
1.5915 -2.29862 -4.78392
-6.40689 1.9438 -1.67044
-2.68984 0.0404525 -0.838317
2.99915 -3.13687 -1.01804
-0.650441 -0.0103652 1.53384
8.63826 9.58346 3.39
1.77413 0.124958 1.32725
-1.19932 -0.00759654 -0.536382
0.882774 10.4752 -3.15796
-6.24186 0.640659 5.43028
-0.790814 -3.34169 -3.19079
-3.55025 -3.23768 0.219754
-7.70986 5.64267 23.3348
9.24779 4.93497 -2.80634
-1.35509 -2.08746 -1.31697
3.32735 3.84587 -4.64608
-3.4023 0.343798 40.0041
0.661809 -156.383 7.43082
2.60838 -7.60155 1.07472
3.7589 6.10207 -12.2673
2.28117 -1.42681 -6.20235
-23.8594 -4.84498 -9.63439
-0.559365 0.148914 2.05565
4.63402 3.29872 -1.2354
-9.44515 1.64554 0.217108
-0.182919 -0.0825555 -33.2292
1.37198 -0.990229 4.97793
3.81652 7.92372 10.9794
-2.0025 -2.71584 3.39026
2.47868 2.01876 1.11703
0.650982 1.24554 1.72153
0.647385 1.11712 -1.22613
1.43125 -4.77373 1.08806
-5.65152 -4.03735 1.2971
-1.05821 -2.28622 0.783688
-2.12428 -5.95573 -3.05955
-0.593281 0.32976 -3.30157
-1.60849 1.17833 13.5243
-2.05726 2.33294 -6.09895
-2.07564 2.64007 -0.320829
-1.78977 1.64537 -0.0573708
1.29223 -0.207121 -0.285893
1.41599 1.87842 1.23402
7.91103 3.35367 -0.966897
16.1586 2.85614 0.916651
0.257918 5.25702 0.555444
0.765267 1.78094 -6.19521
5.41414 1.25513 5.83749
5.11075 2.24589 5.59457
-1.96908 -2.55465 0.42727
-9.54564 2.28026 -6.10387
