-7.59988 7.02518 8.0333
8.28409 1.62875 9.05373
-1.40644 1.7405 0.419171
-2.72496 1.70715 -0.448451
-2.76831 -1.98059 1.76791
5.30167 1.83312 2.22227
0.126098 -5.55868 -33.6106
6.63833 -7.14441 4.89423
-2.32412 1.70881 0.792629
3.776 -0.528744 -6.297
-2.55665 -3.69606 1.37968
-2.78312 2.13609 17.4548
-0.922776 -4.38703 -2.89613
-13.2386 -9.27988 2.43864
1.1438 -2.42776 -4.59623
0.817802 1.45944 2.76159
0.127383 -5.31913 -2.20594
-2.44251 -0.650873 -1.69684
-5.88714 -2.16712 0.837143
1.19061 -1.87245 3.12341
0.149456 -3.46425 6.9662
2.82074 -6.02236 5.61785
6.21089 0.489833 2.14536
1.3799 -1.42212 -3.07668
-2.20492 0.710371 -9.63134
-4.39996 -3.13706 -1.33929
0.718129 2.63011 5.91049
-0.406222 3.27237 0.786237
3.67582 3.13059 2.71637
4.27111 -7.93769 -8.18592
3.0109 5.96826 -7.0226
-10.7863 -7.99389 -21.2345
8.58369 9.10106 9.29186
0.0352266 -2.08386 -3.68552
-2.1947 -1.13101 -7.1092
2.27041 3.19385 -1.27981
-3.00107 -1.54509 -0.128554
-0.832545 3.27728 0.899881
2.49299 -7.26097 -3.94721
-9.67057 -7.53463 8.38477
-3.14752 -1.41211 1.25553
4.15401 -8.03276 -5.79757
-0.00934332 0.179108 -4.07326
1.99813 -2.46588 -3.97307
5.37076 3.40482 -12.2149
-9.08632 246.881 2.80825
2.33049 -2.17699 -2.37016
3.70374 -4.29859 2.07306
1.8783 -0.805072 -2.687
1.59058 -2.33063 -4.73122
-6.4044 1.9314 -1.66282
-2.68884 0.0409419 -0.844541
2.5585 -3.30941 -1.13371
-0.701862 0.0017888 1.49128
10.1771 9.54536 3.18513
1.79444 0.129128 1.38485
-1.19335 -0.0149809 -0.476279
0.83063 10.4783 -3.15322
-6.26553 0.644102 6.19975
-0.864973 -3.34045 -3.24185
-3.52458 -3.17699 0.132778
-7.98967 5.49326 23.7227
9.25445 4.91705 -2.80834
-1.31466 -2.08115 -1.33032
3.2827 3.75891 -4.62866
-3.39703 0.226435 39.9796
0.651432 -156.381 7.41953
2.52484 -7.61802 1.25387
3.76069 6.31837 -12.2686
2.3855 -1.49922 -6.3241
-24.0271 -5.05927 -9.59137
-0.421776 0.226839 2.13787
4.64245 3.31312 -1.75139
-9.54877 1.62475 0.182639
-0.184766 -0.028459 -33.2345
1.43668 -1.02371 5.13928
3.66339 7.89294 10.5359
-2.07386 -2.76009 3.45166
2.52756 2.03761 1.21962
0.622521 1.51084 1.81507
0.652723 1.11587 -1.22252
1.33822 -4.71404 1.10751
-5.58441 -3.77305 1.19407
-0.987437 -2.30855 0.843594
-2.138 -6.08792 -3.07979
-0.613341 0.336327 -2.90064
-1.62967 1.20057 13.4585
-2.06586 2.33227 -6.06627
-2.04622 2.70423 -0.377341
-1.80992 1.67064 -0.0662503
1.23333 -0.203558 -0.288774
1.45213 1.88156 1.19185
7.9323 3.37275 -0.720547
16.1683 2.95641 0.99616
0.297028 5.24898 0.553818
0.669426 1.87665 -6.84246
5.30953 1.27658 6.05018
5.12015 2.12909 5.71625
-4.48718 -2.67759 0.277511
-9.50679 2.2395 -6.23736
