-7.5894 7.07181 8.03328
8.05681 1.6315 8.90639
-1.29794 1.79903 0.418169
-2.70916 1.65465 -0.448409
-2.82832 -1.97744 1.81509
5.36392 1.85028 2.22729
0.126837 -5.50829 -33.5943
6.6516 -7.16818 4.94626
-2.27703 1.67773 0.808484
3.81747 -0.593406 -6.3335
-2.45922 -3.70408 1.38012
-2.80521 2.13595 17.4402
-0.911619 -4.34825 -2.87975
-13.2346 -9.27061 2.3989
1.74281 -2.41903 -4.63838
0.828475 1.47282 2.71872
0.124891 -5.30495 -2.23074
-2.3465 -0.608872 -1.73729
-6.08831 -2.34186 0.970681
1.17605 -1.85423 3.14088
0.231162 -3.33954 7.0155
2.79973 -6.01963 5.61195
6.20114 0.544201 2.17464
1.38962 -1.47417 -3.04474
-2.15217 0.786409 -9.58674
-4.40014 -3.14913 -1.34586
0.698608 2.61326 5.81993
-0.387245 3.35223 0.852113
3.75852 3.13517 2.73368
4.27852 -7.93686 -8.18457
3.03267 5.96445 -7.23884
-10.8482 -7.97904 -20.8829
8.58669 8.9196 9.14402
0.0238038 -2.03924 -3.71002
-2.16183 -1.13213 -7.10384
2.20257 3.21175 -1.14846
-3.00669 -1.58826 -0.136986
-0.765772 3.29842 0.879308
2.38401 -7.30293 -3.94428
-9.74995 -7.81544 8.53209
-3.14217 -1.40396 1.27605
4.07787 -8.01733 -6.13942
0.0699272 0.0591224 -4.16065
1.89124 -2.25 -3.95956
5.38412 3.49175 -12.2062
-9.06405 246.868 2.79097
2.29493 -2.21505 -2.26598
3.74505 -4.28768 2.10406
1.82066 -0.819893 -2.72153
1.5889 -2.36348 -4.67205
-6.40217 1.91896 -1.65231
-2.68841 0.0431689 -0.849726
1.80668 -3.48341 -1.2301
-0.752069 0.013228 1.45403
11.1743 9.52227 2.99483
1.8163 0.133542 1.44311
-1.18718 -0.0226689 -0.373568
0.777609 10.4794 -3.14823
-6.293 0.602186 6.05167
-0.937403 -3.33717 -3.28637
-3.51454 -3.13084 0.0534392
-8.0132 5.33389 23.8549
9.2618 4.89955 -2.80995
-1.27455 -2.07366 -1.34369
3.23926 3.67453 -4.60953
-3.37954 -0.354831 39.9473
0.638457 -156.388 7.41313
2.44615 -7.63629 1.44232
3.74627 7.18433 -12.2517
2.5224 -1.55502 -6.44947
-24.1796 -5.23238 -9.59677
-0.289586 0.292145 2.23513
4.64828 3.32702 -2.16989
-9.68441 1.60489 0.1539
-0.185668 0.0245748 -33.2388
1.49829 -1.06009 5.31729
3.53925 7.85929 10.1714
-2.15576 -2.80731 3.52435
2.59533 2.07839 1.31508
0.586528 1.7655 1.91454
0.657815 1.11466 -1.21824
1.24567 -4.6587 1.13128
-5.52909 -3.52663 1.09965
-0.917403 -2.33538 0.907055
-2.1566 -6.23439 -3.09966
-0.631065 0.343557 -2.56092
-1.65184 1.22331 13.4052
-2.06633 2.32975 -6.01673
-2.01995 2.76893 -0.430629
-1.8308 1.69636 -0.0753174
1.17573 -0.199906 -0.291252
1.49107 1.88608 1.1509
7.9534 3.39179 -0.465905
16.1754 3.05423 1.06827
0.336772 5.24169 0.553351
0.562482 2.00371 -6.92696
5.20891 1.29715 6.3141
5.12763 2.01762 5.84986
-5.66394 -2.82642 0.162852
-9.47402 2.20047 -6.37759
