-7.58006 7.13076 8.03262
7.85389 1.63478 8.7694
-1.18467 1.86391 0.417553
-2.69311 1.60338 -0.448071
-2.89214 -1.97395 1.86461
5.42846 1.86851 2.23228
0.128285 -5.46324 -33.5802
6.66331 -7.19178 5.00395
-2.23171 1.64839 0.82607
3.85817 -0.656511 -6.37198
-2.36348 -3.71144 1.38147
-2.85399 2.14181 17.4058
-0.901495 -4.3095 -2.86532
-13.233 -9.26222 2.36147
3.55276 -2.40786 -4.64691
0.839348 1.48746 2.67701
0.122567 -5.29067 -2.25544
-2.26286 -0.578511 -1.78197
-6.31539 -2.52467 1.11677
1.16121 -1.83568 3.1584
0.31292 -3.21152 7.07
2.78023 -6.01879 5.60652
6.19122 0.595983 2.20272
1.39808 -1.52585 -3.01136
-2.10241 0.861494 -9.54786
-4.4007 -3.1598 -1.3516
0.681519 2.59851 5.39233
-0.368065 3.43382 0.918584
3.84246 3.14032 2.75094
4.28482 -7.93499 -8.1834
3.05412 5.96242 -7.46973
-10.9131 -7.97075 -20.5527
8.58795 8.75219 9.00784
0.0120596 -1.99324 -3.73627
-2.1299 -1.13259 -7.09849
2.13591 3.2317 -1.01604
-3.02517 -1.63976 -0.141574
-0.701455 3.32257 0.856585
2.27667 -7.3447 -3.93993
-9.84704 -8.08193 8.70146
-3.13746 -1.3954 1.29702
4.00392 -7.99522 -6.41838
0.131821 -0.0506221 -4.24412
1.78515 -2.04801 -3.94665
5.39922 3.59618 -12.1973
-9.05062 246.825 2.76628
2.25839 -2.25521 -2.16258
3.78662 -4.27643 2.13467
1.76253 -0.835121 -2.75225
1.5867 -2.39654 -4.60801
-6.40037 1.90692 -1.63931
-2.69029 0.0451445 -0.85425
0.840752 -3.65556 -1.30679
-0.802777 0.0240291 1.41704
9.77972 9.50263 2.83399
1.838 0.138657 1.50334
-1.18163 -0.0301872 -0.231008
0.722687 10.4781 -3.14281
-6.35395 0.563633 4.3862
-1.01158 -3.33109 -3.32406
-3.512 -3.09459 -0.00949933
-7.64959 5.16715 23.6528
9.2699 4.88394 -2.81124
-1.23463 -2.06486 -1.35703
3.19712 3.59565 -4.59042
-3.33161 -0.872246 39.9577
0.626313 -156.401 7.4086
2.36622 -7.65381 1.64032
3.6927 7.8601 -12.2896
2.65558 -1.59587 -6.57631
-24.3283 -5.393 -9.60736
-0.160552 0.359081 2.32677
4.65145 3.34082 -2.51984
-9.83651 1.58695 0.130301
-0.186868 0.0790428 -33.2441
1.55908 -1.09561 5.511
3.41961 7.82369 9.88284
-2.24346 -2.85501 3.60647
2.67155 2.13718 1.38662
0.544923 2.00958 2.01495
0.66245 1.1141 -1.21339
1.15346 -4.60495 1.15545
-5.48399 -3.29393 1.00857
-0.849391 -2.36252 0.973355
-2.17737 -6.33581 -3.12139
-0.648012 0.351502 -2.26027
-1.67517 1.24714 13.3531
-2.03066 2.32054 -5.93532
-1.99426 2.83519 -0.475598
-1.85147 1.72482 -0.083888
1.11899 -0.196007 -0.293785
1.53162 1.89292 1.10928
7.9739 3.41162 -0.198858
16.1822 3.15306 1.13868
0.377051 5.23561 0.554336
0.46855 2.13031 -5.863
5.1111 1.31918 6.55676
5.13368 1.91318 5.99469
-4.84323 -2.96456 0.0912753
-9.4469 2.16308 -6.52734
