-7.56756 7.27733 8.03474
7.52239 1.63942 8.52188
-0.988151 2.01274 0.418478
-2.66345 1.49807 -0.448522
-3.03429 -1.96388 1.96786
5.56139 1.90654 2.24423
0.131704 -5.38005 -33.558
6.68438 -7.24154 5.11856
-2.14734 1.59398 0.862949
3.94845 -0.785085 -6.45753
-2.18093 -3.72781 1.38509
-3.09134 2.17814 17.4298
-0.884256 -4.23557 -2.83944
-13.2355 -9.2524 2.28902
9.51599 -2.51617 -4.67633
0.860973 1.51894 2.59431
0.116997 -5.26407 -2.30721
-2.11363 -0.543269 -1.88695
-6.77531 -2.96843 1.37596
1.13053 -1.80062 3.19578
0.494814 -2.93727 7.18415
2.74126 -6.02007 5.59887
6.17449 0.669122 2.25596
1.41329 -1.62265 -2.94467
-2.00725 1.01549 -9.48413
-4.40375 -3.18119 -1.36322
0.66423 2.56774 4.64581
-0.324646 3.58256 1.05101
4.01451 3.15069 2.78932
4.29516 -7.93273 -8.18215
3.09528 5.95633 -8.01638
-11.0483 -7.98466 -20.0592
8.59774 8.4494 8.75957
-0.0090836 -1.90276 -3.80112
-2.06974 -1.13328 -7.08888
2.01124 3.27105 -0.749481
-3.14599 -1.75497 -0.150697
-0.571928 3.37237 0.812984
1.98007 -7.43557 -3.93379
-10.0429 -7.75228 9.07831
-3.13003 -1.37994 1.34138
3.87054 -7.93358 -6.94273
0.281065 -0.254835 -4.44038
1.54502 -1.68219 -3.9218
5.43273 3.87369 -12.1797
-9.01497 246.855 2.71646
2.19864 -2.37027 -1.97651
3.87076 -4.25488 2.19979
1.66074 -0.873326 -2.81282
1.58575 -2.47146 -4.4921
-6.3974 1.88196 -1.61263
-2.69431 0.0479062 -0.861534
-0.853351 -4.04847 -1.50162
-0.90926 0.0404866 1.35467
4.40131 9.51218 2.50005
1.88205 0.14835 1.62878
-1.17032 -0.0476543 0.0422931
0.597758 10.4609 -3.12435
-5.81651 0.576398 0.266153
-1.15708 -3.31857 -3.39085
-3.50374 -3.03232 -0.0865645
-6.72348 4.69172 23.3367
9.28721 4.85585 -2.81493
-1.15504 -2.04988 -1.38354
3.10446 3.44592 -4.55505
-3.29504 -0.989378 39.9972
0.592732 -156.429 7.39068
2.21929 -7.70039 2.00384
3.66254 7.7015 -12.391
2.91227 -1.64977 -6.83542
-24.0384 -5.72094 -9.62428
0.0960457 0.495525 2.5039
4.65196 3.36574 -3.09203
-10.1092 1.55161 0.0884491
-0.188913 0.186215 -33.2442
1.70039 -1.16612 5.92849
3.21447 7.73083 9.41192
-2.40807 -2.98407 3.77958
2.81612 2.27415 1.46502
0.458375 2.3711 2.21157
0.670003 1.11359 -1.20302
0.961203 -4.50628 1.20769
-5.39321 -2.86511 0.817441
-0.713933 -2.41915 1.10782
-2.21332 -6.45036 -3.17005
-0.679551 0.367143 -1.75637
-1.72697 1.29456 13.2722
-1.76621 2.26756 -5.8958
-1.94494 2.97243 -0.572347
-1.88906 1.79726 -0.100437
1.00534 -0.188859 -0.297876
1.61492 1.90164 1.02643
8.01492 3.45077 0.392685
16.2007 3.25776 1.28343
0.458172 5.22332 0.558666
-0.099088 2.30948 -2.93697
4.88551 1.36128 6.40756
5.14858 1.73572 6.31714
-2.93049 -3.08655 -0.087264
-9.39368 2.09436 -6.85932
