-7.56238 7.44854 8.03583
7.26115 1.64482 8.26689
-0.803795 2.1565 0.421562
-2.63635 1.37599 -0.450344
-3.19108 -1.94236 2.07675
5.70783 1.94276 2.25704
0.133819 -5.28465 -33.5389
6.7005 -7.28997 5.23317
-2.07042 1.54448 0.896179
4.06074 -0.914931 -6.58402
-2.00057 -3.74816 1.38806
-3.16166 2.18655 17.5236
-0.871336 -4.16594 -2.81821
-13.2429 -9.25022 2.20982
8.19468 -2.77743 -4.89779
0.880554 1.55435 2.51354
0.111779 -5.23981 -2.36457
-1.97829 -0.525526 -2.43319
-6.57603 -2.75829 1.62345
1.09834 -1.7672 3.23475
0.620073 -2.68747 7.3083
2.69505 -6.02645 5.59652
6.15662 0.748145 2.30695
1.42406 -1.70266 -2.8812
-1.93198 1.17571 -9.43102
-4.40825 -3.20571 -1.3758
0.671944 2.54061 3.98843
-0.279865 3.94968 1.18289
4.10337 3.16096 2.82743
4.30635 -7.93153 -8.1849
3.13185 5.9473 -8.86445
-11.198 -8.04316 -19.7738
8.6112 8.19475 8.5122
-0.0210256 -1.84099 -3.89883
-2.01101 -1.13389 -7.08253
1.89645 3.30606 -0.508064
-3.24956 -1.89035 -0.161996
-0.447912 3.42114 0.766728
1.69071 -7.5526 -3.93519
-10.3051 -7.16414 9.52871
-3.12466 -1.36656 1.38602
3.74562 -7.87395 -7.5345
0.439187 -0.455579 -4.68629
1.30446 -1.36618 -3.90027
5.47513 4.24369 -12.1722
-8.98375 246.807 2.66352
2.13903 -2.50742 -1.81534
3.97077 -4.2348 2.26326
1.57276 -0.92182 -2.88318
1.5863 -2.54636 -4.39108
-6.39573 1.85704 -1.5875
-2.69281 0.0487133 -0.87081
-2.30264 -4.51211 -1.77247
-1.02519 0.0514993 1.29235
3.99945 9.56618 2.23858
1.92646 0.159171 1.74523
-1.1598 -0.0661795 0.297953
0.433241 10.3925 -3.0811
-3.6203 0.62698 -1.80249
-1.30436 -3.30517 -3.4613
-3.48454 -2.96886 -0.127594
-5.78553 4.33121 23.2822
9.30707 4.82878 -2.82012
-1.07781 -2.03562 -1.416
3.01401 3.30092 -4.52349
-3.30566 -1.17934 39.9985
0.567246 -156.396 7.3726
2.07639 -7.74476 2.33309
3.66903 7.5669 -12.4358
3.15458 -1.68296 -6.26415
-23.7469 -5.90931 -9.6338
0.311403 0.621368 2.68499
4.64566 3.38814 -3.35233
-10.3242 1.51705 0.0410092
-0.205991 0.308677 -33.2327
1.85697 -1.23501 6.34122
3.03666 7.63517 9.05354
-2.59232 -3.14611 3.96356
2.94153 2.41153 1.4939
0.354791 2.16589 2.40598
0.676145 1.11345 -1.19315
0.76455 -4.42318 1.26192
-5.31894 -2.44523 0.613006
-0.585054 -2.47923 1.22532
-2.24298 -6.58432 -3.21783
-0.708806 0.382917 -1.38696
-1.79132 1.34199 13.2075
-1.73535 2.25448 -5.94778
-1.90648 3.12289 -0.671365
-1.90491 1.90676 -0.128185
0.893238 -0.183091 -0.301881
1.69812 1.91159 0.92985
8.06081 3.49273 1.07642
16.2215 3.05882 1.44379
0.541351 5.21356 0.562076
-1.60771 2.44334 -1.43679
4.55804 1.40345 6.07881
5.16251 1.6211 6.71597
-1.08181 -3.26161 -0.431478
-9.35128 2.04785 -7.29425
