-7.56133 7.53561 8.03174
7.1471 1.64878 8.14693
-0.709635 2.20435 0.42315
-2.62421 1.30354 -0.452586
-3.26151 -1.93198 2.13578
5.79502 1.95789 2.2633
0.136443 -5.19364 -33.5276
6.70702 -7.31278 5.29049
-2.03207 1.51886 0.91221
4.11866 -0.983192 -6.66546
-1.90532 -3.7605 1.3897
-3.17613 2.18937 17.5539
-0.864402 -4.13088 -2.81117
-13.2485 -9.249 2.16283
7.78211 -2.88499 -5.05961
0.890582 1.57251 2.47309
0.10993 -5.228 -2.39788
-1.91425 -0.520275 -2.70838
-6.36518 -2.53508 1.74753
1.08436 -1.74932 3.25335
0.672083 -2.56174 7.37554
2.66974 -6.02778 5.59698
6.14917 0.815172 2.33117
1.42922 -1.74386 -2.85056
-1.89601 1.24908 -9.40756
-4.40999 -3.21952 -1.38281
0.684134 2.53358 3.6762
-0.25592 4.47422 1.24782
4.01829 3.16634 2.84572
4.31295 -7.93067 -8.18822
3.14648 5.94191 -9.58497
-11.2884 -8.07507 -19.692
8.6216 8.07668 8.39769
-0.0216339 -1.84277 -3.9445
-1.97931 -1.13481 -7.07994
1.84493 3.32218 -0.398748
-3.29412 -1.96977 -0.167799
-0.385189 3.44385 0.741594
1.5567 -7.62794 -3.93858
-10.4545 -6.8375 9.79444
-3.1205 -1.35942 1.40519
3.67604 -7.86813 -7.86907
0.514474 -0.558825 -4.82842
1.1921 -1.22182 -3.89149
5.49656 4.41564 -12.1764
-8.97011 246.806 2.63129
2.10866 -2.57525 -1.7421
4.04804 -4.22576 2.29414
1.52924 -0.948464 -2.92279
1.58731 -2.57698 -4.34556
-6.39482 1.84544 -1.5765
-2.68946 0.0511495 -0.877542
-2.9563 -4.76583 -1.94109
-1.08317 0.0570103 1.25837
3.84355 9.56105 2.12714
1.9504 0.164505 1.80394
-1.15434 -0.0746382 0.416568
0.314751 10.3096 -3.04207
-2.72428 0.654667 -2.65452
-1.38194 -3.2979 -3.49733
-3.47191 -2.94011 -0.142379
-5.45363 4.22228 23.2459
9.31875 4.81354 -2.82326
-1.03809 -2.02985 -1.43332
2.97359 3.23205 -4.50883
-3.31245 -1.31902 39.9985
0.560859 -156.4 7.36883
2.00569 -7.75435 2.49383
3.67283 7.50289 -12.4614
3.27163 -1.69617 -5.93053
-23.6468 -5.76903 -9.63545
0.421068 0.681164 2.77586
4.64065 3.39899 -3.15145
-10.4477 1.49951 0.0128361
-0.229113 0.401697 -33.2369
1.93746 -1.26968 6.55612
2.96328 7.60962 8.90004
-2.68884 -3.22554 4.06241
2.99991 2.46987 1.4983
0.299299 1.25597 2.50263
0.679621 1.11295 -1.18834
0.675508 -4.38542 1.28722
-5.28643 -2.25478 0.508137
-0.521086 -2.51214 1.28101
-2.25366 -6.65495 -3.2426
-0.721422 0.391395 -1.28809
-1.82302 1.36653 13.178
-1.74222 2.25213 -5.95176
-1.88925 3.19408 -0.719298
-1.8846 1.99243 -0.158806
0.840311 -0.180109 -0.304069
1.74217 1.91586 0.878024
8.08747 3.51597 1.44421
16.2345 2.94374 1.53079
0.585213 5.20936 0.563922
-2.22992 2.50725 -0.823523
4.40972 1.42737 5.91996
5.17138 1.56054 6.95822
-0.392617 -3.39451 -0.582509
-9.33557 2.02571 -7.56219
