-7.57524 7.68335 8.01963
6.92817 1.65998 7.9398
-0.519134 2.31013 0.429853
-2.60529 1.14336 -0.453715
-3.39965 -1.92028 2.25928
5.97875 1.99005 2.27977
0.146335 -4.93988 -33.5107
6.71523 -7.3525 5.42826
-1.95869 1.47231 0.95452
4.22266 -1.13264 -6.79895
-1.71643 -3.78418 1.39693
-3.20293 2.19716 17.6173
-0.853674 -4.05993 -2.79356
-13.2677 -9.24611 2.08308
7.1278 -3.12355 -5.35531
0.908312 1.60852 2.39461
0.106504 -5.20617 -2.47052
-1.8024 -0.51308 -3.12492
-5.96445 -2.06806 2.05983
1.05632 -1.71047 3.29644
0.771839 -2.25696 7.54853
2.63454 -6.02955 5.59597
6.13477 0.986924 2.43005
1.43792 -1.82534 -2.77844
-1.8278 1.39466 -9.35669
-4.4132 -3.24759 -1.39479
0.70189 2.53475 3.11289
-0.208764 4.60999 0.404402
3.8486 3.17862 2.88602
4.32393 -7.92781 -8.19658
3.16625 5.92966 -11.3599
-11.5204 -8.12015 -19.5648
8.64603 7.86063 8.20731
-0.0271478 -1.84101 -3.96495
-1.91784 -1.135 -7.07332
1.74146 3.35224 -0.189504
-3.38161 -2.13493 -0.173514
-0.258337 3.48706 0.695125
1.28833 -7.75655 -3.94375
-10.8295 -6.15963 9.5647
-3.11482 -1.34469 1.44857
3.51253 -7.89797 -8.55616
0.65178 -0.78143 -5.09527
0.970473 -0.930013 -3.86437
5.53298 4.73375 -12.1872
-8.93879 246.801 2.58642
2.04292 -2.71659 -1.58252
4.20556 -4.20792 2.35967
1.40943 -1.00504 -2.99615
1.58851 -2.6248 -4.24038
-6.39531 1.82538 -1.55028
-2.6898 0.0574543 -0.886991
-4.29921 -4.75955 -2.17713
-1.20139 0.0678829 1.19468
3.45743 9.51899 1.94368
1.99654 0.175264 1.92738
-1.14511 -0.0893937 0.661458
-0.390939 9.90174 -2.81546
-1.35689 0.702146 -4.3613
-1.5686 -3.2858 -3.5474
-3.444 -2.88162 -0.161096
-5.07178 4.01008 23.2042
9.34255 4.78277 -2.82924
-0.964688 -2.02125 -1.46521
2.89907 3.10898 -4.47345
-3.32552 -1.63934 40.0145
0.535465 -156.435 7.36561
1.85361 -7.74065 2.86974
3.6562 7.36231 -12.5081
3.49009 -1.71895 -5.35901
-23.4962 -5.51097 -9.62423
0.62625 0.806316 2.98198
4.62406 3.41911 -2.68411
-10.237 1.45851 -0.0325463
-0.278473 0.587261 -33.3051
2.08644 -1.33743 6.45938
2.84489 7.59861 8.62782
-2.8942 -3.37844 4.32142
3.11209 2.58366 1.50186
0.174991 0.512568 3.905
0.685319 1.11236 -1.17728
0.496045 -4.3099 1.34494
-5.23247 -1.90184 0.31119
-0.397901 -2.57882 1.42259
-2.27268 -6.71045 -3.2832
-0.746104 0.409364 -1.0874
-1.89045 1.41388 13.1337
-1.76447 2.24927 -5.9442
-1.85929 3.34204 -0.814663
-1.5649 2.31426 -0.308776
0.736473 -0.174255 -0.30692
1.82344 1.92326 0.780457
8.1494 3.56429 2.35847
16.2634 2.66161 1.74892
0.669834 5.20407 0.569475
-3.10435 2.63946 0.441126
4.1188 1.47945 5.6342
5.19198 1.43359 7.60922
0.800039 -3.82119 -0.813196
-9.32393 1.99339 -8.17565
