-7.65315 8.02732 8.10543
6.41088 1.76286 7.27829
0.101806 2.71856 0.447633
-2.57105 0.701083 -0.444146
-3.87305 -1.9136 2.57595
6.63685 2.10263 2.32688
0.149178 -4.6634 -33.5379
6.69538 -7.52374 5.91412
-1.75217 1.34531 1.07921
4.52604 -1.76833 -8.06356
-1.04355 -3.86128 1.4005
-3.33725 2.2261 17.8307
-0.842372 -3.87906 -2.75551
-13.3766 -9.2452 1.89313
5.85359 -4.08862 -6.88527
0.949172 1.70391 2.16668
0.113955 -5.14422 -2.69525
-1.5123 -0.514876 -4.01789
-4.86821 0.423036 2.82674
0.97058 -1.59345 3.4281
1.01438 -0.318979 8.13342
2.52318 -6.03853 5.59758
6.0977 1.5039 2.8443
1.46653 -2.12562 -2.58939
-1.64351 1.79556 -9.24755
-4.43667 -3.3581 -1.43039
0.655705 2.53298 1.03591
-0.101713 4.08614 0.324268
3.33883 3.21658 3.00103
4.34706 -7.93863 -8.24992
3.26747 5.95975 -11.366
-12.4222 -8.22935 -19.3446
8.7936 7.31582 7.70513
-0.0984883 -1.65171 -4.08378
-1.73229 -1.10936 -7.04282
1.42046 3.42403 0.313718
-3.70744 -2.79559 -0.0687038
0.139993 3.6219 0.512182
0.48253 -7.99919 -4.24373
-14.0194 -4.27567 7.76586
-3.12026 -1.31923 1.58197
3.05777 -8.05993 -7.4468
1.00783 -1.81446 -4.04378
0.299363 -0.0416896 -3.7711
5.66078 4.60867 -12.2883
-8.89951 246.637 2.42988
1.83437 -3.19546 -1.28502
4.70661 -4.16212 2.54229
1.09003 -1.20521 -3.31582
1.58989 -2.76238 -3.96059
-6.41939 1.76823 -1.48629
-2.69227 0.0692224 -0.93096
-9.75217 9.81543 -2.82074
-1.57113 0.106555 0.976985
2.61177 9.33102 1.38697
2.135 0.206228 2.32257
-1.12058 -0.137648 1.26387
-2.92814 10.931 -2.76156
-0.720434 0.736599 -5.2174
-2.27892 -3.46203 -3.7463
-3.36522 -2.69813 -0.197702
-4.54165 3.39117 23.1095
9.42784 4.6703 -2.86128
-0.753773 -2.01621 -1.55743
2.70188 2.80253 -4.39232
-3.33511 -1.61278 40.1122
0.492253 -156.429 7.34694
1.33417 -7.68604 4.30882
3.61022 6.90116 -12.7895
4.13061 -1.79348 -4.2344
-23.2873 -4.53892 -9.52455
1.07244 1.20852 3.47089
4.54603 3.45089 -1.88606
-9.59883 1.28477 -0.219312
-0.418101 0.98356 -33.7196
2.52007 -1.56395 5.54215
2.68179 7.69361 7.86914
-3.66395 -3.86951 5.55335
3.45277 2.97868 1.48413
-0.220649 -0.6529 2.92813
0.698912 1.10742 -1.14628
-0.0861387 -4.10423 1.49741
-5.12147 -1.09238 -0.345463
-0.0544449 -2.8071 1.83936
-2.32257 -6.19705 -3.42054
-0.777023 0.459828 -0.551113
-2.11864 1.52715 13.0339
-1.85301 2.22996 -5.90913
-1.81914 3.74761 -1.12723
-0.390259 1.97203 -0.391994
0.429721 -0.158661 -0.315304
2.07121 1.94855 0.458572
8.28984 3.62659 1.72411
16.4221 0.447738 2.36511
0.932778 5.20975 0.570408
-2.41598 3.07893 2.11301
3.29509 1.63956 4.71405
5.28083 1.01797 8.18128
5.87041 -12.8842 -2.02139
-9.32328 1.86034 -8.4163
