-7.65826 8.09594 8.11625
6.35401 1.78474 7.19403
0.221562 2.80828 0.451365
-2.56696 0.650779 -0.441928
-3.96885 -1.91278 2.62365
6.7665 2.12508 2.33482
0.147914 -4.6215 -33.5475
6.68728 -7.56798 5.87811
-1.72845 1.32638 1.10007
4.58193 -1.91321 -8.43373
-0.969986 -3.8711 1.38878
-3.38483 2.23283 17.8881
-0.843353 -3.85327 -2.75189
-13.4048 -9.24547 1.87903
5.69603 -4.252 -7.3621
0.955712 1.71785 2.12778
0.117424 -5.13117 -2.73274
-1.46831 -0.51789 -4.03614
-4.69049 1.56948 2.92489
0.956311 -1.57421 3.45061
1.05537 0.120425 8.2682
2.50657 -6.04126 5.59685
6.09375 1.58635 2.9183
1.47002 -2.17993 -2.56137
-1.61475 1.86004 -9.2334
-4.44114 -3.37701 -1.43649
0.64073 2.52842 0.71971
-0.0936948 3.99821 0.685064
3.253 3.223 3.02028
4.34939 -7.94404 -8.26265
3.28662 5.97243 -11.1963
-12.2866 -8.25496 -19.3049
8.82564 7.23694 7.64778
-0.113479 -1.61845 -4.11229
-1.70869 -1.09423 -7.03232
1.3641 3.4343 0.386519
-3.79423 -2.91422 -0.0223427
0.213072 3.65231 0.479502
0.363725 -8.09644 -4.35779
-14.9226 -4.02471 7.42527
-3.12551 -1.31717 1.60407
2.9836 -8.08753 -7.21294
1.05678 -2.1021 -3.7134
0.182395 0.115553 -3.75106
5.68731 4.41783 -12.3047
-8.89718 246.647 2.40676
1.79638 -3.25686 -1.2523
4.79132 -4.15534 2.57103
1.04617 -1.24034 -3.37957
1.5889 -2.78696 -3.9248
-6.42905 1.75938 -1.47702
-2.69468 0.0710954 -0.938344
-8.24942 8.71089 -2.92427
-1.63387 0.115364 0.939716
2.50264 9.3023 1.29057
2.15813 0.210951 2.3843
-1.11807 -0.145514 1.3554
-3.00409 11.0304 -2.78655
-0.610066 0.750019 -5.10163
-2.41885 -3.50709 -3.82204
-3.35342 -2.66513 -0.200508
-4.47236 3.30323 23.0999
9.44463 4.6447 -2.87221
-0.719596 -2.01801 -1.57266
2.66645 2.75411 -4.38213
-3.33579 -1.54992 40.1508
0.481205 -156.414 7.34398
1.2404 -7.73302 4.59521
3.60573 6.82761 -12.8491
4.23711 -1.808 -4.12103
-23.2805 -4.39396 -9.51601
1.14739 1.28182 3.54548
4.53653 3.45323 -1.8037
-9.53279 1.2553 -0.25396
-0.44875 1.06791 -33.8638
2.59264 -1.61056 5.40284
2.65348 7.71815 7.77108
-3.83328 -3.96437 5.91794
3.51219 3.06216 1.48024
-0.277886 -0.859847 2.27307
0.699713 1.10677 -1.14166
-0.193682 -4.07212 1.5193
-5.10259 -0.981624 -0.454884
-0.00697067 -2.84993 1.90644
-2.3317 -6.12587 -3.44767
-0.759812 0.466553 -0.467243
-2.15817 1.54408 13.0201
-1.87203 2.22605 -5.90411
-1.81597 3.81167 -1.18063
-0.404182 1.96787 -0.391068
0.378659 -0.155837 -0.316272
2.11463 1.95361 0.396799
8.29933 3.61892 1.54293
16.4957 -0.363095 2.47592
0.977537 5.21319 0.567611
-2.27946 3.14871 2.28215
3.17923 1.66861 4.57121
5.29493 0.946927 7.98697
5.32833 -11.927 -2.332
-9.31863 1.83249 -8.21446
