-7.66976 8.39504 8.16817
6.1494 1.79223 6.92834
0.855195 3.27148 0.474977
-2.55187 0.479324 -0.432454
-4.28483 -1.90477 2.81153
6.7415 2.22956 2.37189
0.13784 -4.44931 -33.601
6.65107 -7.82518 5.35397
-1.64136 1.26162 1.18762
4.82708 -2.54042 -10.3288
-0.585908 -3.74468 1.2847
-3.54121 2.27054 17.6788
-0.839352 -3.75693 -2.73529
-13.5965 -9.2829 1.86647
5.17563 -4.79643 -7.79362
0.981273 1.76932 1.98038
0.112321 -5.04574 -2.85329
-1.29909 -0.53075 -3.68877
-4.18794 6.54813 3.42304
0.904949 -1.50017 3.53678
1.26969 2.24955 9.09166
2.4333 -6.06886 5.58915
6.08853 1.87959 3.23937
1.48591 -2.38555 -2.44612
-1.48854 2.13038 -9.17952
-4.46244 -3.45515 -1.4539
0.576938 2.50196 -0.444988
-0.0816448 3.40201 0.319985
2.94634 3.251 3.10874
4.35494 -7.9722 -8.31381
3.34666 6.02248 -10.7264
-11.9591 -8.61807 -19.0695
8.95591 6.97017 7.48011
-0.176774 -1.48799 -4.24351
-1.67572 -1.0099 -6.9821
1.13365 3.47359 0.723128
-4.22139 -3.56787 0.111958
0.505811 3.8062 0.360794
-0.18042 -8.23652 -4.68234
-13.2647 -2.9138 6.46007
-3.14789 -1.31241 1.70092
2.69405 -8.19966 -6.46835
1.22502 -3.95032 -2.14454
-0.232981 0.764818 -3.64805
5.80215 3.82421 -12.3759
-8.90087 246.498 2.31444
1.63435 -3.46254 -1.09072
5.15816 -4.12819 2.68898
0.886431 -1.38692 -3.66238
1.58325 -2.89666 -3.73812
-6.47623 1.72528 -1.43255
-2.70372 0.077691 -0.971436
-4.97698 4.91179 -4.36483
-1.89481 0.157415 0.795889
2.10398 9.20564 0.892022
2.25414 0.23189 2.60769
-1.11611 -0.176347 1.75687
-3.26017 11.4339 -2.88875
-0.200198 0.871454 -4.1212
-2.95476 -3.54466 -4.18385
-3.3136 -2.54939 -0.205681
-4.19724 2.97294 23.0839
9.57727 4.53136 -2.92484
-0.584354 -2.02728 -1.63584
2.53091 2.56887 -4.35248
-3.34545 -1.2259 40.251
0.472978 -156.346 7.33225
0.870958 -8.08057 5.66593
3.59859 6.52917 -13.0984
4.66606 -1.86344 -3.80984
-23.2758 -4.01444 -9.50435
1.44222 1.65598 4.04157
4.51491 3.46173 -1.48163
-9.31432 1.16921 -0.414889
-0.585823 1.37926 -33.5539
2.88957 -1.79021 4.8489
2.54611 7.85677 7.43692
-4.79064 -4.33718 6.96548
3.77311 3.40287 1.45882
-0.484975 -0.694556 1.15936
0.704753 1.10595 -1.123
-0.515599 -3.94783 1.60772
-5.02159 -0.546665 -0.895333
0.174438 -3.02149 2.16237
-2.3728 -5.84454 -3.5448
-0.727876 0.486816 0.0685383
-2.31761 1.61058 12.9696
-1.94183 2.20993 -5.86643
-1.80669 4.08707 -1.36829
-0.479827 2.00777 -0.396356
0.183933 -0.144427 -0.318433
2.29863 1.98347 0.130277
8.37102 3.50814 0.918029
17.1317 -3.27554 3.02048
1.16695 5.23257 0.550629
-1.78996 3.47047 1.74474
2.73945 1.80199 4.06159
5.36929 0.672132 7.30971
1.64514 -9.55049 -3.29173
-9.31356 1.71787 -7.40004
