-7.67043 8.47769 8.18193
6.10521 1.78476 6.8748
1.06741 3.40278 0.483059
-2.54837 0.440479 -0.431045
-4.19482 -1.90155 2.8628
6.65259 2.25647 2.38157
0.128303 -4.41329 -33.6224
6.6392 -7.9094 5.26132
-1.62286 1.24817 1.20976
4.92044 -2.69197 -10.0509
-0.48226 -3.72972 1.30789
-3.57102 2.28103 17.4813
-0.838242 -3.73616 -2.73296
-13.6691 -9.29881 1.86228
5.05671 -4.92433 -7.65714
0.98953 1.77987 1.94548
0.0908648 -5.02161 -2.87353
-1.26679 -0.533931 -3.61073
-3.9922 6.01567 3.50543
0.892921 -1.48473 3.55851
1.36268 3.09663 9.33015
2.41736 -6.07055 5.586
6.08766 1.93644 3.32374
1.49082 -2.43446 -2.41945
-1.45512 2.20149 -9.16801
-4.46648 -3.47612 -1.45903
0.556507 2.49331 -0.701095
-0.0811965 3.17323 0.165018
2.87326 3.25863 3.13419
4.3561 -7.98246 -8.32999
3.35805 6.03407 -10.635
-11.905 -8.69939 -19.0786
8.99833 6.9139 7.45841
-0.19411 -1.45854 -4.27392
-1.67875 -0.999001 -6.97657
1.06459 3.48282 0.826981
-4.35782 -4.04306 0.130625
0.578896 3.84936 0.333921
-0.355813 -7.30329 -4.72851
-13.0112 -2.69117 6.27175
-3.15565 -1.31238 1.727
2.61809 -8.23061 -6.31526
1.28342 -4.41916 -2.0039
-0.325342 0.885855 -3.61999
5.83536 3.68883 -12.4
-8.90305 246.42 2.30074
1.59329 -3.51475 -1.04778
5.24251 -4.12127 2.72055
0.844475 -1.42692 -3.74133
1.58157 -2.92862 -3.69242
-6.49209 1.71723 -1.41961
-2.70657 0.0797444 -0.977873
-4.62399 4.50189 -4.9958
-1.96301 0.168566 0.764039
2.01226 9.17512 0.783617
2.27303 0.237411 2.66699
-1.11957 -0.184927 1.86617
-3.31618 11.5212 -2.91691
-0.085707 0.918271 -3.8721
-3.09616 -3.5183 -4.25228
-3.30403 -2.52565 -0.206754
-4.12722 2.87962 23.0823
9.6235 4.51344 -2.93327
-0.552053 -2.03049 -1.65161
2.49697 2.51076 -4.3466
-3.35221 -1.12521 40.2031
0.46143 -156.364 7.33184
0.783709 -8.20487 5.91158
3.60138 6.45936 -13.173
4.75687 -1.87589 -3.74334
-23.2767 -3.93649 -9.50202
1.52741 1.79693 4.20313
4.51135 3.46348 -1.39937
-9.27197 1.1505 -0.468096
-0.612897 1.44958 -33.4809
2.96901 -1.83447 4.68371
2.5132 7.89002 7.38412
-5.07488 -4.427 7.14293
3.84718 3.47759 1.45109
-0.53053 -0.269782 0.928186
0.706064 1.10609 -1.11862
-0.574849 -3.92087 1.62835
-4.99683 -0.436639 -1.0132
0.2179 -3.05772 2.21913
-2.38482 -5.77097 -3.5675
-0.736896 0.491923 0.235204
-2.35648 1.62443 12.9594
-1.95927 2.20983 -5.8559
-1.79581 4.16796 -1.40424
-0.49511 2.02086 -0.399342
0.136694 -0.142271 -0.318193
2.3451 1.99264 0.0641924
8.42772 3.47035 0.766218
17.0789 -3.44164 3.12752
1.2164 5.23811 0.545985
-1.60943 3.57128 1.44208
2.63907 1.8376 3.95235
5.39226 0.607645 7.14043
1.11619 -9.28987 -3.54172
-9.31529 1.68916 -7.25452
