-7.66293 8.74719 8.2251
5.9966 1.75495 6.74804
2.01508 3.56856 0.518624
-2.53801 0.323271 -0.427459
-3.94049 -1.89239 3.02699
6.40229 2.32626 2.41611
0.0966063 -4.32058 -33.6169
6.6034 -8.17316 5.03288
-1.56772 1.20578 1.28374
5.31557 -3.15854 -9.0275
-0.231476 -3.76938 1.36405
-3.65282 2.31188 17.1175
-0.83059 -3.68767 -2.72319
-13.9389 -9.35525 1.83483
4.77807 -5.30311 -7.2187
1.01677 1.80853 1.83899
0.012366 -4.99916 -2.97475
-1.17262 -0.546767 -3.38192
-3.41637 4.88779 3.95099
0.859842 -1.44406 3.634
1.6976 5.58299 8.78591
2.37497 -6.09376 5.57527
6.08686 2.1035 3.5681
1.51021 -2.58821 -2.33604
-1.35304 2.40892 -9.13497
-4.48147 -3.54582 -1.47096
0.493351 2.46951 -1.48793
-0.0767561 2.5782 -0.306325
2.66065 3.27947 3.21844
4.35807 -8.01738 -8.36932
3.39127 6.06824 -10.4031
-11.6929 -8.88523 -19.0816
9.2053 6.76676 7.41553
-0.244662 -1.37569 -4.36829
-1.66923 -0.995541 -6.97262
0.871734 3.50776 1.10694
-4.99864 -4.07437 0.171109
0.795403 3.97988 0.265632
-0.980186 -6.58064 -4.8258
-12.5159 -2.129 5.84965
-3.18142 -1.31878 1.80739
2.40565 -8.33024 -5.89278
1.47354 -5.90928 -0.975287
-0.610057 1.12522 -3.53488
5.94827 3.27111 -12.4749
-8.90432 246.312 2.235
1.48084 -3.67616 -0.887823
5.50339 -4.10387 2.81918
0.711368 -1.54434 -3.97898
1.57913 -3.02734 -3.55926
-6.54529 1.69146 -1.3822
-2.71627 0.0830581 -0.993995
-3.4405 3.1504 -6.87219
-2.17362 0.201248 0.673034
1.87201 9.10728 0.335763
2.33302 0.253429 2.85837
-1.13365 -0.213547 2.20625
-3.49483 11.7578 -3.00601
0.308403 1.05877 -3.23004
-3.73049 -3.4676 -4.17774
-3.27495 -2.46844 -0.210173
-3.91965 2.54448 23.0879
9.76378 4.48626 -2.94291
-0.453898 -2.04213 -1.6995
2.39639 2.31003 -4.32825
-3.36405 -0.892734 40.1191
0.446048 -156.407 7.32954
0.54899 -8.64766 6.78593
3.61723 6.29325 -13.4358
5.03468 -1.91709 -3.5424
-23.2768 -3.75997 -9.49757
1.82241 2.25784 4.84786
4.50298 3.46917 -1.15341
-9.17757 1.089 -0.599834
-0.669641 1.66498 -33.3384
3.23013 -1.97642 4.3128
2.39899 7.9613 7.26164
-5.96899 -4.74487 6.93416
4.10319 3.66485 1.426
-0.646049 0.949145 0.212046
0.711326 1.10542 -1.10439
-0.748957 -3.86035 1.69283
-4.92157 -0.122944 -1.40453
0.352845 -3.17313 2.41664
-2.41877 -5.60237 -3.64605
-0.771925 0.50728 0.589261
-2.47544 1.65568 12.9322
-2.01081 2.20916 -5.82559
-1.77069 4.42983 -1.47131
-0.54623 2.05537 -0.411416
-0.0071768 -0.140797 -0.316616
2.49511 2.02259 -0.131146
8.63116 3.45372 0.402309
16.3511 -3.89042 3.65842
1.37215 5.25447 0.53295
-0.77385 3.90804 0.652314
2.36434 1.9474 3.64997
5.46175 0.40417 6.69715
-0.623263 -8.64314 -4.19929
-9.31824 1.60184 -6.89584
