-7.6606 8.84008 8.23958
5.96605 1.74206 6.71509
2.57364 3.59877 0.535484
-2.53452 0.281913 -0.426338
-3.84716 -1.89026 3.08548
6.3236 2.35008 2.42929
0.0937114 -4.29238 -33.443
6.595 -8.26934 4.96401
-1.54802 1.19067 1.31031
5.49585 -3.53882 -8.63688
-0.152618 -3.79151 1.37837
-3.67855 2.32098 17.0366
-0.825674 -3.67386 -2.71712
-14.0473 -9.37691 1.82128
4.70012 -5.42952 -7.07886
1.02501 1.81999 1.78123
-0.00178948 -5.00184 -3.02614
-1.13571 -0.55302 -3.30768
-3.35407 3.47827 4.22198
0.849801 -1.42853 3.66163
1.80996 6.24418 8.27778
2.36185 -6.1061 5.57178
6.08687 2.1584 3.64509
1.51815 -2.64284 -2.30778
-1.31833 2.48078 -9.12541
-4.48622 -3.57276 -1.47535
0.47311 2.46265 -1.762
-0.0744707 2.39935 -0.466852
2.59153 3.28642 3.24936
4.35767 -8.03756 -8.38828
3.40268 6.07906 -10.3402
-11.6235 -8.94985 -19.0802
9.29214 6.71856 7.39755
-0.262595 -1.35014 -4.40236
-1.65932 -0.999123 -6.973
0.811975 3.51512 1.19193
-5.40206 -3.99958 0.179732
0.867141 4.02313 0.245879
-1.21835 -6.46969 -4.84861
-12.3998 -1.97394 5.75258
-3.19045 -1.32182 1.83615
2.34454 -8.36707 -5.76098
1.54036 -5.27848 -0.539504
-0.703206 1.19053 -3.50999
5.99191 3.11956 -12.5023
-8.95148 246.58 2.2275
1.44601 -3.73251 -0.827008
5.59596 -4.09915 2.85294
0.666525 -1.58203 -4.05769
1.57922 -3.06152 -3.51682
-6.56401 1.68194 -1.36923
-2.71903 0.0831727 -0.99986
-2.96835 2.4379 -7.42157
-2.24648 0.211823 0.643204
1.86044 9.14214 0.216014
2.35526 0.258104 2.92584
-1.13815 -0.224645 2.32437
-3.55265 11.8362 -3.03385
0.452775 1.0987 -3.03708
-3.98805 -3.55673 -4.19293
-3.26424 -2.45316 -0.211898
-3.85389 2.42972 23.0954
9.8128 4.48062 -2.94248
-0.420444 -2.04688 -1.71655
2.36526 2.24433 -4.3234
-3.32886 -0.99169 40.0931
0.442469 -156.399 7.32505
0.470857 -8.83461 7.13189
3.62173 6.24535 -13.5361
5.01856 -1.93336 -3.47518
-23.2802 -3.71576 -9.49265
1.9294 2.40766 5.12644
4.5007 3.47066 -1.07172
-9.15014 1.06789 -0.629008
-0.684193 1.72828 -33.3102
3.3246 -2.03282 4.22446
2.35886 7.97562 7.22763
-6.36467 -4.89546 6.64555
4.20257 3.7211 1.41694
-0.67949 1.36301 -0.0503839
0.713919 1.10453 -1.0998
-0.807785 -3.84434 1.7156
-4.90404 -0.0324805 -1.59097
0.40466 -3.21966 2.49223
-2.43264 -5.55983 -3.68401
-0.783848 0.512077 0.689173
-2.51674 1.66398 12.9244
-2.0302 2.2034 -5.81215
-1.76616 4.52254 -1.52
-0.563475 2.06922 -0.416141
-0.0567228 -0.141105 -0.316387
2.54904 2.03251 -0.195973
8.67753 3.46374 0.301109
16.1888 -4.03204 3.85941
1.42713 5.25944 0.528418
-0.400196 4.02435 0.41965
2.27889 1.98393 3.55533
5.48266 0.324384 6.55988
-1.32545 -8.47368 -4.39488
-9.31766 1.57114 -6.79638
