-7.65881 8.83438 8.25448
5.93739 1.72864 6.68533
2.96938 3.61862 0.557419
-2.53135 0.241231 -0.425143
-3.74323 -1.88885 3.14558
6.24372 2.37454 2.44302
0.0939709 -4.26469 -33.3277
6.5885 -8.36962 4.877
-1.52717 1.17547 1.33555
5.70379 -4.13864 -8.30232
-0.0738713 -3.81567 1.3914
-3.70392 2.32993 16.9672
-0.822995 -3.65785 -2.71385
-14.1694 -9.39959 1.80623
4.63193 -5.74407 -6.90029
1.03212 1.83233 1.73677
-0.0104003 -5.00418 -3.08106
-1.09299 -0.560625 -3.2369
-3.34621 1.29523 4.57264
0.839946 -1.41111 3.68922
1.93234 6.84607 7.87476
2.30962 -6.11756 5.546
6.08709 2.22148 3.72225
1.5262 -2.69778 -2.28174
-1.28941 2.55432 -9.11724
-4.49212 -3.59947 -1.4793
0.453584 2.45781 -2.0443
-0.0716997 2.27833 -0.615391
2.52308 3.2936 3.28144
4.36468 -8.05204 -8.40686
3.41393 6.09207 -10.2829
-11.5584 -9.01761 -19.0789
9.38801 6.66897 7.37633
-0.279976 -1.32257 -4.43626
-1.64676 -1.00289 -6.97351
0.754388 3.52232 1.27408
-5.56359 -3.91933 0.184022
0.936652 4.06642 0.227469
-1.56148 -6.36851 -4.8682
-12.2985 -1.83526 5.66201
-3.20006 -1.32292 1.86501
2.29075 -8.40444 -5.61942
1.61176 -3.77435 -0.168863
-0.820785 1.25596 -3.48718
6.0392 2.95949 -12.5342
-9.00535 246.826 2.21499
1.41299 -3.79294 -0.739487
5.69244 -4.09462 2.8869
0.622883 -1.61876 -4.13274
1.57984 -3.09329 -3.47207
-6.58313 1.67246 -1.35471
-2.72164 0.084562 -1.00557
-2.43444 1.4381 -8.02558
-2.32093 0.222694 0.613597
1.82904 9.1713 0.134184
2.37935 0.262658 2.99469
-1.14208 -0.235632 2.44712
-3.62744 11.9233 -3.06021
0.603603 1.128 -2.85306
-4.1976 -3.63802 -4.27317
-3.25426 -2.43881 -0.213855
-3.79966 2.32006 23.1051
9.86431 4.47537 -2.94083
-0.386039 -2.05147 -1.73499
2.33084 2.18024 -4.31838
-3.29222 -1.09296 40.0731
0.479117 -156.402 7.34625
0.391679 -9.02491 7.05772
3.62643 6.19897 -13.5063
4.89644 -1.95255 -3.40875
-23.2871 -3.67135 -9.48818
2.04581 2.53627 5.4382
4.49856 3.47333 -0.988978
-9.12262 1.04832 -0.654085
-0.698585 1.79009 -33.2874
3.42498 -2.09835 4.14307
2.31845 7.98764 7.19628
-6.82277 -5.10986 6.40157
4.30326 3.77638 1.40725
-0.709746 1.48479 -0.278276
0.717052 1.10409 -1.09537
-0.867566 -3.82925 1.7374
-4.8924 0.0491417 -1.75191
0.463598 -3.27431 2.56714
-2.44329 -5.5148 -3.72486
-0.795311 0.517395 0.787095
-2.55994 1.67192 12.9177
-2.05148 2.20575 -5.79826
-1.76029 4.62173 -1.55024
-0.580878 2.08274 -0.420244
-0.107289 -0.140809 -0.31619
2.60541 2.0427 -0.261422
8.71396 3.47505 0.206911
16.0482 -3.86292 4.04611
1.48356 5.26467 0.523751
-0.001718 4.13073 0.181643
2.19603 2.0203 3.46351
5.50582 0.232756 6.40052
-2.06555 -8.34484 -4.60061
-9.31592 1.54281 -6.70997
