-7.6578 8.72885 8.27005
5.90886 1.7155 6.65885
3.09315 3.62003 0.590385
-2.52928 0.202753 -0.424218
-3.64317 -1.88698 3.21595
6.1614 2.40074 2.45807
0.0955466 -4.23542 -33.2489
6.58139 -8.47022 4.77968
-1.50854 1.16233 1.36083
5.87263 -4.65003 -8.02371
0.00271459 -3.84018 1.40403
-3.73071 2.33907 16.9073
-0.822397 -3.64242 -2.71087
-14.3129 -9.42162 1.79149
4.56183 -6.30364 -6.69291
1.03806 1.84762 1.70003
-0.0152171 -5.00514 -3.13826
-1.05363 -0.567413 -3.15988
-3.35585 -0.313923 5.01266
0.829606 -1.39187 3.71711
2.02222 7.02084 7.55729
2.2574 -6.12586 5.52141
6.08699 2.29266 3.79968
1.53217 -2.75012 -2.25754
-1.26723 2.62916 -9.1103
-4.49849 -3.62435 -1.48388
0.431646 2.45556 -2.33565
-0.070107 2.21411 -0.751095
2.45417 3.30209 3.31556
4.37104 -8.06579 -8.42718
3.42411 6.10795 -10.2292
-11.4996 -9.08657 -19.0764
9.49243 6.62239 7.35472
-0.298889 -1.29153 -4.46993
-1.63272 -1.00622 -6.97332
0.69689 3.53021 1.35605
-5.4052 -3.82539 0.179634
1.00265 4.11345 0.210834
-1.99292 -6.2758 -4.88582
-12.2162 -1.68463 5.57842
-3.21134 -1.3224 1.89358
2.23307 -8.43906 -5.46867
1.67045 -2.52842 0.163672
-0.965119 1.32494 -3.46602
6.08352 2.8056 -12.5706
-9.01032 246.81 2.19169
1.37656 -3.85629 -0.629852
5.78984 -4.08934 2.92644
0.574268 -1.6522 -4.20324
1.5797 -3.12184 -3.42534
-6.60449 1.66466 -1.33852
-2.72495 0.0870818 -1.00969
-2.08137 0.715669 -8.71784
-2.39829 0.234804 0.585439
1.78183 9.18912 0.0681328
2.40333 0.267723 2.98998
-1.14728 -0.245924 2.57511
-3.72318 12.0229 -3.08437
0.757637 1.15934 -2.67324
-4.38801 -3.69539 -4.37373
-3.24527 -2.42386 -0.215642
-3.75746 2.21935 23.1167
9.91808 4.47066 -2.93779
-0.351646 -2.05529 -1.75152
2.29198 2.11729 -4.31294
-3.28968 -1.03924 40.0663
0.511569 -156.417 7.37141
0.295689 -9.21631 6.57163
3.62889 6.1591 -13.3551
4.77622 -1.97118 -3.34153
-23.2965 -3.62072 -9.48878
2.16949 2.6792 5.79517
4.49586 3.47754 -0.902623
-9.10071 1.03667 -0.672678
-0.71381 1.85275 -33.2681
3.51314 -2.15512 4.06824
2.27602 7.99812 7.16919
-6.9856 -5.32092 6.1925
4.40574 3.83285 1.39696
-0.740658 1.30977 -0.463504
0.720235 1.10431 -1.09069
-0.929903 -3.81459 1.75923
-4.88767 0.131186 -1.89383
0.516802 -3.3264 2.64274
-2.44929 -5.46236 -3.76641
-0.807586 0.523521 0.885957
-2.60624 1.67958 12.9125
-2.0721 2.2168 -5.78978
-1.75433 4.7369 -1.57453
-0.601144 2.0976 -0.424628
-0.159155 -0.139842 -0.315522
2.66276 2.05365 -0.315829
8.74331 3.488 0.120431
15.9082 -3.32954 4.2368
1.54097 5.27037 0.519936
0.37947 4.26813 -0.0649331
2.11267 2.05972 3.37542
5.52906 0.139487 6.2216
-2.81894 -8.2308 -4.82225
-9.31425 1.5192 -6.6346
