-4.1605 -1.06626 -1.00191
-0.489246 -1.56512 0.384913
2.65328 -0.500921 0.107653
-1.67707 -1.80422 -0.0576639
1.23409 -0.774022 -1.46353
0.989105 0.0815816 2.73016
0.121374 -2.40681 0.108547
0.5649 2.71746 1.11351
-2.96415 1.12655 -1.23049
0.700004 0.779198 -0.314407
-1.42727 -0.304155 0.286739
-4.48235 0.445673 1.82331
-0.0607497 1.3073 -0.348268
-1.25193 -0.416073 -2.24263
1.97704 2.50044 -1.70544
0.139268 0.332297 -0.599964
-0.00473733 -0.815641 -2.04508
-2.58593 -0.0808924 -0.447981
2.48984 0.0927495 -0.551353
-3.65124 1.01213 0.779601
-1.24154 -0.616455 0.384727
0.217428 0.802042 -0.109242
1.49754 -0.70821 -0.656448
0.12036 0.372774 1.77821
1.97265 -0.870389 -0.0504477
-0.401045 -1.07388 -1.23284
0.1471 1.92743 1.7035
-0.0882029 3.17698 0.583679
4.90387 0.108279 1.23243
-1.42633 0.807226 -4.32717
-0.547974 -1.61779 -0.497932
1.21 5.20203 -2.54011
-0.487053 3.73242 0.255277
0.482399 0.244438 -0.618796
-1.80399 0.168866 1.03964
0.751074 0.533208 -2.53112
-0.197241 -1.14143 -0.00361705
-0.703076 -0.111372 2.78356
-1.87295 -0.872158 0.405513
1.32384 -0.183239 1.5848
-0.940117 -0.00936313 -1.98274
0.132841 -0.948784 -9.75379
-0.224964 -1.69853 1.16573
-2.20089 -2.08065 -0.910649
-1.40078 4.03829 -0.876783
-0.409718 1.38421 2.25557
-0.800376 0.631772 1.9684
2.90311 -0.227108 0.167833
1.26159 1.37524 -0.261102
0.368565 -0.350133 0.950856
0.725307 1.22129 3.67701
-1.23561 -0.0135439 -0.160446
-1.16503 0.448199 3.35993
1.33437 1.42937 -0.114724
0.654787 0.583461 -0.243385
0.384125 -0.0252598 -1.74673
-0.120973 0.641354 -0.0787776
3.8047 2.35464 3.40813
-2.59089 -0.236368 0.301795
-0.556121 -0.736511 -0.129818
-0.305026 -0.473508 0.799162
-1.12714 -0.272089 -1.84389
-0.00120578 0.02299 -0.23235
0.63943 -0.624479 0.0269877
0.521453 -1.46778 1.27896
1.13061 -2.76847 -3.04312
0.385635 -1.21744 -1.18512
-0.790998 3.48277 3.88694
-0.554746 0.62887 -0.976925
1.08494 0.0209768 -0.875777
-1.02635 -2.47208 0.783799
2.11352 -3.25626 -0.23643
-1.09511 1.45848 -1.53302
-0.654296 -0.808315 -1.4179
0.570855 1.36616 1.67536
1.00478 0.330994 -0.0597824
0.248572 -2.37711 -0.550759
-1.60886 0.928666 0.64396
0.158849 -0.630219 0.451319
-2.83455 -0.809599 2.76197
0.132151 0.576741 -0.639227
0.242836 -1.08647 0.18683
-0.378915 -0.88533 -0.359554
-0.372024 -0.0401825 -0.218804
-4.08773 -0.596623 -1.44744
0.742157 -0.176993 0.157806
-1.33398 -0.202732 4.73072
-0.171037 -0.268993 -0.152634
-0.0778298 0.196048 -3.43876
0.275515 0.174055 0.00805039
-1.11333 -0.448035 0.236739
2.89721 -0.823968 3.37431
3.53986 0.284098 -0.605719
-1.90293 -1.16074 0.503628
-0.488026 0.265843 0.393289
0.662031 -0.589619 0.399223
6.9948 0.875434 -1.57023
6.3031 2.63391 0.422729
0.768022 0.416017 0.324379
1.43417 -0.181063 -2.40161
