-7.65175 8.38298 8.31814
5.82642 1.67258 6.58671
3.62041 3.49461 0.866526
-2.52406 0.0766575 -0.421822
-3.36298 -1.882 3.46682
5.92589 2.48611 2.50912
0.105774 -4.15246 -33.1202
6.55663 -8.88165 4.54159
-1.45902 1.12658 1.438
6.1963 -5.85137 -7.38631
0.226026 -3.92088 1.43668
-3.82239 2.36172 16.761
-0.822179 -3.6075 -2.6982
-14.7827 -9.48371 1.74379
4.33563 -6.8735 -6.28381
1.05389 1.9009 1.60615
-0.0161394 -5.00723 -3.32465
-0.94993 -0.586512 -2.91595
-3.36858 -4.05347 6.68663
0.79878 -1.33585 3.79944
2.1533 6.30004 6.82005
2.22164 -6.15524 5.52104
6.08653 2.4957 3.99518
1.54479 -2.91151 -2.18812
-1.19924 2.84493 -9.09387
-4.51952 -3.7056 -1.5041
0.358925 2.45145 -3.29868
-0.0698031 2.01301 -0.355864
2.24865 3.33096 3.42542
4.36587 -8.13164 -8.50783
3.45133 6.15415 -10.0905
-11.3456 -9.31145 -19.0685
9.92778 6.47894 7.29168
-0.361665 -1.20344 -4.58716
-1.58662 -1.01789 -6.97076
0.52549 3.55328 1.59909
-5.12437 -3.44248 0.0230962
1.19869 4.2684 0.164422
-3.22449 -5.97775 -4.93973
-12.0371 -1.23127 5.35682
-3.24984 -1.32432 1.97824
2.0511 -8.58414 -5.12114
1.81243 0.678068 1.06802
-1.42383 1.58037 -3.41749
6.21022 2.36094 -12.7248
-9.00957 246.887 2.12985
1.25794 -4.18662 -0.376583
6.09291 -4.07456 3.06182
0.409786 -1.74714 -4.43586
1.5787 -3.22053 -3.33869
-6.67697 1.64122 -1.29551
-2.73295 0.0924197 -1.01709
-1.66279 -0.431659 -10.6713
-2.64661 0.272611 0.501752
1.60883 9.20746 -0.112309
2.47501 0.283243 2.75416
-1.16691 -0.282018 2.97162
-4.06207 12.1487 -3.14562
1.27734 1.27664 -2.11946
-4.95918 -3.80227 -4.71915
-3.21765 -2.38105 -0.221106
-3.63394 1.96641 23.1588
10.091 4.45546 -2.92496
-0.252862 -2.06509 -1.79647
2.17026 1.92585 -4.29907
-3.28685 -0.89294 40.0629
0.482509 -156.405 7.383
-0.0425967 -10.2929 4.97907
3.63015 6.05704 -13.0143
4.43644 -2.02678 -3.15114
-23.3384 -3.45543 -9.52059
2.71561 3.17609 7.30238
4.48619 3.491 -0.62458
-9.09596 1.02607 -0.719454
-0.743444 2.02576 -33.2392
3.74277 -2.29178 3.85593
2.14957 8.01184 7.10357
-6.54096 -5.87372 5.59566
4.8001 4.01883 1.35875
-0.82358 0.708013 -1.45782
0.730235 1.10393 -1.07762
-1.12467 -3.78056 1.82125
-4.89562 0.385663 -2.25207
0.65931 -3.48026 2.88534
-2.45722 -5.31073 -3.91044
-0.846576 0.541938 1.19577
-2.7565 1.69851 12.9015
-2.13362 2.22421 -5.77903
-1.7265 5.18856 -1.665
-0.671675 2.14644 -0.445707
-0.322555 -0.13654 -0.312907
2.83771 2.08632 -0.441538
8.81023 3.52374 -0.111455
15.5668 -2.02706 4.89214
1.7196 5.28595 0.51059
1.22973 4.81881 -0.934987
1.86268 2.18274 3.11331
5.69293 -0.145732 5.74215
-4.89377 -7.93369 -5.72326
-9.30758 1.44938 -6.44935
