-7.65439 8.27248 8.33378
5.7956 1.65831 6.56339
3.85607 3.52919 0.956062
-2.52386 0.0350895 -0.421399
-3.27604 -1.88075 3.55579
5.85045 2.51943 2.52755
0.110065 -4.1273 -33.0973
6.54488 -9.0905 4.47178
-1.4447 1.11595 1.46105
6.28637 -6.18233 -7.28671
0.29647 -3.94823 1.4453
-3.86142 2.36779 16.719
-0.812468 -3.59088 -2.68648
-14.6363 -9.48431 1.72299
4.25255 -6.61945 -6.18532
1.05735 1.92089 1.57608
-0.0140079 -5.0073 -3.39321
-0.919475 -0.593039 -2.842
-3.39346 -5.274 7.02478
0.787958 -1.31776 3.82727
2.18056 6.13091 6.50659
2.20918 -6.16474 5.52175
6.08612 2.56032 4.05841
1.54624 -2.96699 -2.16882
-1.17728 2.91713 -9.08996
-4.52972 -3.73116 -1.51095
0.330658 2.45087 -3.65714
-0.071411 1.94443 -0.181136
2.17788 3.34231 3.46386
4.36356 -8.15367 -8.53912
3.45944 6.17002 -10.0507
-11.3127 -9.38879 -19.0707
9.97418 6.41223 7.27315
-0.383033 -1.1733 -4.63158
-1.57461 -1.02149 -6.96997
0.465859 3.561 1.67936
-5.10223 -3.36349 -0.0287446
1.262 4.32632 0.14714
-3.64114 -5.79988 -4.95707
-11.9966 -1.09582 5.28624
-3.26485 -1.3253 2.00857
1.98744 -8.64742 -5.02679
1.85658 1.6975 1.27746
-1.58454 1.71999 -3.4047
6.24461 2.21529 -12.8175
-9.01233 246.874 2.1088
1.21555 -4.3435 -0.303682
6.19814 -4.06999 3.10767
0.348191 -1.7776 -4.52089
1.57806 -3.2568 -3.31565
-6.70489 1.63319 -1.2818
-2.73551 0.0947325 -1.01821
-1.52448 -0.974328 -9.82256
-2.73817 0.286353 0.472041
1.54391 9.20863 -0.172616
2.49797 0.288596 2.67487
-1.17544 -0.295528 3.11139
-4.19274 11.8407 -3.16127
1.41884 1.32246 -1.91178
-5.17174 -3.82926 -4.84902
-3.20945 -2.36663 -0.223781
-3.59395 1.89689 23.1739
10.144 4.45092 -2.92091
-0.227897 -2.06748 -1.81363
2.13345 1.87714 -4.29585
-3.28712 -0.844086 40.0623
0.469214 -156.402 7.38621
-0.165158 -10.9484 4.26101
3.62906 6.02734 -12.9278
4.33021 -2.04608 -3.09504
-23.3558 -3.3907 -9.54108
2.87146 3.35622 8.03954
4.48234 3.49701 -0.524634
-9.10445 1.01595 -0.750539
-0.747326 2.09752 -33.2429
3.81742 -2.33531 3.77138
2.10448 8.01462 7.08351
-6.41677 -6.09305 5.32008
4.96886 4.1034 1.34315
-0.847102 0.469688 -1.84562
0.733479 1.10381 -1.07369
-1.19602 -3.77028 1.84144
-4.90334 0.479344 -2.35982
0.702784 -3.53465 2.95733
-2.4567 -5.25933 -3.95799
-0.861302 0.548648 1.3095
-2.81082 1.70714 12.8995
-2.15764 2.2209 -5.7781
-1.71629 5.40051 -1.71084
-0.700411 2.17061 -0.454596
-0.381957 -0.134206 -0.31227
2.89339 2.09716 -0.483039
8.82779 3.53615 -0.185532
15.484 -1.67899 5.20904
1.78015 5.29109 0.507059
1.36423 5.02851 -1.31478
1.77117 2.22575 3.02455
5.7542 -0.218891 5.61504
-5.15954 -7.85584 -6.17311
-9.30548 1.42681 -6.39513
