-7.66517 7.911 8.38308
5.71517 1.61274 6.49373
3.07986 3.748 1.06107
-2.52338 -0.0877214 -0.41994
-3.02558 -1.88153 3.84472
5.65771 2.62022 2.57915
0.126249 -4.06359 -33.0577
6.49267 -10.6868 4.30264
-1.40144 1.0819 1.52386
6.54087 -6.7992 -7.04514
0.522073 -4.04153 1.46824
-4.00239 2.37435 16.6114
-0.808181 -3.54581 -2.66783
-14.2613 -9.38947 1.17648
4.00705 -5.99921 -5.93562
1.06522 1.98398 1.47991
-0.0036964 -5.01086 -3.55296
-0.832944 -0.617484 -2.63341
-3.49136 -7.923 8.17437
0.755047 -1.2689 3.90786
2.28909 5.50643 5.88437
2.16928 -6.17891 5.51341
6.08396 2.739 4.19589
1.55564 -3.14784 -2.12239
-1.09768 3.13398 -9.08045
-4.55862 -3.81697 -1.53758
0.246137 2.43958 -4.87828
-0.0787968 1.68992 0.319851
1.96075 3.37816 3.56978
4.336 -8.23939 -8.6423
3.47966 6.21682 -9.94809
-11.2327 -9.65121 -19.0966
10.1402 6.0851 7.75322
-0.449654 -1.10264 -4.78374
-1.5381 -1.03557 -6.96925
0.280447 3.58118 1.9125
-4.15809 -3.2385 -0.058976
1.4598 4.50432 0.083573
-4.89305 -5.46182 -5.00281
-11.9072 -0.736505 5.0892
-3.31442 -1.32591 2.09349
1.79304 -8.9044 -4.77565
1.98203 4.64295 1.90348
-1.99324 2.08901 -3.37342
6.30786 1.69556 -13.2477
-9.00902 246.94 2.05
1.08109 -4.8764 -0.0887743
6.53347 -4.05908 3.24559
0.159844 -1.88823 -4.79034
1.57783 -3.3799 -3.24761
-6.80196 1.60849 -1.23673
-2.73136 0.0976268 -1.01507
-1.15505 -4.13362 -8.28663
-3.03231 0.323634 0.370697
1.3546 9.20323 -0.355511
2.56808 0.302567 2.43237
-1.20292 -0.344715 3.5484
-4.59891 11.1086 -3.20073
1.67516 1.47065 -1.62482
-5.8468 -3.92153 -5.27052
-3.18384 -2.32726 -0.233889
-3.47126 1.69293 23.2336
10.3287 4.4351 -2.91222
-0.153667 -2.07634 -1.8706
2.03165 1.73113 -4.29002
-3.28493 -0.689671 40.0643
0.446003 -156.448 7.40883
-0.596398 -10.1036 0.601099
3.62631 5.94173 -12.7128
4.03265 -2.1141 -2.93384
-23.4389 -3.19895 -9.63266
3.03995 3.89566 10.3113
4.47044 3.51669 -0.237155
-9.11394 0.962157 -0.856152
-0.767129 2.25724 -33.2586
4.05488 -2.49501 3.55924
1.9767 8.03099 7.0041
-6.12494 -6.45527 4.59768
5.6377 4.38665 1.29223
-0.901104 -1.26359 -3.41664
0.745298 1.1019 -1.06398
-1.41337 -3.74564 1.88854
-4.9299 0.801605 -2.66613
0.830325 -3.73949 3.19138
-2.45924 -5.1227 -4.10474
-0.908077 0.57019 1.70729
-2.9671 1.73039 12.8996
-2.24104 2.22744 -5.78907
-1.6708 6.91543 -1.91276
-0.776269 2.23286 -0.4671
-0.570156 -0.125849 -0.309537
3.06734 2.12513 -0.609283
8.87672 3.57018 -0.425774
15.3008 -0.937831 7.02486
1.97934 5.30365 0.494011
1.57105 5.68263 -2.96977
1.47697 2.33817 2.72316
5.90452 -0.417325 5.31084
-4.82752 -7.70343 -5.87896
-9.29689 1.35338 -6.24358
