-7.6647 7.77966 8.40489
5.6926 1.59723 6.47146
2.64926 3.82204 1.07964
-2.52237 -0.128158 -0.418694
-2.94396 -1.88477 3.94951
5.6041 2.65365 2.59795
0.133298 -4.04719 -33.0507
6.46716 -11.1691 4.29178
-1.38533 1.06722 1.54248
6.62869 -6.60342 -6.97804
0.606007 -4.07763 1.47611
-4.05336 2.37267 16.5846
-0.809594 -3.53504 -2.66358
-14.212 -9.45117 1.14472
3.93258 -5.81428 -5.83774
1.06779 1.99964 1.44701
0.000744213 -5.01344 -3.5046
-0.804503 -0.629459 -2.5675
-3.50601 -7.25005 8.59469
0.745001 -1.25452 3.93709
2.35637 5.01183 5.73028
2.15945 -6.18615 5.51472
6.08309 2.79296 4.14124
1.56418 -3.2164 -2.10823
-1.06675 3.20622 -9.07733
-4.56891 -3.84681 -1.54543
0.219068 2.43125 -5.34429
-0.0814143 1.59935 0.502617
1.88869 3.38863 3.60635
4.32534 -8.27926 -8.67946
3.48665 6.23153 -9.91973
-11.2104 -9.76092 -19.1095
10.2891 6.06361 7.75627
-0.467446 -1.08327 -4.83491
-1.52121 -1.04196 -6.96961
0.218468 3.58603 1.99202
-3.79803 -3.20408 -0.0563187
1.53186 4.55866 0.0613368
-5.2964 -5.38911 -5.01635
-11.8816 -0.649379 5.03574
-3.33113 -1.32798 2.12072
1.72821 -9.00941 -4.68529
2.0241 4.69643 2.10891
-2.10551 2.20601 -3.36624
6.31147 1.3796 -13.4769
-9.00778 246.924 2.02736
1.03494 -5.06033 0.00529795
6.65351 -4.05768 3.29347
0.0964648 -1.92994 -4.88169
1.57884 -3.42433 -3.21856
-6.83598 1.60036 -1.2226
-2.72319 0.0953875 -1.01065
-1.05181 -5.44897 -7.95869
-3.1332 0.333362 0.335786
1.29407 9.19923 -0.417133
2.59302 0.305758 2.34889
-1.21271 -0.363105 3.69781
-4.73959 10.8985 -3.21156
1.76438 1.50927 -1.53848
-6.08672 -3.96268 -5.4216
-3.17463 -2.31698 -0.237339
-3.43316 1.61089 23.2597
10.3174 4.42856 -2.91009
-0.125965 -2.081 -1.89146
2.00014 1.68344 -4.28968
-3.28235 -0.629271 40.0687
0.434238 -156.496 7.41396
-0.768465 -9.71116 -0.227706
3.62654 5.90941 -12.6512
3.9406 -2.14305 -2.88048
-23.4771 -3.13533 -9.66832
3.11323 4.0162 10.1405
4.46715 3.52375 -0.189868
-9.11228 0.934439 -0.891578
-0.778531 2.30878 -33.2674
4.13929 -2.58426 3.5011
1.93225 8.04767 6.96653
-6.05384 -5.86936 4.34483
5.89985 4.49043 1.27668
-0.899723 -2.39845 -3.93229
0.750867 1.10065 -1.06117
-1.4851 -3.74215 1.9045
-4.93818 0.877394 -2.75579
0.874921 -3.8399 3.2819
-2.45905 -5.08213 -4.14211
-0.924106 0.578393 1.86925
-3.01641 1.73788 12.9014
-2.26262 2.22491 -5.78652
-1.64618 7.46945 -2.0198
-0.796508 2.25426 -0.469533
-0.632009 -0.123281 -0.307475
3.13057 2.13215 -0.651987
8.89427 3.57739 -0.52464
15.2588 -0.465998 7.36916
2.05935 5.30638 0.489421
1.6466 5.85485 -3.03135
1.38184 2.36824 2.62702
5.9547 -0.506419 5.22412
-4.73201 -7.68597 -5.65179
-9.29391 1.32766 -6.19334
