-7.66452 7.64579 8.42729
5.67415 1.58112 6.45242
2.33965 3.895 1.09679
-2.52121 -0.169073 -0.41682
-2.85382 -1.88776 4.0611
5.55229 2.68746 2.61913
0.140849 -4.03213 -33.0452
6.44908 -11.0552 4.30908
-1.36664 1.05332 1.56116
6.71867 -6.39751 -6.91434
0.695551 -4.11503 1.48548
-4.10259 2.36945 16.564
-0.809479 -3.52638 -2.65778
-14.1458 -9.50534 1.12825
3.86156 -5.6299 -5.72705
1.07111 2.01215 1.41623
0.00585377 -5.01682 -3.45778
-0.773862 -0.640613 -2.50156
-3.51119 -6.52368 8.51447
0.735944 -1.24061 3.96963
2.43067 4.65366 5.61169
2.15171 -6.19437 5.51713
6.08203 2.84306 4.09117
1.57546 -3.28488 -2.09241
-1.03555 3.2792 -9.07338
-4.57718 -3.87778 -1.55294
0.195913 2.41942 -5.76738
-0.0840385 1.50634 0.69542
1.81976 3.40005 3.64618
4.31049 -8.327 -8.71406
3.49538 6.24614 -9.89018
-11.1909 -9.88578 -19.1214
10.4372 6.03182 7.7503
-0.48603 -1.06432 -4.88544
-1.50074 -1.04909 -6.96958
0.161264 3.59087 2.07615
-3.53588 -3.17065 -0.0515189
1.60761 4.61412 0.0419766
-5.68155 -5.32729 -5.02841
-11.8569 -0.573193 4.99515
-3.34516 -1.33092 2.15147
1.66391 -9.12154 -4.58515
2.06713 4.17997 2.3776
-2.22247 2.31811 -3.36024
6.3195 1.05659 -13.7327
-9.00164 246.925 2.00979
0.988352 -5.24085 0.118617
6.65916 -4.05677 3.34556
0.033992 -1.96992 -4.96541
1.58015 -3.47063 -3.18566
-6.86703 1.59188 -1.20704
-2.71056 0.0884632 -1.00486
-0.960273 -5.9729 -7.63671
-3.23417 0.342569 0.30233
1.23712 9.19524 -0.474962
2.62156 0.308891 2.26579
-1.22169 -0.381844 3.7367
-4.88743 10.6982 -3.21961
1.85789 1.55912 -1.43456
-6.33318 -4.00213 -5.57354
-3.16448 -2.30783 -0.239757
-3.40018 1.53186 23.2927
10.2284 4.42134 -2.9076
-0.0953239 -2.08601 -1.91193
1.97271 1.63672 -4.2872
-3.27887 -0.567237 40.0779
0.424959 -156.516 7.42063
-0.940499 -9.35667 -0.405325
3.62805 5.8793 -12.5918
3.85421 -2.17033 -2.82455
-23.525 -3.07136 -9.70412
3.19868 4.17414 9.04752
4.46488 3.53065 -0.139798
-9.1086 0.904542 -0.925151
-0.793261 2.35961 -33.2743
4.2258 -2.66855 3.45261
1.88449 8.07348 6.92604
-5.99063 -5.39207 4.10693
6.16068 4.59848 1.26388
-0.864479 -5.01777 -4.21676
0.7579 1.09899 -1.05811
-1.55247 -3.73974 1.9238
-4.94562 0.919873 -2.83858
0.923495 -3.92871 3.39148
-2.45867 -5.04331 -4.17877
-0.93845 0.587362 2.06153
-3.06598 1.74562 12.9044
-2.2809 2.22091 -5.78234
-1.62773 7.564 -2.14488
-0.816675 2.27504 -0.472388
-0.691294 -0.120831 -0.304317
3.19891 2.13849 -0.693303
8.91457 3.58402 -0.617572
15.2062 0.743165 7.2223
2.15013 5.30856 0.485541
1.7239 6.09327 -2.52998
1.28807 2.3984 2.53768
6.00898 -0.595773 5.14824
-4.64128 -7.66318 -5.40021
-9.29084 1.3009 -6.13713
