-7.6657 7.51214 8.45151
5.65754 1.56465 6.43663
2.10804 3.96494 1.11334
-2.51945 -0.211051 -0.413885
-2.76524 -1.89126 4.17988
5.50335 2.72011 2.64157
0.14856 -4.01849 -33.0407
6.44581 -10.9679 4.32118
-1.34659 1.03972 1.57981
6.81024 -6.21828 -6.84952
0.788303 -4.15463 1.49648
-4.15137 2.36506 16.5486
-0.801115 -3.52811 -2.65551
-14.0811 -9.55956 1.11914
3.79335 -5.45915 -5.62406
1.07513 2.02396 1.38737
0.0110542 -5.02098 -3.41292
-0.745576 -0.651682 -2.43533
-3.51113 -5.96756 8.00048
0.727764 -1.22855 4.00481
2.49691 4.37557 5.5256
2.1449 -6.20339 5.52066
6.08059 2.88879 4.04796
1.58892 -3.35408 -2.07433
-0.999656 3.35331 -9.06832
-4.58573 -3.91239 -1.55808
0.174735 2.40268 -6.15678
-0.0879601 1.38068 0.745655
1.75302 3.41084 3.68831
4.29109 -8.38086 -8.74544
3.50593 6.26008 -9.86024
-11.1741 -10.0284 -19.1322
10.5856 5.99607 7.74388
-0.503741 -1.04995 -4.93537
-1.48169 -1.05673 -6.96916
0.107852 3.59478 2.16415
-3.32558 -3.13895 -0.0453139
1.69438 4.6706 0.0253103
-5.95121 -5.27395 -5.03869
-11.8323 -0.500628 4.9664
-3.35717 -1.33637 2.18659
1.59802 -9.25394 -4.47067
2.11051 3.73798 2.71523
-2.32371 2.41959 -3.35397
6.34279 0.724911 -14.0104
-8.9987 246.956 1.99977
0.940426 -5.43454 0.241975
6.5468 -4.05702 3.40214
-0.040851 -2.01236 -5.04033
1.58118 -3.52241 -3.14529
-6.89636 1.58274 -1.1898
-2.69518 0.0757166 -1.00016
-0.883057 -6.46125 -7.30566
-3.33731 0.350557 0.269924
1.17901 9.19081 -0.529119
2.65104 0.311805 2.18276
-1.23154 -0.401641 3.66832
-5.00945 10.5042 -3.22454
1.95524 1.61106 -1.33494
-6.37833 -4.04329 -5.72713
-3.15323 -2.29959 -0.241249
-3.37998 1.4533 23.3332
10.1423 4.41328 -2.90486
-0.0663349 -2.09145 -1.93198
1.94858 1.58826 -4.28329
-3.27512 -0.50701 40.0936
0.416533 -156.491 7.43
-1.10434 -9.1204 -0.582967
3.62976 5.8506 -12.5336
3.76777 -2.19846 -2.76562
-23.5834 -3.01154 -9.7406
3.29518 4.33224 8.1858
4.46349 3.53689 -0.0880045
-9.10369 0.874705 -0.956898
-0.809776 2.40655 -33.2787
4.30737 -2.75243 3.41375
1.83256 8.11012 6.88604
-5.93383 -5.00871 3.92401
6.23771 4.70888 1.25409
-0.743273 -6.65912 -4.54544
0.765489 1.09698 -1.05486
-1.61721 -3.74004 1.94629
-4.95214 0.963121 -2.9146
0.977503 -4.01832 3.52405
-2.45789 -5.01112 -4.21522
-0.951935 0.597029 2.28814
-3.11521 1.75317 12.9083
-2.29817 2.21495 -5.77751
-1.62291 7.6854 -2.2535
-0.83406 2.29359 -0.474875
-0.752169 -0.118687 -0.300277
3.26842 2.14394 -0.733515
8.93697 3.59007 -0.706297
15.111 1.62445 7.15487
2.24555 5.31012 0.482164
1.80136 6.35199 -2.07855
1.19594 2.42433 2.45238
6.0592 -0.686364 5.08244
-4.55332 -7.64287 -5.19576
-9.28835 1.27194 -6.07112
