-0.405904 -0.934838 -0.0829748
-0.0368191 -0.257156 0.0397708
0.334057 -0.0631562 0.0166508
-0.173413 -0.183925 -0.0100521
-0.549811 -0.0830895 -0.478841
0.109992 0.000235103 0.294456
0.0144558 -0.243934 0.0174093
0.0405532 0.282686 0.141007
-0.353514 0.0981834 -0.132766
0.086255 0.297372 -0.0277678
1.90676 0.0227549 0.0494939
-0.377397 0.0451044 0.186602
-0.00558337 0.124425 -0.0397182
-0.118978 -0.0553164 -0.236839
0.204201 0.191559 -0.347957
0.0193203 0.0388477 -0.0688573
0.00186244 -0.108313 -0.227955
-0.225212 -0.00835569 -0.0370993
0.7713 0.0401906 -0.074604
-0.968836 0.106785 0.0586887
-0.134042 -0.232936 0.0431193
0.0190365 0.0947382 -0.0228178
0.169451 -0.0884209 -0.0746632
0.0241101 0.0403771 0.207677
0.221307 -0.106967 0.000158967
-0.0501809 -0.14484 -0.132072
0.00804375 0.123392 -0.9739
-0.00948696 0.30656 0.0567363
0.301382 0.00306274 0.13871
-0.140846 0.0511732 -0.385412
-0.0519464 0.708299 -0.0527894
0.133962 0.34839 -0.253877
-0.0651796 0.361525 0.0300572
0.0406881 0.0334286 -0.0673711
-0.178529 0.0151413 0.0939126
0.720026 0.0640141 -0.190668
-0.0232771 -0.137663 -0.00103298
-0.0265266 -0.0586155 0.861384
-0.170278 -0.0977666 0.0403407
0.148928 -0.0694313 0.188118
-0.150541 0.00427514 -0.211471
1.09479 -0.0852097 -0.465403
-0.0222398 -0.183527 0.121129
-0.222373 -0.62381 -0.0930109
-0.0640595 0.940557 -0.207767
-0.0424313 0.113391 0.339588
-0.0848437 0.0714755 0.187522
0.277099 -0.036934 0.0342164
0.123052 0.170638 -0.0276964
0.0439261 -0.0490762 0.107141
0.0894142 0.269548 0.277562
-0.175221 -0.00739815 -0.0248797
-0.15731 0.0498553 0.369294
0.14899 0.120493 -0.0418539
0.0694001 0.0432869 0.314785
0.0170904 0.000731668 -0.503679
-0.0175645 0.0732772 -0.0144071
0.378384 0.230554 0.325796
-0.181405 -0.0372291 0.467999
-0.0673952 -0.0980477 -0.0178188
-0.0354856 -0.069198 0.0848384
-0.102955 0.295301 -0.185512
-0.0111015 0.186004 0.333893
0.0754477 -0.0854421 0.00961861
0.0622298 -0.179621 0.13458
0.138255 -0.288937 -0.270434
0.050045 -0.159696 -0.133341
-0.0850365 0.414225 0.377332
-0.052754 0.0510933 -0.0993936
0.117743 -0.00031843 -0.0931983
-0.73731 -0.247169 0.429784
0.206172 -0.406932 -0.0243117
-0.113367 0.11638 -0.155371
-0.060227 -0.105495 -0.155853
0.0547062 0.156606 0.208833
0.107946 0.0317495 -0.0123547
0.0296992 -0.300646 -0.0508294
-0.184062 0.0859517 0.141056
0.0193536 -0.0782288 0.0489978
-0.242479 -0.108861 0.215828
0.0146983 0.050266 -0.0660708
0.0346967 -0.133753 0.0242764
-0.0431502 -0.121676 -0.0398799
-0.0448026 -0.0117459 -0.0181083
-0.366546 -0.0785643 -0.13689
0.0880307 -0.0297549 0.013731
0.463257 -0.0211489 0.362009
-0.0199185 -0.0428868 -0.0315093
5.0671e-05 0.293966 -0.352899
0.0794908 0.0188322 0.00933986
-0.232874 -0.0449023 0.0209665
0.536437 -0.0970757 0.326096
0.362859 -0.027612 -0.071529
-0.174924 -0.112717 0.0547522
-0.0620343 0.0291373 0.0377933
0.0800283 -0.0705789 0.0394949
-1.47138 0.034519 -0.767616
0.50548 0.20447 0.0660841
-0.71886 0.0281787 0.0214149
0.224491 -0.0190407 -0.211706
