-4.37083 -1.03017 -1.02277
-0.509486 -1.43268 0.397275
2.536 -0.511748 0.109481
-1.73224 -1.86108 -0.0577974
1.60781 -0.796189 -1.29312
1.02466 0.0893054 2.79282
0.125729 -2.44673 0.108348
0.586408 2.81763 1.14191
-2.82844 1.16482 -1.26848
0.716168 0.735461 -0.324935
-1.70631 -0.285871 0.297658
-4.84352 0.46568 1.89263
-0.0616993 1.34855 -0.356796
-1.27514 -0.423313 -2.30546
2.20152 2.62755 -1.57963
0.14373 0.34094 -0.614906
-0.00387196 -0.826658 -2.10122
-2.64425 -0.0845305 -0.46735
2.2987 0.0981564 -0.549599
-3.50711 1.03913 0.793302
-1.28081 -0.723033 0.39531
0.225149 0.825813 -0.109812
1.54913 -0.722827 -0.671224
0.123208 0.387957 1.8194
2.04142 -0.887883 -0.0516617
-0.407721 -1.09147 -1.26658
0.155652 2.03238 1.81897
-0.0902714 3.11099 0.606022
5.38717 0.11304 1.25262
-1.45954 0.843524 -4.53145
-0.565027 -1.75841 -0.512619
1.25249 5.1082 -2.62807
-0.491535 3.84635 0.261731
0.506307 0.253057 -0.63455
-1.85382 0.176339 1.07652
0.695535 0.548384 -2.62666
-0.201448 -1.16953 -0.00392959
-0.704766 -0.0910895 2.65789
-1.93205 -0.895154 0.419087
1.36692 -0.172893 1.62034
-0.954638 -0.0157252 -2.03279
-0.340449 -1.00057 -8.60449
-0.22981 -1.72296 1.20135
-2.26905 -1.91281 -0.93957
-1.45739 4.11844 -0.887019
-0.418788 1.44956 2.31535
-0.815889 0.649064 2.0607
3.08359 -0.231158 0.170774
1.30001 1.41241 -0.267809
0.38106 -0.355182 0.973919
0.748425 1.16985 3.86597
-1.25685 -0.0122166 -0.16276
-1.18293 0.465092 3.45443
1.37047 1.48581 -0.111117
0.677524 0.611102 -0.198356
0.38845 -0.0263986 -1.67347
-0.122083 0.660272 -0.079533
3.47353 2.4385 3.49167
-2.62048 -0.238956 0.0279022
-0.567382 -0.750401 -0.132037
-0.310961 -0.480452 0.819936
-1.15861 -0.353859 -1.90327
0.0123676 -0.0529708 -0.427711
0.660145 -0.63459 0.026821
0.537815 -1.49491 1.31953
1.17253 -2.8535 -3.17297
0.397109 -1.23078 -1.21609
-0.809023 3.38845 4.03815
-0.569558 0.649648 -1.00528
1.12706 0.0236034 -0.899143
-0.862606 -2.53442 0.671396
2.19007 -3.31499 -0.242353
-1.12413 1.51019 -1.58236
-0.667882 -0.824093 -1.45666
0.591389 1.41006 1.71007
1.03438 0.342713 -0.0608215
0.257936 -2.41626 -0.566532
-1.65444 0.955783 0.647706
0.164541 -0.640753 0.463862
-2.89046 -0.823856 2.88917
0.136698 0.598312 -0.657673
0.250135 -1.10739 0.19035
-0.386031 -0.90222 -0.369331
-0.378347 -0.0391809 -0.225844
-4.19673 -0.606927 -1.49202
0.764025 -0.177974 0.161681
-1.46724 -0.192386 4.19203
-0.17263 -0.271841 -0.153566
-0.0942755 0.155793 -3.50217
0.274946 0.179511 0.00682849
-1.03505 -0.459788 0.24485
2.76154 -0.847543 3.26402
3.66958 0.306998 -0.619975
-1.90301 -1.19064 0.518847
-0.496907 0.274821 0.404852
0.680552 -0.60081 0.411615
6.84138 0.895759 -1.21883
6.2233 2.70488 0.448196
0.942391 0.425848 0.332605
1.4685 -0.181973 -2.47938
