-7.66153 7.28216 8.49389
5.6313 1.53424 6.40125
1.76958 4.11178 1.14287
-2.51465 -0.291597 -0.407444
-2.61066 -1.89735 4.43093
5.4198 2.79063 2.68146
0.161301 -3.99148 -33.0336
6.45574 -10.3464 4.2796
-1.30234 1.02043 1.60832
6.5239 -5.91402 -6.73814
0.991172 -4.23515 1.51829
-4.24336 2.35898 16.5247
-0.787701 -3.51059 -2.65123
-13.9291 -9.66728 1.1082
3.68335 -5.13959 -5.4503
1.08452 2.06083 1.32855
0.0211925 -5.02811 -3.33212
-0.695954 -0.670611 -2.30712
-3.48718 -5.12815 7.27103
0.713617 -1.20504 4.07323
2.6039 3.96522 5.36001
2.13321 -6.22959 5.52093
6.07641 2.98989 3.96918
1.62335 -3.4865 -2.03758
-0.92859 3.51482 -9.05764
-4.60588 -3.98189 -1.5648
0.136205 2.35808 -6.00974
-0.0975697 1.08071 0.536636
1.61959 3.43526 3.77017
4.23504 -8.48733 -8.81001
3.52815 6.29592 -9.80849
-11.1431 -10.3423 -19.1662
10.452 5.92672 7.72637
-0.534501 -1.02332 -5.04329
-1.43664 -1.06993 -6.97015
0.000295994 3.60347 2.33442
-3.01543 -3.07108 -0.0321045
1.85977 4.80221 -0.00813381
-5.52245 -5.12511 -5.05707
-11.7909 -0.330188 4.92385
-3.38149 -1.34098 2.25256
1.47187 -9.56348 -4.24514
2.22153 2.97074 3.35425
-2.58577 2.64257 -3.3434
6.45511 0.114429 -14.8131
-8.99405 246.949 1.96927
0.85146 -5.84704 0.484502
6.32662 -4.05767 3.51522
-0.207375 -2.09888 -5.20031
1.5841 -3.63627 -3.05728
-6.95918 1.56468 -1.15879
-2.66832 0.0422189 -1.00544
-0.620948 -7.42211 -6.76709
-3.55305 0.367208 0.202056
1.06418 9.18292 -0.659761
2.70943 0.318809 2.01176
-1.25342 -0.439933 3.4409
-5.19741 10.1798 -3.23266
2.20492 1.72387 -1.15016
-6.0654 -4.12471 -6.06835
-3.13199 -2.28102 -0.244585
-3.39779 1.32426 23.4627
10.0116 4.3973 -2.90224
-0.00328889 -2.10112 -1.9751
1.90797 1.49746 -4.2766
-3.2666 -0.38103 40.1484
0.405538 -156.482 7.45265
-1.39554 -8.84979 -1.0144
3.63639 5.79958 -12.4254
3.59886 -2.25441 -2.65117
-23.7438 -2.88688 -9.82272
3.54147 4.67099 6.921
4.46311 3.5523 0.0117714
-9.08434 0.830287 -1.02299
-0.84793 2.51113 -33.2982
4.4726 -2.91202 3.34363
1.73537 8.21749 6.81694
-5.82699 -4.42577 3.62656
5.94182 4.78298 1.23881
-0.792077 -5.94774 -3.81546
0.783078 1.09389 -1.04884
-1.74668 -3.73604 1.98831
-4.96059 1.21179 -3.0638
1.14722 -4.20766 3.81081
-2.45381 -4.94997 -4.29067
-0.980354 0.621953 2.51111
-3.22048 1.77368 12.9173
-2.33336 2.20746 -5.77143
-1.62499 6.96422 -2.41614
-0.878118 2.33571 -0.477806
-0.88292 -0.111791 -0.291192
3.41528 2.15424 -0.816881
8.98735 3.60937 -0.883513
15.0675 1.72865 6.57647
2.45193 5.31435 0.474278
1.98985 6.95393 -1.3632
1.01483 2.4701 2.28031
6.16647 -0.855547 4.955
-4.36783 -7.60136 -4.88228
-9.28324 1.21593 -5.9449
