-7.65627 7.18524 8.50759
5.6207 1.5193 6.38328
1.6362 4.19745 1.15546
-2.5128 -0.330362 -0.405052
-2.53731 -1.90002 4.56355
5.38215 2.82869 2.69772
0.166225 -3.97785 -33.03
6.46193 -10.1152 4.22183
-1.27803 1.01739 1.61325
6.32299 -5.78004 -6.69139
1.09824 -4.27397 1.52837
-4.2869 2.3578 16.5156
-0.78624 -3.50036 -2.64586
-13.8657 -9.72105 1.10324
3.63568 -4.97977 -5.38971
1.09002 2.08122 1.29134
0.0260035 -5.03142 -3.29527
-0.671486 -0.678865 -2.24544
-3.46992 -4.80134 6.98938
0.707098 -1.19331 4.10532
2.64945 3.80286 5.27279
2.12764 -6.24233 5.51655
6.07342 3.04578 3.90935
1.64209 -3.5498 -2.0207
-0.895974 3.60574 -9.05287
-4.61351 -4.01432 -1.57266
0.120004 2.33081 -5.80008
-0.103628 0.934089 0.402766
1.55167 3.44895 3.80958
4.19085 -8.55179 -8.847
3.53883 6.31707 -9.78821
-11.1312 -10.5238 -19.1987
10.3335 5.89668 7.71554
-0.553027 -1.00836 -5.10827
-1.41444 -1.07568 -6.97219
-0.054164 3.60851 2.42033
-2.89509 -3.02949 -0.0259595
1.93867 4.88321 -0.0266074
-5.23367 -4.99095 -5.06578
-11.7755 -0.241287 4.90202
-3.39347 -1.34202 2.27976
1.40977 -9.73569 -4.15765
2.27419 2.59364 3.72567
-2.7256 2.79697 -3.34056
6.5324 -0.154904 -15.463
-8.98694 246.95 1.9507
0.808163 -6.05439 0.576113
6.2206 -4.05777 3.57296
-0.287895 -2.14044 -5.28925
1.58628 -3.69687 -3.01906
-6.99279 1.55791 -1.14487
-2.66201 0.02577 -1.01495
-0.476887 -7.88697 -6.52162
-3.66688 0.376268 0.166881
1.00985 9.1794 -0.731013
2.73965 0.322681 1.92355
-1.26457 -0.457732 3.32043
-5.29368 10.087 -3.23809
2.34473 1.78443 -1.06311
-5.91941 -4.16458 -6.25929
-3.12125 -2.27101 -0.247529
-3.41802 1.26942 23.587
9.95668 4.3896 -2.90247
0.0287758 -2.10553 -1.99846
1.88883 1.45614 -4.27571
-3.26211 -0.314264 40.1883
0.398749 -156.487 7.46595
-1.53183 -8.71692 -1.34566
3.64111 5.77262 -12.3723
3.51869 -2.28159 -2.59614
-23.8529 -2.81388 -9.87444
3.68073 4.85445 6.4376
4.46403 3.56066 0.0598614
-9.06816 0.817049 -1.05908
-0.872647 2.57241 -33.3242
4.5622 -2.98758 3.31029
1.69589 8.27398 6.79336
-5.77689 -4.19795 3.50232
5.80383 4.59589 1.23155
-0.869813 -5.70921 -1.8098
0.792293 1.09279 -1.04626
-1.81019 -3.733 2.00684
-4.96238 1.346 -2.9829
1.23713 -4.30805 3.9424
-2.45068 -4.91721 -4.34079
-0.995142 0.636536 2.5824
-3.27477 1.78732 12.9221
-2.3497 2.20597 -5.76407
-1.62539 6.62327 -2.53584
-0.902328 2.3624 -0.47932
-0.953463 -0.106779 -0.285826
3.49324 2.159 -0.860069
9.0155 3.62123 -0.977922
15.0736 1.83675 5.69109
2.56309 5.31742 0.469673
2.08886 7.30912 -1.07107
0.925265 2.49242 2.19095
6.22587 -0.93477 4.89082
-4.27318 -7.5791 -4.75541
-9.27955 1.19121 -5.88767
