-7.64882 7.10466 8.52496
5.61329 1.50526 6.36581
1.51838 4.16589 1.16659
-2.511 -0.363053 -0.403112
-2.46713 -1.9033 4.69961
5.34582 2.87215 2.71202
0.170152 -3.96239 -33.0263
6.4698 -9.93853 4.14153
-1.25185 1.02346 1.60478
6.13625 -5.66758 -6.65141
1.2074 -4.30848 1.53756
-4.32841 2.3576 16.5079
-0.784776 -3.49056 -2.64068
-13.8126 -9.77402 1.09559
3.59049 -4.81746 -5.33464
1.09608 2.10088 1.24678
0.0303684 -5.0348 -3.261
-0.647605 -0.687473 -2.18709
-3.45059 -4.53216 6.72174
0.700819 -1.18176 4.13763
2.6906 3.65526 5.16406
2.12239 -6.24633 5.51836
6.07006 3.10494 3.82698
1.66129 -3.61074 -2.00588
-0.864106 3.60408 -9.04891
-4.62173 -4.04845 -1.58144
0.105617 2.30114 -5.61386
-0.111256 0.785937 0.27028
1.48217 3.46309 3.84912
4.13928 -8.63771 -8.89359
3.54955 6.34068 -9.77126
-11.1209 -10.7287 -19.2499
10.2276 5.86918 7.70376
-0.572697 -0.995492 -5.17734
-1.39368 -1.08061 -6.97579
-0.109274 3.61334 2.50844
-2.78805 -2.96439 -0.0204223
2.01892 4.97565 -0.0476045
-4.9778 -4.86536 -5.07434
-11.7635 -0.150193 4.87608
-3.40572 -1.34338 2.30609
1.34741 -9.92026 -4.07402
2.32189 2.13188 4.01709
-2.86144 2.9929 -3.33919
6.61903 -0.443869 -15.6766
-8.98598 246.985 1.93702
0.764498 -6.26362 0.664773
6.11746 -4.05843 3.63155
-0.367922 -2.18259 -5.38403
1.58984 -3.7585 -2.98173
-7.02582 1.55236 -1.13268
-2.65954 0.0116092 -1.0277
-0.338188 -7.79727 -6.33151
-3.78489 0.385159 0.131222
0.956855 9.17583 -0.804387
2.77026 0.32645 1.83314
-1.27602 -0.474828 3.20841
-5.39262 10.0094 -3.24469
2.49025 1.84009 -0.979614
-5.78051 -4.20789 -6.47865
-3.10975 -2.25976 -0.252001
-3.42406 1.19868 23.7285
9.90505 4.38176 -2.90393
0.0599901 -2.10991 -2.02363
1.8697 1.41923 -4.27636
-3.25817 -0.245319 40.2437
0.387171 -156.52 7.46996
-1.66701 -8.58832 -1.67759
3.64552 5.73884 -12.3147
3.44045 -2.30921 -2.5436
-23.9874 -2.73767 -9.9338
3.82936 5.03549 6.00462
4.46552 3.56866 0.106505
-9.04877 0.812943 -1.09714
-0.903787 2.63629 -33.3656
4.65728 -3.06486 3.26945
1.66465 8.32434 6.77415
-5.72782 -4.00474 3.37853
5.68151 4.42959 1.22382
-0.933 -5.47426 -0.882222
0.801358 1.09219 -1.04415
-1.87413 -3.72963 2.02493
-4.96195 1.46922 -2.75003
1.30617 -4.43663 4.04591
-2.44681 -4.88668 -4.3978
-1.0102 0.651317 2.65601
-3.32979 1.80498 12.927
-2.36516 2.20412 -5.75495
-1.62467 6.35 -2.69934
-0.926579 2.39428 -0.480992
-1.0278 -0.100926 -0.280014
3.57367 2.1632 -0.904448
9.04559 3.63279 -1.079
15.0728 1.94618 5.32739
2.67985 5.32116 0.464563
2.18804 7.68612 -0.829948
0.837524 2.51353 2.10227
6.28798 -1.01271 4.81805
-4.17781 -7.55936 -4.64128
-9.2768 1.17016 -5.83383
