-7.64554 7.03233 8.54736
5.60728 1.49264 6.34929
1.41296 4.021 1.17652
-2.50912 -0.389113 -0.401135
-2.39961 -1.90734 4.83918
5.31237 2.91794 2.72478
0.172299 -3.94496 -33.0222
6.4809 -9.78814 4.06484
-1.2228 1.05213 1.57123
5.98049 -5.57414 -6.61716
1.31855 -4.33919 1.54624
-4.36805 2.35869 16.5012
-0.78248 -3.4811 -2.63588
-13.7667 -9.82541 1.0853
3.55164 -4.65526 -5.28293
1.1031 2.12006 1.2018
0.0346025 -5.038 -3.22833
-0.623953 -0.696581 -2.13146
-3.42475 -4.30643 6.46847
0.696007 -1.17065 4.17085
2.72886 3.51983 5.04198
2.11715 -6.25269 5.52122
6.06673 3.16856 3.72474
1.68171 -3.66978 -1.99181
-0.832817 3.50864 -9.04534
-4.63391 -4.08431 -1.58752
0.0931455 2.27064 -5.44751
-0.120101 0.636858 0.139082
1.4201 3.47725 3.88945
4.09655 -8.74576 -8.95479
3.56126 6.36627 -9.7562
-11.1118 -10.9565 -19.3172
10.1315 5.8442 7.69191
-0.590064 -0.983457 -5.24744
-1.37378 -1.08459 -6.9807
-0.162559 3.61808 2.59945
-2.69046 -2.88042 -0.0153871
2.1018 5.08057 -0.0698416
-4.74663 -4.74422 -5.08247
-11.7549 -0.0552527 4.85125
-3.41693 -1.34503 2.33255
1.28839 -10.1276 -3.99616
2.36836 1.59516 4.19005
-2.99305 3.22831 -3.33931
6.72032 -0.768166 -15.366
-8.98688 247 1.91981
0.722719 -6.477 0.75103
6.01807 -4.05997 3.69155
-0.447162 -2.22558 -5.4848
1.59521 -3.82201 -2.94638
-7.05901 1.54672 -1.12145
-2.66014 0.00144554 -1.0423
-0.18716 -7.22484 -6.19571
-3.90643 0.394194 0.0953826
0.905152 9.1723 -0.880278
2.80185 0.330123 1.74067
-1.28782 -0.49125 3.10378
-5.49429 9.94524 -3.25177
2.45898 1.88974 -0.898585
-5.64677 -4.25501 -6.72827
-3.09686 -2.2473 -0.257666
-3.41786 1.11369 23.8771
9.8564 4.37378 -2.90681
0.0907965 -2.11415 -2.0505
1.85154 1.38543 -4.27646
-3.25563 -0.175735 40.332
0.378281 -156.512 7.47214
-1.79517 -8.46453 -2.01139
3.64932 5.68651 -12.2402
3.3648 -2.33784 -2.49356
-24.1488 -2.66038 -10.0019
4.00277 5.21582 5.60667
4.46788 3.57643 0.152968
-9.03208 0.818182 -1.13317
-0.937343 2.70341 -33.426
4.75933 -3.14531 3.22332
1.64043 8.37009 6.7563
-5.67547 -3.8381 3.25686
5.57164 4.27988 1.21568
-0.98589 -5.2405 -0.284213
0.810569 1.09215 -1.04224
-1.93569 -3.72638 2.04308
-4.95843 1.58472 -2.52439
1.36081 -4.59185 4.12798
-2.44206 -4.85792 -4.45685
-1.02492 0.665706 2.73296
-3.3837 1.8258 12.9321
-2.37942 2.20269 -5.74447
-1.62213 6.11207 -2.86123
-0.950429 2.43022 -0.483421
-1.10625 -0.0941129 -0.27392
3.65756 2.16695 -0.94985
9.08074 3.6442 -1.18482
15.0695 2.05529 5.12236
2.80298 5.32576 0.459047
2.29476 8.09663 -0.636227
0.754926 2.53623 2.01593
6.35386 -1.08867 4.74005
-4.03983 -7.54245 -4.53502
-9.27574 1.14984 -5.78344
