-7.70351 6.64689 8.83724
5.57581 1.4315 6.29991
0.983289 3.428 1.22392
-2.50401 -0.518306 -0.383782
-2.10166 -1.93156 5.16658
5.16945 3.15492 2.78648
0.144022 -3.87322 -33.032
6.57962 -9.21357 3.81979
-1.59026 1.97534 1.83277
5.44076 -5.12049 -6.45573
1.91474 -4.50413 1.59785
-4.59033 2.36354 16.5083
-0.767382 -3.43489 -2.61065
-13.601 -10.1213 1.04027
3.41576 -4.04447 -5.04118
1.12603 2.21854 0.991329
0.0524732 -5.05096 -3.06648
-0.508341 -0.734518 -1.82619
-3.25922 -3.32588 5.62619
0.677146 -1.12173 4.39867
4.55366 3.07087 4.58676
2.09247 -6.28692 5.50967
6.07144 3.70442 3.16024
1.79213 -3.96247 -1.90217
-0.687514 3.01523 -9.0161
-4.69866 -4.26897 -1.62201
0.0321837 2.1414 -4.34939
-0.179197 -0.0597585 -0.447282
1.13709 3.55599 4.19026
4.10348 -9.26863 -9.309
3.61994 6.5152 -9.68072
-11.1045 -12.8944 -19.8524
9.74981 5.72939 7.6553
-0.716321 -0.90835 -5.61063
-1.29136 -1.10686 -7.00666
-0.460563 3.64796 2.56733
-2.30102 -2.55981 0.0110445
2.52236 5.6954 -0.151935
-3.86129 -4.28697 -5.09556
-11.7598 0.440606 4.76394
-3.48535 -1.34964 2.53657
1.05973 -11.9568 -3.67014
2.76879 0.529026 4.04611
-3.6229 4.58971 -3.32873
7.4955 -1.7328 -14.312
-8.97623 247.015 1.81436
0.532676 -6.16586 1.19256
5.5503 -4.07679 4.07912
-0.82712 -2.43137 -5.71615
1.63033 -4.13628 -2.79784
-7.24618 1.52082 -1.06205
-2.70904 -0.0145582 -1.11403
0.673389 -5.11521 -5.53142
-3.47949 0.439397 -0.0553612
0.621142 9.15412 -1.21829
2.95811 0.349045 1.33568
-1.35301 -0.567427 2.6742
-6.03687 9.6863 -3.28026
1.5525 2.20707 -0.447259
-5.02198 -4.45894 -6.8679
-3.01299 -2.19603 -0.259172
-3.29685 0.740783 23.594
9.62796 4.33306 -2.9392
0.231093 -2.1348 -2.18157
1.77044 1.22343 -4.27134
-3.29254 0.237394 40.3564
0.343903 -156.487 7.53045
-2.4502 -7.93765 -3.69208
4.1253 4.78167 -12.2257
3.0103 -2.47482 -2.26865
-24.3183 -2.26508 -10.4067
4.70698 6.73513 4.16291
4.48602 3.61534 0.417757
-9.03197 0.796921 -1.24841
-1.10468 3.0076 -35.2552
2.84445 -3.58536 3.03788
1.50069 8.5536 6.68826
-5.36311 -3.12033 2.86319
5.13831 3.51494 1.17855
-1.19445 -4.24123 3.22014
0.856839 1.09252 -1.03097
-2.25606 -3.70769 2.17978
-4.92589 2.2086 -1.16225
1.57849 -5.22886 4.85351
-2.42781 -4.7149 -4.76292
-1.10376 0.712357 2.72092
-3.66261 1.93449 12.9811
-2.45122 2.1977 -5.68297
-1.56852 5.17444 -3.59131
-1.0748 2.62174 -0.487809
-1.60996 -0.0570704 -0.247167
4.02147 2.17852 -1.15399
9.29176 3.72139 -1.79359
15.0224 2.37136 4.67756
3.37757 5.35629 0.434445
2.55876 7.55442 0.601358
0.231987 2.71124 1.66898
6.94819 -1.41911 4.45952
-3.3211 -7.44782 -3.96098
-9.26199 1.04633 -5.51859
