-4.59677 -0.995109 -1.04349
-0.532585 -1.30449 0.410592
2.41805 -0.52305 0.111283
-1.79163 -1.92043 -0.0577869
1.99471 -0.819312 -1.12743
1.06015 0.0969206 2.85836
0.129764 -2.48817 0.108722
0.606554 2.91867 1.17103
-2.69463 1.20248 -1.30692
0.731891 0.691537 -0.335832
-1.97684 -0.266883 0.308951
-5.28257 0.486802 1.96684
-0.062944 1.38718 -0.364457
-1.29894 -0.431401 -2.36783
2.4351 2.76069 -1.47637
0.148101 0.349287 -0.629311
-0.00317652 -0.837896 -2.15556
-2.70473 -0.0883578 -0.486667
2.11192 0.103154 -0.547668
-3.37219 1.06588 0.806956
-1.32798 -0.830201 0.40602
0.232624 0.849268 -0.109087
1.60111 -0.738091 -0.686452
0.125772 0.403069 1.86356
2.10918 -0.906156 -0.0530704
-0.414474 -1.1097 -1.29836
0.163781 2.13871 1.77628
-0.0927725 3.04552 0.631536
5.96064 0.11686 1.26911
-1.49403 0.880112 -4.75293
-0.583213 -1.77235 -0.526087
1.29536 5.01513 -2.72639
-0.497136 3.95862 0.269885
0.529941 0.261051 -0.650021
-1.90804 0.183811 1.11407
0.639643 0.563586 -2.72385
-0.205981 -1.20052 -0.00390917
-0.706255 -0.0698811 2.53819
-1.99667 -0.919748 0.433077
1.40986 -0.162516 1.65866
-0.969528 -0.0241182 -2.08201
-0.86447 -1.0426 -7.7264
-0.235045 -1.74822 1.25342
-2.33955 -1.76691 -0.968851
-1.51544 4.19226 -0.896525
-0.428101 1.51455 2.40362
-0.83186 0.665745 2.16363
3.2655 -0.235677 0.174013
1.33885 1.44927 -0.274323
0.393277 -0.360251 0.997374
0.771296 1.11875 4.04862
-1.27812 -0.0111685 -0.164849
-1.20077 0.48165 3.55314
1.40515 1.5426 -0.106869
0.700122 0.638724 -0.145951
0.392528 -0.0276957 -1.60156
-0.123284 0.678735 -0.0793351
3.12791 2.52355 3.57263
-2.65319 -0.242571 -0.239331
-0.57904 -0.765925 -0.133854
-0.317111 -0.487384 0.841365
-1.19114 -0.439341 -1.9582
0.0289022 -0.134614 -0.624118
0.680346 -0.644875 0.0266246
0.553043 -1.52265 1.35991
1.2139 -2.94404 -3.18972
0.408268 -1.24447 -1.24715
-0.827697 3.29409 4.032
-0.584627 0.669049 -1.03274
1.16974 0.0260338 -0.922391
-0.706003 -2.59882 0.52822
2.2669 -3.3767 -0.249095
-1.15372 1.56141 -1.63147
-0.681924 -0.840515 -1.49315
0.611501 1.45369 1.75012
1.06383 0.354269 -0.0615303
0.266692 -2.45728 -0.581478
-1.70131 0.981964 0.651328
0.169647 -0.651571 0.476782
-2.94835 -0.838365 3.02004
0.141145 0.619279 -0.674569
0.256743 -1.12938 0.194271
-0.393336 -0.921339 -0.37839
-0.384791 -0.0386609 -0.232453
-4.30956 -0.617669 -1.53666
0.785484 -0.178976 0.166013
-1.59543 -0.185896 3.77938
-0.174451 -0.274901 -0.153761
-0.115635 0.119483 -3.55545
0.273867 0.184601 0.00579293
-0.969202 -0.472029 0.252819
2.63029 -0.87178 3.15527
3.80759 0.329633 -0.633853
-1.8374 -1.2213 0.533632
-0.505852 0.283554 0.417339
0.697951 -0.612224 0.423988
6.69185 0.915267 -0.894631
6.14688 2.77544 0.474826
1.11489 0.435111 0.341049
1.50247 -0.183694 -2.55747
