-7.7693 6.24075 9.20257
5.57897 1.39407 6.2896
0.674892 3.01977 1.25607
-2.49893 -0.628959 -0.362592
-1.88653 -1.96646 4.75351
5.055 3.30695 2.81675
0.144788 -3.8399 -33.1322
6.73006 -8.94988 3.72997
-1.56308 1.93175 2.05371
5.13829 -4.82622 -6.34417
2.46514 -4.66526 1.6414
-4.75307 2.36457 16.5588
-0.75592 -3.41425 -2.57404
-13.5331 -10.4183 1.00283
3.34954 -3.82598 -4.86588
1.12378 2.32809 0.806958
0.0658934 -5.05942 -2.93925
-0.404502 -0.764394 -1.57097
-3.09416 -2.70067 5.17736
0.670696 -1.09471 4.6594
7.20262 2.83757 4.33911
2.07345 -6.3298 5.4889
6.03901 3.27098 2.63626
1.89913 -4.21758 -1.82814
-0.549174 2.58247 -8.98482
-4.75903 -4.44619 -1.65218
-0.00657116 2.07059 -3.13011
-0.212873 -0.401593 -0.76136
0.922403 3.61315 4.56269
4.25463 -9.81728 -9.63718
3.66945 6.65169 -9.62803
-10.4969 -10.7906 -21.3827
9.5343 5.64258 7.6566
-0.815201 -0.831263 -5.92834
-1.23253 -1.12801 -7.03026
-0.709024 3.67689 2.13448
-2.05197 -2.36883 0.0308628
2.94667 6.30029 -0.193503
-3.29836 -4.01201 -5.09586
-11.7653 0.810544 4.72366
-3.55256 -1.36113 2.76895
0.986216 -11.2249 -3.43632
4.27761 -0.0989231 2.38935
-4.13187 6.09193 -3.31008
8.4256 -2.4432 -13.8314
-8.98683 247.063 1.72485
0.399957 -5.70404 1.67594
5.2236 -4.10828 4.47894
-1.07041 -2.60225 -5.33226
1.66156 -4.55124 -2.70285
-7.41093 1.50039 -1.01142
-2.75593 -0.00826882 -1.16811
1.58677 -4.0568 -5.04891
-3.08673 0.471036 -0.149907
0.388765 9.13703 -1.40576
3.09854 0.359646 1.14097
-1.40217 -0.620756 2.40312
-6.38304 9.53211 -3.293
0.975637 2.47176 -0.0387088
-4.46455 -4.64056 -6.12115
-2.97628 -2.15365 -0.251378
-3.13424 0.466227 23.3469
9.47579 4.29866 -2.96963
0.349796 -2.15364 -2.2677
1.71106 1.0893 -4.26626
-3.30957 0.683347 40.303
0.34094 -156.39 7.55747
-2.80595 -7.61619 -4.93591
4.26254 4.73713 -12.2413
2.76815 -2.5956 -2.1432
-23.7344 -2.00756 -10.8741
3.33616 8.17194 3.4688
4.50624 3.64769 0.665981
-9.03639 0.73325 -1.33174
-1.13594 3.28448 -33.7154
-0.27866 -4.08247 2.91664
1.40544 8.69052 6.66381
-4.99018 -2.66911 2.70392
4.87851 2.72076 1.14749
-1.29347 -3.60987 1.58248
0.896097 1.09261 -1.02269
-2.52839 -3.70204 2.33121
-5.17888 2.81281 0.888304
1.972 -5.74332 5.6719
-2.40441 -4.57494 -5.04325
-1.16034 0.71655 2.02994
-3.93182 2.01363 13.0535
-2.53911 2.20293 -5.65233
-1.54466 4.31336 -4.16351
-1.17791 2.78862 -0.48771
-2.07365 -0.0446763 -0.235609
4.34864 2.17736 -1.28669
9.55893 3.79507 -1.88785
14.9827 1.76348 4.45024
3.90673 5.3908 0.416675
0.933527 7.13583 2.08065
-0.123133 2.89419 1.45689
7.76641 -1.67742 4.34085
-2.8456 -7.40571 -3.48757
-9.28254 0.951843 -5.28244
