-7.78545 6.15549 9.28075
5.5834 1.38679 6.29015
0.595871 2.92513 1.26177
-2.49816 -0.657969 -0.357665
-1.8357 -1.97648 4.66225
5.0287 3.34087 2.81313
0.146808 -3.82886 -33.1884
6.76569 -8.90621 3.70482
-1.54708 1.92004 2.09048
5.07829 -4.75843 -6.32619
2.61672 -4.70833 1.65012
-4.79219 2.36638 16.568
-0.753823 -3.40849 -2.56601
-13.5307 -10.5044 0.991433
3.33665 -3.80626 -4.84216
1.1224 2.36714 0.760498
0.0693914 -5.06113 -2.90931
-0.376188 -0.771219 -1.51581
-3.06887 -2.54754 5.06596
0.669652 -1.08767 4.72839
7.76424 2.78594 4.28127
2.0773 -6.3502 5.4709
6.0408 3.1085 2.50053
1.92929 -4.28493 -1.81262
-0.513813 2.47371 -8.98186
-4.7764 -4.48942 -1.66721
-0.0153369 2.05676 -2.89079
-0.219939 -0.47689 -0.664438
0.870953 3.62875 4.65517
4.31799 -9.96443 -9.75255
3.68164 6.69054 -9.61788
-10.2041 -10.4921 -21.361
9.4753 5.62166 7.65767
-0.8403 -0.810145 -6.03245
-1.22225 -1.13285 -7.03982
-0.773222 3.68629 2.0127
-1.99547 -2.3254 0.0344957
3.06145 6.47092 -0.206631
-3.17199 -3.94746 -5.10083
-11.7664 0.902907 4.70475
-3.57324 -1.35899 2.82772
1.00011 -10.9621 -3.44366
4.63944 -0.259932 2.02773
-4.27336 6.54592 -3.30694
8.23378 -2.61269 -13.7631
-8.9953 247.062 1.69647
0.375265 -5.61002 1.79577
5.1466 -4.1176 4.57914
-1.12315 -2.64494 -5.24998
1.66867 -4.64846 -2.68814
-7.45632 1.49554 -1.00046
-2.76884 -0.00390865 -1.18467
1.86548 -3.837 -4.9571
-2.99399 0.478847 -0.177469
0.328886 9.13272 -1.45785
3.13568 0.361602 1.0901
-1.41514 -0.633307 2.3333
-6.25952 9.50062 -3.29703
0.840859 2.54313 0.0506429
-4.31228 -4.68789 -5.9668
-2.96899 -2.1427 -0.253218
-3.10141 0.407439 23.3091
9.43664 4.28626 -2.97724
0.377825 -2.1584 -2.29104
1.69286 1.05671 -4.26632
-3.3151 0.744505 40.2962
0.338502 -156.388 7.57349
-2.88443 -7.5413 -4.93616
4.29296 4.72809 -12.2364
2.7205 -2.6257 -2.11748
-23.6422 -1.94756 -11.0561
3.00817 8.60124 3.2985
4.5106 3.65612 0.739829
-9.03714 0.720118 -1.35684
-1.14574 3.39353 -33.5938
-0.952672 -4.23547 2.88342
1.3813 8.72803 6.66033
-4.90166 -2.56489 2.66524
4.81382 2.48436 1.13837
-1.31634 -3.48465 1.27262
0.905479 1.0929 -1.02168
-2.60071 -3.69873 2.36725
-5.32487 3.03954 1.28833
2.10145 -5.87557 5.88852
-2.39566 -4.54085 -5.12712
-1.17478 0.715217 1.8816
-4.01058 2.03448 13.0734
-2.57244 2.20837 -5.64557
-1.55321 4.20532 -4.3182
-1.20527 2.83343 -0.48852
-2.19371 -0.0441213 -0.232465
4.43661 2.17622 -1.32541
9.64947 3.81814 -1.67571
14.9697 1.66573 4.37922
4.04597 5.40154 0.410448
0.619123 7.05354 2.39353
-0.207101 2.94502 1.39051
7.97829 -1.74453 4.3163
-2.734 -7.3995 -3.41482
-9.30989 0.925221 -5.21322
