-7.8217 6.01643 9.46793
5.58965 1.37275 6.27868
0.424974 2.74105 1.27098
-2.49454 -0.718881 -0.347715
-1.73373 -1.99481 4.4929
4.9476 3.40666 2.78777
0.15942 -3.80016 -33.3979
6.83895 -8.8312 3.65336
-1.51278 1.89892 2.15874
4.91727 -4.62419 -6.2992
2.95236 -4.79599 1.66672
-4.87172 2.37118 16.5818
-0.753404 -3.40005 -2.54933
-13.525 -10.695 0.970876
3.31297 -3.79418 -4.76029
1.11919 2.4529 0.680284
0.0756371 -5.064 -2.85002
-0.318126 -0.782609 -1.412
-3.03103 -2.23659 4.8567
0.665299 -1.07316 4.87175
7.6074 2.71812 4.17125
2.10242 -6.39291 5.44089
6.05263 2.84852 2.28659
1.98905 -4.42439 -1.78127
-0.438514 2.2599 -8.98231
-4.81398 -4.59796 -1.69475
-0.0326283 2.03398 -2.46914
-0.231796 -0.619053 -0.481179
0.731166 3.66547 4.8199
4.43815 -10.2821 -10.0218
3.7059 6.77644 -9.59729
-10.1745 -10.1363 -21.0534
9.37708 5.58585 7.65996
-0.893377 -0.764966 -6.28567
-1.20083 -1.14083 -7.06254
-0.910963 3.71013 1.74328
-1.89074 -2.24028 0.0411366
3.3356 6.85988 -0.2342
-2.92579 -3.81344 -5.11532
-11.769 1.09397 4.66481
-3.62048 -1.35837 2.93966
1.46286 -10.2623 -3.50457
5.34951 -0.473346 1.35264
-4.57254 7.53767 -3.30294
7.89988 -2.93761 -13.6543
-9.01819 247.138 1.64756
0.330434 -5.42608 2.01713
4.99874 -4.13415 4.78044
-1.22362 -2.72184 -5.09073
1.68591 -4.84603 -2.65876
-7.55091 1.4876 -0.979192
-2.79149 0.0111231 -1.22519
2.37529 -3.42063 -4.79361
-2.81614 0.496043 -0.233598
0.207036 9.12455 -1.56788
3.21231 0.365427 0.988939
-1.4397 -0.654566 2.1965
-6.02035 9.44893 -3.30545
0.496662 2.70558 0.212624
-4.0106 -4.77486 -5.68645
-2.95535 -2.11998 -0.258273
-3.02971 0.307855 23.2521
9.36638 4.25191 -2.98914
0.438066 -2.16647 -2.33816
1.65885 0.991486 -4.26668
-3.32023 0.860969 40.2909
0.323885 -156.495 7.60519
-3.05336 -7.37829 -4.35913
4.35561 4.71103 -12.2242
2.6259 -2.68233 -2.06866
-23.5113 -1.81282 -11.4163
2.39373 8.56311 2.95105
4.51169 3.67031 0.990765
-9.03747 0.696389 -1.40738
-1.49097 3.61855 -33.4184
-1.52503 -4.4691 2.81368
1.33264 8.80045 6.65132
-4.71943 -2.34888 2.59117
4.70122 1.97586 1.12134
-1.36426 -3.22654 0.618856
0.923675 1.09433 -1.02019
-2.76942 -3.6922 2.43926
-5.33323 3.51028 1.82183
2.35876 -6.12544 6.34507
-2.37458 -4.47531 -5.31445
-1.20498 0.711029 1.60627
-3.79864 2.08176 13.1175
-2.64801 2.22379 -5.63302
-1.55867 4.04229 -4.58246
-1.26416 2.93013 -0.490504
-2.43247 -0.0445967 -0.225299
4.61945 2.17425 -1.40564
9.8514 3.88061 -1.26967
14.9401 1.47325 4.24569
4.32521 5.4261 0.397445
0.0510244 6.95156 2.96425
-0.372857 3.06422 1.23571
9.04251 -1.86223 4.27484
-2.54892 -7.38854 -3.27748
-9.40957 0.934523 -5.10919
