-7.93438 5.77088 10.0211
5.61482 1.3471 6.25977
-0.0116259 2.37494 1.2862
-2.4808 -0.876651 -0.334235
-1.47952 -2.03843 4.1306
4.54846 3.67519 2.69385
0.230584 -3.72543 -33.3004
7.03652 -8.67253 3.45792
-1.42469 1.85103 2.29757
4.56773 -4.31885 -6.2407
3.54197 -4.98905 1.72053
-5.11863 2.39383 16.5964
-0.772532 -3.38022 -2.51737
-13.5011 -11.1196 0.893322
3.23254 -3.99805 -4.46421
1.12537 2.69035 0.424864
0.0916314 -5.07165 -2.72168
-0.16918 -0.808965 -1.18076
-3.07056 -1.50651 4.32568
0.651853 -1.04043 5.41412
6.69595 2.58909 3.95836
2.13468 -6.5057 5.46649
6.12398 2.38096 1.65364
2.1555 -4.80109 -1.71538
-0.245386 1.75582 -9.05417
-4.89176 -4.86109 -1.77562
-0.0767317 1.97958 -1.59278
-0.256803 -0.954423 -0.0722271
0.296677 3.7782 5.25214
4.66306 -10.925 -10.2816
3.77628 7.05803 -9.56214
-10.1121 -9.55975 -20.666
9.18862 5.51937 7.67759
-1.04419 -0.631658 -7.24046
-1.15052 -1.15966 -7.15235
-1.31429 3.79599 0.917721
-1.6483 -2.00452 0.0541207
4.36888 7.56066 -0.294323
-2.34234 -3.41262 -5.1737
-11.7935 1.60562 4.54124
-3.79367 -1.35663 3.25458
1.89302 -8.51811 -3.25373
6.69118 -0.880732 0.628026
-5.3712 7.03917 -3.30637
7.27149 -3.72312 -13.4283
-9.09694 247.215 1.52108
0.223356 -5.02032 2.65211
4.65293 -4.18152 5.33339
-1.46814 -2.91956 -4.59738
1.71728 -5.27381 -2.5885
-7.609 1.46821 -0.927416
-2.9209 0.0976515 -1.37281
3.59176 -2.51141 -4.45072
-2.41139 0.543229 -0.377419
-0.108609 9.09612 -1.88959
3.41953 0.370174 0.735438
-1.49942 -0.702035 1.85405
-5.46767 9.3838 -3.32826
-0.638664 3.17335 0.642343
-3.32751 -5.01561 -4.95021
-2.92722 -2.05833 -0.286526
-2.86105 0.139722 23.1996
9.28297 4.12006 -2.9692
0.600178 -2.18438 -2.45473
1.59307 0.857966 -4.26749
-3.31043 1.12879 40.2866
0.374234 -156.625 7.76294
-3.50778 -6.98451 -2.72273
4.52739 4.67149 -12.1975
2.41802 -2.82581 -1.93565
-23.3553 -1.43996 -11.8258
0.982707 7.9057 2.39162
4.48202 3.70152 1.37799
-9.03822 0.640483 -1.58297
-1.64094 4.34882 -33.567
-2.33999 -4.95766 2.67789
1.20213 9.01088 6.62062
-4.23012 -1.81868 2.40489
4.49294 1.56968 1.09834
-1.49303 -2.60931 -1.04283
0.963888 1.10136 -1.02034
-3.2591 -3.6816 2.64956
-5.35547 4.5015 2.7093
3.03152 -6.77299 7.03787
-2.29361 -4.3278 -5.95128
-1.29281 0.692226 0.97355
-2.85552 2.22099 13.289
-2.94876 2.28578 -5.60469
-1.51577 3.71329 -3.69518
-1.4243 3.284 -0.504385
-2.53097 -0.0431774 -0.207651
5.12689 2.16889 -1.62641
10.5476 4.09331 -0.411777
14.8556 0.996371 3.92203
4.74178 5.51157 0.367707
-0.955236 6.80096 2.55972
-0.785117 3.42851 0.872325
10.4632 -2.10872 4.27604
-2.15474 -7.36541 -2.97624
-9.63401 0.875871 -5.01162
