-7.96353 5.72701 10.1688
5.62164 1.34109 6.25662
-0.0626853 2.3007 1.28638
-2.47747 -0.926091 -0.332982
-1.42302 -2.04966 4.06503
4.44559 3.77625 2.69497
0.239964 -3.71979 -33.2862
7.08464 -8.64825 3.41629
-1.40632 1.83647 2.32454
4.51487 -4.26695 -6.2304
3.44872 -5.03193 1.7342
-5.17949 2.39961 16.5975
-0.777993 -3.37722 -2.50998
-13.4945 -10.9821 0.877966
3.19441 -4.1411 -4.42165
1.12846 2.72881 0.36539
0.0952966 -5.07428 -2.69719
-0.137288 -0.818063 -1.13704
-3.10069 -1.38652 4.23517
0.650262 -1.03778 5.59764
6.63257 2.56854 3.91782
2.13883 -6.53275 5.47231
6.13884 2.29273 1.54418
2.19576 -4.8072 -1.70292
-0.205088 1.65466 -9.07398
-4.90401 -4.90995 -1.79413
-0.0830987 1.96858 -1.43893
-0.259056 -1.02867 0.0119328
0.194542 3.81658 5.32847
4.70859 -10.7304 -10.0987
3.79321 7.11151 -9.55629
-10.0907 -9.50505 -20.6178
9.15973 5.50667 7.68247
-1.07419 -0.604539 -7.55015
-1.13904 -1.16702 -7.17379
-1.40169 3.81682 0.711475
-1.599 -1.96357 0.0564204
4.61051 7.44158 -0.301522
-2.17988 -3.33239 -5.1871
-11.7989 1.67167 4.51811
-3.83056 -1.35773 3.32329
2.09352 -8.19783 -3.20974
6.57751 -0.984815 0.540575
-5.53098 6.90809 -3.30661
7.18768 -3.88741 -13.3927
-9.11888 247.22 1.49863
0.205862 -4.95221 2.80982
4.59169 -4.19164 5.45499
-1.50947 -2.96741 -4.49806
1.72247 -5.21888 -2.57184
-7.53038 1.46323 -0.917486
-2.95731 0.103045 -1.39807
3.84735 -2.36817 -4.39136
-2.30242 0.550066 -0.405954
-0.160604 9.08548 -1.96528
3.48355 0.369215 0.685165
-1.50891 -0.712379 1.78065
-5.36327 9.37358 -3.33379
-0.886883 3.26573 0.733245
-3.19189 -5.09325 -4.81177
-2.92072 -2.05006 -0.293166
-2.82739 0.100217 23.1998
9.29052 4.10342 -2.96976
0.637228 -2.18996 -2.47575
1.58483 0.830155 -4.26925
-3.30206 1.17371 40.2851
0.371386 -156.668 7.78896
-3.58661 -6.94358 -2.29369
4.56279 4.66124 -12.1932
2.38455 -2.85913 -1.90965
-23.3346 -1.38622 -11.6858
0.813207 7.79674 2.3043
4.48555 3.70507 1.43528
-9.0378 0.62454 -1.61812
-1.65211 4.45942 -33.5703
-2.29089 -5.0387 2.65149
1.18333 9.05128 6.61479
-4.11863 -1.7257 2.37138
4.46014 1.50027 1.09604
-1.51397 -2.49649 -1.41419
0.971174 1.10186 -1.02031
-3.36702 -3.68585 2.70075
-5.35954 4.64456 2.71858
3.2345 -6.73356 6.88582
-2.26889 -4.30581 -6.12892
-1.30912 0.686929 0.853398
-2.64753 2.24741 13.3379
-3.01425 2.29658 -5.59743
-1.50293 3.6208 -3.55277
-1.45555 3.35744 -0.508501
-2.42494 -0.0431085 -0.204198
5.11272 2.16637 -1.67413
10.7466 4.13226 -0.232479
14.8469 0.888281 3.88979
4.60358 5.53057 0.363291
-1.03664 6.76738 2.46456
-0.859248 3.50754 0.802573
10.286 -2.15144 4.28984
-2.07681 -7.36347 -2.92119
-9.67555 0.85405 -5.00022
