-8.25173 5.41394 11.3633
5.66029 1.30399 6.23604
-0.406789 1.83126 1.24499
-2.46193 -1.1984 -0.332484
-1.05674 -2.12785 3.66948
4.15475 4.38606 2.87218
0.295605 -3.69309 -33.2383
7.40287 -8.53189 3.1785
-1.29901 1.75199 2.49395
4.23927 -3.98856 -6.18186
2.86126 -5.27308 1.89834
-5.44829 2.47537 16.6426
-0.827043 -3.34899 -2.47616
-13.442 -10.4063 0.778676
2.02694 -5.77715 -4.79043
1.11909 2.99911 0.0473829
0.117186 -5.0888 -2.55034
0.0555732 -0.880023 -0.886698
-3.44179 -0.644126 3.96631
0.65764 -1.10796 7.67677
6.21099 2.43585 3.68423
2.14635 -6.71351 5.53714
6.15798 1.92816 1.10117
2.43201 -4.36068 -1.62615
0.0138383 1.02734 -9.18963
-5.03113 -5.48074 -1.92531
-0.117365 1.89218 -0.536589
-0.28237 -1.47 0.558026
-0.334112 4.22284 6.13344
4.98371 -9.97225 -9.28025
3.89761 7.51594 -9.52225
-9.92203 -9.28193 -20.4622
9.02915 5.42052 7.71295
-1.3914 -0.293844 -11.0594
-1.08126 -1.21386 -7.32978
-2.01878 3.98369 -1.22766
-1.33346 -1.76697 0.0696612
5.80591 6.59181 -0.345973
-1.27806 -2.92579 -5.27186
-11.8466 2.07893 4.39475
-4.08827 -1.38162 3.80216
4.4401 -4.90454 -2.16323
5.99594 -1.71559 -0.010582
-5.12965 6.19189 -3.27371
6.80033 -4.92284 -13.2421
-9.31618 247.368 1.37383
0.0966644 -4.58485 3.71222
4.27787 -4.2273 6.30242
-1.76836 -3.29301 -3.97002
1.66248 -4.95677 -2.50671
-7.11879 1.43086 -0.861676
-3.12419 0.0709454 -1.50825
5.38538 -1.66244 -4.10149
-1.62445 0.558635 -0.578041
-0.355252 8.96701 -2.66289
3.9928 0.354601 0.381614
-1.56003 -0.776092 1.24232
-4.85271 9.31359 -3.3765
-2.21785 3.79978 1.27445
-2.50689 -5.64173 -4.15552
-2.88748 -2.00801 -0.333199
-2.66623 -0.156327 23.2163
9.31338 4.06953 -3.03106
0.847731 -2.22373 -2.56579
1.52994 0.649888 -4.27234
-3.13793 1.58147 40.4365
0.352967 -156.664 8.00089
-4.2492 -7.03125 1.03808
4.7756 4.60457 -12.1774
2.21538 -3.07604 -1.77062
-23.2664 -1.07152 -11.1074
-0.348351 7.12767 1.79638
4.54813 3.73839 1.80079
-9.03168 0.541782 -1.82399
-1.73341 5.55201 -33.6068
-1.21698 -5.12635 2.47114
1.07227 9.31893 6.58645
-3.40815 -1.21677 2.15941
4.14208 0.944708 1.10916
-1.64898 -1.82109 -2.49259
1.01067 1.1004 -1.01506
-4.18107 -3.81421 3.01966
-5.35971 4.43302 2.06148
4.30295 -5.5619 6.04536
-1.98846 -4.17511 -8.2101
-1.39953 0.647501 0.133644
-0.889058 2.44598 13.7721
-3.41996 2.34971 -5.57042
-1.43599 3.26692 -2.80633
-1.69521 3.84241 -0.50999
-1.91072 -0.0430505 -0.185944
4.32938 2.14281 -1.99503
10.3296 4.34727 1.18088
14.885 0.295031 3.78229
3.922 5.64953 0.342813
-1.39779 6.56065 1.96095
-1.35765 4.00058 0.322313
9.16486 -2.59578 4.32946
-1.54802 -7.35765 -2.60445
-9.96164 0.709783 -4.91003
