-5.11918 -0.930629 -1.08473
-0.582085 -1.15357 0.439277
2.18007 -0.548516 0.114947
-1.9149 -2.06008 -0.0571213
2.7365 -0.870431 -0.804246
1.12271 0.111382 2.99637
0.13717 -2.57631 0.111085
0.644582 3.12156 1.23452
-2.43693 1.27542 -1.38455
0.762096 0.602224 -0.357224
-2.30492 -0.233318 0.333117
-6.00972 0.530066 2.12758
-0.0669205 1.45725 -0.377684
-1.35974 -0.450487 -2.49233
2.93573 3.04388 -1.31427
0.155667 0.365051 -0.656877
-0.00290091 -0.861296 -2.2597
-2.83865 -0.0966884 -0.524776
1.74214 0.110792 -0.544189
-3.16158 1.11511 0.834873
-1.42556 -0.787404 0.427926
0.245652 0.894778 -0.104475
1.69771 -0.771037 -0.717049
0.128174 0.432555 1.95831
2.23961 -0.946678 -0.0557149
-0.429438 -1.14793 -1.35697
0.176988 2.35594 1.38166
-0.0988259 2.91446 0.690087
7.03718 0.121191 1.29454
-1.58062 0.953436 -5.27165
-0.622535 -1.55492 -0.550282
1.37951 4.83048 -2.92676
-0.510216 4.16088 0.289982
0.572688 0.274723 -0.679732
-2.06544 0.19723 1.19143
0.449449 0.593631 -2.92509
-0.215515 -1.27109 -0.00310849
-0.710806 -0.0249089 2.31417
-2.13294 -0.98107 0.462283
1.48789 -0.142626 1.74173
-1.00294 -0.0471636 -2.17927
-2.51875 -1.10942 -6.45107
-0.24671 -1.80289 1.39137
-2.48834 -1.52247 -1.02861
-1.63609 4.32047 -0.9131
-0.448586 1.64261 2.63844
-0.874148 0.695277 2.4131
3.6334 -0.247175 0.181626
1.4169 1.52072 -0.286561
0.415196 -0.370753 1.04556
0.816051 1.01669 4.2644
-1.32208 -0.0103219 -0.168457
-1.24115 0.512753 3.76066
1.47076 1.65411 -0.095653
0.741416 0.693451 -0.0253872
0.398589 -0.0309557 -1.46111
-0.126648 0.71374 -0.0767446
2.37997 2.69056 3.73568
-2.89647 -0.253558 -0.761453
-0.603668 -0.80215 -0.136361
-0.331039 -0.501652 0.885862
-1.26123 -0.622143 -2.05988
0.073896 -0.32019 -0.991091
0.718125 -0.666512 0.0265294
0.581358 -1.58124 1.44558
1.29465 -3.1448 -2.97654
0.428066 -1.27285 -1.30657
-0.867857 3.10285 3.70807
-0.618908 0.704126 -1.08604
1.24651 0.0300673 -0.968223
-0.41597 -2.73793 0.182407
2.42272 -3.51229 -0.263506
-1.21753 1.66245 -1.73028
-0.713895 -0.875868 -1.56137
0.646555 1.53928 1.84216
1.11871 0.375839 -0.0620073
0.280712 -2.5445 -0.607343
-1.80167 1.02675 0.65837
0.178207 -0.674497 0.504044
-3.12185 -0.870926 3.29691
0.14894 0.659594 -0.704818
0.2681 -1.1772 0.203351
-0.409179 -0.965058 -0.394656
-0.399269 -0.039195 -0.244688
-4.43959 -0.640811 -1.62593
0.824947 -0.181412 0.175891
-1.10725 -0.179826 3.17013
-0.179727 -0.282149 -0.152327
-0.178061 0.0638894 -3.6062
0.269286 0.193323 0.00412914
-0.840434 -0.502365 0.268724
2.35971 -0.923634 2.9447
4.11544 0.372361 -0.660269
-1.70903 -1.30758 0.562792
-0.525213 0.2997 0.444385
0.730858 -0.636601 0.449585
6.20696 0.953035 -0.288233
5.9883 2.8805 0.531872
1.45225 0.450828 0.358786
1.5647 -0.189499 -2.71467
