-8.48092 5.27459 11.4067
5.67251 1.29091 6.2293
-0.534392 1.59075 1.19026
-2.45738 -1.28665 -0.335063
-0.930278 -2.16453 3.51324
4.11352 4.5713 2.92176
0.308915 -3.6842 -33.2322
7.51474 -8.49784 3.09913
-1.2696 1.7281 2.5524
4.15286 -3.92671 -6.17111
2.66831 -5.40981 2.03007
-4.96994 2.50174 16.6988
-0.856333 -3.33298 -2.47326
-13.4151 -10.2849 0.731554
1.74967 -5.96793 -4.965
1.10964 3.1146 -0.070906
0.121332 -5.09259 -2.50355
0.111156 -0.901978 -0.805768
-3.57607 -0.36673 3.97494
0.633364 -1.13095 5.96265
6.07159 2.37566 3.61491
2.14696 -6.77975 5.55955
6.15638 1.81589 0.994297
2.50617 -4.21467 -1.60169
0.100025 0.810249 -9.23063
-5.11372 -6.10319 -1.97539
-0.136307 1.86201 -0.270994
-0.299169 -1.68526 0.757567
-0.459079 4.33331 6.5172
5.07759 -9.80121 -9.09839
3.93129 7.69447 -9.51909
-9.87546 -9.22184 -20.4639
8.99699 5.38293 7.73414
-1.49274 -0.203807 -9.02537
-1.07049 -1.23068 -7.39728
-2.28577 4.03743 -2.36243
-1.25635 -1.71342 0.0730855
6.24141 6.17801 -0.37988
-1.01091 -2.81251 -5.30766
-11.8703 2.2325 4.3531
-4.23059 -1.39553 3.97311
4.90954 -4.41395 -1.74896
5.81611 -1.96506 -0.214802
-4.72455 5.95908 -3.2559
6.69295 -4.67726 -13.2211
-9.39052 247.35 1.29342
0.0581907 -4.4679 3.79426
4.18427 -4.21579 6.8529
-1.88764 -3.4139 -3.81442
1.68012 -4.85956 -2.49102
-7.01425 1.42073 -0.844538
-3.17239 0.0520653 -1.54305
5.87694 -1.46045 -4.0195
-1.40628 0.539629 -0.640714
-0.371711 8.92941 -3.14364
4.16508 0.346948 0.276312
-1.58082 -0.79969 1.01279
-4.71034 9.29321 -3.39728
-2.56216 3.98351 1.47156
-2.33454 -5.83412 -3.98345
-2.87882 -1.99641 -0.349786
-2.62331 -0.252331 23.2249
9.31302 4.06686 -3.06133
0.889988 -2.2291 -2.56563
1.51107 0.58608 -4.27414
-3.12901 1.88304 40.6017
0.336598 -156.823 8.0673
-4.48512 -7.02815 2.89813
4.84429 4.58758 -12.1732
2.15829 -3.15804 -1.73018
-23.2314 -0.993639 -10.9809
-0.805442 6.89786 1.63025
4.56818 3.76421 1.91793
-9.02874 0.513316 -1.90136
-1.76941 6.50583 -33.6642
-0.965256 -4.75582 2.41398
1.02966 9.43124 6.56705
-3.17879 -1.05492 2.07295
4.04154 0.743076 1.11906
-1.70298 -1.56202 -2.02681
1.02242 1.09725 -1.01164
-4.97037 -3.86204 3.09648
-5.3432 4.18574 1.75408
4.62681 -5.25938 5.77093
-1.85129 -4.14491 -6.70303
-1.43719 0.633079 -0.117083
-0.258157 2.52054 13.8148
-3.58921 2.3554 -5.51966
-1.41888 3.17749 -2.6127
-1.78083 4.01417 -0.512909
-1.77131 -0.0426079 -0.180113
4.08372 2.13365 -2.12406
9.50501 4.45906 1.92794
14.8972 0.052576 3.72911
3.73737 5.69111 0.335314
-1.15721 6.50003 1.81266
-1.54771 4.16838 0.123036
8.82056 -2.83467 4.3095
-1.40872 -7.35921 -2.50612
-10.0912 0.659572 -4.88156
