-8.62522 5.20801 10.6732
5.67838 1.28362 6.22663
-0.60337 1.4727 1.15085
-2.4552 -1.33125 -0.33564
-0.856702 -2.18896 3.42538
4.09382 4.64559 2.95018
0.314937 -3.67987 -33.2293
7.56868 -8.47473 3.06621
-1.25518 1.71658 2.58401
4.10979 -3.90267 -6.16398
2.58076 -5.49439 2.1227
-4.77938 2.51198 16.7397
-0.873665 -3.32659 -2.47388
-13.4012 -10.2304 0.708509
1.66367 -6.01271 -5.01626
1.10533 3.17855 -0.12944
0.122886 -5.09475 -2.47948
0.138442 -0.913292 -0.763506
-3.64072 -0.222997 3.99623
0.623956 -1.13335 5.34502
6.00407 2.34851 3.58811
2.14608 -6.81558 5.57674
6.15551 1.75844 0.947311
2.54201 -4.14257 -1.58785
0.152983 0.715123 -9.24907
-5.16455 -6.36239 -1.98877
-0.146986 1.84322 -0.134824
-0.311412 -1.82727 0.909379
-0.526283 4.39074 6.76073
5.1205 -9.72551 -9.00967
3.94805 7.79193 -9.51708
-9.85569 -9.19702 -20.4671
8.98427 5.36228 7.74877
-1.53235 -0.174088 -8.54132
-1.06586 -1.23928 -7.43268
-2.43888 4.05639 -3.05265
-1.21888 -1.68859 0.0756549
6.47192 6.00604 -0.395723
-0.879924 -2.75586 -5.32372
-11.8814 2.32619 4.33649
-4.30808 -1.40563 4.06741
5.04466 -4.27442 -1.60549
5.7263 -2.09186 -0.312308
-4.54324 5.84749 -3.24451
6.64041 -4.47961 -13.2089
-9.43282 247.423 1.22257
0.0376276 -4.42513 3.83567
4.14513 -4.21282 7.45049
-1.94874 -3.47703 -3.731
1.68913 -4.81832 -2.4808
-6.96476 1.41552 -0.835135
-3.19638 0.0380089 -1.55927
6.09338 -1.36399 -3.96996
-1.29141 0.519707 -0.671031
-0.377337 8.9222 -3.46146
4.25321 0.34227 0.226003
-1.59103 -0.812552 0.915422
-4.64553 9.28308 -3.40751
-2.56073 4.07648 1.59969
-2.25618 -5.93252 -3.89767
-2.87471 -1.99077 -0.358078
-2.60316 -0.301038 23.231
9.31274 4.06463 -3.07603
0.900044 -2.2266 -2.54938
1.50128 0.557013 -4.2748
-3.12988 2.09587 40.5854
0.33131 -156.807 8.10814
-4.62095 -7.04198 4.1456
4.8784 4.57884 -12.1696
2.13123 -3.20108 -1.70531
-23.21 -0.957901 -10.9178
-1.03393 6.79504 1.56066
4.57712 3.77783 1.97995
-9.02748 0.498115 -1.93787
-1.78633 6.71541 -33.7178
-0.843199 -4.59826 2.3908
1.00858 9.49372 6.55868
-3.07258 -0.973046 2.0325
3.99686 0.642284 1.12451
-1.73931 -1.42392 -1.75267
1.0286 1.09499 -1.00926
-5.27591 -3.88191 3.13897
-5.32956 4.00776 1.6087
4.78038 -5.11602 5.65913
-1.80018 -4.14081 -5.88373
-1.45763 0.624552 -0.243636
-0.0247971 2.55778 13.5812
-3.69008 2.34886 -5.46453
-1.41175 3.13482 -2.5195
-1.82469 4.10261 -0.513269
-1.70338 -0.0427949 -0.17602
3.96135 2.12823 -2.18974
9.17317 4.52649 2.49047
14.8982 -0.0905239 3.70281
3.64939 5.7123 0.333688
-1.0429 6.47156 1.7506
-1.6532 4.26581 0.0236851
8.66758 -2.94375 4.30599
-1.33852 -7.36147 -2.45552
-10.1609 0.63322 -4.8645
