-8.95928 5.1089 10.133
5.69084 1.27027 6.22348
-0.748737 1.28734 1.06383
-2.44944 -1.42048 -0.33401
-0.649885 -2.26923 3.20372
4.05749 4.79785 3.02673
0.326805 -3.671 -33.2218
7.64749 -8.37686 3.03255
-1.22437 1.69617 2.65323
4.0301 -3.85557 -6.14584
2.43634 -5.697 2.33473
-4.45262 2.53052 16.8483
-0.912603 -3.31597 -2.47788
-13.3757 -10.1264 0.669832
1.54911 -6.05295 -5.06832
1.10115 3.31873 -0.244846
0.126013 -5.09839 -2.42792
0.194334 -0.935388 -0.675562
-3.75618 0.064443 4.05432
0.613577 -1.1259 4.58033
5.90877 2.30924 3.53952
2.1449 -6.88814 5.62786
6.15501 1.64229 0.864038
2.61732 -3.99843 -1.55883
0.266068 0.578971 -9.31342
-5.24125 -6.5974 -2.01268
-0.205167 1.75151 0.189645
-0.333842 -2.08344 0.877953
-0.645159 4.52868 7.93383
5.204 -9.58689 -8.84753
3.98565 8.00498 -9.50931
-9.82542 -9.14886 -20.4712
8.96702 5.32739 7.78569
-1.59997 -0.116331 -7.8957
-1.05362 -1.25548 -7.50757
-2.75901 4.08844 -4.60754
-1.1431 -1.63996 0.0815038
6.22 5.72197 -0.424471
-0.631023 -2.6399 -5.35758
-11.9 2.54736 4.31498
-4.47471 -1.42206 4.28073
5.2128 -4.07875 -1.38333
5.5486 -2.34547 -0.501537
-4.04427 5.64198 -3.21528
6.54674 -4.1193 -13.1769
-9.6897 247.502 1.3483
0.0137063 -4.37039 3.92423
4.07082 -4.21967 7.5643
-2.0745 -3.60177 -3.55639
1.70809 -4.73787 -2.45471
-6.86853 1.40675 -0.81498
-3.24933 0.0216007 -1.58433
6.29723 -1.16452 -3.86635
-1.03465 0.429233 -0.751931
-0.397376 8.93885 -4.20693
4.43831 0.333561 0.12899
-1.60868 -0.838011 0.819492
-4.51199 9.26728 -3.42924
-2.22446 4.27271 1.8606
-2.10853 -6.13037 -3.72938
-2.86668 -1.97827 -0.375512
-2.56177 -0.395472 23.2486
9.31096 4.06307 -3.10248
0.877071 -2.19041 -2.46414
1.49126 0.506708 -4.2703
-3.13336 2.51432 40.4327
0.340547 -156.787 8.21597
-4.92404 -7.11061 7.18878
4.95359 4.56273 -12.1577
2.07943 -3.28418 -1.64613
-23.1711 -0.883484 -10.7786
-1.44849 6.61609 1.44117
4.59373 3.80828 2.11179
-9.02345 0.467874 -1.99316
-1.83264 6.37379 -33.8396
-0.548727 -4.3112 2.35326
0.972906 9.64304 6.54839
-2.8792 -0.808007 1.95614
3.92915 0.437945 1.14272
-1.83092 -1.07384 -1.10816
1.04286 1.09055 -1.00319
-5.78631 -3.9108 3.23667
-5.30009 3.66753 1.4536
5.08503 -4.8337 5.45218
-1.72864 -4.13343 -4.81322
-1.50192 0.610473 -0.49969
0.347131 2.63613 13.2493
-3.84796 2.37257 -5.47326
-1.39793 3.056 -2.33288
-1.90818 4.29595 -0.514217
-1.57853 -0.0409287 -0.166568
3.71798 2.12049 -2.32463
8.57591 4.68242 2.38803
14.9145 -0.427205 3.67227
3.4888 5.75953 0.331878
-0.811637 6.41986 1.64065
-1.87579 4.5033 -0.155651
8.63471 -3.25078 4.1427
-1.18914 -7.36552 -2.35632
-10.3074 0.585257 -4.82416
