-9.14426 5.07524 10.0147
5.69765 1.26369 6.22301
-0.818281 1.21755 1.02713
-2.44617 -1.46505 -0.332437
-0.487857 -2.34901 3.05876
4.04456 4.88035 3.07015
0.333591 -3.66754 -33.2161
7.66628 -8.26831 3.08389
-1.20738 1.68755 2.68987
3.9984 -3.83352 -6.13471
2.38243 -5.82013 2.43341
-4.30109 2.53852 16.9213
-0.931933 -3.31395 -2.47851
-13.3647 -10.0755 0.653007
1.51219 -6.06079 -5.0787
1.10205 3.39407 -0.300792
0.127429 -5.09956 -2.40144
0.223602 -0.946269 -0.630576
-3.806 0.202253 4.08637
0.611566 -1.11944 4.3383
5.8709 2.28773 3.52381
2.14592 -6.92628 5.65658
6.15491 1.58402 0.825022
2.66178 -3.92782 -1.54359
0.304443 0.509268 -9.36368
-5.28124 -6.72306 -2.02511
-0.216009 1.74144 0.345354
-0.341531 -2.16762 0.786964
-0.673344 4.6164 8.58748
5.25586 -9.5231 -8.77115
4.00583 8.12016 -9.50387
-9.81406 -9.12629 -20.4721
8.9622 5.31352 7.80733
-1.62721 -0.091318 -7.63795
-1.04619 -1.26318 -7.54832
-2.91373 4.10454 -5.25985
-1.102 -1.61679 0.084961
5.99727 5.60099 -0.4347
-0.508448 -2.58287 -5.37281
-11.9077 2.66483 4.30764
-4.55592 -1.42926 4.40151
5.27156 -4.00601 -1.29655
5.46683 -2.47508 -0.586773
-3.79897 5.54489 -3.20046
6.51035 -3.95257 -13.1574
-9.90435 247.355 1.34764
0.014703 -4.36085 4.01053
4.02963 -4.22633 7.43217
-2.13501 -3.66483 -3.46858
1.71921 -4.69818 -2.4415
-6.82135 1.40285 -0.80446
-3.27409 0.0106981 -1.59597
6.13512 -1.06129 -3.80549
-0.872137 0.326037 -0.851028
-0.41516 8.95599 -4.49362
4.53703 0.3291 0.0808822
-1.61639 -0.850503 0.789253
-4.44315 9.25971 -3.44187
-2.0458 4.37621 2.01117
-2.03005 -6.23072 -3.64606
-2.86296 -1.9706 -0.38634
-2.54016 -0.440738 23.2601
9.3113 4.06269 -3.11433
0.816187 -2.136 -2.38717
1.48717 0.480858 -4.2677
-3.13151 2.56106 40.3978
0.335309 -156.8 8.2925
-5.08557 -7.16152 8.78497
4.99528 4.55386 -12.1487
2.05685 -3.32547 -1.61509
-23.1533 -0.845367 -10.7043
-1.64706 6.53494 1.39069
4.60258 3.82534 2.18121
-9.02056 0.455175 -2.02067
-1.86508 6.21524 -33.9047
-0.404925 -4.18491 2.34098
0.962302 9.72615 6.5482
-2.79331 -0.727388 1.92194
3.90112 0.328925 1.15074
-1.88536 -0.850229 -0.703569
1.05108 1.08825 -0.999604
-6.01213 -3.92122 3.29338
-5.28759 3.57389 1.38492
5.24745 -4.69484 5.36951
-1.70188 -4.13132 -4.44361
-1.52353 0.604737 -0.616822
0.516559 2.67621 13.1604
-3.78823 2.53857 -5.47774
-1.39033 3.02031 -2.24314
-1.94881 4.39451 -0.515886
-1.5114 -0.0394197 -0.159659
3.59716 2.11728 -2.39482
8.29031 4.76156 1.28578
14.9437 -0.595235 3.67067
3.41409 5.78595 0.333189
-0.693559 6.3957 1.58965
-1.99453 4.632 -0.21832
8.56988 -3.34452 4.1459
-1.10568 -7.36684 -2.30637
-10.3833 0.562224 -4.80383
