-9.56079 5.02596 9.8115
5.70977 1.25058 6.2232
-0.954029 1.10205 0.981508
-2.43952 -1.553 -0.328447
0.044093 -2.694 2.79042
4.02313 5.07247 3.15849
0.356688 -3.67694 -33.1943
7.82749 -8.09154 3.44746
-1.17713 1.67274 2.76593
3.93555 -3.79142 -6.11272
2.27163 -6.09536 2.59013
-4.04038 2.55094 17.1051
-0.974391 -3.3177 -2.47809
-13.3468 -9.96644 0.620361
1.45822 -6.06473 -5.08635
1.10851 3.55199 -0.410712
0.127263 -5.10165 -2.34828
0.27882 -0.968393 -0.539822
-3.88989 0.456249 4.14285
0.608427 -1.10482 3.9888
5.80283 2.24485 3.49501
2.14881 -7.00666 5.71802
6.15086 1.46529 0.748708
2.75017 -3.78976 -1.51282
0.376065 0.321559 -9.46005
-5.37392 -7.02021 -2.05506
-0.247797 1.71041 0.657383
-0.349172 -2.30515 0.527255
-0.68633 4.84164 8.25572
5.35996 -9.4063 -8.63244
4.04644 8.36925 -9.4919
-9.80495 -9.08103 -20.4725
8.95179 5.29072 7.85171
-1.68461 -0.0462755 -7.1887
-1.03238 -1.27827 -7.63808
-3.21406 4.13002 -5.45174
-1.02138 -1.57226 0.0919685
5.58232 5.37962 -0.460904
-0.264033 -2.47628 -5.41018
-11.9196 2.93799 4.29561
-4.78682 -1.4464 4.66706
5.36228 -3.88802 -1.16423
5.30803 -2.61812 -0.758396
-3.32402 5.35591 -3.17017
6.44335 -3.62357 -13.1116
-10.2329 247.26 1.3484
0.0293765 -4.36256 4.28861
3.93121 -4.24058 7.20483
-2.2609 -3.79959 -3.29757
1.74281 -4.61904 -2.41652
-6.74779 1.39555 -0.78438
-3.33178 -0.0103708 -1.61468
5.83141 -0.84679 -3.68165
-0.662246 0.155196 -1.29957
-0.480305 8.98443 -5.12264
4.73784 0.319087 -0.0170051
-1.63091 -0.876262 0.749511
-4.32315 9.24662 -3.47375
-1.70163 4.58548 2.31604
-1.87743 -6.43875 -3.48496
-2.86659 -1.93911 -0.421707
-2.50013 -0.527239 23.2889
9.31117 4.06109 -3.13713
0.502262 -1.85771 -2.24952
1.48024 0.430109 -4.26161
-3.12459 2.4202 40.3493
0.321582 -156.835 8.51752
-5.46382 -7.24158 10.4314
5.07805 4.53359 -12.126
2.01204 -3.40944 -1.55329
-23.137 -0.765767 -10.5499
-2.05193 6.37759 1.29618
4.61925 3.86253 2.32558
-9.01551 0.434807 -2.07501
-1.93957 5.87686 -34.0916
-0.110638 -3.94639 2.31994
0.951093 9.91293 6.55996
-2.64462 -0.576507 1.85807
3.85084 0.0874658 1.16968
-2.01985 -0.345051 0.192738
1.06622 1.08355 -0.992337
-5.8702 -3.93875 3.41523
-5.26248 3.45464 1.24514
5.59851 -4.42604 5.21655
-1.66136 -4.12889 -3.87668
-1.57299 0.591336 -0.845419
0.83218 2.75195 13.0138
-3.82753 2.71482 -5.48668
-1.37709 2.95384 -2.07139
-2.03735 4.60738 -0.518534
-1.38873 -0.036986 -0.14494
3.34884 2.10893 -2.54604
7.69949 4.88251 0.534646
15.0228 -0.89173 3.66096
3.2666 5.83343 0.34072
-0.454952 6.34813 1.4913
-2.26008 4.90511 -0.332782
8.47122 -3.56001 4.14577
-1.00426 -7.36837 -2.20848
-10.5533 0.517743 -4.7652
