-10.6211 4.92256 9.46599
5.73348 1.22417 6.2258
-1.19565 0.888261 0.96535
-2.42287 -1.70708 -0.319011
0.909714 -3.36874 2.95707
4.00393 5.50104 3.34823
0.41976 -3.71903 -33.2437
8.45723 -8.16109 3.6059
-1.11263 1.6474 2.9347
3.823 -3.71816 -6.08322
2.02181 -6.70392 2.78054
-3.45606 2.56696 17.6587
-1.05411 -3.34482 -2.46817
-13.333 -9.77595 0.545393
1.40295 -6.05799 -5.08248
1.13833 3.88421 -0.594282
0.121947 -5.11014 -2.24069
0.391415 -1.01835 -0.354649
-3.99961 0.906462 4.22827
0.604918 -1.08126 3.49815
5.68763 2.10146 3.44197
2.15549 -7.21755 5.87207
6.10464 1.21379 0.620652
2.92837 -3.52511 -1.45015
0.61433 -0.110556 -9.66748
-5.62698 -6.51874 -2.12372
-0.328451 1.63938 1.2759
-0.366906 -2.62372 0.112146
-1.05266 5.1647 7.43847
5.58273 -9.21895 -8.39175
4.12618 8.46135 -9.46503
-9.83052 -9.00779 -20.4656
8.94057 5.25698 7.93499
-1.82893 -0.0182402 -6.56199
-0.9966 -1.31338 -7.8595
-3.77332 4.1492 -2.91122
-0.867053 -1.492 0.102231
4.89598 4.90403 -0.521237
0.217392 -2.29926 -5.52466
-11.9587 3.624 4.26555
-5.2954 -1.48552 5.30062
5.51195 -3.72468 -0.96531
5.0215 -2.15785 -1.171
-2.48027 4.98005 -3.11816
6.34408 -2.98536 -13.0371
-10.775 247.175 1.36491
0.0626692 -4.3522 5.03781
3.64793 -4.29886 6.51328
-2.5207 -4.12736 -2.98649
1.78912 -4.47983 -2.36753
-6.62093 1.38134 -0.747745
-3.47298 -0.0508951 -1.64894
5.30508 -0.391003 -3.46812
-0.402967 0.217119 -1.65487
-0.700545 8.98737 -5.47093
5.10584 0.29279 -0.233129
-1.63039 -0.944986 0.813794
-4.10418 9.2324 -3.55789
-1.0518 4.97403 2.86769
-1.58094 -6.89626 -3.19056
-2.8923 -1.85498 -0.42048
-2.42927 -0.691974 23.3861
9.31489 4.05368 -3.18601
0.104528 -1.33444 -2.62083
1.46997 0.306357 -4.25141
-3.10033 2.05647 40.3041
0.323328 -156.789 8.93284
-6.43881 -7.24274 8.67758
5.30028 4.47198 -12.0709
1.93332 -3.59955 -1.4322
-23.2147 -0.602802 -10.2998
-2.90925 6.0325 1.11716
4.65496 3.94318 2.30847
-9.00671 0.377573 -2.1946
-2.0975 4.96571 -34.0559
0.479229 -3.56756 2.28465
0.946992 10.3629 6.6306
-2.42705 -0.327106 1.75598
3.76321 -0.521948 1.21242
-2.23353 0.461776 1.98733
1.09988 1.07354 -0.978786
-5.22144 -3.96571 3.68462
-5.20941 3.21506 0.993839
6.458 -3.95952 4.8756
-1.58885 -4.12179 -3.09653
-1.68416 0.559203 -1.38421
1.39264 2.85084 12.7504
-4.2648 2.7786 -5.5367
-1.35846 2.82355 -1.74555
-2.24632 5.04967 -0.515032
-1.14243 -0.031689 -0.110328
2.86241 2.0742 -2.86264
7.10154 5.17999 -2.68959
15.2139 -1.42411 3.60954
2.99661 5.91472 0.358012
0.0514312 6.24437 1.29642
-2.9638 5.29397 -0.598218
8.3176 -4.41753 4.10497
-0.851454 -7.37076 -2.01725
-10.936 0.419978 -4.69476
