-11.8442 4.84137 9.2118
5.75373 1.20193 6.23019
-1.43218 0.671169 0.982514
-2.40033 -1.82959 -0.314952
1.33282 -3.56108 3.02962
4.01024 6.23605 3.5263
0.446411 -3.7071 -33.3243
9.44888 -8.19096 3.56242
-1.03896 1.63428 3.14524
3.73217 -3.64017 -6.06933
1.73565 -7.42436 2.88947
-2.71543 2.59721 17.4244
-1.12802 -3.37772 -2.44774
-13.3456 -9.6095 0.459305
1.37806 -6.03355 -5.06229
1.19616 4.25445 -0.740855
0.111688 -5.12233 -2.13169
0.513203 -1.07106 -0.161846
-4.04138 1.37246 4.28001
0.607402 -1.06127 3.13113
5.58943 1.96455 3.38838
2.17918 -7.59729 6.06099
6.08415 0.958276 0.561222
3.11685 -3.25239 -1.38284
0.875976 -0.545553 -10.0533
-5.99811 -6.04091 -2.19459
-0.384246 1.56335 1.95109
-0.390829 -3.09929 -0.549343
-1.45575 5.37936 5.92456
5.84485 -9.06882 -8.19165
4.21559 7.79501 -9.45401
-9.90983 -8.99808 -20.4768
8.94115 5.23651 8.01732
-1.91593 0.0566234 -6.13532
-0.939857 -1.34772 -8.16034
-4.23101 4.19454 -2.23406
-0.715195 -1.41596 0.105248
4.30072 4.49169 -0.586619
0.790861 -2.12902 -5.67295
-12.044 4.58182 4.10213
-5.74238 -1.5155 6.11949
5.61207 -3.5842 -0.794603
4.81244 -1.78112 -1.80947
-1.77566 4.65372 -3.07724
6.25722 -2.25978 -12.9099
-11.4257 247.048 1.39891
0.0614255 -4.30316 4.19208
3.90949 -5.00126 5.17605
-2.80955 -4.49162 -2.74233
1.83144 -4.34151 -2.32357
-6.52238 1.37103 -0.712448
-3.67487 -0.0890115 -1.67609
4.85144 0.220342 -3.31167
0.0504622 0.234959 -1.78233
-0.967969 9.037 -4.51917
4.77889 0.260364 -0.459707
-1.9641 -0.612601 1.30678
-3.89038 9.22786 -3.61396
-0.394146 5.42648 3.33921
-1.28488 -7.38224 -2.93397
-2.87305 -1.82275 -0.426667
-2.35222 -0.865065 23.6048
9.32855 4.04922 -3.23518
0.264201 -1.26772 -2.91356
1.46439 0.182706 -4.25057
-3.05938 1.63762 40.3068
0.334434 -156.621 10.0235
-7.78501 -7.15448 7.84793
5.6393 4.39963 -12.043
1.83934 -3.79519 -1.35757
-23.3791 -0.42424 -10.1432
-3.87471 5.73193 0.94047
4.70669 4.04499 2.10787
-8.9959 0.305836 -2.348
-2.20347 4.24208 -33.534
1.25117 -3.15505 2.25993
0.918492 11.114 6.72224
-2.26615 -0.105643 1.67628
3.67838 -1.21314 1.26038
-2.26567 1.04219 3.89336
1.13574 1.06483 -0.967708
-4.57809 -3.97267 4.01964
-5.14085 2.97327 0.696838
5.18282 -3.53203 4.40634
-1.54149 -4.12071 -2.5392
-1.76402 0.527401 -1.92869
2.85511 2.98978 12.5803
-4.96541 2.841 -5.59276
-1.35361 2.70452 -1.42848
-2.46714 5.5496 -0.484835
-0.879002 -0.0232626 -0.0682983
2.57606 2.03202 -3.21417
6.76644 5.56309 -1.53555
15.5287 -2.02375 3.53253
2.73563 6.01871 0.366009
0.609322 6.15602 1.09607
-3.80625 5.7268 -0.965156
8.21893 -5.405 4.01219
-0.698681 -7.37763 -1.82439
-10.8198 0.322986 -4.63438
