-11.8936 4.82567 9.16199
5.75747 1.19696 6.23229
-1.49439 0.620827 0.990342
-2.3955 -1.86066 -0.313915
1.40614 -3.59332 3.02695
4.01094 6.52646 3.57982
0.453258 -3.70357 -33.3517
9.47205 -8.19772 3.55775
-1.02246 1.63266 3.20932
3.71167 -3.61744 -6.06508
1.65843 -7.63644 2.91598
-2.52228 2.60865 17.3537
-1.14785 -3.38512 -2.44073
-13.3562 -9.56765 0.448956
1.37239 -6.0248 -5.05365
1.21189 4.35265 -0.773908
0.108048 -5.12649 -2.10332
0.541529 -1.08504 -0.111015
-4.04749 1.47962 4.29009
0.608818 -1.0543 3.0325
5.5578 1.93406 3.37713
2.18556 -7.7578 6.12629
6.09397 0.89026 0.542144
3.1654 -3.17992 -1.36327
0.917647 -0.65365 -10.1667
-6.13399 -5.92866 -2.20259
-0.403545 1.54427 2.22099
-0.401883 -3.19968 -0.654069
-1.54145 5.43379 5.7124
5.91588 -9.03527 -8.14617
4.23549 7.63153 -9.45525
-9.93686 -9.00602 -20.4891
8.94255 5.23325 8.04146
-1.9392 0.082494 -6.01442
-0.927707 -1.35625 -8.25456
-4.33139 4.21185 -2.08289
-0.678381 -1.39653 0.105045
4.10269 4.40158 -0.599007
0.949679 -2.08224 -5.71043
-12.1355 4.92409 4.03312
-5.86079 -1.52081 6.37022
5.63119 -3.5484 -0.749453
4.76871 -1.69246 -1.96871
-1.64182 4.58308 -3.06553
6.27813 -2.07263 -12.8514
-11.2605 246.969 1.40574
0.0627354 -4.28746 3.88722
3.99815 -5.15211 5.08906
-2.88524 -4.58742 -2.6792
1.84085 -4.30429 -2.31089
-6.50346 1.36925 -0.703027
-3.73211 -0.0975518 -1.68023
4.74506 0.428067 -3.27046
0.197273 0.236979 -1.8029
-1.03344 9.06414 -4.32881
4.68921 0.25058 -0.522899
-2.07848 -0.545059 1.29711
-3.83495 9.2269 -3.6219
-0.233405 5.54719 3.46198
-1.21384 -7.50536 -2.87013
-2.86767 -1.81507 -0.428622
-2.33344 -0.912459 23.7035
9.332 4.04964 -3.24575
0.304142 -1.26874 -2.97025
1.46106 0.152191 -4.24852
-3.04869 1.48699 40.3094
0.330826 -156.622 10.0575
-8.1829 -7.14672 7.70894
5.73996 4.38528 -12.0414
1.77803 -3.81727 -1.3277
-23.4348 -0.378882 -10.1039
-3.92988 5.66295 0.901293
4.72165 4.0743 2.05952
-8.9957 0.284224 -2.38068
-2.15787 4.04403 -33.4751
1.46912 -3.03122 2.2629
0.8996 11.4832 6.7522
-2.23343 -0.0547648 1.65909
3.65575 -1.36966 1.27368
-2.22284 1.16348 3.05009
1.14353 1.06301 -0.965184
-4.42498 -3.97081 4.11432
-5.12647 2.9202 0.636803
4.63812 -3.44297 4.29931
-1.52783 -4.11732 -2.39247
-1.79037 0.520621 -2.07758
3.26344 3.04139 12.5546
-5.1407 2.86156 -5.60445
-1.3575 2.67696 -1.34967
-2.52846 5.54263 -0.474788
-0.821406 -0.020244 -0.0579307
2.50864 2.03263 -3.31534
6.66869 5.65323 -0.161079
15.6329 -2.21179 3.51232
2.66512 6.05378 0.369841
0.714043 6.13679 1.04774
-4.03602 5.8673 -1.04334
8.20182 -5.68239 3.99008
-0.664205 -7.3813 -1.77843
-10.7216 0.30055 -4.61811
