-11.6454 4.80927 9.11649
5.76076 1.19255 6.23526
-1.55538 0.554584 0.999064
-2.39086 -1.89092 -0.312594
1.44754 -3.62451 3.02043
4.00955 6.63494 3.6356
0.460056 -3.69964 -33.3826
9.1752 -8.20572 3.54985
-1.00726 1.63121 3.2802
3.692 -3.59139 -6.05991
1.58084 -7.61524 2.94432
-2.33194 2.62074 17.2894
-1.16786 -3.39189 -2.43257
-13.3708 -9.52761 0.445524
1.36681 -6.01338 -5.04355
1.22739 4.45217 -0.805922
0.104223 -5.13081 -2.07389
0.568403 -1.10123 -0.0586197
-4.05235 1.5809 4.29955
0.609059 -1.04714 2.9836
5.52484 1.90595 3.36675
2.19254 -7.86708 6.20181
6.10614 0.818694 0.518172
3.21591 -3.11365 -1.34231
0.953702 -0.765836 -10.2905
-6.29478 -5.81802 -2.20542
-0.424014 1.52932 2.51072
-0.413254 -3.29787 -0.757651
-1.62744 5.49023 5.54929
5.98999 -9.00872 -8.1014
4.25459 7.47196 -9.45835
-9.96501 -9.0113 -20.5055
8.94447 5.2317 8.06834
-1.96236 0.110819 -5.88919
-0.917552 -1.3655 -8.35879
-4.42835 4.22971 -1.93341
-0.641184 -1.37892 0.104558
3.93204 4.31519 -0.6075
1.11873 -2.03181 -5.74817
-12.2409 5.32485 4.00806
-5.98367 -1.52459 6.64431
5.64859 -3.50575 -0.702457
4.72589 -1.60287 -2.1227
-1.51649 4.51141 -3.05492
6.30877 -1.86466 -12.8269
-11.0439 246.961 1.41947
0.061972 -4.27148 3.71175
4.03027 -5.25262 5.04442
-2.96189 -4.69728 -2.61471
1.84992 -4.25775 -2.29758
-6.48535 1.36728 -0.692943
-3.78303 -0.105968 -1.68356
4.64526 0.603447 -3.22662
0.367243 0.23898 -1.82026
-1.09773 9.09541 -4.11926
4.59177 0.240222 -0.589933
-2.17143 -0.509611 1.27101
-3.77427 9.22474 -3.62945
-0.076052 5.66288 3.58875
-1.14392 -7.51399 -2.8053
-2.86216 -1.80718 -0.430071
-2.31783 -0.964583 23.8327
9.33482 4.05104 -3.25487
0.328607 -1.27371 -3.02433
1.45883 0.123063 -4.24502
-3.03298 1.37064 40.313
0.328596 -156.628 9.95636
-8.59218 -7.14476 7.58192
5.86191 4.36921 -12.0422
1.7198 -3.84684 -1.26922
-23.5011 -0.340583 -10.0651
-3.76734 5.5947 0.865114
4.7372 4.1035 2.01199
-8.99675 0.259616 -2.41375
-2.11837 3.87491 -33.4717
1.70234 -2.90307 2.27142
0.869608 11.6258 6.78157
-2.2032 -0.00625631 1.64297
3.6365 -1.49988 1.28729
-2.14874 1.27064 -0.223837
1.15128 1.06101 -0.962529
-4.27643 -3.96793 4.21469
-5.11329 2.87108 0.578318
4.16254 -3.36238 4.20245
-1.5207 -4.10697 -2.23429
-1.81756 0.516317 -2.21902
3.6289 3.09692 12.5325
-5.29213 2.88549 -5.6165
-1.36184 2.64929 -1.2709
-2.5858 5.39084 -0.464732
-0.758979 -0.0159222 -0.0434188
2.44093 2.0377 -3.41744
6.54693 5.75063 2.88929
15.7526 -2.42399 3.49377
2.594 6.09485 0.375342
0.786184 6.11812 1.00039
-4.28763 6.02826 -1.11414
8.19183 -5.96066 3.97017
-0.630837 -7.3863 -1.73292
-10.6282 0.277091 -4.60135
