-11.4228 4.79221 9.07081
5.76358 1.18858 6.23757
-1.61616 0.472461 1.00803
-2.38628 -1.92076 -0.311674
1.48677 -3.65403 3.00693
4.00592 6.53111 3.689
0.466219 -3.69514 -33.376
8.8753 -8.21465 3.54324
-0.993219 1.63049 3.33738
3.67205 -3.56461 -6.05486
1.50241 -7.35586 2.9737
-2.19035 2.63269 17.2251
-1.1876 -3.39846 -2.42487
-13.3926 -9.49255 0.444037
1.36088 -6.00066 -5.03427
1.24267 4.55512 -0.839507
0.100331 -5.13493 -2.04921
0.59509 -1.11844 -0.011763
-4.05683 1.67753 4.30577
0.60824 -1.04018 2.93602
5.49268 1.8799 3.35613
2.201 -7.90309 6.28852
6.12118 0.744634 0.486009
3.26858 -3.05371 -1.32068
0.989027 -0.878018 -10.4355
-6.50596 -5.70188 -2.20769
-0.44413 1.51289 2.72832
-0.423615 -3.39435 -0.868883
-1.71739 5.55546 5.40092
6.0677 -8.98839 -8.06053
4.27387 7.31638 -9.46723
-9.99878 -9.01341 -20.5297
8.94655 5.23143 8.09329
-1.98772 0.142371 -5.77541
-0.907352 -1.37472 -8.36476
-4.52649 4.25235 -1.79169
-0.603884 -1.36381 0.103554
3.7711 4.23319 -0.616471
1.27823 -1.97656 -5.79134
-12.3326 5.7402 4.0099
-6.12278 -1.52743 6.93407
5.66414 -3.45794 -0.659278
4.68387 -1.50407 -2.29794
-1.3941 4.4423 -3.04642
6.31768 -1.63868 -12.8254
-10.7919 246.983 1.43498
0.0573379 -4.25265 3.5511
4.03248 -5.31724 5.01581
-3.03873 -4.81137 -2.55152
1.85852 -4.20349 -2.28528
-6.46811 1.36515 -0.684288
-3.83781 -0.114667 -1.68766
4.55282 0.731354 -3.18316
0.516642 0.238977 -1.83532
-1.1624 9.13697 -3.91577
4.48424 0.229462 -0.664294
-2.24744 -0.489211 1.23991
-3.72068 9.22091 -3.63947
0.0800189 5.64404 3.71633
-1.07401 -7.402 -2.74211
-2.85692 -1.79919 -0.432684
-2.30618 -1.01813 23.9874
9.33646 4.0529 -3.26622
0.353536 -1.2807 -3.08531
1.45906 0.0936377 -4.24079
-3.01281 1.31495 40.3227
0.319166 -156.654 9.8933
-8.583 -7.14744 7.45576
5.99536 4.35206 -12.0456
1.69088 -3.89993 -1.2132
-23.5842 -0.309202 -10.0311
-3.60818 5.53037 0.827978
4.75258 4.13351 1.95898
-8.99809 0.244932 -2.44184
-2.1332 3.76622 -33.4707
1.95621 -2.7638 2.28265
0.832349 11.4666 6.7979
-2.17593 0.0412045 1.6256
3.61905 -1.62389 1.30071
-2.00289 1.33919 -7.57987
1.15904 1.05874 -0.960729
-4.13487 -3.96398 4.31361
-5.09977 2.82507 0.517212
3.73583 -3.28401 4.10873
-1.51585 -4.09649 -2.09841
-1.84532 0.511232 -2.36673
3.96393 3.15753 12.5069
-5.47366 2.90851 -5.63107
-1.36499 2.62184 -1.20134
-2.64562 5.2315 -0.454274
-0.698213 -0.0127645 -0.0293211
2.33807 2.04527 -3.52641
6.3612 5.89093 9.46505
15.8998 -2.66972 3.47403
2.50625 6.13846 0.381749
0.859189 6.10149 0.951705
-4.57582 6.22576 -1.18954
8.1859 -6.24904 3.95143
-0.598396 -7.39228 -1.69312
-10.5391 0.252345 -4.58723
