-11.0469 4.75347 8.97289
5.768 1.18132 6.24077
-1.73896 0.327424 1.02784
-2.37701 -1.98167 -0.310383
1.56117 -3.71006 2.96413
3.99694 6.34948 3.7961
0.47839 -3.68406 -33.2967
8.44456 -8.23088 3.55198
-0.968844 1.63242 3.42071
3.63466 -3.51427 -6.04557
1.34653 -6.85898 3.03744
-1.99123 2.65662 17.0882
-1.22593 -3.41049 -2.41053
-13.4497 -9.43724 0.443934
1.34932 -5.97814 -5.0174
1.27481 4.77503 -0.916088
0.0923169 -5.14349 -2.01086
0.648286 -1.15134 0.0703176
-4.061 1.85968 4.31137
0.606551 -1.02593 2.84551
5.42355 1.83323 3.3331
2.22274 -7.98976 6.5016
6.15994 0.589727 0.384772
3.38633 -2.92711 -1.27594
1.06165 -1.09162 -10.5636
-7.12926 -5.46537 -2.21144
-0.487058 1.47524 3.18434
-0.415977 -3.60627 -1.13896
-1.89845 5.70806 5.15275
6.24652 -8.95072 -7.98881
4.31461 7.01913 -9.50265
-10.077 -9.00803 -20.5941
8.95129 5.23259 8.13948
-2.04232 0.209099 -5.56907
-0.886683 -1.39265 -8.1713
-4.72065 4.31134 -1.52506
-0.525599 -1.33431 0.0982351
3.44565 4.07233 -0.63886
1.58618 -1.83209 -5.88494
-12.4962 6.6521 4.02011
-6.44007 -1.53009 7.58105
5.69212 -3.36877 -0.580922
4.60091 -1.26916 -2.64659
-1.15632 4.31162 -3.03304
6.29991 -1.12786 -12.8338
-10.5416 246.872 1.45028
0.0385754 -4.20959 3.23917
4.00424 -5.39684 4.96935
-3.19223 -5.02996 -2.42981
1.87441 -4.10183 -2.26348
-6.43573 1.36217 -0.669811
-3.94146 -0.127607 -1.69907
4.39007 0.980119 -3.10055
0.78162 0.224629 -1.83925
-1.29091 9.24886 -3.50635
4.25412 0.207477 -0.839765
-2.36988 -0.471899 1.1709
-3.62696 9.21559 -3.66147
0.392195 5.35548 3.97428
-0.931886 -7.17404 -2.62268
-2.84541 -1.78251 -0.438457
-2.29509 -1.1197 24.1745
9.33678 4.05708 -3.29354
0.404634 -1.29791 -3.22205
1.46768 0.0290217 -4.23061
-2.98742 1.20178 40.36
0.288231 -156.753 9.74809
-7.79757 -7.15883 7.20732
6.29581 4.33082 -12.0594
1.64814 -4.01448 -1.13109
-23.8109 -0.240887 -9.97443
-3.29438 5.40958 0.745886
4.78563 4.19872 1.84392
-9.0072 0.206849 -2.52001
-2.20234 3.59402 -33.4401
2.59842 -2.48589 2.33125
0.799909 11.1963 6.81097
-2.12506 0.134408 1.58889
3.58774 -1.86272 1.32582
-1.84861 1.44464 -4.06697
1.17481 1.0551 -0.958968
-3.86957 -3.95299 4.51045
-5.0713 2.73882 0.387165
3.02529 -3.14747 3.939
-1.50793 -4.07309 -1.84194
-1.90703 0.500257 -2.68157
4.63888 3.25501 12.4417
-5.87689 2.95151 -5.6599
-1.3677 2.56634 -1.07075
-2.77624 4.86051 -0.430417
-0.578764 -0.00805769 -0.00983853
2.10729 2.06603 -3.76093
6.09907 6.24256 6.89299
16.0983 -3.06125 3.43308
2.33535 6.23243 0.396142
1.00715 6.07349 0.850718
-5.21045 6.70469 -1.3488
8.18306 -6.8723 3.92208
-0.533532 -7.40516 -1.62647
-10.3729 0.205078 -4.56016
