-10.735 4.688 8.88583
5.77072 1.17335 6.24398
-1.85888 0.194222 1.04716
-2.36636 -2.04622 -0.309848
1.63883 -3.77341 2.91647
4.04253 6.21214 3.90977
0.491828 -3.67241 -33.2404
8.00707 -8.27427 3.5851
-0.947871 1.63565 3.50926
3.59635 -3.47017 -6.03755
1.17025 -6.4072 3.10279
-1.77749 2.73217 16.9657
-1.26514 -3.42432 -2.39604
-13.5258 -9.40109 0.444286
1.3358 -5.96152 -5.00217
1.31377 5.00692 -1.00725
0.085229 -5.15379 -1.97524
0.70295 -1.18685 0.150689
-4.05315 2.01937 4.31158
0.613063 -1.01951 2.7657
5.35209 1.79185 3.30849
2.24649 -8.10834 6.66603
6.21493 0.416872 0.25099
3.49976 -2.79945 -1.22973
1.13536 -1.30124 -10.1525
-7.85957 -5.34197 -2.23398
-0.530808 1.42911 3.66231
-0.426092 -3.84038 -0.846431
-2.03657 5.83876 4.92879
6.39449 -8.92738 -7.92364
4.37217 6.72732 -9.5479
-10.1811 -9.00387 -20.691
8.95562 5.23448 8.18738
-2.10476 0.272861 -5.38542
-0.862866 -1.41661 -7.98286
-4.908 4.3709 -1.28409
-0.456647 -1.31033 0.088181
3.19041 3.88781 -0.665875
1.93965 -1.64481 -6.04068
-12.6274 7.84048 4.01486
-6.78637 -1.53117 8.32695
5.71501 -3.29274 -0.512153
4.53127 -1.05294 -3.06213
-0.903262 4.15291 -3.02365
6.27878 -0.56512 -12.8575
-10.2852 246.871 1.46547
0.0101825 -4.16055 2.97023
3.97703 -5.47121 4.91781
-3.34512 -5.27103 -2.32495
1.88734 -4.01614 -2.24649
-6.40625 1.35818 -0.655268
-4.05857 -0.125961 -1.72736
4.17623 1.1942 -3.04021
1.09857 0.11158 -1.82138
-1.4164 9.37335 -3.16632
4.04173 0.182056 -1.07012
-2.47267 -0.477088 1.09801
-3.54463 9.20755 -3.68803
0.706925 5.0707 4.21881
-0.793879 -6.96573 -2.52158
-2.83161 -1.76624 -0.440859
-2.2895 -1.23239 23.89
9.33416 4.05996 -3.32572
0.462131 -1.3237 -3.35781
1.49951 -0.0537353 -4.22397
-3.02198 1.08873 40.372
0.291034 -156.707 9.56015
-7.13286 -7.17883 6.95552
6.6454 4.30961 -12.0931
1.60594 -4.1359 -1.07027
-23.6265 -0.170948 -9.9278
-2.97156 5.28318 0.658714
4.8259 4.26461 1.72499
-9.02832 0.154097 -2.62631
-2.27082 3.43285 -33.4128
3.23211 -2.19927 2.47016
0.800055 10.9755 6.84432
-2.07061 0.217038 1.55131
3.56913 -2.08317 1.34262
-1.90837 1.60383 -0.0890471
1.19042 1.05009 -0.957653
-3.61942 -3.94372 4.71596
-5.05408 2.6459 0.0625071
2.56365 -3.08859 3.78042
-1.49778 -4.05023 -1.57539
-1.97248 0.485919 -2.82569
5.23493 3.13052 12.3078
-6.39163 2.98799 -5.69617
-1.36675 2.506 -0.928614
-2.89639 4.29952 -0.403452
-0.460157 -0.00260895 0.0157355
1.92704 2.08885 -4.05301
6.04954 6.49767 3.91779
15.7839 -2.84975 3.40404
2.19554 6.32017 0.411174
1.16432 6.04462 0.747483
-5.61075 7.02387 -1.54107
8.20083 -7.56008 3.90498
-0.465113 -7.42088 -1.56498
-10.2194 0.15031 -4.53579
