-10.4653 4.63513 8.82273
5.77212 1.16573 6.24637
-1.97665 0.0767951 1.06735
-2.35446 -2.11584 -0.309379
1.72917 -3.83817 2.86631
4.14034 6.02937 3.96476
0.506549 -3.65979 -33.2017
7.69612 -8.34148 3.6371
-0.929444 1.64391 3.60094
3.56447 -3.426 -6.03148
0.986226 -5.97631 3.17651
-1.52936 2.84185 16.9697
-1.30062 -3.4361 -2.38247
-13.6105 -9.36716 0.441557
1.3236 -5.94753 -4.98961
1.35611 5.26378 -1.09582
0.0797502 -5.16458 -1.94428
0.761317 -1.22294 0.230519
-4.03547 2.17649 4.30823
0.617778 -1.00136 2.67513
5.27353 1.77164 3.29472
2.28107 -7.99363 6.79765
6.28273 0.231779 0.137912
3.61619 -2.65487 -1.18161
1.20526 -1.50158 -9.86221
-7.92194 -5.22183 -2.31763
-0.572437 1.38775 3.96399
-0.430886 -4.1359 -0.395431
-2.13647 5.98172 4.70711
6.52657 -8.9153 -7.86343
4.44472 6.45005 -9.59853
-10.3083 -8.99267 -20.8756
8.95668 5.23947 8.23554
-2.17448 0.337431 -5.24701
-0.834435 -1.44525 -7.81747
-4.72842 4.43746 -1.06871
-0.393707 -1.28364 0.0716995
2.95958 3.72618 -0.697694
2.36189 -1.4984 -6.25656
-12.7298 7.79439 3.97677
-7.17019 -1.52416 8.83493
5.73401 -3.22566 -0.454754
4.46307 -0.824991 -3.2633
-0.636655 4.01549 -3.01774
6.27174 -0.0885751 -12.9003
-10.0178 246.75 1.47532
-0.0146406 -4.11279 2.73169
3.95003 -5.55616 4.86586
-3.50102 -5.534 -2.23322
1.89779 -3.94314 -2.23301
-6.37805 1.35453 -0.64123
-4.20128 -0.102727 -1.77062
4.00526 1.40107 -3.01086
1.4923 -0.00718947 -1.91376
-1.57974 9.52175 -2.90065
3.85227 0.15755 -1.33001
-2.56766 -0.490591 1.02192
-3.45743 9.20298 -3.71411
1.01505 4.79505 4.46268
-0.665673 -6.76647 -2.42676
-2.81605 -1.74891 -0.43821
-2.28648 -1.35878 23.7161
9.32972 4.06436 -3.3683
0.541477 -1.3515 -3.49573
1.55401 -0.15599 -4.23159
-3.10947 0.840409 40.4637
0.294253 -156.719 9.41775
-6.55402 -7.18668 6.71483
7.0481 4.28089 -12.1408
1.56486 -4.26441 -1.01895
-23.373 -0.101301 -9.88226
-2.60514 5.17867 0.565793
4.86915 4.33578 1.60411
-9.0649 0.100461 -2.74368
-2.33782 3.30609 -33.3698
2.8081 -1.34124 2.34202
0.795862 10.8008 6.88203
-2.0124 0.301565 1.51475
3.56684 -2.26176 1.35267
-2.00882 1.77922 1.98882
1.20809 1.04623 -0.957811
-3.37912 -3.93379 4.93952
-5.03903 2.54154 -0.30928
2.34585 -3.02874 3.6196
-1.48558 -4.01953 -1.37747
-2.04063 0.475379 -2.39666
5.22947 2.49602 12.4782
-7.02529 3.02668 -5.74236
-1.36324 2.44228 -0.807088
-3.02281 4.01414 -0.358072
-0.341007 0.000351635 0.0327246
1.76889 2.11923 -4.46036
6.03613 6.76403 2.2348
15.6873 -2.62658 3.38245
2.12856 6.46611 0.42653
1.22124 6.01893 0.642347
-5.8777 7.38574 -1.76251
8.23138 -7.92859 3.90202
-0.39151 -7.4357 -1.5063
-10.0759 0.0997629 -4.51245
