-10.2142 4.58655 8.78234
5.77028 1.15543 6.24935
-2.01275 -0.0344858 1.08675
-2.3416 -2.20399 -0.308495
1.84646 -3.91301 2.81847
4.16144 5.67508 4.02983
0.522995 -3.64844 -33.1758
7.47425 -8.39855 3.6738
-0.913331 1.65533 3.69985
3.5352 -3.39095 -6.02608
0.795782 -5.57772 3.25907
-1.23155 2.89024 16.9865
-1.33601 -3.4497 -2.36807
-13.7319 -9.3405 0.443296
1.31145 -5.94053 -4.97693
1.3976 5.53638 -1.18203
0.0751631 -5.17782 -1.91783
0.825221 -1.2611 0.313457
-4.01485 2.3243 4.30305
0.621191 -0.989735 2.59108
5.20235 1.75935 3.30413
2.31683 -7.32481 6.90426
6.36045 0.0306649 0.0341131
3.74469 -2.49443 -1.13148
1.27425 -1.69985 -9.63738
-8.05333 -5.12876 -2.43501
-0.609132 1.34233 4.27903
-0.416799 -4.69411 0.0898446
-2.2416 6.13172 4.47948
6.66984 -8.9086 -7.80433
4.54446 6.17562 -9.65905
-10.4798 -8.99131 -21.1638
8.95372 5.24422 8.2933
-2.24638 0.392083 -5.12445
-0.80115 -1.48092 -7.66984
-4.45347 4.50789 -0.866797
-0.336857 -1.25401 0.043762
2.75261 3.56997 -0.732437
2.8323 -1.39339 -6.46327
-12.8536 7.16849 3.85256
-7.31113 -1.51607 8.53531
5.74871 -3.17633 -0.400787
4.39379 -0.579648 -2.555
-0.366695 3.87392 -3.01075
6.27025 0.104778 -12.9546
-9.85403 246.75 1.48821
-0.0436994 -4.06956 2.50811
3.93029 -5.64437 4.79283
-3.66239 -5.82992 -2.15704
1.90588 -3.8846 -2.22076
-6.3507 1.34846 -0.624819
-4.39265 -0.0879459 -1.79961
3.87254 1.60867 -3.0106
1.96109 -0.0284794 -2.00515
-1.74941 9.69518 -2.73324
3.65089 0.132071 -1.46964
-2.6427 -0.508141 0.948344
-3.37552 9.20363 -3.74707
1.32673 4.51732 4.70597
-0.543194 -6.57855 -2.33581
-2.80452 -1.73514 -0.429466
-2.29357 -1.50132 23.6063
9.32702 4.06828 -3.42111
0.66738 -1.38367 -3.63341
1.61097 -0.288238 -4.26707
-3.14292 0.38726 40.6825
0.295324 -156.754 9.23573
-6.08076 -7.18225 6.55605
7.53772 4.23523 -12.1887
1.52486 -4.4108 -0.975081
-23.1951 -0.0702416 -9.816
-2.14182 5.09157 0.473428
4.91518 4.40888 1.4816
-9.10527 0.0462139 -2.865
-2.40677 3.15608 -33.3443
2.48621 -1.08663 2.05659
0.785974 10.638 6.91904
-1.95838 0.381044 1.47991
3.56956 -2.48846 1.37384
-2.13824 1.9495 3.15242
1.22576 1.04093 -0.95721
-3.1478 -3.92664 5.22023
-5.01366 2.4016 -0.745145
2.14795 -2.97444 3.45357
-1.47111 -3.99428 -1.20679
-2.11333 0.461495 -1.91071
5.20438 2.46947 12.8255
-7.86848 3.06709 -5.79361
-1.35893 2.37069 -0.692122
-3.14483 3.92092 -0.26186
-0.218681 0.00436594 0.0542052
1.60478 2.15291 -4.83186
6.0204 7.10785 0.185585
15.6302 -2.43336 3.34885
2.07484 6.6185 0.443104
0.949218 5.99316 0.545402
-6.18956 7.77173 -1.98029
8.25981 -7.52352 3.90579
-0.312206 -7.45095 -1.44251
-9.94779 0.0437444 -4.48876
