-10.1158 4.56631 8.76856
5.76707 1.14916 6.2516
-1.91743 -0.0878674 1.0973
-2.33589 -2.25183 -0.307529
1.90443 -3.95083 2.79519
4.16674 5.54721 4.08042
0.529929 -3.64243 -33.1671
7.38314 -8.41948 3.68444
-0.909405 1.66274 3.75206
3.51971 -3.37465 -6.0232
0.688507 -5.38864 3.30452
-1.12121 2.90688 16.9914
-1.3553 -3.45645 -2.36047
-13.8206 -9.3275 0.447053
1.30431 -5.93804 -4.97009
1.41627 5.68034 -1.22455
0.0720975 -5.18461 -1.90607
0.854156 -1.28031 0.356149
-4.00659 2.40278 4.29996
0.6209 -0.986581 2.55183
5.17494 1.75507 3.31606
2.33002 -7.10524 6.97172
6.40112 -0.072958 -0.0160009
3.81438 -2.40836 -1.10302
1.30588 -1.79674 -9.53943
-8.15985 -5.06573 -2.48575
-0.632974 1.32002 4.4614
-0.400226 -5.05089 0.848079
-2.30192 6.3259 4.37799
6.74136 -8.90389 -7.77667
4.59497 6.04524 -9.70571
-10.6146 -8.99369 -21.3955
8.95311 5.24807 8.32758
-2.28622 0.418584 -5.06393
-0.786888 -1.49994 -7.60237
-4.32922 4.54754 -0.766514
-0.308212 -1.23413 0.0251671
2.6494 3.50097 -0.750412
3.02903 -1.34339 -6.56768
-12.9984 6.82597 3.75182
-6.99169 -1.5123 8.39839
5.75342 -3.15403 -0.372579
4.35844 -0.452103 -2.1927
-0.236448 3.81465 -3.00646
6.26891 0.201773 -12.9817
-9.7457 246.711 1.49178
-0.0661068 -4.04878 2.40136
3.9229 -5.68942 4.74334
-3.75437 -5.98977 -2.11957
1.9085 -3.85737 -2.21414
-6.33856 1.34482 -0.616218
-4.50536 -0.085626 -1.80926
3.80269 1.72231 -3.01361
2.13908 -0.0315712 -2.04262
-1.8344 9.79502 -2.65362
3.4895 0.11892 -1.54531
-2.68049 -0.519185 0.912955
-3.34324 9.20574 -3.76502
1.48194 4.38438 4.8365
-0.488345 -6.48632 -2.29024
-2.80196 -1.72973 -0.423919
-2.30019 -1.57435 23.5725
9.32775 4.07171 -3.44906
0.724995 -1.39982 -3.70362
1.63078 -0.352873 -4.29316
-3.16033 0.244947 40.2512
0.297418 -156.689 9.1525
-5.92282 -7.18632 6.4994
7.78762 4.21721 -12.2218
1.50071 -4.48728 -0.952296
-23.1449 -0.0708368 -9.77318
-1.92436 5.05848 0.427782
4.9376 4.44864 1.41958
-9.12702 0.0190902 -2.92128
-2.44649 3.06275 -33.3386
2.37697 -1.0134 2.02398
0.773041 10.5671 6.94183
-1.93483 0.423473 1.46265
3.56353 -2.59287 1.38718
-2.21654 2.03962 3.65112
1.23439 1.03837 -0.957536
-3.05813 -3.92357 5.36595
-5.00633 2.33317 -0.942722
2.04376 -2.92962 3.37416
-1.46658 -3.9832 -1.12167
-2.16324 0.453692 -1.6258
5.14149 2.53784 12.8835
-7.9967 3.09111 -5.82107
-1.35878 2.33474 -0.634377
-3.18581 3.90628 -0.188713
-0.161498 0.00456133 0.0631317
1.49611 2.1738 -5.03507
6.00497 7.33762 -0.769988
15.6032 -2.32596 3.32963
2.0463 6.69927 0.452705
0.80939 5.98094 0.4978
-6.3658 7.52712 -2.08396
8.2692 -7.34492 3.90921
-0.276832 -7.45815 -1.41118
-9.8951 0.0167861 -4.47819
