-6.22359 -0.845168 -1.14972
-0.663491 -0.992981 0.48254
1.81422 -0.592985 0.120612
-2.11261 -1.95427 -0.0541718
4.14598 -0.964982 -0.316652
1.20582 0.131679 3.2104
0.146761 -2.7176 0.116376
0.696724 3.42896 1.3478
-2.06848 1.37887 -1.5031
0.805126 0.457536 -0.384473
-1.80687 -0.18848 0.373007
-4.80887 0.588143 2.35858
-0.0757476 1.55917 -0.396458
-1.47165 -0.482393 -2.68676
3.8166 3.52232 -1.04721
0.164854 0.387278 -0.697806
-0.00427298 -0.898606 -2.41383
-3.07336 -0.109681 -0.580317
1.18422 0.117172 -0.543593
-3.0192 1.18299 0.879602
-1.58091 -0.617944 0.461588
0.261328 0.960085 -0.0944766
1.81305 -0.828034 -0.759449
0.127502 0.476045 2.10224
2.41903 -1.02315 -0.0573534
-0.453901 -1.20741 -1.44232
0.191564 2.68486 0.825186
-0.109744 2.72168 0.784219
5.93369 0.134893 1.35473
-1.74255 1.07714 -6.09394
-0.688895 -1.25377 -0.586915
1.50352 4.54355 -3.13808
-0.535676 4.46536 0.321823
0.62607 0.28971 -0.721477
-2.29507 0.214729 1.30857
0.0893488 0.638909 -3.2551
-0.230673 -1.38434 -0.00177293
-0.718302 0.0495061 2.00582
-2.35139 -1.08897 0.507871
1.59374 -0.11453 1.8708
-1.05945 -0.0949128 -2.3315
-5.71863 -1.16407 -5.17817
-0.266371 -1.89365 1.60374
-2.73312 -1.19344 -1.12469
-1.82925 4.46758 -0.932519
-0.482213 1.83171 2.99911
-0.945937 0.729746 2.87687
4.20686 -0.269552 0.19596
1.53683 1.61691 -0.303096
0.445309 -0.38721 1.12014
0.881397 0.833382 3.9743
-1.3911 -0.0103622 -0.173418
-1.30574 0.556911 4.07898
1.55981 1.81487 -0.0715981
0.796812 0.773875 0.160624
0.404651 -0.0368721 -1.25945
-0.133198 0.764009 -0.0715982
1.05406 2.94937 4.02217
-3.43411 -0.277688 -1.55693
-0.642933 -0.860454 -0.138882
-0.353887 -0.523014 0.953876
-1.37775 -0.917603 -2.22399
0.185753 1.58061 -1.42949
0.768074 -0.702486 0.0278058
0.621012 -1.67961 1.59997
1.41291 -3.49738 -2.59602
0.452366 -1.32042 -1.38255
-0.933256 2.81449 3.24877
-0.677111 0.753828 -1.17132
1.33709 0.0340018 -1.03514
-0.022444 -2.97444 -0.332423
2.66292 -3.79001 -0.283366
-1.32197 1.81796 -1.89696
-0.768351 -0.931674 -1.66537
0.689525 1.6637 1.98619
1.19063 0.404231 -0.0615171
0.294306 -2.68654 -0.636315
-1.97203 1.07777 0.668358
0.188905 -0.7113 0.547966
-3.42713 -0.934304 3.77157
0.158705 0.71787 -0.749017
0.281816 -1.2536 0.218388
-0.435357 -1.03361 -0.417827
-0.423845 -0.041705 -0.263222
-4.0761 -0.678893 -1.75931
0.879474 -0.185791 0.192067
-0.170663 -0.178409 2.51621
-0.189809 -0.293938 -0.1485
-0.335134 -2.63852 -3.52011
0.257388 0.20493 0.00144236
-0.651317 -0.559578 0.29351
1.94554 -1.00672 2.65334
4.7518 0.42837 -0.696684
-1.52109 -1.4681 0.608475
-0.555881 0.322291 0.485641
0.778136 -0.677069 0.492109
5.49723 1.01705 0.603115
5.73171 3.0067 0.623443
1.94684 0.468544 0.387491
1.64773 -0.202889 -2.95742
