-9.53796 4.43431 8.6683
5.72681 1.11964 6.32444
-1.22492 -0.560736 1.21112
-2.29698 -2.74645 -0.28504
2.44767 -4.22433 2.64295
4.1978 4.8057 4.69461
0.54925 -3.60724 -33.1475
6.9155 -8.49775 3.69797
-0.870904 1.72267 4.25562
3.39709 -3.26206 -6.00406
-0.057245 -4.55458 3.70392
-0.56979 3.03904 17.0177
-1.51576 -3.50242 -2.28454
-15.1252 -9.24673 0.504819
1.24217 -5.93246 -4.90818
1.5215 5.16416 -1.5086
0.0546538 -5.25928 -1.83081
1.10216 -1.43785 0.783953
-3.9486 3.18538 4.27558
0.639698 -0.935674 2.247
5.09472 1.65477 3.43011
2.42831 -6.57202 8.13586
6.76679 -0.51025 -0.308349
4.48593 -1.86109 -0.866419
1.56313 -2.50446 -8.90089
-6.57191 -4.52442 -2.70026
-0.72279 1.23033 6.11915
-0.315931 -3.60076 0.215144
-3.57455 7.88274 3.97915
7.36506 -8.87289 -7.57196
4.87855 5.56014 -10.2718
-11.9391 -9.07409 -21.5121
8.99411 5.31282 8.66582
-2.59937 0.597288 -4.62763
-0.675415 -1.63998 -7.16628
-3.50055 4.9382 0.122587
-0.0952715 -1.11595 -0.0216169
1.81439 3.11192 -0.813109
4.29569 -0.960834 -7.58159
-12.0913 5.32563 3.6896
-3.9058 -1.49514 7.39025
5.7805 -3.02347 -0.127965
4.10794 0.485124 1.66259
0.781902 3.42514 -2.942
6.28856 1.31451 -13.2111
-9.36515 246.538 1.52362
-0.243716 -3.88701 1.73708
3.88635 -6.07401 4.39909
-4.54179 -5.58281 -1.75746
1.91351 -3.6749 -2.15104
-6.23875 1.31586 -0.531919
-5.29952 -0.0983305 -1.90707
3.26629 2.6837 -2.93299
3.13051 -0.120577 -2.31741
-2.47312 10.0057 -1.76497
2.80627 -0.0118387 -2.87296
-2.9827 -0.6238 0.644325
-3.08429 9.32541 -3.97235
2.22434 3.46905 4.31475
-0.0530515 -5.85268 -1.90758
-2.8173 -1.69821 -0.428209
-2.24539 -2.05779 23.4988
9.35567 4.13847 -3.63501
1.18086 -1.51896 -4.32566
1.64412 -0.758829 -4.40111
-3.19072 -1.60862 39.3637
0.21161 -156.46 8.87785
-4.24074 -7.26153 6.16826
5.52289 4.23862 -13.0168
1.33624 -5.2376 -0.725166
-23.04 0.112995 -9.62727
-0.315343 4.89462 0.100383
5.127 5.00643 0.929659
-9.38384 -0.203244 -3.33416
-2.9945 2.04128 -33.4676
1.18376 -0.456208 1.99438
0.625245 10.1106 7.2616
-1.79974 0.867741 1.34501
3.47267 -3.34195 1.4881
-2.98302 2.83241 1.14724
1.32147 1.01317 -0.940513
-2.21017 -3.90475 6.74357
-5.01122 1.45139 -1.72606
0.337685 -2.47758 2.98694
-1.43723 -3.94891 -0.538952
-2.42358 0.436985 0.891976
4.52677 3.1079 13.0303
-6.54729 3.46481 -6.05164
-1.36822 2.08888 -0.11377
-4.20248 3.4215 -0.00462721
0.394998 0.0111887 0.141903
0.869597 2.40316 -5.10451
5.82187 7.1288 -5.88972
15.394 -1.34 3.23851
1.79547 7.41535 0.507467
-0.23088 5.89372 0.0809508
-5.23833 4.12446 -2.61042
8.28465 -6.1478 3.96646
0.0418977 -7.51422 -1.1575
-9.57442 -0.20962 -4.37734
