-9.4954 4.42577 8.65732
5.71969 1.12204 6.33925
-1.15136 -0.616798 1.22714
-2.29362 -2.82514 -0.283063
2.52553 -4.2532 2.62614
4.20132 4.74731 4.77821
0.550443 -3.60569 -33.1483
6.86474 -8.50175 3.69784
-0.8644 1.72833 4.3263
3.38077 -3.24753 -6.00312
-0.187394 -4.46564 3.75492
-0.521435 3.05915 17.0209
-1.53974 -3.50551 -2.27231
-15.1422 -9.24401 0.509456
1.23285 -5.93133 -4.90021
1.53374 5.09852 -1.54186
0.0535491 -5.27204 -1.82195
1.13692 -1.45583 0.850754
-3.94212 3.30284 4.26874
0.637487 -0.928138 2.21616
5.08893 1.63947 3.43821
2.43971 -6.52223 8.28844
6.82987 -0.559101 -0.341637
4.57177 -1.79955 -0.842932
1.59543 -2.59349 -8.83973
-6.38953 -4.45704 -2.72087
-0.732254 1.23084 6.03738
-0.306007 -3.2376 -0.0554034
-3.76595 7.75044 3.95445
7.44791 -8.87023 -7.54814
4.92516 5.51344 -10.3733
-12.0927 -9.07956 -21.2951
9.00154 5.32629 8.71652
-2.64233 0.624091 -4.58073
-0.662521 -1.65373 -7.1226
-3.41209 5.00459 0.240228
-0.0779176 -1.09939 -0.0208355
1.71615 3.07466 -0.81715
4.46612 -0.916866 -7.7268
-11.8035 5.22246 3.70462
-3.66564 -1.49142 7.29789
5.78295 -3.00742 -0.0960023
4.08046 0.7285 2.07432
0.901866 3.39248 -2.93356
6.29013 1.43198 -13.265
-9.33448 246.475 1.52346
-0.267121 -3.86292 1.66075
3.88615 -6.12993 4.34738
-4.51723 -5.4752 -1.71408
1.91226 -3.65333 -2.14257
-6.22469 1.31275 -0.524427
-5.43661 -0.0974832 -1.92108
3.18901 2.83115 -2.91418
3.26795 -0.12263 -2.34933
-2.54441 9.90611 -1.65517
2.75386 -0.0259806 -3.03049
-3.02346 -0.632925 0.611212
-3.0514 9.3508 -4.0019
2.03127 3.39722 4.20943
-0.00596094 -5.77811 -1.86184
-2.82016 -1.6929 -0.434266
-2.23674 -2.11878 23.5001
9.35717 4.14982 -3.6563
1.24118 -1.53103 -4.42136
1.6359 -0.799643 -4.40346
-3.19877 -1.75413 39.3651
0.204563 -156.462 8.85436
-4.10919 -7.26668 6.13447
5.34856 4.25513 -13.2259
1.31496 -5.33104 -0.694988
-23.0306 0.150644 -9.61779
-0.126392 4.88098 0.0592781
5.1537 5.09106 0.864139
-9.42524 -0.220901 -3.38964
-3.07852 1.95339 -33.5304
1.07112 -0.384035 1.99336
0.602471 10.074 7.31505
-1.78743 0.922364 1.3307
3.45968 -3.4311 1.50311
-3.0834 3.00842 0.810405
1.33269 1.01222 -0.934904
-2.08771 -3.89994 6.95704
-5.01672 1.37931 -1.81454
0.156717 -2.41119 2.95537
-1.4391 -3.94817 -0.420242
-2.46003 0.436974 1.17213
4.45944 3.1794 13.0427
-6.44068 3.51472 -6.09061
-1.37046 2.06838 -0.0469326
-4.36495 3.34922 0.00224861
0.4608 0.0137412 0.151032
0.805189 2.43214 -4.93164
5.80267 6.28341 -6.34071
15.3777 -1.21014 3.22617
1.75633 7.52395 0.506622
-0.362096 5.88681 0.0238733
-4.82655 3.98169 -2.66262
8.28311 -5.99466 3.97364
0.0860301 -7.52049 -1.12535
-9.54914 -0.233843 -4.36275
