-9.43394 4.34992 8.60288
5.70349 1.13015 6.37877
-1.01559 -0.731648 1.25887
-2.28717 -2.99779 -0.280435
2.68585 -4.31328 2.59372
4.20771 4.63637 4.9388
0.547615 -3.60383 -33.1559
6.76272 -8.50975 3.69539
-0.851891 1.737 4.4725
3.34619 -3.21996 -6.00205
-0.534134 -4.30695 3.86108
-0.440671 3.09597 17.0292
-1.5929 -3.50953 -2.2468
-14.7844 -9.24488 0.515398
1.21175 -5.93004 -4.88419
1.55774 4.97142 -1.60708
0.0516959 -5.3009 -1.80175
1.20769 -1.49201 0.997873
-3.92487 3.52693 4.25545
0.630607 -0.917166 2.17128
5.07817 1.60813 3.45286
2.45983 -6.43469 8.27292
6.96638 -0.659868 -0.413066
4.73827 -1.68432 -0.800211
1.64965 -2.77731 -8.7266
-6.09453 -4.33629 -2.75994
-0.75467 1.2322 5.34377
-0.294135 -2.66871 -0.78699
-4.13526 7.5144 3.90983
7.61309 -8.86846 -7.49976
5.02592 5.41547 -10.6055
-12.4 -9.08567 -20.9754
9.01601 5.3547 8.83
-2.73717 0.673509 -4.48419
-0.638435 -1.68031 -7.03965
-3.25544 5.13957 0.483243
-0.0470551 -1.06561 -0.0164369
1.52016 3.00186 -0.830903
4.81308 -0.837023 -8.01511
-11.3756 5.0338 3.72943
-3.25152 -1.48303 7.133
5.78632 -2.97723 -0.0256534
4.02366 1.14831 2.66886
1.13514 3.3279 -2.91889
6.29327 1.67126 -13.3792
-9.29115 246.505 1.53827
-0.316556 -3.81859 1.52853
3.91042 -6.28826 4.2124
-4.225 -5.28021 -1.62982
1.90828 -3.61225 -2.12335
-6.1966 1.30395 -0.514772
-5.76861 -0.0942939 -1.94563
3.01851 3.11484 -2.8731
3.53722 -0.115007 -2.41362
-2.70485 9.72991 -1.44058
2.65389 -0.0566916 -3.33885
-3.11123 -0.649935 0.532156
-2.98757 9.40596 -4.06367
1.60413 3.25412 3.99516
0.0689173 -5.63624 -1.77039
-2.82836 -1.68245 -0.446155
-2.21657 -2.24016 23.5075
9.35539 4.17186 -3.69898
1.36411 -1.55503 -4.63629
1.61436 -0.886332 -4.38813
-3.22637 -1.95981 39.3439
0.176222 -156.518 8.80801
-3.889 -7.2819 6.06967
5.04714 4.28546 -13.8402
1.2664 -5.44239 -0.636168
-23.0161 0.225451 -9.59982
0.242412 4.85189 -0.0288862
5.20696 5.26666 0.728859
-9.52145 -0.251028 -3.39091
-3.24324 1.77396 -33.7958
0.871802 -0.250731 1.99162
0.55399 10.0028 7.42626
-1.76451 1.02086 1.30494
3.44115 -3.62174 1.56469
-3.29479 3.34817 0.192949
1.35086 1.00976 -0.917179
-1.84165 -3.8897 7.42806
-5.03245 1.2386 -2.12132
-0.165854 -2.293 2.89868
-1.44779 -3.9494 -0.101099
-2.52953 0.439164 1.97683
4.33454 3.31978 13.0633
-6.25991 3.59909 -6.17727
-1.37545 2.03185 0.0845746
-4.6311 3.20771 0.0140504
0.546503 0.020946 0.167609
0.678547 2.48769 -4.54676
5.77588 4.94112 -5.70768
15.3537 -1.00789 3.20585
1.67686 7.74732 0.502619
-0.628913 5.87533 -0.0913491
-4.01873 3.69989 -2.76444
8.27881 -5.69301 3.98783
0.176675 -7.53606 -1.05988
-9.50714 -0.28761 -4.3391
