-6.77167 -0.81706 -1.17558
-0.690645 -0.94133 0.495654
1.6915 -0.608429 0.122148
-2.18093 -1.89649 -0.053118
4.76189 -1.00307 -0.147938
1.234 0.138092 3.28235
0.149928 -2.76684 0.117913
0.714544 3.53306 1.38553
-1.94703 1.41352 -1.54612
0.82036 0.408081 -0.393829
-1.64203 -0.173409 0.38407
-4.492 0.604893 2.42466
-0.0786451 1.593 -0.403477
-1.50915 -0.493658 -2.75582
4.16699 3.69698 -0.957733
0.167929 0.394364 -0.712005
-0.00473354 -0.912266 -2.46631
-3.15515 -0.113777 -0.598936
0.998858 0.118541 -0.546057
-2.97324 1.20521 0.893546
-1.63362 -0.562798 0.47202
0.266689 0.981321 -0.0912151
1.85245 -0.848117 -0.773645
0.127237 0.490353 2.14884
2.47991 -1.05039 -0.0581775
-0.461765 -1.2282 -1.47167
0.196456 2.7906 0.640655
-0.113298 2.65813 0.815234
5.61004 0.143631 1.38032
-1.80018 1.1262 -5.9479
-0.711313 -1.1559 -0.600805
1.54732 4.44127 -3.20981
-0.544648 4.57233 0.33154
0.644444 0.293683 -0.735758
-2.35892 0.219697 1.34102
-0.0325604 0.654235 -3.37983
-0.235512 -1.42359 -0.00170414
-0.719793 0.0756272 1.90793
-2.4262 -1.1263 0.522689
1.62972 -0.105474 1.91339
-1.07862 -0.114066 -2.38664
-7.03808 -1.1664 -4.86648
-0.272985 -1.92673 1.67442
-2.81854 -1.08464 -1.16125
-1.89529 4.51539 -0.938781
-0.493287 1.89306 3.11697
-0.965685 0.737016 2.91174
4.41121 -0.277513 0.200928
1.57997 1.64831 -0.308914
0.455623 -0.392845 1.14494
0.903648 0.751554 3.88243
-1.4138 -0.0104268 -0.175364
-1.32593 0.571131 4.17984
1.58989 1.86849 -0.0637355
0.815505 0.799835 0.22143
0.406644 -0.0391143 -1.19494
-0.135218 0.780375 -0.0704291
0.535347 3.03991 4.12224
-3.64062 -0.287503 -1.84117
-0.655738 -0.880405 -0.140008
-0.361376 -0.530046 0.976027
-1.41781 -1.02226 -2.28616
0.258311 3.70704 -1.60993
0.784818 -0.714867 0.0280279
0.634466 -1.71618 1.65291
1.45378 -3.6284 -2.47469
0.46011 -1.33876 -1.40807
-0.954929 2.71626 3.09768
-0.696644 0.770118 -1.20629
1.36785 0.0349532 -1.05789
0.105156 -3.06268 -0.512011
2.74785 -3.89455 -0.291497
-1.35741 1.87184 -1.97194
-0.786668 -0.950899 -1.7013
0.70393 1.70413 2.03354
1.21517 0.413279 -0.0616987
0.298797 -2.73734 -0.646655
-2.03072 1.094 0.670941
0.192607 -0.724059 0.562527
-3.53519 -0.961874 3.95186
0.162009 0.736718 -0.764534
0.286481 -1.27988 0.222859
-0.443895 -1.05702 -0.425971
-0.431815 -0.0428408 -0.270296
-3.95746 -0.692041 -1.80564
0.897878 -0.187288 0.197263
0.128579 -0.1789 2.33298
-0.192847 -0.297912 -0.147645
-0.431106 -5.32571 -3.457
0.253063 0.20868 7.3336e-05
-0.588034 -0.579508 0.301494
1.81247 -1.03557 2.55992
5.07988 0.447068 -0.708678
-1.45835 -1.52391 0.623281
-0.565712 0.329557 0.498352
0.794076 -0.691384 0.506319
5.30112 1.04313 0.902529
5.65776 3.04769 0.650411
2.11482 0.473796 0.397132
1.67507 -0.208769 -3.04292
