-9.45459 3.53391 8.43991
5.69563 1.15358 6.48579
-0.733282 -0.972878 1.31289
-2.28117 -3.32523 -0.281889
3.05257 -4.43424 2.5111
4.21862 4.42539 5.23045
0.553314 -3.60815 -33.2148
6.59322 -8.54494 3.66961
-0.828943 1.74528 4.77365
3.28421 -3.17059 -6.00227
-1.19453 -4.07615 4.08527
-0.269659 3.15066 17.0379
-1.69305 -3.51019 -2.19622
-14.3416 -9.24654 0.514358
1.17599 -5.93161 -4.85548
1.60969 4.7317 -1.75729
0.04981 -5.37017 -1.75603
1.35904 -1.56422 1.30342
-3.88268 4.00262 4.2208
0.617461 -0.899295 2.0792
5.06127 1.53907 3.46106
2.49305 -6.3127 8.05848
7.27795 -0.877308 -0.655902
5.10246 -1.46298 -0.733685
1.75874 -3.17031 -8.54565
-5.6673 -4.12616 -2.83913
-0.822331 1.22912 4.2186
-0.279449 -1.96602 -1.68969
-4.87779 7.14108 3.81613
7.16933 -8.8731 -7.42247
5.25208 5.19398 -11.7055
-12.2788 -9.09158 -20.661
9.05029 5.41622 9.09756
-2.93004 0.750729 -4.31514
-0.594254 -1.73182 -6.90264
-2.96046 5.42448 1.00056
0.0199262 -0.982237 -0.00175001
1.15222 2.87171 -0.908679
5.56129 -0.695182 -8.68251
-10.8213 4.72685 3.76275
-2.57361 -1.46384 6.81199
5.7987 -2.91977 0.113859
3.909 1.7738 3.08409
1.60773 3.21373 -2.93789
6.30945 2.14145 -13.6883
-9.15682 246.845 1.58723
-0.423778 -3.73915 1.26246
3.98122 -6.65527 3.89802
-3.71063 -4.95009 -1.47851
1.90109 -3.53931 -2.08277
-6.15569 1.28309 -0.521303
-6.06056 -0.0831007 -1.99874
2.69568 3.63136 -2.78706
4.04778 -0.0709833 -2.58165
-3.03547 9.4294 -1.09687
2.45763 -0.125526 -4.19177
-3.30554 -0.693832 0.271162
-2.83991 9.5595 -4.20215
0.576391 2.97688 3.44817
0.220487 -5.37593 -1.59807
-2.83715 -1.66596 -0.470656
-2.18441 -2.46655 23.5327
9.34234 4.20444 -3.79065
1.63235 -1.5966 -4.61981
1.52167 -0.99377 -4.37608
-3.44838 -2.20883 39.3732
0.120008 -156.52 8.74067
-3.55722 -7.32388 5.93563
4.49141 4.32885 -13.818
1.17627 -5.17038 -0.521188
-22.9809 0.366199 -9.57349
0.954939 4.79225 -0.291043
5.32697 5.65863 0.412167
-9.77458 -0.304455 -2.90947
-3.53458 1.43405 -33.2289
0.542038 0.0260284 1.98343
0.458494 9.8664 7.63422
-1.72199 1.21803 1.25258
3.5996 -4.0226 1.5923
-3.72972 3.98467 -0.727076
1.40228 1.00915 -0.881265
-1.3877 -3.86465 8.17949
-5.09091 0.953661 -2.92186
-0.699019 -2.08561 2.79358
-1.47892 -3.96125 0.425086
-2.65459 0.444539 3.25582
4.10706 3.65049 13.0821
-5.96213 3.7296 -6.40327
-1.38377 1.96783 0.321598
-5.05152 2.98047 0.0271558
0.770427 0.0422662 0.184794
0.424537 2.59419 -3.88698
5.75435 3.18036 -3.90688
15.3244 -0.698986 3.17275
1.52978 7.66005 0.487732
-1.18063 5.86104 -0.374371
-2.31405 3.14399 -2.90776
8.25893 -5.17749 4.01025
0.359322 -7.5833 -0.947166
-9.44119 -0.388038 -4.30903
