-9.45318 3.52736 8.40857
5.7057 1.16166 6.54074
-0.597785 -1.09865 1.33606
-2.2825 -3.22841 -0.28209
3.28884 -4.49753 2.46994
4.22129 4.32532 5.37087
0.554938 -3.60985 -33.273
6.51157 -8.57535 3.66026
-0.821587 1.7443 4.94996
3.25123 -3.1553 -6.00606
-1.5193 -3.96579 4.20736
-0.190637 3.15871 17.0403
-1.75579 -3.50293 -2.16747
-14.2379 -9.24091 0.516868
1.1568 -5.9353 -4.84272
1.63673 4.61413 -1.86312
0.0483508 -5.41046 -1.73127
1.44127 -1.59995 1.40775
-3.86336 4.14167 4.20057
0.606597 -0.891592 2.04193
5.05369 1.49154 3.46723
2.50301 -6.27326 7.94175
7.47464 -1.06569 -0.960718
5.28721 -1.35764 -0.709205
1.81082 -3.38165 -8.47623
-5.51069 -4.04028 -2.87807
-0.876948 1.22748 3.88405
-0.279363 -1.73139 -0.772703
-5.31685 6.98366 3.77883
6.90014 -8.87767 -7.39157
5.36008 5.05948 -11.5955
-12.0577 -9.09665 -20.5671
9.06666 5.44894 9.26442
-3.04015 0.785071 -4.23985
-0.576586 -1.75896 -6.8503
-2.82286 5.57804 1.28448
0.0467041 -0.933643 0.00527093
0.953457 2.81003 -0.947313
5.96805 -0.628439 -8.82808
-10.7013 4.58139 3.77355
-2.36519 -1.45469 6.69537
5.80275 -2.89484 0.181636
3.84942 2.02649 2.48713
1.83446 3.15274 -2.96437
6.32373 2.38432 -14.0343
-9.12187 246.915 1.57966
-0.483417 -3.70164 1.14556
4.03824 -6.90942 3.77894
-3.48369 -4.79643 -1.40763
1.89746 -3.51278 -2.06338
-6.15165 1.27503 -0.522472
-5.93135 -0.0742332 -2.0169
2.52839 3.97839 -2.74747
4.25409 -0.0432823 -2.67515
-3.2177 9.30501 -0.935882
2.35037 -0.159946 -4.2215
-3.42483 -0.718048 0.1546
-2.77393 9.66719 -4.28216
-0.070155 2.8462 3.1834
0.29131 -5.25813 -1.51517
-2.83967 -1.66309 -0.484784
-2.17537 -2.59776 23.5475
9.33325 4.20029 -3.83919
1.7903 -1.60882 -4.26962
1.46539 -1.0297 -4.40736
-3.46991 -2.57172 39.3952
0.087207 -156.564 8.72195
-3.46003 -7.35536 5.87928
4.26847 4.33154 -12.8601
1.12674 -4.95723 -0.457507
-22.9789 0.369939 -9.5726
1.27053 4.76263 -0.423737
5.39316 5.87866 0.217341
-9.94394 -0.334545 -2.6917
-3.68613 1.29033 -33.0429
0.390468 0.153487 1.9788
0.407901 9.81096 7.75478
-1.70501 1.29933 1.22472
3.57487 -3.84657 1.59736
-3.96146 4.29984 -1.05992
1.42804 1.00872 -0.86365
-1.19816 -3.85329 7.67878
-5.13812 0.807963 -3.26014
-0.935326 -1.99858 2.74735
-1.50219 -3.96831 0.684694
-2.77125 0.454514 2.47756
3.9784 3.79499 13.0806
-5.84388 3.78247 -6.54449
-1.38722 1.93699 0.427892
-4.98434 2.88295 0.0315006
0.87164 0.0532799 0.189371
0.284931 2.6492 -3.53428
5.74565 2.55803 -3.26579
15.3106 -0.596822 3.15008
1.43988 7.47973 0.482216
-1.34844 5.85847 -0.493774
-1.37435 3.0019 -2.65413
8.25344 -5.05601 4.0283
0.447371 -7.61743 -0.900405
-9.42649 -0.445997 -4.3018
