-9.47441 3.58047 8.51077
5.71251 1.16503 6.56608
-0.528262 -1.16229 1.34587
-2.28246 -3.1812 -0.280928
3.44365 -4.52805 2.45052
4.22185 4.27635 5.44161
0.55543 -3.60889 -33.3183
6.47449 -8.59431 3.65273
-0.81943 1.74201 5.04882
3.23469 -3.14914 -6.0094
-1.67712 -3.91019 4.26474
-0.151174 3.15913 17.0428
-1.79045 -3.4981 -2.1573
-14.1945 -9.23575 0.514623
1.14691 -5.93739 -4.83763
1.65077 4.5571 -1.92031
0.0474105 -5.4312 -1.71858
1.48515 -1.61791 1.44788
-3.84839 4.21242 4.19124
0.600979 -0.888319 2.02111
5.04968 1.46829 3.46819
2.5065 -6.25458 7.89226
7.6609 -1.21047 -1.14151
5.38197 -1.30462 -0.7014
1.83717 -3.48983 -8.44677
-5.43868 -4.00092 -2.90231
-0.909446 1.22527 3.6942
-0.281389 -1.63111 -0.299675
-5.58018 6.9083 3.76075
6.77197 -8.87964 -7.37992
5.40644 4.98715 -11.3558
-11.9604 -9.10041 -20.5374
9.07671 5.46666 9.35726
-3.09704 0.802579 -4.2105
-0.568652 -1.77233 -6.82824
-2.75267 5.65831 1.43173
0.0585632 -0.906568 0.00552196
0.853083 2.78114 -0.969664
5.96746 -0.595255 -8.59865
-10.6605 4.51714 3.7766
-2.30677 -1.4508 6.63046
5.80447 -2.8808 0.213762
3.82047 2.1456 2.18785
1.94646 3.12233 -2.98394
6.33639 2.511 -14.2385
-9.1087 246.866 1.49807
-0.512391 -3.68332 1.08034
4.0638 -7.04486 3.72917
-3.37448 -4.72091 -1.37556
1.89585 -3.50014 -2.05454
-6.1518 1.27222 -0.520931
-5.87554 -0.0684158 -2.02993
2.45285 4.13884 -2.72966
4.36573 -0.0287404 -2.74618
-3.31163 9.2495 -0.859733
2.2839 -0.176431 -3.9731
-3.49324 -0.730275 0.0928228
-2.7475 9.72992 -4.32879
-0.445284 2.78351 3.05209
0.327721 -5.2011 -1.47785
-2.84055 -1.66167 -0.493114
-2.17187 -2.65606 23.5544
9.33358 4.19537 -3.8664
1.87914 -1.61118 -4.13693
1.44254 -1.04616 -4.43682
-3.4766 -2.86988 39.4088
0.0612288 -156.564 8.71839
-3.41991 -7.37403 5.84621
4.175 4.32692 -12.6316
1.09731 -4.72118 -0.424871
-22.9904 0.375073 -9.5774
1.39068 4.74868 -0.496448
5.4301 5.99712 0.106165
-10.0471 -0.349645 -2.58832
-3.77243 1.21965 -32.9858
0.317747 0.213659 1.9753
0.381535 9.78628 7.81419
-1.69646 1.3399 1.21179
3.56183 -3.77983 1.60188
-4.07961 4.46081 -1.22934
1.44304 1.00954 -0.85349
-1.13406 -3.84898 7.41946
-5.16534 0.734093 -3.4139
-1.04616 -1.95822 2.72064
-1.51537 -3.97213 0.791249
-2.84539 0.461432 2.08624
3.91124 3.86274 13.0768
-5.7781 3.80819 -6.64098
-1.38884 1.92203 0.478083
-4.91209 2.83766 0.0329159
0.919901 0.0592326 0.190176
0.224884 2.67672 -3.4014
5.74097 2.28128 -2.98193
15.307 -0.547234 3.13817
1.39216 7.39535 0.479944
-1.25717 5.85811 -0.570691
-1.0229 3.03003 -2.47932
8.26451 -5.00151 4.04188
0.492409 -7.63675 -0.881148
-9.42409 -0.473303 -4.29702
