-9.526 3.66589 8.61518
5.76019 1.17319 6.6777
-0.127707 -1.5619 1.3907
-2.29753 -2.84455 -0.262086
3.87386 -4.52206 2.38269
4.21758 4.02616 5.75637
0.567373 -3.58578 -33.4307
6.31304 -8.71348 3.63432
-0.805908 1.69218 5.61402
3.16403 -3.12593 -6.02149
-2.42672 -3.68131 4.56043
0.051689 3.1625 17.0898
-1.99068 -3.48388 -2.12653
-14.0558 -9.2116 0.485996
1.10226 -5.94802 -4.81289
1.71657 4.26866 -2.2207
0.0397837 -5.55236 -1.65219
1.74462 -1.78709 1.56029
-3.77569 3.8243 4.15129
0.581018 -0.872313 1.90968
5.03841 1.35372 3.46515
2.51306 -6.16153 7.67687
9.02258 -1.81712 -1.5662
5.88158 -1.08661 -0.694629
1.97464 -3.08534 -8.3296
-5.09675 -3.84188 -3.02627
-1.06392 1.19842 2.85464
-0.306616 -1.25675 1.53985
-5.5095 6.37257 3.65887
6.21079 -8.89101 -7.33037
5.60449 4.79818 -10.329
-11.5551 -9.15618 -20.4502
9.15644 5.54898 9.98543
-3.4062 0.868934 -4.09668
-0.529802 -1.85821 -6.73836
-2.41207 6.06463 2.35034
0.128855 -0.798326 -0.0173109
0.320741 2.64405 -1.1044
5.08987 -0.447078 -7.60892
-10.5021 4.18557 3.78001
-2.0228 -1.46473 6.35016
5.81379 -2.81291 0.364381
3.69393 2.68997 0.711721
2.50588 2.96744 -3.11222
6.41477 3.18599 -14.8496
-9.05785 246.864 1.37237
-0.634297 -3.59256 0.759621
4.06169 -7.65021 3.53386
-2.86619 -4.4508 -1.22171
1.88581 -3.44774 -2.01589
-6.15605 1.25831 -0.500294
-5.54838 -0.0173261 -2.09152
2.25046 4.69735 -2.6545
4.29845 0.0423721 -3.07981
-3.97695 8.99047 -0.544621
2.00781 -0.24704 -2.96567
-3.89082 -0.798592 -0.231886
-2.67231 10.0402 -4.61887
-3.24621 2.50105 2.41281
0.516746 -5.036 -1.28932
-2.83664 -1.65529 -0.543713
-2.16025 -2.98744 23.595
9.38863 4.19488 -4.03861
2.43097 -1.63187 -3.45541
1.34381 -1.20158 -4.61671
-3.56438 -3.43995 39.6964
-0.0168839 -156.527 8.64612
-3.21491 -7.50166 5.69363
3.86698 4.28497 -12.1021
0.972299 -3.97837 -0.323475
-23.0763 0.502187 -9.59481
2.00833 4.68342 -0.847678
5.63925 6.68251 -0.617989
-10.3303 -0.438656 -2.09239
-4.29913 0.823902 -32.8653
-0.0357323 0.484642 1.95401
0.250409 9.65894 8.0869
-1.6573 1.554 1.14384
3.4984 -3.50384 1.62227
-4.7701 5.31309 -2.17377
1.52108 1.01383 -0.82077
-0.823808 -3.86325 6.259
-5.33632 0.327452 -2.97132
-1.53409 -1.78125 2.59632
-1.57783 -3.99283 1.27147
-3.224 0.491475 0.743234
3.52459 4.18437 13.0629
-5.41369 3.93159 -7.17651
-1.39272 1.83941 0.697373
-4.60157 2.62295 0.0352899
1.15095 0.0845469 0.192646
0.0240394 2.78722 -2.82487
5.71407 0.979146 -2.06722
15.2895 -0.263552 3.04867
1.14506 7.051 0.462654
-0.795857 5.85816 -0.924892
0.539414 2.63512 -2.75567
8.3024 -4.78799 4.08312
0.733146 -7.80304 -0.792108
-9.42222 -0.624715 -4.30989
