-7.54233 -0.788956 -1.20395
-0.720165 -0.889694 0.508584
1.56695 -0.623919 0.123644
-2.18178 -1.83794 -0.0518669
5.42737 -1.04299 0.0265813
1.26206 0.145279 3.35507
0.152694 -2.81621 0.119564
0.731532 3.64244 1.42358
-1.82793 1.44926 -1.58954
0.833918 0.359541 -0.403147
-1.4825 -0.15757 0.395628
-4.22898 0.621193 2.48927
-0.082138 1.62755 -0.410497
-1.54737 -0.504526 -2.8263
4.55727 3.88037 -0.866458
0.170907 0.401572 -0.726233
-0.00529231 -0.924061 -2.51922
-3.23891 -0.117568 -0.617277
0.81162 0.119848 -0.549507
-2.92939 1.22791 0.907643
-1.69165 -0.50717 0.482443
0.271703 1.00312 -0.0877982
1.89138 -0.868108 -0.78778
0.126727 0.5055 2.19564
2.53887 -1.07764 -0.0590244
-0.469688 -1.24737 -1.50128
0.201021 2.91657 0.457234
-0.117113 2.59735 0.846351
5.34324 0.154776 1.40961
-1.86219 1.18227 -5.8025
-0.73707 -1.05781 -0.614854
1.59131 4.35389 -3.28171
-0.556027 4.68336 0.341527
0.662544 0.297987 -0.75006
-2.42111 0.224107 1.37393
-0.156122 0.669984 -3.51001
-0.240674 -1.46329 -0.00171819
-0.721064 0.102906 1.81309
-2.50425 -1.16372 0.537687
1.66533 -0.0952984 1.95622
-1.09816 -0.133413 -2.44375
-8.43722 -1.16232 -4.59654
-0.279843 -1.95839 1.74546
-2.91412 -0.974159 -1.19917
-1.97511 4.56499 -0.944228
-0.504596 1.95913 3.23596
-0.983434 0.741337 2.94589
4.6227 -0.285361 0.206267
1.62222 1.68024 -0.314649
0.465899 -0.39806 1.16987
0.925728 0.701314 3.79324
-1.43672 -0.0103636 -0.177249
-1.34593 0.586111 4.28212
1.6181 1.92382 -0.0556696
0.834006 0.827837 0.282031
0.408516 -0.0409862 -1.13125
-0.137383 0.79703 -0.0691927
-0.0409465 3.13436 4.22933
-3.86678 -0.297841 -2.14021
-0.668938 -0.900094 -0.141111
-0.368979 -0.536683 0.998328
-1.45922 -1.12956 -2.35056
0.371431 3.62862 -1.82885
0.800988 -0.726932 0.0282241
0.647651 -1.75058 1.70685
1.49536 -3.76121 -2.35594
0.467364 -1.35365 -1.43361
-0.977028 2.62406 2.94879
-0.71688 0.786898 -1.2414
1.39866 0.0361651 -1.08067
0.231172 -3.15424 -0.696133
2.82316 -4.00301 -0.300167
-1.39387 1.92761 -2.0477
-0.805342 -0.969852 -1.73765
0.717717 1.74653 2.0811
1.2392 0.422565 -0.0618523
0.302401 -2.7857 -0.657139
-2.0941 1.11052 0.673474
0.196039 -0.736286 0.577194
-3.65319 -0.993089 4.15301
0.165081 0.756322 -0.780153
0.29064 -1.30577 0.22724
-0.452715 -1.07989 -0.434187
-0.439928 -0.043769 -0.277479
-3.8407 -0.704807 -1.85251
0.916093 -0.188493 0.202524
0.429733 -0.179379 2.16173
-0.195991 -0.301579 -0.146625
-0.577953 -5.39121 -3.3496
0.24829 0.212557 -0.00132653
-0.526203 -0.599352 0.309475
1.68078 -1.06434 2.46822
5.55007 0.466935 -0.719254
-1.39857 -1.58004 0.638095
-0.575593 0.337077 0.511127
0.809707 -0.705278 0.520638
5.1194 1.07257 1.20864
5.58557 3.08922 0.678036
2.28391 0.479056 0.407101
1.70189 -0.213374 -3.13046
