-9.53152 3.67312 8.6093
5.79439 1.17828 6.71603
0.0314758 -1.73617 1.41368
-2.31309 -2.65243 -0.251269
-1.91352 -1.86386 -0.925324
4.21332 3.92903 5.8902
0.565555 -3.58348 -33.3406
6.25838 -8.75941 3.6317
-0.800884 1.68298 5.48099
3.14082 -3.11762 -6.02899
-2.7187 -3.60024 4.69187
0.146466 3.17576 17.1096
-2.07275 -3.48539 -2.12586
-14.0351 -9.20744 0.468208
1.08466 -5.95059 -4.80565
1.74711 4.15303 -2.35095
0.0326512 -5.59948 -1.6203
1.82972 -1.93311 1.61551
-3.74996 3.18297 4.1496
0.574318 -0.865668 1.8705
5.03847 1.31484 3.46512
2.51439 -6.12468 7.61431
8.6729 -2.05149 -1.69533
6.08914 -1.01185 -0.69713
2.03042 -2.8796 -8.2932
-4.9599 -3.7898 -3.0719
-1.12686 1.17889 2.56971
-0.311353 -1.15072 1.18912
1.33388 3.20824 7.27037
6.01789 -8.89346 -7.31049
5.74062 4.97122 -10.0713
-11.4289 -9.18857 -20.4259
9.19303 5.57533 10.2375
-3.55196 0.892752 -4.05847
-0.515578 -1.89341 -6.70473
-2.27113 6.24676 2.8486
0.165018 -0.764583 -0.0253185
0.106492 2.59702 -1.15892
4.79497 -0.394482 -7.25753
-10.4535 4.05891 3.78347
-1.92477 -1.49129 6.2765
5.81782 -2.78078 0.426399
3.67142 2.89504 0.348958
2.74886 2.91233 -3.16935
6.44101 3.49273 -14.5747
-9.02625 247.019 1.36394
-0.676929 -3.55461 0.643293
4.05262 -7.8883 3.45881
-2.68042 -4.35669 -1.15755
1.88021 -3.42882 -2.00061
-6.15929 1.25276 -0.487318
-5.41288 0.01737 -2.11865
2.18433 4.91615 -2.67527
4.01791 0.0715185 -3.20256
-4.45511 8.89919 -0.432654
1.91118 -0.268973 -2.65854
-4.07856 -0.828098 -0.358165
-2.64585 10.1657 -4.75129
-3.90572 2.39576 2.17839
0.58276 -4.98009 -1.20227
-2.83323 -1.65212 -0.56264
-2.15078 -3.14017 23.627
9.41769 4.21174 -4.11949
2.57338 -1.64915 -3.18562
1.31445 -1.27473 -4.69628
-3.64269 -3.25461 40.0466
-0.0506929 -156.604 8.62586
-3.12605 -7.55642 5.65202
3.77309 4.27169 -11.9992
0.931672 -3.90765 -0.273115
-23.1336 0.572632 -9.59826
2.26477 4.66368 -0.977168
5.78097 7.02451 -1.02836
-9.99573 -0.48931 -1.88338
-4.53019 0.663766 -32.8438
-0.169056 0.588739 1.94621
0.200355 9.6041 8.21628
-1.63915 1.64359 1.11667
3.47599 -3.3913 1.63541
-5.07693 5.71541 -2.35031
1.55047 1.01834 -0.813811
-0.717757 -3.88175 5.89916
-5.41793 0.136347 -2.73546
-1.70431 -1.71668 2.55376
-1.60724 -3.99712 1.45242
-3.38975 0.499674 0.367289
3.37357 4.31922 13.0974
-5.27489 3.98869 -7.44381
-1.39358 1.80714 0.79356
-4.4785 2.54312 0.0362693
1.23794 0.0937943 0.194645
-0.0438754 2.8152 -2.62279
5.70091 0.460274 -1.75046
15.2918 -0.0707085 3.01029
1.04547 6.9363 0.457896
-0.602645 5.85845 -1.05024
1.88276 2.29463 -3.01345
8.31169 -4.69785 4.09467
0.827055 -7.89169 -0.752971
-9.42639 -0.676247 -4.31869
