-9.53208 3.68417 8.6153
5.82976 1.18735 6.74113
0.107359 -1.82325 1.42511
-2.32117 -2.56193 -0.248033
-3.89873 -2.71829 -3.79233
4.21035 3.88615 5.96228
0.552074 -3.58825 -33.3014
6.23217 -8.78516 3.63043
-0.798595 1.68138 5.38232
3.13481 -3.1184 -6.03136
-2.86181 -3.55559 4.75849
0.210136 3.18423 17.1205
-2.11392 -3.48913 -2.12656
-14.0258 -9.20792 0.457262
1.07556 -5.95205 -4.80157
1.75808 4.10467 -2.41972
0.0277459 -5.62055 -1.60496
1.86934 -1.99341 1.66083
-3.73405 2.89919 4.15334
0.571199 -0.862209 1.85113
5.03798 1.29565 3.46486
2.51538 -6.10528 7.58881
8.31084 -2.16222 -1.77819
6.071 -0.975572 -0.697723
2.06113 -2.7765 -8.27687
-4.89001 -3.76304 -3.08377
-1.16036 1.16727 2.43508
-0.314657 -0.993971 1.0759
3.71431 4.05666 10.4226
5.92548 -8.89452 -7.2994
5.84849 5.03964 -10.0004
-11.3706 -9.20576 -20.4132
9.208 5.5872 10.1341
-3.62083 0.906469 -4.04015
-0.508637 -1.91046 -6.68784
-2.20506 6.44204 3.13298
0.194181 -0.748143 -0.0281359
-0.00291356 2.57462 -1.18597
4.64877 -0.36724 -7.08721
-10.4314 3.99937 3.78691
-1.87855 -1.50694 6.25207
5.82115 -2.76163 0.461746
3.6661 2.77179 0.255894
2.8708 2.88841 -3.19861
6.45058 3.66472 -14.4624
-9.02419 246.995 1.35311
-0.698568 -3.53366 0.586831
4.04374 -8.00892 3.42835
-2.5854 -4.30806 -1.12478
1.87747 -3.41927 -1.99239
-6.16142 1.25019 -0.479107
-5.35052 0.036933 -2.13359
2.1403 5.02764 -2.68512
3.88348 0.087707 -3.26079
-4.73791 8.86012 -0.380677
1.8641 -0.278526 -2.51962
-4.18382 -0.842068 -0.420951
-2.63345 10.2383 -4.80675
-3.58187 2.35165 2.06032
0.613159 -4.95215 -1.15261
-2.83035 -1.64988 -0.570995
-2.14299 -3.22229 23.6529
9.43 4.22609 -4.14674
2.63291 -1.6456 -3.06136
1.29962 -1.31114 -4.73302
-3.68878 -3.08023 39.9438
-0.0662603 -156.576 8.61649
-3.08123 -7.58199 5.63516
3.73029 4.26704 -11.9564
0.913216 -3.8731 -0.247436
-23.1693 0.607174 -9.5958
2.39395 4.65633 -1.03959
5.85566 6.97316 -1.27454
-9.82242 -0.522687 -1.77281
-4.64955 0.593275 -32.8341
-0.233226 0.640238 1.94254
0.177433 9.57637 8.2877
-1.63023 1.68941 1.10639
3.46616 -3.34081 1.64206
-5.24725 5.96185 -2.05308
1.56635 1.02183 -0.810063
-0.669111 -3.89083 5.73936
-5.46351 0.0562109 -2.61471
-1.78828 -1.68423 2.53383
-1.62384 -3.99672 1.54272
-3.4798 0.503595 0.200657
3.31192 4.38475 13.1172
-5.20772 4.02721 -7.53827
-1.39438 1.79303 0.844251
-4.41169 2.5047 0.036896
1.28281 0.0984851 0.196345
-0.074771 2.82783 -2.52593
5.69152 0.246978 -1.59039
15.2954 0.0406728 2.99452
0.997977 6.88153 0.454634
-0.50224 5.85868 -1.10905
2.2087 2.1376 -3.16114
8.31876 -4.65374 4.09953
0.873943 -7.93881 -0.732329
-9.43174 -0.698904 -4.32117
