-9.53045 3.69291 8.62209
5.86652 1.19781 6.78006
0.182691 -1.90849 1.43618
-2.32924 -2.47227 -0.246561
-3.87965 -2.80673 -3.91141
4.2074 3.84917 6.03557
0.539334 -3.59445 -33.2783
6.20742 -8.81132 3.62967
-0.79583 1.68127 5.29122
3.13057 -3.11383 -6.034
-3.00228 -3.50189 4.82646
0.287217 3.19509 17.1338
-2.15462 -3.49462 -2.1275
-14.0177 -9.21053 0.444969
1.06781 -5.95435 -4.79594
1.76893 4.06664 -2.49179
0.0230752 -5.64137 -1.59236
1.91339 -2.04105 1.70721
-3.72032 2.61265 4.15868
0.568191 -0.857036 1.83117
5.03845 1.27755 3.46478
2.51624 -6.0836 7.56498
8.01528 -2.24464 -1.86833
5.93473 -0.938494 -0.698225
2.09545 -2.67261 -8.26222
-4.81678 -3.7359 -3.08809
-1.19471 1.1561 2.30375
-0.320413 -0.734423 0.97002
3.86791 4.06467 10.5237
5.83505 -8.89496 -7.28734
5.98358 5.08917 -9.94267
-11.3154 -9.2241 -20.4012
9.21884 5.59716 10.0322
-3.68202 0.923535 -4.02325
-0.501396 -1.92684 -6.67184
-2.14084 6.76201 3.44768
0.233342 -0.731487 -0.030383
-0.111758 2.55559 -1.21355
4.50311 -0.335983 -6.92302
-10.4113 3.94186 3.7899
-1.83132 -1.5221 6.23345
5.82584 -2.74018 0.497746
3.65685 2.47902 0.163403
2.9986 2.86853 -3.22861
6.45774 3.8532 -14.3682
-9.02038 247.001 1.345
-0.720216 -3.50922 0.530971
4.03513 -8.1237 3.39947
-2.48634 -4.25529 -1.0919
1.87451 -3.40925 -1.98398
-6.16397 1.24741 -0.470963
-5.29165 0.0570268 -2.15061
2.09549 5.14213 -2.69158
3.75195 0.106857 -3.31875
-5.05033 8.82929 -0.329886
1.81804 -0.286586 -2.38923
-4.2921 -0.853151 -0.483869
-2.62078 10.3212 -4.86516
-3.30499 2.32677 1.9466
0.642037 -4.92437 -1.10493
-2.8271 -1.64714 -0.579958
-2.13369 -3.30711 23.6872
9.44121 4.24775 -4.1809
2.68777 -1.61659 -2.95164
1.28589 -1.34355 -4.76984
-3.7272 -2.86445 39.8728
-0.0845156 -156.569 8.61175
-3.03658 -7.6064 5.61951
3.69052 4.26465 -11.9184
0.896791 -3.83665 -0.223128
-23.2042 0.65491 -9.60002
2.52709 4.65179 -1.1017
5.93576 6.67951 -1.5516
-9.63472 -0.569723 -1.65072
-4.77743 0.530884 -32.8235
-0.294383 0.693892 1.93906
0.157953 9.54902 8.36298
-1.62071 1.73656 1.09568
3.45728 -3.29094 1.64811
-5.42409 6.00793 -1.75045
1.583 1.02502 -0.80656
-0.619511 -3.89777 5.58822
-5.50956 -3.17668e-06 -2.5018
-1.87057 -1.64844 2.51483
-1.64168 -3.99316 1.63241
-3.57529 0.508404 0.0447783
3.2585 4.45149 13.1359
-5.13938 4.07818 -7.6364
-1.39503 1.78112 0.893748
-4.33898 2.46767 0.0379959
1.32971 0.103446 0.198214
-0.102584 2.84199 -2.43215
5.68154 0.075505 -1.44126
15.2995 0.158269 2.9804
0.952377 6.83105 0.450995
-0.397338 5.85934 -1.16654
2.47645 2.01785 -3.31948
8.32574 -4.60838 4.10524
0.921767 -7.98585 -0.711131
-9.4336 -0.729634 -4.32683
