-9.52485 3.71815 8.61963
5.92057 1.21195 6.91268
0.385801 -2.11403 1.46992
-2.35204 -2.18984 -0.245604
-3.6874 -2.96237 -4.02061
4.1962 3.75858 5.72868
0.550925 -3.60149 -33.2346
6.13934 -8.89587 3.67634
-0.790673 1.68703 5.05611
3.10005 -3.08146 -6.0399
-3.44875 -3.29585 5.04498
0.518521 3.24476 17.2147
-2.28665 -3.50525 -2.12501
-14.0029 -9.21595 0.406293
1.04313 -5.94734 -4.78091
1.79221 3.95308 -2.7309
0.0140466 -5.7161 -1.54825
1.92667 -2.16608 1.82695
-3.70507 1.71726 4.18117
0.556939 -0.836662 1.77566
5.04205 1.2334 3.47119
2.51793 -6.01797 7.504
7.36759 -2.42865 -2.20342
5.57363 -0.787408 -0.697753
2.19483 -2.35188 -8.2242
-4.62929 -3.70171 -3.04211
-1.30698 1.11494 1.9344
-0.352829 -0.0157615 0.696074
4.20784 3.97488 10.5495
5.56098 -8.87912 -7.24369
6.20816 5.18118 -9.786
-11.1736 -9.2835 -20.358
9.24745 5.59994 9.77144
-3.87729 1.02048 -3.97934
-0.485124 -1.97313 -6.61806
-1.97832 7.9878 4.62011
0.341783 -0.676507 -0.0346639
-0.449658 2.5118 -1.30048
4.04859 -0.236698 -6.47426
-10.3629 3.78136 3.81118
-1.6875 -1.55211 6.20392
5.84145 -2.66437 0.610885
3.61654 1.93062 -0.0808627
3.41854 2.82364 -3.32206
6.45793 4.3274 -14.1319
-8.98172 247.14 1.34515
-0.787245 -3.42192 0.370071
4.00984 -8.49492 3.3229
-2.203 -4.06649 -0.996827
1.86371 -3.37474 -1.95989
-6.18224 1.24246 -0.445132
-5.14203 0.111911 -2.2079
1.93666 4.83214 -2.68492
3.36417 0.173099 -3.49055
-5.00613 8.77109 -0.18029
1.67616 -0.30332 -2.03902
-4.65503 -0.878988 -0.672718
-2.58724 10.5983 -5.05574
-2.67494 2.30138 1.64359
0.719231 -4.85199 -0.997103
-2.8162 -1.63516 -0.603573
-2.11027 -3.57111 23.8592
9.5148 4.37167 -4.33221
2.81836 -1.2847 -2.80255
1.24521 -1.43956 -4.87319
-3.82405 -2.50179 39.7601
-0.127373 -156.604 8.56301
-2.90408 -7.66715 5.57107
3.5773 4.27069 -11.8253
0.845803 -3.59233 -0.153934
-23.3215 0.802228 -9.61656
2.93651 4.65051 -1.28442
6.20541 5.63629 -2.61375
-9.41724 -0.88847 -1.11361
-5.26977 0.402372 -32.7886
-0.479331 0.867989 1.9312
0.124116 9.45718 8.63704
-1.59007 1.87902 1.05984
3.42937 -3.08886 1.67002
-6.0596 5.51791 -0.702497
1.62964 1.03619 -0.798291
-0.485449 -3.91463 5.18215
-5.67646 -0.112952 -2.18131
-2.12158 -1.53812 2.46214
-1.72205 -3.95898 1.89931
-3.91253 0.525439 -0.370847
3.10586 4.25507 13.1925
-4.95927 4.27139 -7.985
-1.40052 1.75432 1.18443
-4.11452 2.37021 0.0501165
1.46773 0.121034 0.204524
-0.17072 2.89136 -2.16286
5.64588 -0.332039 -0.971318
15.3075 0.483067 2.94433
0.817195 6.70363 0.443195
-0.0508094 5.86248 -1.33097
3.08109 1.6251 -3.89571
8.34783 -4.47433 4.12058
1.02138 -8.12661 -0.637732
-9.44306 -0.793198 -4.34243
