-9.52558 3.72915 8.61894
5.93461 1.21531 6.9543
0.450601 -2.17824 1.48072
-2.35553 -2.09161 -0.246047
-3.61565 -3.00895 -4.04612
4.19232 3.73847 5.59702
0.561137 -3.60342 -33.2238
6.118 -8.92236 3.67934
-0.789012 1.69072 4.98265
3.08806 -3.07155 -6.04189
-3.60892 -3.22194 5.12086
0.592465 3.26482 17.2541
-2.32333 -3.51032 -2.12849
-13.9972 -9.22097 0.390931
1.03241 -5.94558 -4.77828
1.79934 3.92162 -2.82354
0.0130935 -5.73563 -1.53319
1.92427 -2.21132 1.8561
-3.69873 1.50643 4.18683
0.552304 -0.829281 1.75657
5.04107 1.22065 3.47318
2.51873 -5.99517 7.4845
7.20456 -2.48135 -2.34157
5.46528 -0.735428 -0.697398
2.22869 -2.24542 -8.2148
-4.59179 -3.69706 -3.04234
-1.34697 1.09474 1.8159
-0.365948 0.210378 0.61323
4.38089 3.93898 10.5398
5.46868 -8.87169 -7.22758
6.27261 5.20379 -9.74065
-11.1362 -9.3119 -20.3378
9.27104 5.6162 9.52222
-3.94613 1.05621 -3.96651
-0.479877 -1.98645 -6.60004
-1.93235 8.17807 5.08697
0.376241 -0.657663 -0.035864
-0.562578 2.50002 -1.33066
3.89019 -0.20697 -6.34589
-10.3506 3.73424 3.81796
-1.6373 -1.55654 6.1968
5.8489 -2.63762 0.65026
3.60355 1.78786 -0.155503
3.57561 2.81199 -3.35541
6.45266 4.25052 -14.0729
-8.97916 247.15 1.33898
-0.810369 -3.38803 0.316618
4.0045 -8.63728 3.2956
-2.11183 -3.99895 -0.972586
1.85969 -3.36182 -1.95179
-6.19151 1.24142 -0.433138
-5.09911 0.126866 -2.22884
1.88107 4.69398 -2.67633
3.2348 0.19738 -3.55049
-4.92164 8.76183 -0.131988
1.62859 -0.307178 -1.9343
-4.78608 -0.88597 -0.736511
-2.57657 10.7105 -5.13773
-2.50554 2.30559 1.55653
0.756143 -4.82897 -0.971818
-2.8126 -1.63117 -0.612236
-2.10327 -3.62901 23.9331
9.57105 4.42906 -4.40145
2.92705 -1.22485 -2.72946
1.23212 -1.46873 -4.90806
-3.85428 -2.4065 39.7385
-0.141954 -156.602 8.56072
-2.85722 -7.68429 5.54765
3.54201 4.2746 -11.8003
0.828715 -3.50571 -0.13246
-23.3685 0.852238 -9.62371
3.07827 4.65278 -1.34526
6.31388 5.40385 -3.05502
-9.4332 -0.936565 -0.943886
-5.5349 0.359265 -32.7798
-0.542386 0.928029 1.92904
0.132592 9.42242 8.74641
-1.57934 1.92819 1.04521
3.42139 -3.01691 1.67971
-6.31663 5.38265 -0.275611
1.64592 1.03967 -0.796
-0.439922 -3.91838 5.058
-5.73648 -0.142682 -2.07813
-2.20995 -1.50287 2.44274
-1.76218 -3.94181 1.98238
-4.04739 0.531156 -0.497327
3.0577 4.17102 13.2126
-4.92028 4.33615 -7.83721
-1.40294 1.75059 1.28842
-4.05051 2.33932 0.0562517
1.51415 0.126594 0.206527
-0.187148 2.90964 -2.0754
5.6345 -0.394063 -0.821896
15.3137 0.569234 2.93881
0.77211 6.66278 0.444002
0.0820983 5.86341 -1.38463
3.27051 1.49958 -4.13537
8.35733 -4.42677 4.12583
1.05214 -8.17283 -0.611521
-9.44564 -0.819827 -4.34966
