-9.52762 3.73779 8.61372
5.94898 1.21849 6.99531
0.515335 -2.24181 1.49237
-2.36027 -1.99539 -0.24684
-3.5209 -3.05441 -4.06886
4.1887 3.71915 5.46935
0.571496 -3.60568 -33.2159
6.09893 -8.9545 3.682
-0.786729 1.69478 4.91099
3.07653 -3.06329 -6.04451
-3.77683 -3.14642 5.19983
0.668246 3.28856 17.2979
-2.35447 -3.51814 -2.1333
-13.9927 -9.22496 0.376466
1.0228 -5.94463 -4.77621
1.80763 3.89694 -2.91653
0.0130902 -5.75554 -1.51772
1.93085 -2.25879 1.88727
-3.69554 1.26168 4.19285
0.54752 -0.822179 1.73658
5.03936 1.20719 3.47543
2.51994 -5.97315 7.4648
7.06145 -2.52871 -2.48585
5.36216 -0.684395 -0.696789
2.26428 -2.14015 -8.20588
-4.55939 -3.68873 -3.05867
-1.38775 1.06921 1.69861
-0.379456 0.42792 0.533369
4.39709 3.9009 10.5245
5.37669 -8.86394 -7.20954
6.34034 5.22459 -9.69779
-11.1052 -9.34924 -20.3113
9.29487 5.6432 9.17216
-4.01671 1.09127 -3.95358
-0.473946 -1.99949 -6.58141
-1.88886 8.0836 5.26336
0.410698 -0.639153 -0.0368522
-0.667948 2.48877 -1.36103
3.72923 -0.180267 -6.23034
-10.3385 3.68782 3.82467
-1.58491 -1.55879 6.18987
5.85826 -2.61339 0.689029
3.59148 1.6529 -0.227581
3.75697 2.80211 -3.38861
6.44675 4.17706 -14.0211
-8.97585 247.235 1.34423
-0.833741 -3.35139 0.262676
3.99787 -8.79157 3.26811
-2.02284 -3.93239 -0.952222
1.85582 -3.34948 -1.94365
-6.19977 1.23987 -0.41943
-5.05828 0.140023 -2.25033
1.82701 4.55907 -2.66621
3.10451 0.222728 -3.61245
-4.83742 8.75967 -0.0829933
1.58114 -0.310447 -1.83446
-4.91984 -0.892102 -0.800046
-2.56479 10.8368 -5.22856
-2.34659 2.31415 1.48036
0.798837 -4.8055 -0.948433
-2.80772 -1.62832 -0.620952
-2.09746 -3.68888 24.0178
9.64029 4.48944 -4.47947
3.01948 -1.19585 -2.62985
1.21975 -1.4972 -4.94259
-3.88113 -2.31933 39.7227
-0.155341 -156.562 8.56024
-2.79798 -7.69718 5.51774
3.50813 4.27863 -11.7774
0.811688 -3.4242 -0.111302
-23.4179 0.902259 -9.63166
3.22551 4.656 -1.40579
6.43785 5.33502 -3.3515
-9.44317 -0.949667 -0.78637
-5.75325 0.314221 -32.7685
-0.603655 0.987959 1.92772
0.154093 9.39106 8.87025
-1.56715 1.97801 1.0277
3.41344 -2.94918 1.68996
-6.60755 5.26508 0.213222
1.66235 1.04258 -0.794291
-0.390101 -3.9207 4.94059
-5.79774 -0.170458 -1.97391
-2.30244 -1.46998 2.42147
-1.8098 -3.92723 2.05999
-4.19798 0.536677 -0.619622
3.0112 4.09246 13.2345
-4.88694 4.40054 -7.47146
-1.40534 1.74727 1.39112
-3.98544 2.30828 0.062945
1.56173 0.131612 0.208522
-0.200472 2.92943 -1.98722
5.62402 -0.454896 -0.676956
15.3252 0.646427 2.92874
0.734244 6.6216 0.446476
0.228449 5.86418 -1.43809
3.47841 1.39727 -4.37604
8.36834 -4.38213 4.13218
1.08391 -8.21805 -0.58162
-9.4472 -0.844126 -4.35808
