-9.531 3.75038 8.6081
5.96401 1.22153 7.03754
0.580091 -2.30537 1.50537
-2.36579 -1.91045 -0.247827
-3.40819 -3.101 -4.08874
4.18538 3.69934 5.3458
0.581224 -3.60761 -33.2098
6.08144 -8.99043 3.68509
-0.783644 1.69899 4.84147
3.06687 -3.05476 -6.04903
-3.95404 -3.07252 5.28549
0.748625 3.31623 17.3477
-2.37907 -3.5289 -2.13995
-13.9857 -9.22827 0.361515
1.0141 -5.94445 -4.77432
1.81717 3.8723 -3.00943
0.0141317 -5.77567 -1.5015
1.94952 -2.30863 1.92978
-3.6931 1.02661 4.19884
0.542646 -0.81499 1.71573
5.0358 1.19367 3.47869
2.52166 -5.95307 7.4462
6.93493 -2.57609 -2.62977
5.26419 -0.634022 -0.695834
2.30147 -2.03708 -8.19665
-4.52986 -3.68017 -3.07545
-1.42948 1.03714 1.58286
-0.393224 0.636845 0.45653
4.21464 3.86101 10.5254
5.28263 -8.85559 -7.18858
6.41223 5.24145 -9.65636
-11.0866 -9.3995 -20.2829
9.31395 5.6743 8.92347
-4.08891 1.12563 -3.93985
-0.466891 -2.01254 -6.56126
-1.84619 7.9916 5.13632
0.444937 -0.620975 -0.037435
-0.7667 2.4778 -1.39159
3.56732 -0.158455 -6.12598
-10.3256 3.6427 3.83282
-1.53001 -1.55899 6.18354
5.86932 -2.59126 0.727777
3.58032 1.5227 -0.297233
3.96454 2.79343 -3.42132
6.4404 4.10552 -13.9733
-8.97321 247.288 1.35108
-0.857354 -3.31135 0.208473
3.99037 -8.80982 3.24115
-1.93673 -3.87044 -0.932013
1.85231 -3.33719 -1.93596
-6.20614 1.23816 -0.404115
-5.01904 0.151675 -2.27132
1.77504 4.4307 -2.65474
2.97271 0.248638 -3.67451
-4.75541 8.76399 -0.0326986
1.5337 -0.313262 -1.73855
-5.0573 -0.898109 -0.86332
-2.55197 10.9731 -5.31916
-2.19455 2.31835 1.41263
0.845313 -4.78264 -0.922875
-2.80085 -1.62527 -0.629118
-2.09333 -3.75609 24.1165
9.72134 4.55163 -4.54347
3.09966 -1.18167 -2.51779
1.20798 -1.52824 -4.97712
-3.90397 -2.2408 39.7133
-0.169487 -156.548 8.56303
-2.71645 -7.70267 5.48521
3.47566 4.28271 -11.7556
0.794813 -3.34827 -0.0901971
-23.4642 0.958209 -9.63757
3.3789 4.65969 -1.46552
6.5814 5.26537 -3.49481
-9.45132 -0.950578 -0.633798
-5.85962 0.269092 -32.7832
-0.662087 1.0476 1.92784
0.18295 9.36993 9.01057
-1.55468 2.02693 1.00966
3.4055 -2.88382 1.69925
-6.94703 5.15035 0.768198
1.67958 1.04574 -0.79272
-0.335131 -3.92319 4.83004
-5.86079 -0.197923 -1.86711
-2.40226 -1.44285 2.39839
-1.86111 -3.92052 2.13305
-4.36891 0.541755 -0.737641
2.96629 4.01964 13.2589
-4.85627 4.4615 -7.20077
-1.40773 1.74352 1.49309
-3.91682 2.27744 0.0701766
1.61064 0.136426 0.210775
-0.211529 2.95073 -1.89636
5.61452 -0.515954 -0.53553
15.3374 0.71488 2.92082
0.702188 6.5819 0.44966
0.392088 5.8647 -1.49053
3.71137 1.30506 -4.61141
8.38012 -4.34023 4.13697
1.1169 -8.26495 -0.547151
-9.45034 -0.862646 -4.36899
