-9.55053 3.8072 8.60669
6.03908 1.23278 7.22468
0.838173 -2.56031 1.56314
-2.38413 -1.62982 -0.251065
-2.95209 -3.30753 -4.16424
4.17641 3.6189 4.9216
0.610562 -3.61024 -33.1953
6.05626 -9.16741 3.71094
-0.759259 1.71575 4.58069
3.0176 -3.01926 -6.06032
-4.78311 -2.80275 5.68137
1.14481 3.4638 17.5991
-2.32194 -3.59157 -2.22415
-13.937 -9.2672 0.303338
0.993486 -5.93689 -4.76907
1.86758 3.77407 -3.48883
0.0379246 -5.85024 -1.42351
2.08414 -2.47592 2.26719
-3.66952 0.286609 4.22173
0.51849 -0.783109 1.62729
5.02095 1.13547 3.50446
2.53035 -5.88142 7.38104
6.53124 -2.77393 -3.09915
4.90613 -0.436736 -0.694549
2.46151 -1.64898 -8.16477
-4.43236 -3.6499 -3.18433
-1.58937 0.808119 1.13613
-0.453443 1.42319 0.175313
3.7135 3.72049 10.5571
4.7353 -8.80357 -7.04383
6.75067 5.27172 -9.50297
-11.0361 -9.64157 -20.3327
9.44414 5.85292 8.44755
-4.40302 1.24908 -3.878
-0.424907 -2.06629 -6.47213
-1.64543 7.64914 4.65296
0.580068 -0.551242 -0.0370548
-1.14409 2.43595 -1.51822
2.9692 -0.114407 -5.82565
-10.2942 3.47956 3.85908
-1.2266 -1.55038 6.15898
5.92713 -2.52278 0.882142
3.54228 1.03569 -0.552945
5.1632 2.77364 -3.55184
6.38719 3.80834 -13.7906
-8.94998 247.385 1.34095
-0.944628 -3.09329 -0.0230035
3.9607 -8.37917 3.135
-1.6172 -3.66 -0.842495
1.83871 -3.28687 -1.90551
-6.21969 1.22373 -0.335377
-4.82156 0.186383 -2.35304
1.57236 3.86414 -2.58412
2.44421 0.358961 -3.9355
-4.48036 8.82571 0.18705
1.35834 -0.319113 -1.38882
-5.63628 -0.916099 -1.12247
-2.48453 11.7468 -5.66329
-1.49996 2.28145 1.12346
1.05158 -4.69918 -0.809785
-2.76805 -1.61515 -0.658454
-2.09735 -4.19824 24.0968
10.1079 4.80605 -4.83703
3.41674 -1.18005 -2.06443
1.16288 -1.65593 -5.11259
-3.99872 -1.94723 39.7048
-0.248211 -156.558 8.56173
-2.37824 -7.75255 5.4816
3.35991 4.29936 -11.6816
0.72747 -3.09503 -0.00405608
-23.1869 1.45777 -9.73927
2.61458 4.67817 -1.70061
7.97727 4.97865 -4.54603
-9.45452 -0.953867 -0.0530394
-6.88815 0.07665 -32.9221
-0.899039 1.2751 1.92933
0.252041 9.37689 9.68655
-1.51354 2.2253 0.939998
3.3795 -2.6353 1.74019
-10.1463 4.6754 3.44934
1.75943 1.05812 -0.782882
-0.016433 -3.93669 4.44107
-6.14885 -0.30528 -1.39235
-3.15114 -1.548 2.36554
-2.00385 -3.96461 2.43795
-5.40364 0.556682 -1.18419
2.79707 3.7745 13.3858
-4.74769 4.69847 -6.5144
-1.41666 1.72452 1.89836
-3.65857 2.15405 0.0996341
1.81434 0.153978 0.220465
-0.262902 3.05942 -1.50865
5.58775 -0.760339 0.0466449
15.3829 0.936002 2.92676
0.569855 6.43101 0.456515
1.44218 5.86618 -1.69107
5.06893 1.06228 -5.70952
8.43463 -4.17972 4.16006
1.2606 -8.47203 -0.389757
-9.46296 -0.957985 -4.43343
