-9.55783 3.82343 8.60778
6.06043 1.23598 7.27828
0.901309 -2.62453 1.58181
-2.38707 -1.5608 -0.251308
-2.84733 -3.3626 -4.17475
4.17393 3.60165 4.83051
0.617306 -3.60842 -33.1947
6.04127 -9.22488 3.71562
-0.753294 1.72099 4.521
3.00279 -3.01148 -6.06199
-5.02818 -2.74244 5.80022
1.25888 3.50882 17.6882
-2.16658 -3.57983 -2.26629
-13.9202 -9.28152 0.290017
0.981122 -5.93452 -4.76815
1.88043 3.75332 -3.65006
0.0520035 -5.86456 -1.39767
2.11789 -2.50712 2.39881
-3.66298 0.132708 4.22818
0.509224 -0.774032 1.60574
5.01411 1.12204 3.51505
2.53304 -5.86301 7.36769
6.42701 -2.82537 -3.14799
4.8191 -0.387903 -0.693876
2.50293 -1.55706 -8.15681
-4.41279 -3.63531 -3.22197
-1.63927 0.711184 1.0509
-0.472279 1.61535 0.111631
3.60928 3.68759 10.5593
4.43927 -8.82482 -6.98011
6.83976 5.27276 -9.46095
-11.0101 -9.69685 -20.3583
9.5019 5.91676 8.39318
-4.49367 1.27448 -3.85682
-0.410725 -2.08007 -6.44849
-1.60049 7.57491 4.5574
0.612193 -0.534257 -0.0359721
-1.24983 2.42523 -1.5461
2.83839 -0.109238 -5.76478
-10.2939 3.445 3.86756
-1.15631 -1.5473 6.15412
5.9425 -2.50909 0.920819
3.53265 0.920892 -0.61133
5.49975 2.77208 -3.57961
6.35777 3.72667 -13.7599
-8.94671 247.361 1.34164
-0.967694 -3.01581 -0.0824213
3.9535 -8.27868 3.10939
-1.54325 -3.61204 -0.814946
1.83609 -3.27369 -1.89837
-6.22178 1.21771 -0.316801
-4.77716 0.193168 -2.37266
1.52184 3.65615 -2.55899
2.29585 0.388302 -4.0028
-4.42724 8.84128 0.252242
1.31417 -0.318996 -1.29752
-5.80891 -0.91689 -1.18326
-2.46674 11.827 -5.74326
-1.10593 2.26349 1.05865
1.10442 -4.67992 -0.778521
-2.75797 -1.61294 -0.662556
-2.10483 -4.31543 24.0396
10.1896 4.86528 -4.92366
3.4973 -1.18044 -1.94661
1.14955 -1.68517 -5.14384
-4.03028 -1.85223 39.7064
-0.262386 -156.505 8.55998
-2.3213 -7.78047 5.48895
3.33206 4.30333 -11.6642
0.709632 -3.04161 0.0204245
-22.434 1.53819 -9.77242
2.38859 4.68316 -1.75503
8.44901 4.93418 -4.66028
-9.44849 -0.956688 0.116736
-7.61368 0.0364593 -32.9491
-0.978811 1.32855 1.92943
0.251209 9.38319 9.63873
-1.5071 2.28534 0.92621
3.37526 -2.57323 1.75275
-10.9185 4.49397 3.20348
1.77842 1.06115 -0.7784
0.0694518 -3.93911 4.36109
-6.24874 -0.331303 -1.23778
-3.72543 -1.53553 2.36955
-2.02763 -3.98086 2.58492
-5.86593 0.55781 -1.29161
2.75295 3.72078 13.4321
-4.72753 4.76398 -6.38635
-1.41987 1.72025 1.99927
-3.59834 2.12328 0.10746
1.8631 0.15777 0.223304
-0.288093 3.09169 -1.40647
5.58241 -0.818653 0.192804
15.3961 0.990127 2.92948
0.537532 6.39619 0.458754
1.8715 5.86785 -1.73609
5.46985 1.03521 -5.88342
8.44774 -4.1417 4.1666
1.2956 -8.52831 -0.341806
-9.47718 -0.978605 -4.45554
