-9.56612 3.83971 8.61326
6.08386 1.23953 7.33538
0.963807 -2.68852 1.60105
-2.39194 -1.49153 -0.25086
-2.75594 -3.41689 -4.18492
4.17156 3.58737 4.74381
0.625204 -3.60668 -33.1953
6.02757 -9.27598 3.72013
-0.746381 1.72675 4.4636
2.98783 -3.00447 -6.06459
-5.28588 -2.68433 5.92649
1.37479 3.55745 17.7948
-1.89017 -3.45508 -2.27898
-13.9021 -9.30046 0.278713
0.969219 -5.93295 -4.76689
1.89387 3.7366 -3.84007
0.0685607 -5.87828 -1.36569
2.15033 -2.53419 2.54711
-3.65693 -0.00965029 4.23419
0.498911 -0.764158 1.58531
5.00934 1.10859 3.52588
2.53616 -5.84357 7.3546
6.31497 -2.87698 -3.19852
4.73431 -0.338121 -0.694092
2.5454 -1.46692 -8.14936
-4.39226 -3.61743 -3.262
-1.69388 0.590635 0.993816
-0.492501 1.80806 0.0488095
3.51209 3.65684 10.5621
4.01129 -8.97747 -6.95087
6.9297 5.27261 -9.4183
-10.9855 -9.75107 -20.3837
9.56926 5.98753 8.33791
-4.5897 1.29819 -3.83328
-0.395316 -2.09401 -6.42616
-1.56742 7.50905 4.46173
0.644566 -0.517159 -0.0346041
-1.33622 2.41485 -1.57299
2.71642 -0.103593 -5.70379
-10.2971 3.41397 3.87646
-1.07992 -1.54432 6.14958
5.95886 -2.49637 0.9604
3.52311 0.808589 -0.669021
5.56167 2.77187 -3.60681
6.32316 3.64686 -13.7449
-8.94422 247.372 1.34312
-0.988801 -2.92437 -0.140873
3.94605 -8.18025 3.08497
-1.47136 -3.56455 -0.786479
1.83433 -3.25983 -1.89031
-6.22301 1.20999 -0.29737
-4.73205 0.199516 -2.39226
1.47466 3.43361 -2.53808
2.14096 0.418535 -4.07096
-4.37687 8.85503 0.31955
1.27078 -0.318101 -1.19914
-5.97498 -0.915475 -1.24271
-2.45252 11.7297 -5.82843
-0.128976 2.24455 0.997255
1.15799 -4.66087 -0.746568
-2.74694 -1.61169 -0.665942
-2.11179 -4.39319 23.9919
10.2687 4.9254 -5.01873
3.57702 -1.17894 -1.8265
1.13591 -1.71246 -5.17441
-4.0615 -1.74058 39.709
-0.276938 -156.489 8.56117
-2.26833 -7.81108 5.49474
3.30419 4.30782 -11.6465
0.691501 -2.99077 0.0456982
-22.0737 1.60905 -9.79578
2.19254 4.68824 -1.80742
8.4592 5.0809 -4.81999
-9.44187 -0.958362 0.307435
-9.31091 0.00445331 -32.9963
-1.05241 1.38151 1.92917
0.248402 9.38807 9.37873
-1.50113 2.35306 0.913856
3.37015 -2.50951 1.76413
-10.4804 3.97478 3.0093
1.79762 1.06362 -0.773402
0.172447 -3.94023 4.28705
-6.3686 -0.35671 -1.07214
-4.01239 -1.51265 2.36837
-2.04895 -3.99721 2.77757
-6.51049 0.556196 -1.39994
2.70669 3.66927 13.4834
-4.70953 4.83517 -6.26923
-1.4233 1.71701 2.10006
-3.53898 2.09321 0.115181
1.91387 0.161538 0.22626
-0.319043 3.12516 -1.30394
5.57761 -0.873942 0.33614
15.4104 1.04456 2.93173
0.507557 6.36539 0.461471
2.45039 5.87178 -1.77692
5.84501 1.02196 -6.06457
8.46202 -4.10376 4.17452
1.32877 -8.5858 -0.292725
-9.49421 -1.0022 -4.47625
