-9.576 3.85704 8.6202
6.10839 1.24311 7.39563
1.02714 -2.75324 1.61918
-2.40257 -1.42161 -0.250813
-2.67873 -3.4726 -4.20196
4.16953 3.57333 4.65924
0.632507 -3.60517 -33.1977
6.01398 -9.33008 3.72436
-0.738878 1.7325 4.40685
2.97353 -2.99817 -6.06897
-5.31963 -2.62904 6.05841
1.45577 3.60816 17.925
-1.63559 -3.19117 -2.20955
-13.8821 -9.32127 0.268057
0.960861 -5.93239 -4.76679
1.91178 3.72027 -4.06911
0.083602 -5.89634 -1.32828
2.19349 -2.55864 2.70329
-3.65121 -0.177266 4.24148
0.487414 -0.753454 1.56416
5.00588 1.09622 3.53675
2.53961 -5.82443 7.34201
6.2182 -2.9296 -3.2608
4.65186 -0.287661 -0.696689
2.58909 -1.37871 -8.14294
-4.37226 -3.59892 -3.30464
-1.75748 0.442047 0.952976
-0.513556 2.00137 -0.0152691
3.42093 3.62693 10.5649
3.61803 -9.2944 -7.02238
7.02207 5.27095 -9.37794
-10.9622 -9.80746 -20.4124
9.6423 6.06055 8.27288
-4.69336 1.31986 -3.8096
-0.378686 -2.10888 -6.40601
-1.52357 7.44474 4.34495
0.676734 -0.500161 -0.0333119
-1.40159 2.40409 -1.6024
2.57942 -0.0971696 -5.6444
-10.3018 3.38558 3.88718
-0.998637 -1.54173 6.14454
5.97466 -2.48529 0.999018
3.51431 0.697251 -0.727543
5.34405 2.77196 -3.638
6.29181 3.57252 -13.7441
-8.93455 247.435 1.34476
-1.00753 -2.81668 -0.207813
3.93692 -8.08393 3.05782
-1.40781 -3.51797 -0.758446
1.83318 -3.24595 -1.88285
-6.22333 1.2008 -0.278829
-4.68691 0.205292 -2.41249
1.42809 3.22304 -2.52276
1.9721 0.449162 -4.14282
-4.3263 8.86665 0.38616
1.22785 -0.31648 -1.10537
-6.15087 -0.913377 -1.30534
-2.44171 11.6392 -5.92065
0.683948 2.22503 0.943333
1.20811 -4.64286 -0.715088
-2.73462 -1.61121 -0.667729
-2.11668 -4.48352 23.9494
10.3427 4.98595 -5.13319
3.66467 -1.17657 -1.70959
1.1224 -1.73953 -5.20657
-4.09489 -1.6314 39.715
-0.291912 -156.482 8.56555
-2.21775 -7.84495 5.49826
3.27548 4.31313 -11.6304
0.672687 -2.94263 0.0709075
-21.8585 1.67677 -9.81333
2.02446 4.69301 -1.86092
8.92642 5.25093 -0.875933
-9.43314 -0.96012 0.521588
-10.1131 -0.0149551 -33.1546
-1.12182 1.43342 1.92792
0.244507 9.39132 9.16397
-1.49446 2.4263 0.901761
3.36298 -2.44574 1.77537
-9.95536 3.39864 -3.29125
1.8164 1.06553 -0.768513
0.288177 -3.94228 4.21492
-6.49498 -0.382157 -0.905436
-4.20247 -1.48657 2.36375
-2.06915 -4.01388 2.94383
-7.46345 0.548689 -1.51552
2.66067 3.61872 13.5379
-4.69526 4.90655 -6.1628
-1.42672 1.71356 2.19898
-3.48028 2.06309 0.122357
1.96603 0.165326 0.228919
-0.37232 3.15901 -1.20418
5.5736 -0.929284 0.476316
15.4265 1.09926 2.9329
0.47921 6.33505 0.464015
3.27467 5.88018 -1.81247
4.69428 1.01044 -6.85303
8.47641 -4.06746 4.18272
1.36295 -8.64613 -0.245973
-9.51386 -1.02236 -4.49715
