-9.58888 3.87945 8.62852
6.13753 1.24696 7.46008
1.09351 -2.81904 1.63803
-2.41386 -1.34949 -0.250688
-2.6067 -3.52981 -4.22054
4.16816 3.55995 4.57664
0.640383 -3.603 -33.2016
5.99851 -9.3872 3.72935
-0.730274 1.73885 4.35078
2.96067 -2.99178 -6.07426
-5.1234 -2.57606 6.19971
1.50422 3.66058 18.0957
-1.54874 -2.93174 -2.0993
-13.8584 -9.34155 0.254734
0.95453 -5.92865 -4.76878
1.93725 3.70473 -4.33469
0.0940271 -5.91992 -1.28956
2.25928 -2.58063 2.88755
-3.64499 -0.343982 4.2498
0.475081 -0.741391 1.54329
5.0031 1.08718 3.54897
2.54366 -5.80529 7.33135
6.14326 -2.9834 -3.32498
4.57317 -0.236105 -0.70106
2.63445 -1.29185 -8.13689
-4.35084 -3.58004 -3.34895
-1.82719 0.263334 0.936029
-0.533935 2.19637 -0.0797046
3.33281 3.59779 10.5685
3.41954 -9.60537 -7.14903
7.11911 5.26851 -9.33782
-10.9397 -9.86497 -20.4452
9.72803 6.13611 8.19476
-4.8034 1.33971 -3.7859
-0.360787 -2.12417 -6.38724
-1.45701 7.38224 4.2286
0.708836 -0.483034 -0.0319395
-1.46624 2.39369 -1.63308
2.43585 -0.0893921 -5.58485
-10.3055 3.36076 3.90228
-0.918563 -1.53898 6.13966
5.99054 -2.47484 1.0368
3.507 0.58674 -0.7864
5.13668 2.77284 -3.67152
6.27114 3.50754 -13.7474
-8.92472 247.465 1.34562
-1.0179 -2.69112 -0.286737
3.92866 -7.9872 3.03104
-1.35057 -3.47197 -0.730021
1.83254 -3.23187 -1.87709
-6.22286 1.19148 -0.26134
-4.6395 0.210865 -2.43315
1.3805 3.05305 -2.50968
1.84244 0.480243 -4.21797
-4.2732 8.87661 0.454228
1.18861 -0.314005 -1.01557
-6.34625 -0.9116 -1.36756
-2.43209 11.5548 -6.01706
0.907034 2.20509 0.899461
1.25638 -4.62554 -0.68358
-2.72122 -1.60983 -0.666264
-2.11962 -4.58925 23.9107
10.4175 5.04815 -5.28049
3.76786 -1.17331 -1.5824
1.10962 -1.76638 -5.23996
-4.13103 -1.53727 39.725
-0.30611 -156.48 8.57453
-2.16974 -7.88111 5.50054
3.24723 4.31935 -11.6167
0.654476 -2.89698 0.0967461
-21.7116 1.74343 -9.82242
1.87878 4.69775 -1.91457
8.40191 5.2225 3.08312
-9.42218 -0.961886 0.765297
-8.95912 -0.0087672 -33.3823
-1.18821 1.48458 1.92628
0.24294 9.3938 8.98121
-1.48672 2.50928 0.890881
3.35567 -2.38016 1.78649
-7.94732 3.13352 -9.65818
1.83474 1.06751 -0.763743
0.403928 -3.94528 4.14762
-6.61367 -0.407676 -0.717136
-4.35211 -1.4595 2.35769
-2.08686 -4.03064 3.09466
-8.06211 0.529988 -1.64276
2.61818 3.5684 13.6002
-4.68222 4.97856 -6.06378
-1.4298 1.71021 2.29705
-3.42252 2.0331 0.129402
2.01867 0.169306 0.231388
-0.441904 3.19298 -1.10673
5.57085 -0.984485 0.614932
15.4444 1.15506 2.93345
0.450786 6.30418 0.466936
3.71545 5.89752 -1.83919
2.31933 0.998104 -7.66238
8.48997 -4.03212 4.19031
1.40114 -8.70943 -0.197833
-9.53616 -1.03684 -4.52133
