-0.486493 -1.06451 -0.107391
-0.0454184 -0.315019 0.0487435
0.40788 -0.0767487 0.01997
-0.211378 -0.224858 -0.0119012
-0.667731 -0.100647 -0.581232
0.134887 -0.000157612 0.359081
0.0175439 -0.296842 0.0212287
0.0521072 0.343531 0.170388
-0.431009 0.120349 -0.161384
0.105578 0.363886 -0.0344023
2.00066 0.0278211 0.0607268
-0.450948 0.0550135 0.227327
-0.00640952 0.152096 -0.0485408
-0.145372 -0.0683159 -0.290105
0.250779 0.234428 -0.425914
0.0232438 0.0471105 -0.0836048
0.00229732 -0.131953 -0.277477
-0.273818 -0.0102878 -0.0451585
0.938702 0.0482177 -0.0901635
-1.10393 0.130975 0.0723274
-0.162344 -0.284345 0.0524536
0.0244357 0.114904 -0.0266677
0.206527 -0.108111 -0.0906854
0.0294503 0.048301 0.253432
0.270523 -0.131125 -0.00039039
-0.0604243 -0.175929 -0.16225
0.0100492 0.150974 -1.18906
-0.0112282 0.373165 0.0692371
0.377903 0.00448795 0.169246
-0.171597 0.0635895 -0.470755
-0.0636265 0.868066 -0.0648056
0.163879 0.427036 -0.310368
-0.078387 0.44247 0.0367515
0.0518054 0.0387716 -0.0822506
-0.214975 0.0183313 0.116091
0.875361 0.0774078 -0.233688
-0.0279755 -0.168299 -0.00106366
-0.0317133 -0.0705733 1.04989
-0.207489 -0.119536 0.0493408
0.182412 -0.0816338 0.228288
-0.180064 0.00376165 -0.259162
1.33451 -0.103403 -0.570163
-0.0270407 -0.224568 0.148113
-0.270802 -0.764846 -0.113475
-0.0839546 1.09673 -0.24427
-0.0511271 0.138603 0.41309
-0.102196 0.0869335 0.229076
0.342339 -0.0448063 0.0408005
0.152643 0.206233 -0.0340751
0.0540087 -0.0593461 0.130949
0.109097 0.319235 0.32952
-0.210492 -0.00885581 -0.0300344
-0.188961 0.0597689 0.449752
0.182734 0.148694 -0.0490902
0.0855405 0.0529185 0.384888
0.0210249 0.000640002 -0.613518
-0.0206823 0.0887746 -0.0168394
0.469121 0.281209 0.397977
-0.221897 -0.0451742 0.567487
-0.0812135 -0.119844 -0.0217347
-0.0429723 -0.0832723 0.103592
-0.125647 0.360774 -0.226885
-0.0123724 0.240448 0.419262
0.0923346 -0.103573 0.011034
0.0764355 -0.219148 0.163989
0.169396 -0.352767 -0.330146
0.0607945 -0.194952 -0.162506
-0.103286 0.506777 0.461662
-0.0643791 0.0625473 -0.121978
0.143885 -0.000656606 -0.113498
-0.897075 -0.302049 0.526071
0.253019 -0.496872 -0.030052
-0.137907 0.141987 -0.190146
-0.0735046 -0.128699 -0.190398
0.0684806 0.189097 0.253099
0.133594 0.0387445 -0.0143729
0.0374904 -0.366779 -0.0635236
-0.221822 0.105698 0.168125
0.0241861 -0.0959452 0.0596307
-0.294701 -0.131682 0.264767
0.0181454 0.0614458 -0.0807907
0.0418778 -0.163616 0.0295505
-0.052556 -0.148596 -0.0483673
-0.0541845 -0.0138658 -0.0224667
-0.446592 -0.095825 -0.167325
0.1079 -0.0356446 0.0175989
0.565973 -0.0259287 0.441041
-0.0240949 -0.0514114 -0.0369764
0.000772004 0.355792 -0.432676
0.0941457 0.0226498 0.0106448
-0.284435 -0.0553592 0.0259116
0.652172 -0.118835 0.397806
0.444887 -0.0306608 -0.0870468
-0.213305 -0.137713 0.0665061
-0.0746762 0.0351284 0.046659
0.097619 -0.0865082 0.0485789
-1.78646 0.0411046 -0.934006
0.684353 0.248191 0.082033
-0.874354 0.0341203 0.0256907
0.269333 -0.0252321 -0.261147
