-11.9012 -0.749692 -1.29164
-0.783618 -0.789251 0.533755
1.3116 -0.656247 0.126523
-2.04643 -1.72005 -0.0487417
5.00483 -1.12135 0.389349
1.31728 0.156804 3.50301
0.157312 -2.91931 0.123357
0.764175 3.85334 1.50098
-1.59443 1.51807 -1.67772
0.858454 0.257598 -0.421675
-1.17842 -0.129034 0.420336
-3.81142 0.649379 2.61749
-0.0904362 1.69571 -0.424587
-1.62284 -0.529318 -2.97209
5.49889 4.1404 -0.677883
0.176716 0.414994 -0.754833
-0.00658279 -0.952948 -2.62648
-3.41146 -0.125137 -0.653143
0.428548 0.121123 -0.55957
-2.84701 1.26903 0.93634
-1.81902 -0.397388 0.503316
0.280918 1.04441 -0.0804726
1.96985 -0.911856 -0.815949
0.125 0.533826 2.28998
2.65415 -1.13565 -0.0608519
-0.485361 -1.29035 -1.56139
0.20922 3.13856 0.0933276
-0.125188 2.4731 0.908878
4.9155 0.18157 1.47674
-2.00403 1.3152 -5.51867
-0.79526 -0.865647 -0.643454
1.6825 4.1271 -3.42607
-0.584584 4.91346 0.362565
0.698934 0.303407 -0.778785
-2.5449 0.22745 1.44165
-0.409969 0.700278 -3.78932
-0.251515 -1.54583 -0.00199544
-0.722907 0.155996 1.63218
-2.66965 -1.24177 0.56832
1.73471 -0.0786049 2.04278
-1.13772 -0.177095 -2.56462
-7.23965 -1.16751 -4.1403
-0.293994 -2.02963 1.88883
-3.12833 -0.753664 -1.27942
-2.16602 4.66767 -0.952603
-0.527835 2.08246 3.47777
-1.01109 0.734965 3.01562
5.07047 -0.302157 0.218068
1.70748 1.74333 -0.325869
0.486063 -0.409865 1.22023
0.96944 0.52234 3.62245
-1.48336 -0.0105136 -0.180869
-1.38547 0.613844 4.49122
1.67081 2.02998 -0.0388867
0.87043 0.87628 0.402773
0.411859 -0.0459826 -1.00592
-0.14206 0.828999 -0.0665123
-1.42476 3.27903 4.46941
-4.37472 -0.321975 -2.80613
-0.696136 -0.941128 -0.143268
-0.384494 -0.550457 1.04345
-1.54514 -1.3623 -2.4869
0.605418 -3.31673 -2.21461
0.832474 -0.752567 0.028516
0.673803 -1.83586 1.81816
1.5832 -3.65219 -2.1262
0.480951 -1.39501 -1.4848
-1.02178 2.42743 2.65701
-0.759064 0.818895 -1.31232
1.46155 0.0368867 -1.12645
0.486147 -3.44948 -1.08199
2.95612 -4.24062 -0.31929
-1.46971 2.03986 -2.20225
-0.842423 -1.01057 -1.81179
0.743543 1.82459 2.1771
1.28616 0.43963 -0.0620456
0.308178 -2.89514 -0.678641
-2.2328 1.14311 0.678483
0.202224 -0.763092 0.606885
-4.00098 -1.06651 4.64996
0.170782 0.79304 -0.811759
0.297821 -1.3603 0.235747
-0.470696 -1.1277 -0.450853
-0.456337 -0.0467041 -0.292206
-3.60539 -0.734375 -1.94817
0.951478 -0.191683 0.213259
1.06543 -0.182289 1.84725
-0.202568 -0.309585 -0.144083
-0.879706 3.20789 -3.2126
0.237494 0.219888 -0.00420945
-0.405579 -0.641068 0.325464
1.44857 -1.13013 2.28912
8.3595 0.515982 -0.720759
-1.28441 -1.69864 0.667801
-0.59549 0.35111 0.536882
0.840176 -0.736676 0.549634
4.77052 1.13631 1.83939
5.44673 3.16877 0.735429
2.62623 0.488425 0.428039
1.75447 -0.228428 -3.31219
