-9.64421 3.95602 8.68391
6.25214 1.25833 7.68015
1.31172 -3.02401 1.68978
-2.44304 -1.12625 -0.254276
-2.3906 -3.7193 -4.31866
4.16465 3.51201 4.33605
0.666907 -3.60046 -33.2256
5.96822 -9.57901 3.73996
-0.703512 1.75589 4.17674
2.93227 -2.9833 -6.11039
-4.57155 -2.42909 6.78561
1.63721 3.81685 18.2848
-1.66211 -2.6288 -1.93702
-13.792 -9.44484 0.21588
0.923627 -5.91494 -4.77356
2.04088 3.66345 -5.06843
0.105006 -6.01069 -1.19523
2.52043 -2.6276 3.48196
-3.61727 -0.775887 4.26886
0.428439 -0.700928 1.48202
5.00128 1.05938 3.58069
2.55871 -5.75326 7.30292
5.97796 -3.15795 -3.53631
4.35724 -0.072452 -0.715516
2.78 -1.04215 -8.12197
-4.28588 -3.52958 -3.48155
-2.13889 -0.399025 1.08369
-0.591943 2.79283 -0.282843
3.09026 3.51539 10.5836
3.2837 -9.96877 -7.37322
7.07423 5.2575 -9.23493
-10.8867 -10.1172 -20.5868
10.0526 6.375 7.98406
-5.16994 1.39656 -3.71773
-0.306201 -2.1738 -6.3428
-1.23745 7.20427 3.72949
0.806172 -0.43136 -0.0274557
-1.65779 2.36282 -1.73703
2.08924 -0.0599504 -5.40287
-10.3113 3.2983 3.9601
-0.695767 -1.53539 6.1224
6.04577 -2.45113 1.14951
3.49306 0.249534 -0.968679
4.54409 2.77632 -3.81012
6.25951 3.33424 -13.7302
-8.90375 247.508 1.35965
-0.987268 -2.24556 -0.637784
3.91351 -7.74697 2.95624
-1.17418 -3.33706 -0.640639
1.83525 -3.19202 -1.8618
-6.21921 1.1607 -0.216329
-4.50061 0.224943 -2.50174
1.22543 2.69437 -2.45648
1.57593 0.574035 -4.48719
-4.09805 8.89817 0.643775
1.08573 -0.303787 -0.773701
-6.75435 -0.910389 -1.60152
-2.40781 11.2887 -6.36149
1.61692 2.12933 0.62781
1.41359 -4.57914 -0.58636
-2.68408 -1.60977 -0.65141
-2.13142 -4.3684 23.8109
10.6888 5.25095 -5.73957
4.14033 -1.14919 -1.22222
1.07524 -1.85598 -5.35101
-4.26458 -1.29052 39.782
-0.353164 -156.536 8.58923
-2.04398 -8.01625 5.49679
3.16545 4.34084 -11.5856
0.609666 -2.77385 0.17331
-21.5234 1.92816 -9.86881
1.49631 4.70851 -2.10036
5.67621 4.8247 0.0537657
-9.39806 -0.973847 1.48225
-5.24447 0.00284804 -32.7895
-1.4107 1.63517 1.91747
0.25174 9.39475 8.54634
-1.45431 2.69493 0.864357
3.33978 -2.16507 1.82127
-3.28935 2.63301 -6.38585
1.88921 1.07147 -0.75094
0.747897 -3.97119 3.93202
-7.0025 -0.489796 -0.0676948
-4.40754 -1.38201 2.33533
-2.13597 -4.08395 3.49586
-7.76223 0.429297 -1.48655
2.50525 3.41012 13.8376
-4.63779 5.19446 -5.78584
-1.43865 1.6958 2.58445
-3.25566 1.94207 0.147637
2.17057 0.17945 0.237146
-0.643092 3.29246 -0.82484
5.56813 -1.16454 1.02597
15.5048 1.31612 2.93031
0.363649 6.20932 0.481831
3.14954 5.98325 -2.25649
-2.79711 1.14172 -7.47083
8.53213 -3.9324 4.21368
1.53195 -8.92275 -0.0656402
-9.60326 -1.09016 -4.59898
