-9.70027 4.03473 8.77516
6.36039 1.27029 7.91481
1.52704 -3.22847 1.72307
-2.48024 -0.903494 -0.264379
-2.22182 -3.93969 -4.48648
4.15565 3.47289 4.09909
0.708712 -3.619 -33.2795
5.90866 -9.81697 3.75468
-0.72756 1.80764 3.97144
2.93058 -2.9882 -6.18346
-4.019 -2.2969 7.45846
1.90086 3.97011 18.013
-1.81603 -2.54735 -1.91361
-13.7558 -9.57658 0.170029
0.89039 -5.90141 -4.78718
2.12417 3.63671 -4.63297
0.105877 -6.11226 -1.12787
2.79122 -2.66206 3.84207
-3.58057 -1.21901 4.28891
0.369965 -0.655047 1.42874
5.00386 1.03663 3.60225
2.57652 -5.70848 7.28195
5.8272 -3.06658 -3.83205
4.16015 0.088259 -0.723301
2.93592 -0.808463 -8.11189
-4.23534 -3.48366 -3.62761
-2.62564 -0.907435 1.39386
-0.653068 3.39815 -0.520277
2.87352 3.43844 10.6017
3.18138 -10.1177 -7.52181
6.71686 5.24157 -9.17326
-10.8769 -10.3949 -20.8412
10.3861 6.61855 7.85142
-5.59875 1.46521 -3.66777
-0.25982 -2.22601 -6.31349
-1.09603 7.05171 3.035
0.907157 -0.377818 -0.0253452
-1.90581 2.32566 -1.86534
1.78797 -0.0252204 -5.24342
-10.3167 3.24592 4.02975
-0.510474 -1.53938 6.09013
6.10086 -2.43653 1.25313
3.48418 -0.101374 -1.16598
3.80663 2.77708 -4.03709
6.27092 3.15509 -13.6899
-8.88982 247.514 1.37477
-0.912967 -1.89865 -1.11974
3.89783 -7.55155 2.88667
-1.00084 -3.20477 -0.560183
1.84195 -3.15942 -1.85094
-6.21465 1.13404 -0.184181
-4.39798 0.236927 -2.59765
1.07585 2.4073 -2.41764
1.2123 0.666116 -4.90996
-3.95622 8.90923 0.780689
0.971301 -0.293241 -0.578505
-6.36239 -0.908418 -1.93268
-2.39517 11.077 -6.87412
2.03877 2.02756 0.204414
1.5769 -4.53917 -0.499174
-2.66055 -1.61053 -0.627139
-2.16034 -4.06989 23.7484
10.4923 5.46079 -6.07261
4.52124 -1.10389 -1.02678
1.03651 -1.96176 -5.48819
-4.42676 -1.02815 39.9195
-0.396304 -156.497 8.59344
-1.95256 -8.19252 5.4752
3.0757 4.36977 -11.5637
0.560932 -2.66103 0.237002
-21.438 2.11198 -9.99698
1.01106 4.71391 -2.40233
3.06134 4.55288 -5.18785
-9.39695 -0.997417 1.70716
-4.37438 -0.166304 -32.4854
-1.67574 1.77757 1.90201
0.257045 9.40252 8.19698
-1.40502 2.86768 0.823491
3.32271 -1.94288 1.85642
-1.7236 2.1605 -5.19741
1.94411 1.07444 -0.742583
0.967292 -4.01826 3.65655
-7.67984 -0.615482 0.553587
-4.14585 -1.31577 2.30332
-2.22366 -4.1404 3.85157
-5.95626 0.381397 0.342662
2.38637 3.16185 14.1739
-4.59829 5.42656 -5.557
-1.45426 1.68047 2.86532
-3.10627 1.85205 0.158731
2.2639 0.18729 0.237543
-0.847687 3.38345 -0.569128
5.56361 -1.3511 1.4427
15.5826 1.48059 2.91641
0.26867 6.11775 0.515921
1.79137 6.0255 -3.58058
-1.40578 1.06756 0.367633
8.57518 -3.84192 4.23255
1.66096 -9.17753 0.0297633
-9.65882 -1.15543 -4.69373
