-9.74685 4.10093 8.8828
6.49426 1.27949 8.24899
1.73995 -3.58481 1.75372
-2.53048 -0.656004 -0.293991
-2.07132 -4.19213 -4.69874
4.15306 3.43054 3.84825
0.74635 -3.63571 -33.4428
5.80776 -10.1464 3.76348
-0.743289 1.85581 3.83511
2.95372 -2.99833 -6.27491
-3.41749 -2.17803 8.12897
2.13801 4.11793 17.8182
-1.966 -2.50102 -1.95845
-13.7462 -9.72936 0.111225
0.876989 -5.87865 -4.80353
2.20027 3.60913 -4.29739
0.107054 -6.07642 -1.07428
3.11173 -2.70542 4.13636
-3.47969 -1.71563 4.31853
0.319593 -0.611165 1.39292
5.01173 1.01393 3.61003
2.59633 -5.67378 7.26773
5.70707 -2.65828 -4.33814
3.98652 0.231219 -0.718497
3.12033 -0.605131 -8.09613
-4.18214 -3.44125 -3.78774
-3.04776 -1.10567 1.57255
-0.706303 4.00634 -0.80491
2.67976 3.36465 10.6204
3.05425 -10.2788 -7.65622
6.41944 5.22215 -9.11935
-10.8912 -10.6768 -21.6026
10.7884 6.86338 7.72076
-6.0556 1.54076 -3.63249
-0.217239 -2.29056 -6.28912
-0.992949 6.9157 2.39826
1.02862 -0.329074 -0.0242025
-2.14592 2.28083 -1.9992
1.53574 0.00705339 -5.08337
-10.3223 3.18348 4.10945
-0.31105 -1.5518 6.05275
6.16873 -2.43726 1.36143
3.48362 -0.469903 -1.37827
3.1722 2.77595 -4.31895
6.29521 2.91909 -13.6507
-8.87861 247.548 1.40429
-0.863615 -1.7477 -1.52894
3.89156 -7.38739 2.81486
-0.823429 -3.10421 -0.482804
1.84915 -3.13545 -1.84054
-6.21309 1.11708 -0.159069
-4.30427 0.245795 -2.70683
0.896759 2.0888 -2.37321
0.930033 0.7477 -5.32213
-3.82538 8.90828 0.918038
0.873612 -0.286255 -0.391346
-6.04595 -0.904072 -2.3243
-2.38246 10.8895 -6.43948
2.41775 1.90516 -0.272134
1.76273 -4.51626 -0.410865
-2.65095 -1.61081 -0.606562
-2.15002 -3.77938 23.7179
10.0483 5.65082 -6.47283
4.73321 -1.10786 -0.889582
1.00166 -2.09456 -5.66632
-4.60859 -0.765069 40.2602
-0.429599 -156.489 8.61398
-1.87191 -8.42567 5.44597
3.00524 4.40157 -11.5559
0.510575 -2.55766 0.304235
-21.3765 2.28929 -10.1662
0.537661 4.71469 -2.71528
-0.777094 4.32127 -4.66799
-9.38133 -1.03071 1.90207
-4.08423 -0.333859 -32.4251
-1.99333 1.91461 1.88214
0.259832 9.4396 7.9142
-1.36797 3.04735 0.762456
3.30853 -1.69906 1.89595
-0.920771 1.65404 -4.72446
2.02199 1.07707 -0.736348
1.16828 -4.08643 3.40394
-8.87489 -0.787165 0.711978
-3.87251 -1.26135 2.26461
-2.32521 -4.19706 4.20798
-5.13247 0.365243 1.02249
2.26777 2.75844 14.6591
-4.55619 5.64205 -5.37503
-1.473 1.66019 3.14651
-2.9691 1.76254 0.163018
2.08578 0.192734 0.235709
-1.02804 3.46361 -0.309412
5.55688 -1.57833 1.89253
15.7129 1.64926 2.89099
0.175693 6.03612 0.552751
1.15511 6.04288 -4.16779
4.84508 0.820139 1.20196
8.63523 -3.77114 4.25018
1.79689 -8.77755 0.114574
-9.69446 -1.24939 -4.81017
