-9.7588 4.11754 8.92546
6.54659 1.28136 8.46098
1.81651 -3.71303 1.76945
-2.54056 -0.57885 -0.301351
-2.01055 -4.28053 -4.76932
4.15541 3.41531 3.76134
0.754012 -3.63508 -33.4442
5.73925 -10.2852 3.75885
-0.736053 1.85986 3.77605
2.9641 -3.00178 -6.3066
-3.21899 -2.1372 8.37914
2.2326 4.16711 17.7714
-2.01611 -2.49125 -1.98405
-13.7469 -9.78816 0.0993569
0.87605 -5.87406 -4.81046
2.24537 3.59975 -4.1968
0.10834 -6.01887 -1.05603
3.42416 -2.721 4.2489
-3.40496 -1.88092 4.33754
0.306101 -0.598213 1.38442
5.01409 1.00419 3.61155
2.60415 -5.66435 7.26372
5.68093 -2.52342 -4.42853
3.928 0.275303 -0.711757
3.19219 -0.542073 -8.087
-4.16401 -3.42699 -3.83983
-3.16159 -1.13331 1.59892
-0.720013 4.21603 -0.878304
2.6207 3.34036 10.6275
3.01029 -10.3377 -7.69223
6.33544 5.21496 -9.09869
-10.8863 -10.7738 -21.9838
10.7363 6.94598 7.68694
-6.224 1.5674 -3.61922
-0.202849 -2.31413 -6.28028
-0.944086 6.87461 2.21167
1.07456 -0.313017 -0.0230097
-2.2211 2.264 -2.03802
1.45742 0.0176969 -5.0203
-10.3256 3.15817 4.13803
-0.245163 -1.5581 6.04152
6.19507 -2.44065 1.40209
3.48603 -0.59301 -1.44091
2.98704 2.77563 -4.41494
6.30503 2.82994 -13.6385
-8.88123 247.553 1.41224
-0.856825 -1.72261 -1.63667
3.89195 -7.33678 2.79566
-0.762927 -3.07452 -0.452909
1.8526 -3.12913 -1.83602
-6.21301 1.11214 -0.149963
-4.27464 0.248099 -2.74284
0.849223 1.96997 -2.35895
0.851716 0.771331 -5.43304
-3.77645 8.90621 0.972248
0.846621 -0.285039 -0.32473
-5.93249 -0.90213 -2.45931
-2.38184 10.827 -6.2517
2.57823 1.86396 -0.424966
1.82933 -4.5111 -0.375714
-2.649 -1.61119 -0.602621
-2.13937 -3.67424 23.7111
9.94194 5.71266 -6.57787
4.52392 -1.11044 -0.844168
0.99358 -2.14455 -5.7196
-4.66734 -0.684035 40.1812
-0.442374 -156.432 8.62029
-1.84269 -8.51509 5.43706
2.97826 4.40884 -11.5547
0.494708 -2.5256 0.3327
-21.3595 2.34725 -10.2244
0.381216 4.71412 -2.7895
-1.62636 4.26659 -4.457
-9.36605 -1.04052 1.96249
-3.98607 -0.38737 -32.4059
-2.12084 1.9588 1.87651
0.254086 9.46042 7.8341
-1.35781 3.10661 0.744044
3.30732 -1.61325 1.90971
-0.488341 1.49292 -4.5853
2.04912 1.07797 -0.734097
1.24334 -4.11316 3.33092
-9.2305 -0.858514 0.714324
-3.77088 -1.24492 2.2532
-2.35564 -4.21535 4.33644
-4.93087 0.364246 0.854203
2.23615 2.61944 14.7178
-4.53941 5.71076 -5.31561
-1.47886 1.65224 3.23815
-2.92579 1.73365 0.163621
2.02702 0.19373 0.235523
-1.08408 3.49041 -0.208604
5.5529 -1.66714 2.12971
15.7847 1.70734 2.88168
0.148556 6.00867 0.570537
0.992014 6.04778 -4.25636
5.69034 0.722071 1.53597
8.65991 -3.75124 4.25813
1.85039 -8.61286 0.148127
-9.70694 -1.2899 -4.84881
