-9.76774 4.13248 8.96953
6.60191 1.28218 8.71902
1.89492 -3.83911 1.78415
-2.55374 -0.489976 -0.318517
-1.94082 -4.36969 -4.84466
4.15921 3.40037 3.66748
0.761634 -3.63402 -33.3906
5.63738 -10.4679 3.74385
-0.727321 1.86247 3.70713
2.97504 -3.00535 -6.33996
-3.01915 -2.09505 8.58874
2.35868 4.21634 17.7239
-2.06664 -2.48514 -2.01676
-13.7486 -9.84859 0.0870988
0.879447 -5.86874 -4.8148
2.29749 3.59068 -4.10374
0.109983 -5.96332 -1.03961
3.88695 -2.73831 4.36652
-3.29216 -2.02954 4.37191
0.294619 -0.586631 1.3754
5.01597 0.995409 3.61183
2.61226 -5.6564 7.25914
5.6569 -2.4012 -4.49986
3.87075 0.320147 -0.705252
3.27145 -0.479976 -8.07731
-4.14553 -3.41241 -3.89748
-3.26339 -1.15078 1.59621
-0.731725 4.42954 -0.944637
2.56284 3.31714 10.6341
2.9672 -10.3983 -7.72732
6.25576 5.20801 -9.08004
-10.8663 -10.8661 -22.1006
10.4929 7.02928 7.6479
-6.4024 1.59605 -3.60876
-0.188542 -2.33708 -6.27228
-0.886929 6.83576 2.03353
1.12439 -0.296369 -0.0226674
-2.29424 2.24673 -2.07738
1.38094 0.0293534 -4.96591
-10.3296 3.13391 4.16422
-0.179148 -1.56529 6.02849
6.22311 -2.44487 1.43853
3.4895 -0.714756 -1.50581
2.81325 2.77573 -4.5195
6.31531 2.74074 -13.6281
-8.88606 247.592 1.42487
-0.853278 -1.70413 -1.74279
3.89608 -7.28807 2.77359
-0.70169 -3.04524 -0.42624
1.8567 -3.12341 -1.83181
-6.21249 1.10703 -0.141831
-4.2457 0.250201 -2.78521
0.804461 1.8762 -2.34532
0.781057 0.792615 -5.84347
-3.72783 8.90374 1.02319
0.821565 -0.284276 -0.261233
-5.81424 -0.900142 -2.59974
-2.39091 10.7618 -6.1143
2.76311 1.82381 -0.579715
1.89834 -4.50618 -0.34421
-2.64696 -1.61229 -0.600698
-2.12476 -3.5563 23.7038
9.85411 5.77712 -6.54983
4.3531 -1.11213 -0.801386
0.987409 -2.1978 -5.76886
-4.7191 -0.605268 40.0999
-0.450389 -156.419 8.62549
-1.81059 -8.60901 5.42679
2.94967 4.42017 -11.5562
0.479429 -2.49326 0.359221
-21.3427 2.40574 -10.2899
0.224171 4.7134 -2.88309
-1.82874 4.25103 -4.2347
-9.34412 -1.04749 2.01573
-3.89506 -0.438665 -32.3905
-2.26852 2.00247 1.8698
0.244555 9.48531 7.75156
-1.3471 3.16607 0.724115
3.30556 -1.52007 1.92555
0.0525224 1.34028 -4.46461
2.07695 1.07904 -0.732765
1.32362 -4.14163 3.25856
-9.49014 -0.960542 0.667661
-3.65872 -1.22884 2.23846
-2.38511 -4.23302 4.46597
-4.74767 0.365497 0.606374
2.20852 2.49013 14.6346
-4.52085 5.78178 -5.26231
-1.4844 1.64453 3.31973
-2.88365 1.70579 0.162885
1.96879 0.194571 0.234212
-1.13809 3.51805 -0.121859
5.54283 -1.76256 2.31912
15.8855 1.76765 2.8715
0.123669 5.98322 0.590764
0.840878 6.05363 -4.05998
4.6665 0.614759 1.91641
8.68777 -3.73206 4.26438
1.90726 -8.45579 0.178533
-9.71985 -1.3294 -4.88792
