-9.77534 4.14898 9.01161
6.65871 1.28111 8.80735
1.87336 -3.86302 1.79745
-2.56672 -0.398543 -0.336618
-1.87201 -4.45913 -4.92417
4.16398 3.38583 3.57491
0.769156 -3.6332 -33.3485
5.52343 -10.7203 3.71412
-0.718176 1.86465 3.64896
2.98566 -3.00809 -6.37395
-2.82171 -2.05294 8.5701
2.48189 4.26498 17.6795
-2.12004 -2.4848 -2.0561
-13.7535 -9.91022 0.0639112
0.885132 -5.86414 -4.82137
2.35103 3.58118 -4.01488
0.112029 -5.9092 -1.02509
4.41231 -2.75889 4.48892
-3.16433 -2.12617 4.42524
0.284682 -0.575947 1.36605
5.01866 0.987225 3.612
2.61916 -5.64917 7.25571
5.63219 -2.2929 -4.58195
3.8186 0.361671 -0.699561
3.36002 -0.421019 -8.06755
-4.12803 -3.39764 -3.94967
-3.35656 -1.16085 1.55613
-0.742839 4.64608 -1.01821
2.5053 3.29304 10.6404
2.92205 -10.4618 -7.76506
6.17867 5.20074 -9.06249
-10.7947 -10.9138 -21.8349
10.2612 7.11296 7.60568
-6.58959 1.62238 -3.60062
-0.173598 -2.35998 -6.2643
-0.831437 6.79841 1.86449
1.17941 -0.280457 -0.0228381
-2.36873 2.22923 -2.11836
1.30758 0.0403308 -4.92304
-10.3333 3.11011 4.18973
-0.11358 -1.57327 6.01568
6.25272 -2.45011 1.47694
3.4933 -0.834658 -1.58005
2.64624 2.77619 -4.63154
6.32649 2.64923 -13.6194
-8.88941 247.6 1.44072
-0.852986 -1.68999 -1.85829
3.90093 -7.23997 2.75179
-0.637674 -3.01948 -0.400467
1.86037 -3.11764 -1.82828
-6.21105 1.10373 -0.134084
-4.21823 0.252192 -2.82023
0.760915 1.78105 -2.33182
0.716026 0.810782 -6.10313
-3.68046 8.90077 1.08437
0.797603 -0.283978 -0.202285
-5.69996 -0.898673 -2.74444
-2.42022 10.6912 -6.01755
2.95255 1.7847 -0.738553
1.97012 -4.50252 -0.312409
-2.64504 -1.61266 -0.599306
-2.1081 -3.4193 23.6966
9.77832 5.84334 -6.40199
4.19583 -1.11487 -0.761899
0.981961 -2.25511 -5.82515
-4.77054 -0.531833 40.0143
-0.459914 -156.42 8.62926
-1.77456 -8.70834 5.41576
2.92572 4.43639 -11.5584
0.465923 -2.46266 0.382235
-21.3284 2.46528 -10.3594
0.0638547 4.71274 -2.99247
-2.02448 4.27844 -4.0451
-9.31265 -1.05113 2.06773
-3.79884 -0.498776 -32.3772
-2.46368 2.04399 1.86179
0.230554 9.51478 7.66451
-1.33667 3.22638 0.703289
3.30304 -1.41909 1.94125
0.60414 1.18977 -4.36194
2.10516 1.08044 -0.731708
1.40467 -4.17229 3.18953
-9.87662 -1.10143 0.605193
-3.55103 -1.21338 2.2223
-2.41521 -4.25029 4.59561
-4.57744 0.369131 0.380431
2.18054 2.37323 14.5555
-4.50053 5.85403 -5.21335
-1.48958 1.63704 3.39829
-2.84232 1.67798 0.161032
1.91074 0.195435 0.232308
-1.18986 3.54487 -0.0554921
5.49985 -1.89437 2.37053
16.0302 1.83015 2.86173
0.0996279 5.9605 0.612405
0.697772 6.06077 -3.74193
3.68755 0.494919 2.33739
8.71914 -3.71452 4.27025
1.99993 -8.34105 0.206568
-9.73518 -1.36674 -4.93103
