-13.8252 -0.889046 -1.60488
-0.815713 -0.739175 0.545569
1.18004 -0.67273 0.127788
-1.9793 -1.66001 -0.046947
4.62932 -1.15599 0.576173
1.34433 0.163064 3.57758
0.159315 -2.97141 0.125089
0.780479 3.96392 1.53959
-1.49384 1.55335 -1.72271
0.870951 0.206926 -0.431288
-1.03323 -0.114561 0.433349
-3.6374 0.662949 2.68218
-0.095342 1.73062 -0.431955
-1.66047 -0.541694 -3.05056
6.06869 4.26367 -0.580719
0.179392 0.421736 -0.769785
-0.00734246 -0.965585 -2.60134
-3.50387 -0.128581 -0.670794
0.218576 0.121745 -0.566481
-2.80787 1.28939 0.950833
-1.88431 -0.342091 0.513592
0.285153 1.06544 -0.0767397
2.00993 -0.934176 -0.830267
0.123796 0.548728 2.33653
2.71237 -1.1652 -0.0621678
-0.49311 -1.3102 -1.61848
0.212762 3.27555 -0.0885841
-0.129304 2.41365 0.938818
4.73614 0.1989 1.51368
-2.08494 1.39507 -5.38626
-0.825967 -0.76963 -0.658675
1.73015 4.0242 -3.50125
-0.600732 5.03431 0.373027
0.716712 0.306125 -0.794209
-2.60448 0.225894 1.47641
-0.539848 0.715636 -3.94019
-0.256921 -1.58822 -0.00255305
-0.723745 0.182788 1.54147
-2.75598 -1.28147 0.583448
1.76863 -0.0695464 2.08573
-1.1577 -0.198793 -2.6375
-6.29291 -1.18135 -3.93498
-0.301223 -2.06417 1.9576
-3.24259 -0.64132 -1.32229
-2.26918 4.72252 -0.955787
-0.539747 2.14967 3.59949
-1.02037 0.724895 3.05453
5.30484 -0.310501 0.224348
1.74435 1.77566 -0.331459
0.495955 -0.415463 1.24434
0.99077 0.448901 3.53902
-1.50804 -0.0104783 -0.182769
-1.40502 0.628417 4.59661
1.69656 2.08421 -0.0305022
0.888279 0.90166 0.462689
0.413278 -0.0481574 -0.946811
-0.144606 0.845178 -0.0652932
-2.26069 3.34466 4.60508
-4.65677 -0.334692 -3.19125
-0.709955 -0.961569 -0.144908
-0.392373 -0.556943 1.06486
-1.59001 -1.48571 -2.56023
0.756993 -3.37469 -2.41187
0.847985 -0.765225 0.0282357
0.686889 -1.87876 1.87338
1.63036 -3.53501 -2.01526
0.487312 -1.4124 -1.51405
-1.04457 2.33535 2.50541
-0.78226 0.835314 -1.34856
1.49294 0.0373265 -1.14995
0.614542 -3.62238 -1.28738
3.02434 -4.36803 -0.330144
-1.5095 2.0988 -2.28168
-0.860994 -1.03102 -1.85152
0.755752 1.86508 2.22524
1.30817 0.448208 -0.0622076
0.310733 -2.948 -0.69259
-2.3124 1.15969 0.680909
0.205102 -0.776213 0.620589
-4.19369 -1.1035 4.97141
0.173239 0.812089 -0.828005
0.301076 -1.38751 0.238913
-0.479719 -1.15117 -0.460516
-0.464909 -0.0480441 -0.300454
-3.48896 -0.749447 -1.99759
0.968531 -0.193056 0.218265
1.40616 -0.183758 1.70047
-0.20615 -0.313335 -0.143189
-1.07303 3.09023 -3.15191
0.231102 0.223656 -0.00588444
-0.345244 -0.662187 0.333319
1.33913 -1.1642 2.20093
9.74147 0.647615 -0.542029
-1.22709 -1.7596 0.682523
-0.60553 0.358308 0.549393
0.855212 -0.752466 0.563482
4.61997 1.16867 2.16059
5.38084 3.20897 0.764858
2.78133 0.493103 0.438853
1.77989 -0.235061 -3.41597
