-9.78381 4.16486 9.05254
6.71655 1.27714 8.70337
1.75413 -3.78753 1.81063
-2.57593 -0.330619 -0.345855
-1.80427 -4.54788 -5.00439
4.1697 3.37115 3.48841
0.776817 -3.63328 -33.3131
5.44644 -8.74261 3.67994
-0.708576 1.86637 3.59935
2.99568 -3.01014 -6.4073
-2.62773 -2.01136 8.36901
2.60231 4.31237 17.6432
-2.17663 -2.49274 -2.09789
-13.7594 -9.97971 0.0409378
0.892676 -5.8639 -4.83136
2.40644 3.57116 -3.92734
0.114492 -5.85742 -1.01076
5.0469 -2.78273 4.61841
-3.08197 -4.69187 4.48101
0.275902 -0.566357 1.35714
5.02245 0.977395 3.61264
2.62575 -5.64258 7.25308
5.6082 -2.19689 -4.54798
3.77041 0.398036 -0.693668
3.4608 -0.36499 -8.05804
-4.1114 -3.38288 -3.99301
-3.44294 -1.16578 1.50001
-0.753248 4.8649 -1.13885
2.44729 3.26731 10.6472
2.87598 -10.5304 -7.80369
6.10365 5.19386 -9.04348
-11.257 -9.1017 -22.5687
10.0417 7.19586 7.56723
-6.78891 1.64498 -3.59268
-0.158147 -2.38432 -6.25561
-0.777249 6.76226 1.70678
1.24087 -0.265658 -0.0228637
-2.44519 2.2112 -2.1542
1.23732 0.0493609 -4.88424
-10.3354 3.08343 4.21664
-0.0482635 -1.58228 6.00484
6.28414 -2.45682 1.52026
3.4974 -0.952439 -1.66148
2.48509 2.77658 -4.73736
6.33752 2.549 -13.6122
-8.89156 247.574 1.44912
-0.855389 -1.67879 -1.97382
3.90469 -7.19615 2.73374
-0.570892 -2.99752 -0.372758
1.86384 -3.11232 -1.82446
-6.21008 1.10224 -0.125709
-4.19205 0.254009 -2.84449
0.719921 1.67786 -2.31872
0.655784 0.825403 -5.91927
-3.63431 8.89734 1.15961
0.774597 -0.284178 -0.122746
-5.58898 -0.897903 -2.89047
-2.48043 10.62 -5.94267
3.14681 1.74682 -0.900096
2.04467 -4.50043 -0.277033
-2.64302 -1.61274 -0.598441
-2.09104 -3.28838 23.6909
9.71147 5.90989 -6.29018
4.0501 -1.11906 -0.722886
0.977093 -2.31763 -5.88711
-4.82198 -0.464291 39.9526
-0.470068 -156.425 8.63588
-1.73437 -8.81482 5.40502
2.90458 4.44963 -11.5598
0.454176 -2.43496 0.402983
-21.3161 2.52584 -10.4284
-0.100904 4.71206 -3.09672
-2.25075 4.31746 -3.91349
-9.26655 -1.05416 2.1299
-3.69505 -0.567712 -32.3636
-2.74413 2.08125 1.85263
0.212692 9.54839 7.57945
-1.32671 3.28559 0.683744
3.3 -1.33701 1.95527
1.2005 1.03979 -4.26996
2.13386 1.08204 -0.730283
1.48688 -4.2057 3.12639
-10.4322 -1.25245 0.583604
-3.44722 -1.19896 2.2076
-2.44599 -4.26745 4.57994
-4.41531 0.375681 0.241809
2.15255 2.26866 14.4671
-4.47823 5.9271 -5.16411
-1.49419 1.62951 3.47947
-2.80183 1.64985 0.158515
1.85295 0.196134 0.230859
-1.23948 3.57031 0.00197377
5.83689 -3.34673 3.12859
16.2514 1.8959 2.85467
0.0758511 5.9405 0.63466
0.561378 6.0696 -3.59408
2.74272 0.369308 2.7689
8.75466 -3.6993 4.27737
2.12753 -8.26733 0.2352
-9.75267 -1.40511 -4.97476
