-9.8076 4.18816 9.13714
6.8399 1.25789 8.53015
1.51669 -3.64299 1.83916
-2.59211 -0.220943 -0.37285
-1.67652 -4.71806 -5.15538
4.18208 3.34106 3.32671
0.791264 -3.63685 -33.2619
5.46981 -1.54363 3.53729
-0.690204 1.86779 3.51006
3.01236 -3.0142 -6.47329
-2.26239 -1.92776 7.99775
2.82752 4.40313 17.5817
-2.29479 -2.53162 -2.17423
-13.7737 -10.1489 0.0127284
0.908226 -5.8741 -4.8501
2.51798 3.55191 -3.7443
0.118996 -5.75738 -0.985454
6.70953 -2.83374 5.49043
-3.1327 -13.2063 4.66796
0.259406 -0.552434 1.3375
5.02741 0.953737 3.61343
2.63906 -5.63397 7.24707
5.55928 -2.03051 -4.25152
3.62297 0.469183 -0.68096
3.64817 -0.249749 -8.04272
-4.08233 -3.3533 -4.08076
-3.60369 -1.16646 1.38436
-0.775551 5.31182 -1.6372
2.32893 3.21706 10.6633
2.78306 -10.6854 -7.88307
5.9576 5.18118 -9.00603
-11.8543 -7.4837 -23.4467
9.57646 7.35333 7.51333
-6.64904 1.69122 -3.57811
-0.131288 -2.4362 -6.23746
-0.666919 6.69465 1.43775
1.31344 -0.235408 -0.0231378
-2.5999 2.17415 -2.2089
1.07723 0.0661429 -4.81264
-10.3426 3.02567 4.26608
0.0769948 -1.6033 5.98661
6.34185 -2.47403 1.60955
3.50545 -1.18056 -1.42858
2.18361 2.77682 -4.92952
6.3502 2.32784 -13.6063
-8.91388 247.591 1.45894
-0.867984 -1.66205 -2.1826
3.91535 -7.1241 2.69624
-0.456543 -2.95549 -0.317816
1.87031 -3.10502 -1.81601
-6.2132 1.09725 -0.109045
-4.14425 0.257136 -2.89158
0.62283 1.44602 -2.30418
0.540542 0.845224 -5.58067
-3.548 8.88995 1.3213
0.729719 -0.285962 0.07186
-5.3464 -0.897219 -3.1635
-2.62232 10.556 -5.90016
3.31605 1.67708 -1.16686
2.18149 -4.49777 -0.206183
-2.639 -1.61661 -0.599511
-2.05041 -3.07558 23.6845
9.58683 6.04671 -6.12271
3.75298 -1.12747 -0.588801
0.966621 -2.46353 -6.16864
-4.92197 -0.336428 39.8566
-0.493403 -156.504 8.65845
-1.65121 -9.04804 5.38481
2.84573 4.47526 -11.5628
0.425529 -2.38043 0.440008
-21.2973 2.65438 -10.5861
-0.451962 4.71077 -3.29625
-3.30426 4.34529 -2.09936
-9.16752 -1.09463 2.2976
-3.49913 -0.707038 -32.3344
-3.39067 2.13776 1.82565
0.165474 9.62425 7.41902
-1.30922 3.40061 0.644194
3.29237 -1.22985 1.98536
2.41527 0.751146 -3.97475
2.18818 1.08559 -0.727583
1.66653 -4.28051 3.02179
-10.8713 -1.49346 1.6958
-3.26445 -1.17243 2.17853
-2.51058 -4.3013 4.27699
-4.10962 0.400135 -0.0298457
2.09562 2.09115 14.2904
-4.43456 6.08104 -5.07151
-1.50292 1.61412 3.64111
-2.73017 1.59579 0.150758
1.72497 0.196422 0.228363
-1.34414 3.62223 0.106363
6.2821 -4.87103 4.10689
16.847 2.04922 2.85595
0.0296594 5.91133 0.677037
0.305772 6.09376 -3.32087
0.212077 0.129331 -2.79398
8.81214 -3.67269 4.29171
2.36875 -8.13149 0.294683
-9.7914 -1.48203 -5.05477
