-9.82059 4.1969 9.18024
6.91889 1.24482 8.46492
1.39783 -3.57291 1.85361
-2.59834 -0.168878 -0.390717
-1.61741 -4.79801 -5.22835
4.18918 3.32649 3.25042
0.798251 -3.64028 -33.2435
5.63477 -1.58244 3.37639
-0.681272 1.86833 3.46849
3.01904 -3.01534 -6.50629
-2.09323 -1.88544 7.82963
2.93102 4.44681 17.5539
-2.35322 -2.55908 -2.20678
-13.7871 -10.2487 -0.00824839
0.9157 -5.882 -4.86042
2.57104 3.54302 -3.64933
0.121412 -5.7078 -0.973665
7.63006 -2.86058 4.90235
-3.33806 -12.9367 4.86172
0.251556 -0.547011 1.32645
5.02895 0.940769 3.61412
2.64412 -5.63146 7.24437
5.53432 -1.90877 -4.14743
3.54156 0.503407 -0.675343
3.73467 -0.189458 -8.0367
-4.06964 -3.33823 -4.12563
-3.67912 -1.16281 1.32243
-0.787738 5.32137 -1.70613
2.27398 3.19178 10.6728
2.73905 -10.769 -7.92924
5.88741 5.17438 -8.98948
-11.8647 -7.63484 -23.3825
9.25152 7.42127 7.44385
-6.49474 1.71502 -3.57191
-0.11912 -2.46402 -6.22799
-0.603535 6.66338 1.3233
1.33841 -0.219983 -0.0233909
-2.67132 2.15662 -2.23546
0.992599 0.0742097 -4.77966
-10.3491 2.99448 4.28852
0.138741 -1.61501 5.97857
6.3703 -2.48457 1.65546
3.50992 -1.26277 -1.27377
2.0505 2.77751 -5.02797
6.35186 2.21402 -13.6085
-8.92699 247.563 1.46574
-0.876997 -1.65482 -2.28122
3.92187 -7.09395 2.67726
-0.403107 -2.93517 -0.290599
1.87296 -3.10281 -1.81225
-6.21579 1.09437 -0.10163
-4.12205 0.258693 -2.91538
0.571413 1.32231 -2.29439
0.483763 0.851907 -5.42576
-3.50731 8.88607 1.40607
0.708118 -0.287319 0.163231
-5.1887 -0.89678 -3.29519
-2.64306 10.5584 -5.88131
3.06428 1.64605 -1.29429
2.24954 -4.49712 -0.170904
-2.63704 -1.61935 -0.599942
-2.02503 -3.0106 23.6862
9.52528 6.12147 -6.05144
3.57738 -1.13161 -0.518694
0.96105 -2.51954 -6.37219
-4.93936 -0.267944 39.8443
-0.508796 -156.54 8.66807
-1.60474 -9.17604 5.37758
2.81363 4.48609 -11.5669
0.409566 -2.35283 0.458296
-21.29 2.72783 -10.6787
-0.641902 4.71094 -3.397
-4.36723 4.34798 -1.39147
-9.14329 -1.12911 2.3786
-3.40149 -0.782947 -32.3202
-3.01306 2.16111 1.80846
0.138951 9.66714 7.34321
-1.30107 3.45856 0.623855
3.2892 -1.20575 2.00099
2.76131 0.609748 -3.79629
2.21499 1.08763 -0.726673
1.77922 -4.3215 2.97564
-9.42819 -1.58909 2.53369
-3.18465 -1.15988 2.16341
-2.54261 -4.31704 4.13602
-3.97055 0.416366 -0.172505
2.06839 2.02422 14.2071
-4.41276 6.16251 -5.02765
-1.50703 1.60702 3.72078
-2.69882 1.57091 0.145487
1.65832 0.196179 0.226865
-1.39864 3.65013 0.154953
6.30084 -4.97035 4.21107
16.5697 2.13431 2.86382
0.00737467 5.90109 0.694943
0.187654 6.10925 -3.19599
-2.18738 0.00977835 -3.63338
8.83972 -3.66079 4.29845
2.48403 -8.06818 0.324695
-9.81128 -1.51675 -5.09537
