-9.83249 4.20528 9.2279
7.02086 1.23412 8.40847
1.2829 -3.50418 1.86734
-2.60548 -0.122452 -0.402434
-1.56058 -4.8728 -5.30043
4.19712 3.31428 3.17678
0.805653 -3.64427 -33.2285
5.79043 -1.49588 3.26806
-0.672029 1.86983 3.42806
3.02501 -3.01491 -6.54001
-1.93223 -1.8418 7.67357
3.03685 4.49083 17.5264
-2.4115 -2.58929 -2.23592
-13.8016 -10.3488 -0.0292283
0.923415 -5.8913 -4.87408
2.62563 3.53523 -3.55325
0.124211 -5.6567 -0.962392
9.18425 -2.89123 2.67539
-3.53656 -12.8355 4.98607
0.243945 -0.540955 1.31364
5.03079 0.928787 3.61516
2.64916 -5.62838 7.24135
5.51091 -1.73928 -4.09077
3.46774 0.535805 -0.670632
3.85836 -0.126218 -8.03075
-4.05749 -3.32199 -4.17153
-3.75222 -1.15614 1.25834
-0.799918 5.10845 -1.55397
2.22441 3.16679 10.6828
2.69824 -10.8517 -7.97997
5.81878 5.16777 -8.97402
-11.8695 -7.79346 -23.3204
8.97334 7.50658 7.32433
-6.33938 1.74003 -3.56684
-0.106851 -2.48998 -6.21845
-0.542842 6.63511 1.22004
1.36394 -0.203848 -0.0236578
-2.74459 2.1407 -2.26321
0.907181 0.0829242 -4.74782
-10.3555 2.96481 4.31056
0.200817 -1.62661 5.97113
6.4005 -2.49585 1.70267
3.51522 -1.31576 -1.14642
1.92105 2.77922 -5.12957
6.35147 2.11408 -13.6154
-8.93051 247.519 1.47088
-0.887329 -1.64735 -2.37752
3.92786 -7.05905 2.6593
-0.348896 -2.91483 -0.263607
1.87609 -3.10012 -1.8086
-6.21787 1.09169 -0.0938162
-4.10052 0.260772 -2.93979
0.527959 1.19651 -2.28127
0.427099 0.857806 -5.27931
-3.46767 8.88235 1.49358
0.687074 -0.288664 0.251697
-5.04197 -0.895494 -3.42579
-2.6398 10.5597 -5.84268
2.8247 1.61844 -1.42284
2.32056 -4.49635 -0.135669
-2.63456 -1.62156 -0.601384
-1.99887 -2.94772 23.6917
9.46669 6.20283 -5.98965
3.41839 -1.1355 -0.45593
0.9559 -2.54968 -6.61767
-4.98243 -0.208327 39.8634
-0.521435 -156.524 8.67293
-1.55205 -9.30459 5.37473
2.78398 4.49915 -11.5733
0.394166 -2.32523 0.475213
-21.2831 2.81419 -10.7832
-0.846654 4.71248 -3.4995
-5.24275 4.35557 -1.01098
-9.13071 -1.15971 2.44729
-3.29645 -0.86409 -32.3098
-2.44209 2.19223 1.79352
0.112651 9.71491 7.26991
-1.29297 3.46171 0.603268
3.28465 -1.18652 2.01485
3.12987 0.47243 -3.61634
2.24266 1.0903 -0.726202
1.89251 -4.36201 2.93166
-8.29526 -1.67492 3.51721
-3.1041 -1.14641 2.14754
-2.57481 -4.33138 3.9988
-3.84548 0.431928 -0.317504
2.04282 1.97276 14.1215
-4.38988 6.2482 -4.9855
-1.51077 1.60137 3.80014
-2.66972 1.54982 0.141168
1.59186 0.196293 0.225012
-1.45333 3.68013 0.201032
6.31521 -5.06866 4.30739
16.0394 2.21659 2.87262
-0.015167 5.89254 0.709563
0.0768848 6.12699 -3.079
-5.83426 -0.107744 -0.644753
8.8711 -3.64828 4.30472
2.59982 -8.00711 0.354265
-9.83125 -1.5483 -5.13871
