-9.85872 4.22646 9.33368
7.3055 1.22314 8.29826
1.05923 -3.3724 1.89491
-2.61543 -0.0258251 -0.427159
-1.45384 -4.75058 -5.44816
4.21405 3.29008 3.04542
0.821408 -3.65459 -33.2053
5.89531 -1.28102 3.20457
-0.653641 1.8721 3.35416
3.03459 -3.01307 -6.60677
-1.63589 -1.76362 7.39853
3.24043 4.56898 17.4702
-2.5287 -2.65776 -2.28251
-13.8338 -10.5693 -0.0577424
0.935984 -5.91513 -4.90226
2.74086 3.51752 -3.36747
0.130928 -5.56393 -0.938282
20.7575 -3.01278 -9.74281
-3.69085 -12.7218 5.04001
0.228217 -0.528821 1.28332
5.03295 0.90505 3.61739
2.6598 -5.62366 7.23475
5.46866 -1.39343 -3.98906
3.33577 0.598967 -0.657779
4.06432 0.00100083 -8.0167
-4.03521 -3.29094 -4.26592
-3.89654 -1.14113 1.12908
-0.826963 4.65255 -1.26406
2.13418 3.11606 10.7035
2.62318 -11.0317 -8.07878
5.68165 5.15206 -8.94777
-11.8803 -7.97882 -23.2066
8.63003 7.71885 7.17252
-6.03399 1.7922 -3.55934
-0.0850571 -2.54201 -6.19949
-0.428918 6.57143 1.029
1.41041 -0.171066 -0.02299
-2.89841 2.10834 -2.31968
0.73466 0.101275 -4.6876
-10.3671 2.90238 4.35485
0.323965 -1.65163 5.95897
6.4642 -2.52537 1.80283
3.52738 -1.43471 -0.925512
1.6696 2.77861 -5.33827
6.34951 1.94597 -13.6436
-8.95492 247.536 1.47341
-0.91213 -1.63429 -2.56372
3.94228 -6.98651 2.62495
-0.240551 -2.87673 -0.209209
1.88337 -3.0946 -1.80026
-6.2152 1.08644 -0.0756543
-4.05954 0.264418 -2.99015
0.449598 0.94353 -2.2571
0.311563 0.86485 -5.00595
-3.39137 8.87408 1.68001
0.6461 -0.292682 0.424139
-4.77192 -0.899526 -3.70423
-2.61346 10.5408 -5.72272
2.37293 1.55888 -1.68455
2.46914 -4.49705 -0.0643019
-2.62843 -1.62865 -0.606498
-1.95138 -2.82906 23.7147
9.35581 6.36677 -5.87738
3.14029 -1.15199 -0.33735
0.947091 -2.61791 -6.98327
-5.26722 -0.126607 39.864
-0.547833 -156.527 8.68492
-1.44996 -9.57273 5.38571
2.72285 4.53022 -11.5859
0.364308 -2.27198 0.505766
-21.2712 3.01033 -11.0326
-1.32706 4.7161 -3.71011
-6.70523 4.36119 -0.261608
-9.11653 -1.21212 2.56626
-3.09358 -1.03853 -32.3143
-1.66528 2.28354 1.77406
0.0602454 9.8115 7.13336
-1.27873 3.35495 0.561826
3.2749 -1.15831 2.04316
3.93576 0.19122 -3.3376
2.29964 1.09611 -0.726398
2.11594 -4.46162 2.84427
-6.51133 -1.85405 5.0516
-2.95103 -1.12117 2.11426
-2.64054 -4.36262 3.73761
-3.62993 0.453154 -0.597837
1.99439 1.87422 13.9658
-4.34241 6.41759 -4.90439
-1.51762 1.58829 3.87234
-2.61607 1.5107 0.143746
1.4575 0.19653 0.220884
-1.56447 3.74005 0.290485
6.34221 -5.28725 4.50018
15.4266 2.37222 2.8906
-0.060056 5.87585 0.73071
-0.123996 6.16405 -2.86634
-31.2787 -0.27777 23.302
8.94362 -3.62396 4.31632
2.83107 -7.8964 0.413796
-9.87267 -1.61257 -5.2236
