-9.89263 4.24053 9.44555
7.72134 1.22144 8.18829
0.837214 -3.24251 1.9223
-2.62266 0.0834986 -0.451951
-1.36525 -4.53814 -5.59899
4.22985 3.26463 2.94498
0.837471 -3.66525 -33.1874
5.93141 -1.09636 3.17944
-0.637614 1.87456 3.29504
3.04043 -3.01001 -6.66793
-1.3717 -1.69029 7.16759
3.42982 4.64784 17.4014
-2.65348 -2.72515 -2.31947
-13.886 -10.8367 -0.0980081
0.945125 -5.94114 -4.93315
2.83099 3.5001 -3.18146
0.14027 -5.50704 -0.909013
19.6966 -3.12343 -9.13867
-3.76405 -12.5833 5.03337
0.210928 -0.514375 1.25169
5.03374 0.881075 3.62076
2.66701 -5.62092 7.22926
5.43231 -1.05232 -3.90795
3.21628 0.663964 -0.64491
4.22533 0.138902 -8.00371
-4.01662 -3.26233 -4.36329
-4.04588 -1.12337 1.00345
-0.861907 4.17372 -1.11147
2.04517 3.0689 10.7249
2.56094 -11.2659 -8.15536
5.55057 5.14229 -8.92509
-11.8968 -7.68343 -23.1165
8.33008 8.00277 7.07323
-5.72255 1.85052 -3.56089
-0.066216 -2.60009 -6.18147
-0.345369 6.51718 0.866876
1.4484 -0.138127 -0.0186372
-3.06958 2.08035 -2.37926
0.560687 0.116667 -4.63578
-10.373 2.8426 4.40576
0.443872 -1.67697 5.95152
6.52857 -2.56573 1.91146
3.54041 -1.58878 -0.817924
1.41353 2.7764 -5.55539
6.36018 1.798 -13.6819
-8.972 247.476 1.47343
-0.942769 -1.62248 -2.74317
3.95586 -6.92034 2.59306
-0.133759 -2.84087 -0.154398
1.88868 -3.09006 -1.79097
-6.22129 1.08438 -0.0587017
-4.02203 0.267803 -3.04163
0.364393 0.680522 -2.23227
0.191447 0.869416 -4.75479
-3.3214 8.86543 1.89024
0.60422 -0.297643 0.593476
-4.56713 -0.904962 -4.00053
-2.58828 10.504 -5.55391
1.91301 1.50168 -1.94102
2.62273 -4.50108 0.00753583
-2.62311 -1.6374 -0.6091
-1.91895 -2.72447 23.7408
9.24832 6.54198 -5.78496
2.67568 -1.17958 -0.24338
0.940928 -2.70873 -6.86626
-5.61172 0.00845846 39.8741
-0.572208 -156.584 8.70349
-1.36411 -9.85649 5.40771
2.66452 4.56604 -11.6008
0.33392 -2.22371 0.534315
-21.2616 3.21971 -11.3543
-1.97305 4.72361 -3.93219
-6.24385 4.33693 0.122255
-9.10812 -1.26371 2.68491
-2.91853 -1.20353 -32.3386
-1.13652 2.43922 1.76437
0.00881964 9.9068 7.01105
-1.26737 3.25262 0.519174
3.28005 -1.14104 2.07042
4.53894 -0.0768022 -3.14834
2.3578 1.10256 -0.727801
2.3229 -4.56928 2.75741
-5.87147 -2.02757 5.92766
-2.81167 -1.09309 2.0796
-2.71689 -4.39619 3.48787
-3.43789 0.466375 -0.870334
1.94159 1.79782 13.7957
-4.29609 6.57069 -4.82711
-1.52484 1.57139 3.682
-2.55574 1.46664 0.15216
1.32328 0.197863 0.216788
-1.68054 3.80133 0.37661
6.36884 -5.40644 4.68424
15.1193 2.36266 2.89416
-0.108269 5.8626 0.743162
-0.301737 6.20213 -2.67951
-29.88 -0.489796 20.8862
9.03066 -3.6006 4.32567
3.06226 -7.79578 0.47368
-9.92333 -1.67415 -5.3156
