-13.5836 -1.11982 -2.04977
-0.848272 -0.653414 0.556527
1.04065 -0.689286 0.128962
-1.91301 -1.59865 -0.0450708
4.35371 -1.18927 0.769014
1.37228 0.169355 3.54727
0.161032 -3.0213 0.126063
0.796803 4.07794 1.57466
-1.41085 1.58837 -1.76783
0.88332 0.155865 -0.441889
-0.892294 -0.0997559 0.447489
-3.47548 0.676124 2.7506
-0.101117 1.76743 -0.439752
-1.69594 -0.555608 -3.13397
6.70205 4.39236 -0.482023
0.181734 0.428386 -0.78473
-0.00810946 -0.978454 -2.49907
-3.49824 -0.13185 -0.687999
-0.072228 0.122485 -0.574492
-2.76995 1.30971 0.965691
-1.95093 -0.283505 0.523649
0.289007 1.08686 -0.0728502
2.05024 -0.957317 -0.844949
0.122545 0.563859 2.38617
2.76895 -1.19533 -0.0639091
-0.50077 -1.33068 -1.7029
0.215886 3.41787 -0.2899
-0.133481 2.3586 0.965521
4.57392 0.219597 1.55357
-2.17031 1.47901 -5.26489
-0.858311 -0.672171 -0.675099
1.77946 3.92271 -3.59104
-0.618461 4.99289 0.382821
0.732203 0.308662 -0.809958
-2.65924 0.220885 1.51251
-0.649411 0.730825 -4.0982
-0.262428 -1.62423 -0.00365961
-0.724594 0.208847 1.45073
-2.84592 -1.31977 0.598336
1.80292 -0.0602257 2.1435
-1.17759 -0.220915 -2.72104
-5.51915 -1.20134 -3.73667
-0.308509 -2.09955 2.02104
-3.36322 -0.530624 -1.36728
-2.3791 4.78058 -0.958454
-0.551844 2.21667 3.71811
-1.02666 0.710945 3.09911
5.52644 -0.318691 0.231033
1.77257 1.80859 -0.336976
0.506073 -0.420929 1.26919
1.0117 0.376011 3.43159
-1.53515 -0.0102603 -0.184743
-1.42392 0.642827 4.70335
1.72164 2.13933 -0.0227908
0.906098 0.927093 0.528243
0.414696 -0.0502699 -0.888377
-0.147403 0.86195 -0.0640568
-3.19106 3.40282 4.75275
-4.8443 -0.348006 -3.6297
-0.724286 -0.980753 -0.147185
-0.400216 -0.563173 1.08541
-1.63639 -1.50104 -2.63798
0.898137 -3.48624 0.783803
0.86237 -0.777891 0.0275728
0.700225 -1.92305 1.92387
1.68062 -3.42132 -1.90871
0.493436 -1.43006 -1.55023
-1.06761 2.23406 2.34268
-0.807727 0.850921 -1.38552
1.52265 0.0376088 -1.17287
0.744896 -3.80922 -1.50526
3.09335 -4.50244 -0.342367
-1.5508 2.14375 -2.36278
-0.879261 -1.05514 -1.89396
0.767733 1.90609 2.27637
1.32805 0.456841 -0.0621033
0.312848 -3.0016 -0.712165
-2.4015 1.17725 0.683329
0.207805 -0.788932 0.633014
-4.36409 -1.1376 5.37375
0.175179 0.831146 -0.8445
0.303795 -1.41344 0.240856
-0.488934 -1.17453 -0.471754
-0.474139 -0.0493538 -0.309227
-3.36778 -0.765413 -2.04768
0.98513 -0.194281 0.224171
1.52594 -0.185387 1.55958
-0.210167 -0.316749 -0.142378
-1.25246 3.03487 -7.2178
0.223444 0.227656 -0.00770903
-0.285208 -0.683174 0.341044
1.23454 -1.20083 2.1132
9.81025 0.840372 -0.275265
-1.16955 -1.82122 0.696917
-0.615637 0.365743 0.561882
0.870235 -0.768375 0.576397
4.50695 1.19871 2.48388
5.31678 3.25467 0.794583
2.91159 0.498043 0.449896
1.80505 -0.242066 -3.52835
