-10.0255 4.27689 9.79026
9.38652 1.21983 7.74253
0.297569 -2.92367 2.00896
-2.6351 0.371186 -0.503794
-1.1719 -4.04945 -5.96351
4.26774 3.20231 2.75369
0.878223 -3.68798 -33.1705
5.98181 -0.721177 3.14223
-0.601822 1.88352 3.15488
3.04515 -2.99889 -6.83354
-0.790811 -1.51232 6.62668
3.98111 4.65973 17.3336
-2.98102 -2.87834 -2.37937
-13.9733 -9.00961 -0.166607
0.956184 -6.02123 -5.01727
3.03314 3.45942 -2.7326
0.229352 -5.40322 -0.822033
19.2009 -3.4082 -8.82519
-3.92534 -12.3494 4.98127
0.1658 -0.462685 1.1559
5.02774 0.813597 3.64383
2.68117 -5.62248 7.21086
5.37016 -0.275278 -3.7282
2.93981 0.869051 -0.635166
4.29656 0.634142 -8.19352
-3.98054 -3.19855 -4.6752
-4.51412 -1.0708 0.654424
-0.965571 3.03734 -0.724042
1.83535 2.96106 10.7804
2.42876 -12.0078 -8.63545
5.2428 5.11224 -8.88473
-11.9783 -7.1188 -22.9572
7.56807 6.02225 6.82306
-4.89185 2.06222 -3.71712
-0.0319602 -2.79841 -6.14546
-0.151187 6.45194 0.552568
1.50573 -0.073899 0.0509639
-3.54695 2.0285 -2.55365
0.095497 0.152159 -4.54123
-10.3939 2.68946 4.53812
0.739459 -1.74005 5.94796
6.71699 -2.7181 2.17631
3.58089 -2.05156 -0.577524
0.776862 2.76242 -6.19225
6.42394 1.45594 -13.763
-9.03128 247.447 1.46742
-1.03999 -1.59439 -3.21937
3.99161 -6.7783 2.51566
0.136862 -2.75506 -0.0280152
1.90458 -3.07974 -1.76316
-6.23362 1.07114 -0.020893
-3.93554 0.276806 -3.23725
0.179713 0.0971595 -2.16367
-0.129634 0.883937 -4.23817
-3.16067 8.84857 2.21753
0.502784 -0.315773 1.01732
-4.20754 -0.955024 -4.80673
-2.53976 10.4047 -5.08689
1.00646 1.35736 -2.50835
3.0352 -4.52473 0.146886
-2.61054 -1.6711 -0.623995
-1.98272 -2.46669 23.8137
9.01096 7.13223 -5.6132
1.7114 -1.27873 -0.00562485
0.950052 -3.04027 -6.63938
-6.10604 0.388772 39.9061
-0.644074 -156.582 8.74233
-1.19617 -10.1783 5.45218
2.51906 4.72496 -11.6655
0.256551 -2.11005 0.604539
-21.2473 3.82284 -11.1087
-4.39665 4.77515 -4.87296
-5.05424 4.21449 0.920551
-9.09362 -1.40431 2.69
-2.56573 -1.7694 -32.4057
-0.451483 3.11832 1.843
-0.107714 10.1659 6.6898
-1.25262 3.00219 0.423767
3.37056 -1.05786 2.11809
5.81117 -0.71769 -2.71077
2.51413 1.11811 -0.739198
2.88665 -4.58413 2.53162
-5.36108 -2.44675 6.35102
-2.50363 -1.00186 1.98742
-2.92224 -4.49096 2.89293
-2.96993 0.490524 -0.171273
1.82932 1.66751 13.5735
-4.18719 6.80772 -4.62769
-1.54006 1.52143 3.27993
-2.40345 1.34681 0.169116
0.982254 0.208013 0.200861
-1.99665 3.97468 0.57983
6.43348 -4.83477 4.5917
14.7376 1.53856 2.91335
-0.231845 5.82857 0.754504
-0.683018 6.29689 -2.32654
-29.5394 -0.981643 20.1116
9.36211 -3.53942 4.32207
3.70514 -7.57796 0.62527
-10.0963 -1.82489 -5.56896
