-10.0617 4.28805 9.87268
9.68252 1.22088 7.69041
0.181353 -2.85318 2.05478
-2.63635 0.426633 -0.512117
-1.13342 -3.9608 -6.02159
4.27578 3.19151 2.72599
0.884751 -3.69325 -33.171
5.99099 -0.652453 3.13881
-0.595107 1.88623 3.13133
3.0448 -2.99608 -6.86686
-0.681555 -1.47841 6.53797
4.06346 4.67731 17.3706
-3.04833 -2.91137 -2.38607
-13.9742 -0.85025 -0.165723
0.956668 -6.04058 -5.03379
3.07547 3.45293 -2.64024
0.24514 -5.36324 -0.813781
19.1586 -3.48725 -8.77871
-3.9426 -12.3269 4.97964
0.156952 -0.450377 1.13678
5.02836 0.800897 3.65099
2.68308 -5.62462 7.20739
5.35848 -0.133063 -3.69028
2.88456 0.911775 -0.631102
4.3665 0.703068 -8.24052
-3.97483 -3.18634 -4.7425
-4.6499 -1.06052 0.585417
-0.985343 2.81523 -0.634704
1.79129 2.94074 10.7933
2.39714 -12.1505 -8.75769
5.18555 5.10577 -8.87749
-11.9998 -7.0006 -22.9333
7.38392 -2.71236 6.75862
-4.75361 2.11683 -3.78437
-0.0262137 -2.84936 -6.13888
-0.107151 6.44468 0.503786
1.51916 -0.0697581 0.0813385
-3.65005 2.01927 -2.58909
-5.47663e-05 0.157971 -4.52494
-10.3834 2.66625 4.57375
0.797417 -1.75299 5.95153
6.76224 -2.75668 2.23915
3.58948 -2.03808 -0.520983
0.650436 2.7572 -6.33259
6.4413 1.38724 -13.7726
-9.05667 247.478 1.46599
-1.06277 -1.58893 -3.31918
3.99876 -6.75476 2.50328
0.191062 -2.73852 -0.00250544
1.90788 -3.07735 -1.75565
-6.23868 1.06879 -0.0117033
-3.9191 0.278751 -3.2794
0.147223 -0.0235209 -2.15293
-0.198014 0.887271 -4.14139
-3.13001 8.84814 2.28131
0.483242 -0.319824 1.10885
-4.15408 -0.970889 -4.96529
-2.53135 10.3901 -4.99334
0.84326 1.32806 -2.60454
3.12014 -4.53045 0.169862
-2.60884 -1.68017 -0.626826
-1.99587 -2.38743 23.8597
8.9697 7.30058 -5.58344
1.55772 -1.30354 0.0537168
0.955514 -3.15956 -6.59557
-6.18253 0.431217 39.889
-0.664147 -156.615 8.74928
-1.16597 -10.0589 5.46071
2.49081 4.76141 -11.6795
0.242038 -2.08924 0.61753
-21.245 3.9283 -11.036
-4.80313 4.78762 -5.08809
-4.89578 4.18647 1.12543
-9.09077 -1.43078 2.63992
-2.48949 -1.85895 -32.4799
-0.369891 3.23841 1.82646
-0.126844 10.2199 6.62445
-1.25187 2.95103 0.410202
3.38568 -1.03199 2.12426
6.07528 -0.848974 -2.59775
2.54736 1.12026 -0.741449
3.00417 -4.62082 2.54788
-5.28496 -2.5316 6.20617
-2.44647 -0.984143 1.9711
-2.96629 -4.51228 2.78208
-2.87176 0.493815 -0.0172831
1.81393 1.61812 13.5491
-4.16746 6.64609 -4.58508
-1.54225 1.51135 3.21654
-2.37483 1.32041 0.17424
0.913271 0.210099 0.197968
-2.06518 4.01303 0.623498
6.44655 -4.73115 4.48946
14.6909 1.37796 2.92288
-0.255243 5.82012 0.755507
-0.753945 6.31533 -2.26255
-29.5233 -1.05037 20.0682
9.45324 -3.52751 4.32199
3.86149 -7.54027 0.658676
-10.1421 -1.8613 -5.6225
