-10.1023 4.30097 9.96074
9.72786 1.22318 7.64356
-0.128131 -2.60746 2.04595
-2.6369 0.486807 -0.520622
-1.09137 -3.87424 -6.08145
4.28497 3.18054 2.69843
0.891598 -3.69878 -33.1722
6.00082 -0.583661 3.13638
-0.588214 1.88907 3.10843
3.04419 -2.99355 -6.90059
-0.574281 -1.44598 6.45419
4.14851 4.71584 17.4007
-3.11579 -2.94588 -2.3926
-14.1753 10.8587 -0.222781
0.957247 -6.06253 -5.05133
3.12212 3.44667 -2.54994
0.256215 -5.32697 -0.80394
19.1268 -3.55738 -8.73674
-3.95327 -12.3082 4.98095
0.148371 -0.437926 1.11832
5.02981 0.788484 3.65814
2.68456 -5.62776 7.2038
5.34779 0.056773 -3.65038
2.82931 0.955879 -0.627828
4.44606 0.772427 -8.27813
-3.96966 -3.1752 -4.81202
-4.77598 -1.0512 0.516127
-1.0023 2.60291 -0.541419
1.75001 2.9211 10.8072
2.36673 -12.1345 -8.8871
5.13269 5.10135 -8.87123
-12.0188 -6.87661 -22.9181
7.40289 -15.3239 6.75559
-4.6353 2.1743 -3.85538
-0.0199905 -2.89919 -6.13268
-0.0602307 6.43817 0.454848
1.53902 -0.0671321 0.11332
-3.75059 2.00993 -2.6257
-0.0977328 0.163618 -4.5101
-10.3934 2.6408 4.60213
0.855014 -1.76602 5.95601
6.81005 -2.79812 2.30601
3.59811 -1.9307 -0.463839
0.528578 2.75057 -6.47949
6.4617 1.32098 -13.7799
-9.07634 247.464 1.44655
-1.08808 -1.58388 -3.42168
4.00573 -6.73315 2.49139
0.245082 -2.72257 0.0222486
1.91113 -3.07485 -1.74763
-6.24454 1.06596 -0.00312795
-3.9028 0.28043 -3.32258
0.109799 -0.146977 -2.11157
-0.276279 0.890191 -4.04608
-3.1022 8.84899 2.34671
0.463755 -0.32443 1.20355
-4.10271 -0.987676 -5.13031
-2.52298 10.3752 -4.90579
0.685827 1.29782 -2.70128
3.20436 -4.53609 0.189862
-2.60767 -1.69002 -0.62926
-1.99848 -2.31643 23.907
8.93395 7.25591 -5.55497
1.4377 -1.32901 0.113976
0.962873 -3.31215 -6.55257
-6.06803 0.310376 39.9288
-0.676479 -156.605 8.7592
-1.13512 -9.95003 5.46892
2.46188 4.79806 -11.6916
0.227824 -2.06837 0.630633
-21.2435 4.03247 -10.9665
-4.82338 4.79888 -5.30902
-4.73459 4.1576 1.33557
-9.08755 -1.46049 2.59031
-2.40222 -1.93392 -32.5441
-0.293628 3.334 1.81042
-0.141932 10.2698 6.55551
-1.25152 2.8985 0.397542
3.39872 -1.00526 2.13024
6.11774 -0.983664 -2.49229
2.58161 1.12191 -0.743725
3.11434 -4.68239 2.53845
-5.2032 -2.61831 6.07784
-2.38935 -0.966913 1.9552
-3.00923 -4.53519 2.6733
-2.78814 0.495736 0.136794
1.79985 1.56019 13.526
-4.14784 6.49439 -4.54543
-1.54401 1.49972 3.15523
-2.34652 1.29476 0.179758
0.845549 0.21202 0.195122
-2.13495 4.05458 0.668423
6.46094 -4.64127 4.39067
14.6498 1.22383 2.93111
-0.278101 5.81161 0.756301
-0.827792 6.33355 -2.19963
-29.5074 -1.11466 20.0287
9.55337 -3.51612 4.32296
4.03366 -7.50487 0.691269
-10.1904 -1.90407 -5.67843
