-10.1479 4.31706 10.0558
9.55855 1.22703 7.60001
-0.423736 -2.36463 1.98922
-2.63835 0.545969 -0.528316
-1.04538 -3.78905 -6.14436
4.29548 3.16985 2.66909
0.899363 -3.70432 -33.1742
6.01016 -0.515655 3.1345
-0.580968 1.89243 3.08042
3.04354 -2.99095 -6.93875
-0.469566 -1.41468 6.37219
4.23285 4.7654 17.4218
-3.18356 -2.98199 -2.3997
-14.4221 16.6942 -0.290057
0.957955 -6.08657 -5.07034
3.17303 3.44091 -2.46195
0.265136 -5.29355 -0.792883
19.1034 -3.61014 -8.69944
-3.95963 -12.2907 4.98304
0.140434 -0.42483 1.09943
5.03202 0.776352 3.66504
2.68616 -5.63184 7.1996
5.34138 0.296239 -3.60818
2.77545 1.00068 -0.628841
4.53173 0.8458 -8.31021
-3.96503 -3.16458 -4.79555
-4.87636 -1.04263 0.444078
-1.0165 2.41577 -0.445168
1.7107 2.90201 10.8223
2.33775 -11.9607 -9.02347
5.08135 5.10034 -8.86553
-12.0369 -6.75215 -22.9116
7.46179 -21.5869 6.76883
-4.53668 2.2322 -3.92347
-0.0132802 -2.94762 -6.12695
-0.0104654 6.43219 0.405117
1.56541 -0.0646216 0.14342
-3.84806 2.00076 -2.66459
-0.199487 0.169556 -4.49707
-10.4038 2.6147 4.63117
0.913139 -1.77908 5.96068
6.86145 -2.84168 2.37482
3.60658 -1.8288 -0.406722
0.411576 2.743 -6.63536
6.48662 1.25698 -13.7859
-9.08236 247.411 1.43313
-1.11522 -1.5789 -3.52838
4.01257 -6.71259 2.47887
0.29859 -2.707 0.045117
1.91471 -3.07177 -1.73944
-6.25074 1.06309 0.0053089
-3.88685 0.282064 -3.38463
0.073 -0.26892 -2.0676
-0.365532 0.892851 -3.95247
-3.07756 8.85151 2.40735
0.444371 -0.32933 1.30225
-4.05306 -1.00441 -5.30351
-2.51465 10.3612 -4.8255
0.53445 1.26726 -2.79908
3.28826 -4.54097 0.205318
-2.60657 -1.70024 -0.632637
-1.99521 -2.25039 23.954
8.90433 6.99103 -5.52931
1.35109 -1.35428 0.17505
0.971944 -3.46068 -6.51104
-5.96014 0.201331 40.0203
-0.681483 -156.553 8.7573
-1.1039 -9.8496 5.47646
2.42992 4.83505 -11.6975
0.206118 -2.05164 0.65564
-21.2514 4.16395 -10.903
-4.51541 4.80954 -5.53947
-4.57015 4.12863 1.55602
-9.08403 -1.49039 2.54045
-2.3118 -2.00663 -32.6134
-0.219518 3.41789 1.79943
-0.149603 10.3159 6.47909
-1.25183 2.84508 0.38582
3.40919 -0.977972 2.13551
5.94122 -1.12247 -2.39283
2.61743 1.12322 -0.746394
3.22457 -4.75025 2.51871
-5.11604 -2.70797 5.96007
-2.33217 -0.949663 1.93905
-3.05083 -4.55865 2.5659
-2.72191 0.496292 0.2883
1.78673 1.49725 13.5052
-4.1289 6.35626 -4.50898
-1.54524 1.48794 3.09433
-2.3186 1.27011 0.185329
0.778447 0.214329 0.192011
-2.20587 4.09916 0.714161
6.47655 -4.55423 4.29298
14.6154 1.0721 2.93726
-0.305466 5.80418 0.753798
-0.905338 6.35172 -2.1379
-29.4934 -1.17351 19.989
9.66324 -3.50489 4.3246
4.21595 -7.47108 0.721512
-10.2412 -1.95207 -5.73679
