-10.1981 4.33729 10.1601
9.4175 1.23235 7.55996
-0.517339 -2.29748 1.97425
-2.63974 0.603103 -0.535902
-0.997207 -3.70538 -6.2113
4.30663 3.15944 2.63732
0.908027 -3.70988 -33.177
6.01836 -0.44835 3.1332
-0.573786 1.89619 3.04745
3.04282 -2.98835 -6.98205
-0.366922 -1.38453 6.29145
4.31545 4.81925 17.4368
-3.25151 -3.01769 -2.40639
-14.565 15.974 -0.319491
0.957918 -6.11148 -5.09033
3.22493 3.43557 -2.37605
0.272763 -5.26279 -0.781071
19.0822 -3.66301 -8.66653
-3.96381 -12.2719 4.98727
0.133222 -0.411339 1.07971
5.03451 0.764452 3.67159
2.68799 -5.63724 7.19472
5.34027 0.527223 -3.56517
2.72129 1.04538 -0.629424
4.62207 0.924778 -8.33891
-3.96085 -3.15441 -4.69169
-4.97008 -1.03573 0.367201
-1.03008 2.24017 -0.346537
1.67066 2.8837 10.8383
2.30909 -11.8011 -9.16647
5.0284 5.09361 -8.86036
-12.0558 -6.62492 -22.9062
7.40098 -20.7632 6.75027
-4.4537 2.2885 -3.9838
-0.00646951 -2.99449 -6.12166
0.0404974 6.42606 0.354407
1.59709 -0.0613009 0.169671
-3.94675 1.99182 -2.70572
-0.308055 0.177314 -4.48515
-10.4153 2.5898 4.66017
0.970789 -1.79243 5.96521
6.91809 -2.88716 2.44614
3.61442 -1.73127 -0.349744
0.295565 2.73447 -6.80162
6.51607 1.19502 -13.7933
-9.09497 247.405 1.43603
-1.14209 -1.57398 -3.64045
4.01968 -6.69289 2.4656
0.351342 -2.69198 0.0662045
1.91875 -3.06802 -1.73109
-6.25683 1.05854 0.0133938
-3.87159 0.283638 -3.46592
0.0403055 -0.384382 -2.05159
-0.459385 0.894812 -3.8602
-3.05362 8.85578 2.46317
0.425373 -0.334568 1.406
-4.00774 -1.02056 -5.48596
-2.50691 10.3482 -4.75167
0.386282 1.23681 -2.8982
3.37277 -4.54505 0.216276
-2.60555 -1.71125 -0.637402
-1.98917 -2.18838 24.0021
8.87791 6.73386 -5.50742
1.27028 -1.38021 0.237135
0.981973 -3.60914 -6.47104
-6.0464 0.269806 40.0789
-0.684558 -156.535 8.7574
-1.07337 -9.7563 5.48353
2.38904 4.87091 -11.6963
0.18415 -2.03273 0.680639
-21.2759 4.31904 -10.8455
-4.24636 4.81988 -5.78096
-4.41505 4.09995 1.79287
-9.08058 -1.52019 2.49007
-2.22677 -2.0703 -32.6977
-0.146508 3.49787 1.79242
-0.140704 10.3622 6.38674
-1.25281 2.78982 0.375182
3.41691 -0.950123 2.1406
5.77903 -1.26912 -2.29816
2.6546 1.12403 -0.749472
3.33498 -4.82074 2.49447
-5.03007 -2.8068 5.84897
-2.27524 -0.932344 1.92253
-3.09311 -4.58202 2.45958
-2.65844 0.495379 0.437632
1.77384 1.43935 13.4876
-4.11182 6.23122 -4.47517
-1.54624 1.47622 3.03354
-2.29182 1.24648 0.190732
0.710162 0.216719 0.188554
-2.27824 4.14373 0.760091
6.49261 -4.46951 4.19567
14.5874 0.919288 2.94091
-0.333103 5.79537 0.7507
-0.984082 6.36955 -2.07705
-29.4844 -1.22565 19.9506
9.78396 -3.49426 4.32773
4.39855 -7.43835 0.749654
-10.296 -2.00119 -5.79588
