-10.7519 4.59257 11.1863
8.82274 1.30701 7.41766
-1.13482 -1.85994 2.06495
-2.61487 1.15249 -0.606456
-0.632854 -3.19598 -6.17009
4.37986 3.27221 2.38947
1.00081 -3.88507 -33.3042
6.07949 0.0616689 3.12984
-0.522978 1.92818 2.84215
3.03366 -2.96917 -7.35036
0.317553 -1.20569 5.80904
3.671 5.24389 17.4814
-3.72599 -3.24133 -2.48969
-15.5781 14.9151 -0.421331
0.9481 -6.30291 -5.2704
3.63598 3.40107 -2.06246
0.319257 -5.09457 -0.683827
19.0969 -4.04503 -8.52675
-3.97493 -12.1389 5.041
0.101213 -0.312325 0.949804
5.06502 0.687883 3.71116
2.70039 -5.71341 7.16676
5.31089 2.13966 -3.27085
2.43279 1.38266 -0.57192
4.80066 1.56731 -8.52855
-3.93961 -3.09294 -3.91814
-5.64119 -1.04638 -0.38641
-1.15137 1.28043 0.345195
1.34935 2.76929 10.9921
2.11935 -10.9331 -10.3113
4.75315 5.06363 -8.884
-12.144 -5.46381 -22.8325
6.93388 -19.9011 6.58927
-3.89224 2.65797 -4.19986
0.076916 -3.29396 -6.11154
0.446091 6.37473 -0.295671
1.92682 0.00184226 0.256616
-4.68328 1.94506 -3.09454
-1.08551 0.260534 -4.41749
-10.537 2.34763 4.85766
1.37602 -1.8807 5.98899
7.58874 -3.1933 3.08049
3.65821 -1.11407 0.119424
-0.528631 2.66249 -8.1373
6.76293 0.782936 -13.9806
-9.4049 247.277 1.40181
-1.32944 -1.52794 -4.4836
4.07335 -6.57281 2.37693
0.762848 -2.60039 0.196823
1.94985 -3.01076 -1.67594
-6.31927 1.03483 0.0609627
-3.77779 0.294898 -4.04085
-0.146413 -1.12004 -1.88112
-1.24096 0.883816 -3.32255
-2.88716 8.92491 3.27327
0.310581 -0.37513 2.29282
-3.76767 -1.14763 -4.72074
-2.46238 10.282 -4.31721
-0.564062 1.01435 -3.78159
4.11359 -4.55179 0.223275
-2.61014 -1.7966 -0.685496
-1.92146 -1.82865 24.1109
8.61228 5.36957 -5.37213
0.784636 -1.58401 0.655148
1.1118 -4.94386 -6.17278
-5.77843 0.785085 39.9208
-0.743937 -156.549 8.85979
-0.809039 -9.22733 5.5301
1.93319 4.98974 -11.9952
0.0833858 -1.866 0.776548
-21.6361 5.45548 -10.4787
-2.75379 4.89502 -6.24685
-3.4603 3.92518 2.86
-9.05516 -1.73348 2.09981
-1.62478 -2.61606 -32.7775
0.678095 3.80223 1.77608
0.289709 11.0298 6.07531
-1.2085 2.42488 0.270877
3.43605 -0.733563 2.17132
4.81191 -2.36062 -1.79723
2.95409 1.12045 -0.774146
4.38851 -5.39597 2.23339
-4.5505 -3.48752 5.00129
-1.85577 -0.809952 1.8099
-3.39082 -4.73887 1.68055
-2.26821 0.466566 -0.0984072
1.695 1.11637 13.3918
-4.01193 5.55897 -4.29083
-1.55053 1.39775 2.63246
-2.10375 1.10322 0.213256
0.243729 0.233115 0.164799
-2.87752 4.49178 1.09225
6.62351 -3.91993 3.48117
14.5313 -0.0567614 2.95548
-0.499659 5.73559 0.732624
-1.62494 6.49567 -1.66561
-29.4811 -1.58867 19.8254
10.1177 -3.4499 4.42193
5.74351 -7.23364 0.934842
-10.8381 -2.37035 -6.27239
