-10.2178 -1.21014 -2.3037
-0.907897 -0.424106 0.576923
0.752084 -0.7241 0.130441
-1.77355 -1.4828 -0.0409656
3.98929 -1.25706 1.04252
1.434 0.179434 3.27864
0.165389 -2.90803 0.127927
0.836427 4.178 1.64114
-1.20422 1.65234 -1.85985
0.913879 0.0250901 -0.464428
-0.603699 -0.0714951 0.475868
-3.17094 0.700402 2.88983
-0.109913 1.83586 -0.455577
-1.75711 -0.589176 -3.32607
6.78513 4.65987 -0.273719
0.187402 0.440264 -0.813708
-0.00867887 -1.01128 -2.3028
-3.27503 -0.138586 -0.723167
-0.70676 0.123316 -0.595628
-2.68927 1.34903 0.995875
-2.08077 -0.161222 0.543468
0.299119 1.12482 -0.0640055
2.13584 -1.00974 -0.876553
0.121779 0.591314 2.49502
2.8848 -1.26368 -0.0692897
-0.514097 -1.3785 -1.8737
0.225673 3.64736 -0.701126
-0.140194 2.18229 1.01564
4.28957 0.274881 1.63114
-2.3322 1.64036 -5.0639
-0.917191 -0.482513 -0.709409
1.89828 3.68439 -3.7913
-0.652244 4.57955 0.402828
0.765719 0.309202 -0.84184
-2.75079 0.193808 1.57404
-0.824877 0.759831 -4.48658
-0.272098 -1.69957 -0.00661179
-0.724187 0.255646 1.2782
-3.02854 -1.39707 0.626077
1.87803 -0.045155 2.2878
-1.21418 -0.268295 -2.89631
-4.28598 -1.25465 -3.46815
-0.321412 -2.18284 2.14531
-3.60097 -0.324144 -1.4626
-2.5926 4.89727 -0.962007
-0.573371 2.3359 3.84445
-1.03201 0.680817 3.20661
6.00413 -0.335972 0.244393
1.86304 1.87017 -0.347792
0.528401 -0.433259 1.32196
1.05953 0.158268 3.2015
-1.58587 -0.0103969 -0.189051
-1.45628 0.667981 4.92341
1.77853 2.25737 -0.00759942
0.946108 0.972096 0.671675
0.418513 -0.0558197 -0.768224
-0.151602 0.892192 -0.0608365
-3.92631 3.51396 5.08632
-5.01535 -0.377282 -3.30975
-0.751215 -1.023 -0.152442
-0.414523 -0.576508 1.12678
-1.71148 -1.31304 -2.80457
1.12401 3.75973 -3.20984
0.892029 -0.806474 0.0254389
0.731384 -2.02303 2.02108
1.86348 -3.20812 -1.70268
0.507396 -1.47898 -1.63037
-1.108 1.99806 2.01315
-0.8518 0.878173 -1.46187
1.58423 0.0362452 -1.22017
1.12422 -4.23716 -1.98713
3.25004 -4.6436 -0.370048
-1.62097 2.20175 -2.52913
-0.911653 -1.11294 -1.98437
0.796353 1.98094 2.38729
1.37655 0.471884 -0.0615814
0.320644 -3.12747 -0.757655
-2.55044 1.21235 0.688108
0.21492 -0.819143 0.657329
-4.64264 -1.19001 5.79842
0.180851 0.865469 -0.876858
0.310878 -1.47583 0.243614
-0.505799 -1.22536 -0.495678
-0.490678 -0.0536896 -0.327341
-3.10716 -0.802336 -2.1663
1.02097 -0.197683 0.237516
1.31633 -0.18974 0.964797
-0.216281 -0.324803 -0.140155
-1.52963 -6.04037 -2.09728
0.209837 0.234811 -0.0116753
-0.161115 -0.726634 0.355243
1.04545 -1.28215 1.9251
7.57008 0.968755 -0.170374
-1.0468 -1.94862 0.724517
-0.633807 0.378983 0.587482
0.902483 -0.803543 0.601223
4.36404 1.24554 2.93178
5.20817 3.35345 0.856155
3.06241 0.507849 0.471251
1.85865 -0.262544 -3.75614
