-11.6123 4.85502 10.7474
8.5591 1.34095 7.20879
-1.71703 -1.47303 2.13447
-2.6366 1.64779 -0.565169
-0.198259 -2.8598 -5.77569
4.49099 3.22946 2.19626
1.05361 -3.95069 -33.3076
6.15035 0.564087 3.12281
-0.475613 1.94508 2.64064
3.02024 -2.9691 -7.14385
0.907805 -1.07788 5.4175
3.27913 4.78311 17.4706
-4.5298 -3.44674 -2.61812
-14.8611 14.664 -0.448557
0.940392 -6.52273 -5.4711
4.0811 3.35438 -1.8411
0.358916 -4.98217 -0.600623
19.1796 -4.50137 -8.48129
-3.96974 -12.057 5.08695
0.0998103 -0.233426 0.827101
5.1032 0.627278 3.73641
2.71561 -5.78169 7.17792
5.23118 4.21705 -2.96078
2.26458 1.75176 -0.54522
3.45057 2.21146 -8.72295
-3.91375 -3.04359 -3.29378
-6.45909 -1.01638 -1.2602
-1.24869 0.695342 0.880203
1.0169 2.66733 11.226
2.01756 -10.4961 -11.21
4.59037 5.06536 -8.97854
-12.5598 -4.93874 -23.0559
6.79689 -19.7571 6.54794
-3.50436 3.05215 -4.27185
0.152762 -3.53315 -6.13605
0.803998 6.34521 -0.816315
2.26118 0.110886 0.269525
-4.62369 1.9201 -3.67769
-1.56214 0.39731 -4.41855
-10.7621 2.24896 4.93095
1.74356 -1.94748 5.99069
8.87922 -3.35432 3.54156
3.70203 -0.706313 0.532379
-1.38577 2.60481 -7.20604
7.05123 0.447076 -14.3066
-9.76446 247.232 1.40089
-1.49714 -1.45733 -4.07422
4.12364 -6.48561 2.29022
1.49621 -2.52567 0.264346
1.9745 -2.96169 -1.67007
-6.39641 1.0081 0.0822237
-3.70329 0.304274 -4.65219
-0.542471 -1.86809 -1.81214
-1.77799 0.927298 -3.01443
-2.71317 9.01054 3.75755
0.236682 -0.424086 2.58063
-3.56642 -1.30273 -4.25848
-2.42888 10.253 -4.08172
-1.3599 0.837307 -4.73246
5.12876 -4.5668 0.168003
-2.62613 -1.86765 -0.780458
-1.87799 -1.54863 23.621
8.51185 4.71778 -5.25649
0.462193 -1.78785 1.03421
1.20969 -6.86241 -6.01768
-4.90546 1.25409 39.7385
-0.805567 -156.48 9.00516
-0.553438 -8.87772 5.56915
1.85678 5.25531 -12.3319
0.0255311 -1.72369 0.85482
-21.6148 7.01456 -10.2904
-1.42725 4.96877 -5.36631
-2.73891 3.8051 3.58059
-9.04031 -1.92155 1.72755
-1.13772 -3.06868 -32.6512
1.13592 3.32072 1.77585
0.226113 11.7775 5.63348
-1.18355 2.17705 0.178427
3.43762 -0.508434 2.17942
4.28413 -3.50179 -1.4438
3.28994 1.11145 -0.806236
5.41238 -6.1734 2.00663
-4.22119 -4.01174 4.51107
-1.50325 -0.694842 1.71031
-3.6652 -4.89162 0.95002
-1.94696 0.453856 -0.535612
1.59333 0.976835 13.2902
-3.93509 5.10716 -4.18435
-1.55262 1.33313 2.18334
-1.97879 1.00543 0.210543
-0.181239 0.259752 0.134704
-3.18486 4.89768 1.37833
6.7743 -3.46041 2.90996
14.5479 -0.567835 2.97713
-0.655639 5.68151 0.708981
-2.0814 6.62956 -1.34661
-29.3751 -2.06162 19.8627
8.78936 -3.44854 4.50236
5.05742 -7.07893 1.04508
-11.8093 -2.73668 -6.84214
