-11.8015 4.90529 10.4045
8.51687 1.34503 7.17663
-1.76975 -1.39168 2.15167
-2.64867 1.70277 -0.545681
-0.12174 -2.8083 -5.71676
4.5089 3.22228 2.16684
1.06255 -3.96288 -33.2771
6.16211 0.652754 3.12171
-0.46895 1.94707 2.60633
3.01731 -2.97294 -7.08189
1.00651 -1.05757 5.36
3.10854 4.57436 17.4736
-4.66103 -3.48513 -2.63875
-14.7694 14.6387 -0.458349
0.939428 -6.56744 -5.50775
4.16374 3.34463 -1.78599
0.363628 -4.96636 -0.588292
19.1852 -4.59192 -8.46946
-3.97112 -12.0479 5.09341
0.100854 -0.221742 0.806258
5.10963 0.616637 3.7406
2.71765 -5.78939 7.18091
5.21696 4.31616 -2.90889
2.23498 1.81694 -0.543856
3.33269 2.32581 -8.76461
-3.91006 -3.03575 -3.1924
-6.63332 -1.00949 -1.39123
-1.26602 0.604067 0.966551
0.95929 2.64769 11.2866
2.00196 -10.449 -11.094
4.55952 5.06486 -8.99314
-12.6324 -4.87129 -23.1151
6.78069 -19.7371 6.53998
-3.45202 3.12027 -4.28024
0.165033 -3.5758 -6.14153
0.852746 6.3414 -0.879152
2.31446 0.130799 0.270516
-4.43184 1.91555 -3.76792
-1.65534 0.423405 -4.4215
-10.8376 2.22791 4.94461
1.80289 -1.95863 5.99088
9.15273 -3.37187 3.61077
3.70803 -0.655416 0.581838
-1.5673 2.59693 -7.07478
7.12278 0.399129 -14.3742
-9.88493 247.211 1.39676
-1.53254 -1.44395 -4.01307
4.13133 -6.47262 2.27424
1.60267 -2.51376 0.274155
1.97724 -2.95795 -1.6705
-6.41634 1.00242 0.0827493
-3.69223 0.305603 -4.76905
-0.632545 -2.03958 -1.85747
-1.87922 0.940043 -2.95485
-2.68634 9.02527 3.81281
0.220377 -0.433791 2.63476
-3.53426 -1.3289 -4.15193
-2.42485 10.25 -4.05473
-1.49649 0.810762 -4.86922
5.28645 -4.57191 0.162838
-2.62994 -1.87935 -0.799391
-1.87216 -1.50311 23.578
8.50286 4.59143 -5.23971
0.408401 -1.82408 1.10981
1.21887 -6.72817 -6.02386
-4.84792 1.36401 39.7282
-0.81387 -156.479 9.0258
-0.516355 -8.82963 5.57646
1.84574 5.30654 -12.4185
0.012481 -1.69996 0.867282
-21.0866 7.33842 -10.2737
-1.20439 4.98279 -5.25321
-2.62598 3.78795 3.42724
-9.04003 -1.95437 1.66235
-1.08128 -3.14698 -32.6432
1.23012 3.2162 1.77633
0.216203 11.9605 5.53094
-1.18159 2.13683 0.16228
3.43628 -0.467933 2.17872
4.17404 -3.67645 -1.37926
3.3508 1.1092 -0.81172
5.60833 -6.32014 1.97529
-4.17301 -4.10474 4.45058
-1.44855 -0.676493 1.69438
-3.72203 -4.92433 0.845829
-1.89724 0.454025 -0.455265
1.59336 0.970994 13.27
-3.92453 5.03675 -4.17257
-1.55304 1.32155 2.10867
-1.96223 0.989071 0.20893
-0.258515 0.263036 0.130053
-3.27731 4.98284 1.42938
6.8015 -3.38105 2.8123
14.5511 -0.634722 2.97621
-0.684664 5.67277 0.705723
-2.18022 6.65304 -1.28581
-29.3916 -2.14272 19.9362
8.61088 -3.45045 4.51591
4.90647 -7.05227 1.05845
-12.0333 -2.80236 -6.93194
