-12.0868 5.13979 9.32894
8.33061 1.37077 7.05577
-1.06606 -1.02838 2.20121
-2.71575 2.32001 -0.527823
0.0807354 -2.59555 -5.48866
4.5719 3.19972 2.05731
1.1046 -4.01674 -33.1918
6.20742 1.06203 3.12014
-0.451078 1.9594 2.4781
3.00132 -2.99522 -6.85244
1.36229 -0.972026 5.16056
2.59332 4.04419 17.4956
-5.25341 -3.63407 -2.72606
-14.515 14.5649 -0.511034
0.938171 -6.74895 -5.66976
4.58477 3.30518 -1.57529
0.373867 -4.89837 -0.538691
19.1993 -4.88709 -8.41564
-3.98783 -12.0192 5.13279
0.106983 -0.174191 0.724631
5.13836 0.579894 3.75071
2.72379 -5.80965 7.19284
5.19255 3.83905 -2.74382
2.10606 2.08678 -0.547201
2.85626 2.82504 -8.94467
-3.90292 -3.00208 -2.75262
-6.90353 -0.970153 -1.8915
-1.35305 0.309745 1.36781
0.726936 2.58133 11.5779
1.9201 -10.2569 -10.7022
4.44247 5.08932 -9.04642
-13.0569 -4.59323 -23.437
6.72509 -19.6766 6.52045
-3.28228 3.41562 -4.3291
0.211796 -3.74852 -6.17058
1.01308 6.33247 -1.1252
2.52205 0.215929 0.273341
-3.787 1.89975 -4.14116
-2.06188 0.548542 -4.43367
-11.2876 2.13968 5.04839
2.07186 -2.0012 5.99388
8.56193 -3.40886 3.86849
3.72686 -0.427523 0.771302
-2.30038 2.58571 -6.58687
7.40171 0.162465 -14.7391
-10.5046 247.146 1.38982
-1.68431 -1.38748 -3.79004
4.1613 -6.41823 2.20774
1.99114 -2.46318 0.315767
1.98402 -2.95035 -1.66735
-6.51249 0.987028 0.085016
-3.65432 0.314636 -5.25431
-0.862862 -2.59714 -1.96098
-2.36531 1.02177 -2.6959
-2.60718 9.09069 3.9816
0.146034 -0.460484 2.85784
-3.42991 -1.42343 -3.78929
-2.41715 10.2541 -3.95166
-2.44952 0.717761 -5.46957
6.33093 -4.58933 0.160328
-2.65009 -1.92463 -0.879944
-1.86033 -1.30042 23.4624
8.47832 4.2967 -5.17701
0.159889 -1.96325 1.43958
1.21496 -5.71059 -6.0091
-4.66538 1.82873 39.7167
-0.876381 -156.579 9.145
-0.387475 -8.64483 5.61273
1.78797 5.57624 -12.7906
-0.0560676 -1.59782 0.914492
-20.5374 7.60632 -10.2031
-0.434877 5.05671 -4.83985
-2.26438 3.73249 2.92786
-9.04956 -2.06161 1.37982
-0.902261 -3.50385 -32.6325
1.67656 2.82219 1.75929
0.171544 11.3306 5.27524
-1.1845 1.99064 0.0960152
3.4254 -0.273585 2.17576
3.76432 -4.31522 -1.0719
3.63597 1.10267 -0.834463
6.39645 -6.88859 1.86263
-4.03475 -4.46545 4.25075
-1.24626 -0.594165 1.6359
-4.24012 -5.06589 0.430976
-1.72436 0.463657 -0.118281
1.57293 0.892444 13.2639
-3.90252 4.80756 -4.13528
-1.55799 1.28412 1.8356
-1.9037 0.92696 0.200621
-0.604871 0.292664 0.107055
-6.22462 5.42832 1.63699
6.89429 -3.03037 2.41624
14.5518 -0.869455 2.96597
-0.804978 5.63966 0.68878
-0.31102 6.75957 -1.0563
-29.6835 -2.43378 20.0315
8.06717 -3.44992 4.58412
4.28832 -6.9565 1.06553
-10.5414 -3.06351 -7.34756
