-11.8612 5.20657 9.12868
8.27632 1.37958 7.02972
-0.897146 -0.93912 2.2126
-2.73135 2.56771 -0.535466
0.128775 -2.54008 -5.42322
4.58711 3.19589 2.03082
1.11793 -4.03967 -33.1695
6.22053 1.19169 3.12023
-0.448407 1.96375 2.44914
2.9972 -3.00344 -6.79847
1.43572 -0.949317 5.1208
2.46452 3.94155 17.5112
-5.37915 -3.66887 -2.75233
-14.4656 14.5531 -0.525912
0.940234 -6.79481 -5.71446
4.72635 3.29493 -1.52898
0.375343 -4.88044 -0.525052
19.203 -4.96496 -8.4008
-3.99348 -12.0159 5.14304
0.109992 -0.162392 0.703982
5.14614 0.581296 3.74598
2.72509 -5.81246 7.19614
5.18937 3.68102 -2.71005
2.07567 2.15846 -0.548971
2.75457 2.95874 -8.99572
-3.90246 -2.99398 -2.6296
-6.77107 -0.957785 -2.01291
-1.37508 0.242185 1.48255
0.671827 2.5656 11.653
1.90653 -10.2115 -10.6129
4.42026 5.10444 -9.06037
-13.233 -4.52104 -23.5511
6.71389 -19.6685 6.51612
-3.23946 3.50454 -4.34223
0.225778 -3.79115 -6.17969
1.04668 6.33157 -1.18895
2.57243 0.240064 0.272959
-3.65658 1.89554 -4.24507
-2.16873 0.584013 -4.43895
-11.4577 2.11097 5.08413
2.14858 -2.00993 5.99527
8.17403 -3.41211 3.92119
3.73083 -0.368971 0.819351
-2.48542 2.58544 -6.4687
7.48795 0.0891581 -14.8651
-10.8107 247.099 1.38993
-1.72553 -1.3758 -3.73688
4.16972 -6.40362 2.19041
2.0868 -2.44986 0.328633
1.98482 -2.94978 -1.6648
-6.54144 0.984902 0.0835035
-3.64576 0.317743 -5.3785
-0.916009 -2.70763 -1.9698
-2.50572 1.0552 -2.62327
-2.59239 9.10922 3.89627
0.125385 -0.465762 2.91388
-3.40537 -1.44476 -3.71112
-2.41613 10.2584 -3.92452
-2.676 0.696358 -5.42499
6.6356 -4.5931 0.161681
-2.65635 -1.93619 -0.901266
-1.85922 -1.24299 23.4433
8.47274 4.25341 -5.16093
0.0989631 -1.99723 1.51352
1.20992 -5.50462 -5.9969
-4.61515 1.93536 39.7179
-0.897225 -156.55 9.17758
-0.354967 -8.59752 5.62657
1.77317 5.65886 -12.8948
-0.0743558 -1.57168 0.923277
-20.466 7.44333 -10.1794
-0.258574 5.07959 -4.73271
-2.18283 3.72149 2.80645
-9.05391 -2.0843 1.30609
-0.849336 -3.58331 -32.6381
1.90393 2.76192 1.75124
0.159557 10.7944 5.24046
-1.18663 1.95908 0.0795736
3.42251 -0.216441 2.17612
3.72141 -4.48566 -0.998271
3.71254 1.10186 -0.839872
6.42599 -7.02703 1.83482
-4.00083 -4.55493 4.20687
-1.20112 -0.570298 1.62432
-4.36101 -5.10436 0.295221
-1.68968 0.467967 -0.0202087
1.56272 0.871988 13.2663
-3.90221 4.75952 -4.12478
-1.55952 1.27587 1.77352
-1.8873 0.912799 0.19819
-0.700364 0.300007 0.102468
-7.69979 5.57778 1.69256
6.91863 -2.93248 2.33828
14.5506 -0.923859 2.96251
-0.837615 5.63325 0.684358
0.678416 6.78197 -0.995465
-29.7807 -2.50475 20.0401
7.96295 -3.4489 4.60366
4.14583 -6.9434 1.05769
-10.1642 -3.12684 -7.54199
