-11.621 5.27642 8.94687
8.22207 1.3885 7.00663
-0.728465 -0.856886 2.22309
-2.74554 2.76419 -0.5449
0.180319 -2.48626 -5.36013
4.6044 3.19232 2.00051
1.13253 -4.07718 -33.1546
6.23487 1.34262 3.1187
-0.44504 1.9685 2.41608
2.99424 -3.01267 -6.75426
1.51332 -0.926395 5.08065
2.34 3.84392 17.5444
-5.48067 -3.70498 -2.78211
-14.4182 14.5417 -0.542137
0.943623 -6.84242 -5.76237
4.90196 3.28385 -1.48924
0.376769 -4.86266 -0.512414
19.2068 -5.05394 -8.38579
-3.99719 -12.0138 5.15168
0.115 -0.150958 0.682125
5.15566 0.596354 3.74546
2.72718 -5.81473 7.199
5.18661 3.55578 -2.67812
2.04707 2.22682 -0.550997
2.67407 3.0917 -9.05095
-3.90159 -2.98607 -2.55008
-6.63832 -0.944362 -2.1397
-1.39609 0.174814 1.60508
0.618484 2.54924 11.7226
1.89257 -10.1615 -10.534
4.40484 5.12381 -9.08204
-13.4356 -4.4499 -23.6865
6.70605 -19.6638 6.51096
-3.19441 3.59514 -4.3551
0.241143 -3.83445 -6.19018
1.08146 6.33075 -1.25933
2.62523 0.264045 0.27183
-3.52195 1.89041 -4.36172
-2.27245 0.620427 -4.44429
-11.6707 2.07723 5.1173
2.24123 -2.0201 5.99588
7.873 -3.41519 3.96059
3.73467 -0.311437 0.867025
-2.6634 2.58755 -6.35123
7.58785 0.0091114 -15.0194
-10.9237 247.084 1.38883
-1.76698 -1.36476 -3.68428
4.18051 -6.38899 2.17104
2.18897 -2.437 0.340304
1.98596 -2.94975 -1.66189
-6.56763 0.983682 0.081128
-3.63629 0.321158 -5.41643
-0.968741 -2.82153 -1.97565
-2.65072 1.09499 -2.55379
-2.57695 9.12848 3.81084
0.105166 -0.471246 2.96974
-3.37989 -1.4663 -3.63925
-2.41399 10.264 -3.90338
-2.89134 0.674713 -5.18486
6.71618 -4.59733 0.161418
-2.66224 -1.948 -0.924112
-1.85825 -1.18537 23.426
8.46762 4.21407 -5.14547
0.0394127 -2.03154 1.57343
1.20416 -5.34119 -5.98342
-4.5648 2.0457 39.7183
-0.907412 -156.545 9.20686
-0.31981 -8.55219 5.63948
1.75961 5.74697 -13.0006
-0.0917358 -1.54448 0.932824
-20.4055 7.2566 -10.1572
-0.075087 5.1039 -4.63185
-2.10136 3.71066 2.6725
-9.05816 -2.10663 1.22857
-0.792216 -3.65487 -32.6466
1.98787 2.70913 1.74777
0.149778 10.3864 5.20913
-1.18872 1.9288 0.0627379
3.41989 -0.156913 2.17639
3.68168 -4.67024 -0.955199
3.81639 1.1017 -0.847333
6.27457 -7.16444 1.80709
-3.96428 -4.64645 4.16251
-1.15278 -0.545871 1.61258
-4.47373 -5.14532 0.127189
-1.65366 0.472865 0.0709213
1.55207 0.850173 13.2682
-3.90215 4.71287 -4.11458
-1.56005 1.26741 1.7089
-1.86908 0.897929 0.194628
-0.798776 0.311798 0.0954572
-9.98659 5.7553 1.74755
6.94712 -2.83112 2.25946
14.5491 -0.979974 2.95859
-0.867591 5.6262 0.678336
2.23635 6.79164 -0.933368
-29.8923 -2.58362 20.0447
7.88161 -3.44617 4.62228
4.01806 -6.93575 1.05029
-9.81238 -3.18984 -7.8124
