-11.3756 5.35009 8.78334
8.16966 1.39664 6.98921
-0.556965 -0.779385 2.23444
-2.75765 2.92845 -0.555553
0.237935 -2.43399 -5.2985
4.62303 3.18904 1.9677
1.14633 -4.11385 -33.1541
6.25155 1.53077 3.11494
-0.441281 1.97365 2.3798
2.9923 -3.02247 -6.71976
1.59551 -0.903697 5.04029
2.22657 3.74461 17.5928
-5.57821 -3.7419 -2.81223
-14.3764 14.5308 -0.557606
0.947979 -6.89233 -5.81394
5.13502 3.27222 -1.45015
0.378353 -4.8451 -0.500696
19.2111 -5.16324 -8.36985
-3.99938 -12.0127 5.15998
0.122158 -0.140131 0.659723
5.16872 0.609879 3.75732
2.72994 -5.81655 7.2017
5.18455 3.45117 -2.6472
2.02238 2.29428 -0.552641
2.59607 3.22505 -9.11016
-3.90077 -2.97824 -2.51602
-6.50657 -0.929803 -2.26888
-1.41684 0.104803 1.73964
0.56464 2.53238 11.7963
1.87768 -10.1211 -10.4629
4.39123 5.14765 -9.11368
-13.6573 -4.37991 -23.8483
6.70052 -19.6623 6.50537
-3.1387 3.68913 -4.36783
0.257697 -3.87866 -6.20168
1.11668 6.33011 -1.33309
2.70241 0.288646 0.272342
-3.38416 1.8845 -4.48371
-2.37118 0.655047 -4.44749
-11.977 2.0393 5.15279
2.34063 -2.03154 5.99518
7.65068 -3.42028 3.98605
3.7385 -0.254603 0.91482
-2.83417 2.5967 -6.22661
7.70196 -0.0781265 -15.1958
-11.0799 247.099 1.3833
-1.80563 -1.35269 -3.63208
4.19357 -6.37447 2.14984
2.29847 -2.42488 0.351293
1.98718 -2.95027 -1.65845
-6.59086 0.982964 0.0781881
-3.62607 0.324928 -5.36621
-1.01503 -2.94131 -1.97895
-2.7986 1.13799 -2.48975
-2.56078 9.14862 3.72545
0.0851449 -0.47419 3.02688
-3.3537 -1.48818 -3.56999
-2.41126 10.2707 -3.88768
-3.09962 0.652763 -4.95771
6.57394 -4.60203 0.159605
-2.66815 -1.95992 -0.947656
-1.85723 -1.12739 23.4104
8.46323 4.17712 -5.13025
-0.0206882 -2.06648 1.63591
1.19873 -5.20701 -5.96904
-4.50511 2.16426 39.7214
-0.910735 -156.548 9.23545
-0.280553 -8.50873 5.652
1.74698 5.84171 -13.1117
-0.107897 -1.5184 0.943618
-20.3476 7.0545 -10.1384
0.118273 5.12928 -4.53493
-2.02051 3.69982 2.5435
-9.06218 -2.12932 1.14564
-0.717872 -3.7227 -32.6574
1.99499 2.66013 1.74499
0.143732 10.0652 5.17975
-1.19074 1.89965 0.0457721
3.41793 -0.0952555 2.17685
3.61325 -4.8623 -0.926821
3.92986 1.10048 -0.855389
6.14138 -7.30123 1.77955
-3.92753 -4.74105 4.11868
-1.09622 -0.521608 1.60039
-4.58262 -5.18923 -0.0377828
-1.61649 0.478315 0.156456
1.54206 0.827465 13.2696
-3.90125 4.66747 -4.10489
-1.55957 1.25909 1.64135
-1.84916 0.882701 0.189587
-0.901237 0.322377 0.0880532
-9.48029 5.96586 1.80721
6.97971 -2.72605 2.18029
14.5478 -1.03856 2.95427
-0.896755 5.61851 0.671977
1.83727 6.78527 -0.870294
-30.0137 -2.67315 20.0494
7.82405 -3.44145 4.64222
3.90632 -6.9318 1.04804
-9.48642 -3.25247 -8.07217
