-9.3831 -1.20151 -2.34122
-0.936115 -0.316604 0.587096
0.608955 -0.742645 0.130972
-1.70125 -1.43746 -0.0386264
3.85203 -1.29172 1.15777
1.46588 0.184468 3.14687
0.167798 -2.81752 0.12926
0.857948 4.05524 1.67237
-1.09246 1.67941 -1.90664
0.931216 -0.0736294 -0.47611
-0.455467 -0.0567844 0.490392
-3.02712 0.712691 2.96158
-0.113047 1.86886 -0.463002
-1.78602 -0.606947 -3.42826
6.62869 4.80048 -0.157815
0.190685 0.445813 -0.827928
-0.00875006 -1.02866 -2.2075
-3.16067 -0.142024 -0.740629
-0.959336 0.123506 -0.608084
-2.64785 1.37038 1.01095
-2.14564 -0.0996687 0.553613
0.305137 1.14469 -0.0590979
2.18089 -1.04045 -0.892956
0.12184 0.605194 2.55244
2.94601 -1.30489 -0.0725491
-0.520148 -1.40336 -1.95946
0.231137 3.76036 -0.899895
-0.143093 2.09015 1.0404
4.1605 0.313549 1.67217
-2.40732 1.713 -4.97656
-0.944952 -0.391439 -0.726037
1.96378 3.5641 -3.90198
-0.669082 4.38204 0.414112
0.78519 0.307791 -0.858239
-2.79113 0.16849 1.60415
-0.914968 0.774165 -4.70393
-0.276386 -1.73973 -0.00817339
-0.723435 0.277042 1.19537
-3.12064 -1.43731 0.640013
1.91772 -0.0369123 2.36015
-1.23124 -0.291599 -2.98773
-3.78392 -1.28369 -3.35996
-0.327504 -2.22752 2.20971
-3.72227 -0.236104 -1.51201
-2.69994 4.94813 -0.962691
-0.58349 2.39434 3.74616
-1.03595 0.670422 3.2706
6.30138 -0.34495 0.251345
1.91697 1.89528 -0.353066
0.540183 -0.439146 1.34829
1.08398 0.0508738 3.07557
-1.60742 -0.0107296 -0.191088
-1.4709 0.68033 5.04057
1.80913 2.33998 -0.000127608
0.96695 0.995009 0.742839
0.420624 -0.0584956 -0.708417
-0.153061 0.90687 -0.0585212
-4.11962 3.58819 5.27058
-5.11041 -0.393398 -2.92799
-0.763573 -1.04496 -0.155117
-0.421183 -0.582996 1.14782
-1.74586 -1.21967 -2.89143
1.23809 3.85842 -5.39746
0.90813 -0.822353 0.0240694
0.747892 -2.0627 2.06785
1.96785 -3.10075 -1.60249
0.514601 -1.50596 -1.67356
-1.1271 1.87775 1.85519
-0.871279 0.891032 -1.49927
1.61708 0.0349197 -1.24467
1.34935 -4.47723 -2.25573
3.33721 -4.4938 -0.385196
-1.65414 2.23015 -2.61275
-0.927125 -1.14276 -2.03069
0.811954 2.02107 2.44448
1.4064 0.479216 -0.06128
0.32565 -3.19675 -0.782388
-2.61396 1.22851 0.690695
0.219178 -0.833829 0.669193
-4.76918 -1.20431 5.9439
0.184304 0.881709 -0.892214
0.315315 -1.50819 0.244611
-0.513505 -1.25167 -0.50782
-0.497748 -0.0562259 -0.336419
-2.97467 -0.8227 -2.23023
1.04041 -0.199261 0.244142
1.21683 -0.191901 0.604824
-0.218266 -0.328879 -0.138538
-1.66691 -6.10346 0.844265
0.204515 0.238159 -0.0135882
-0.0964736 -0.748942 0.362081
0.954294 -1.3245 1.82945
7.00423 0.990423 -0.178717
-0.982972 -2.01319 0.738125
-0.641971 0.385435 0.601079
0.919289 -0.819312 0.613216
4.30707 1.26197 3.12723
5.1609 3.40332 0.889807
2.91442 0.512713 0.481615
1.88612 -0.273821 -3.8748
