-10.9534 5.51159 8.50362
8.07737 1.41228 6.9752
-0.250279 -0.633457 2.26064
-2.77991 3.20415 -0.577673
0.341183 -2.33743 -5.18158
4.65958 3.1838 1.90039
1.16488 -4.15713 -33.1563
6.28344 1.83403 3.09402
-0.436794 1.98548 2.31173
2.98724 -3.04419 -6.65371
1.75338 -0.857022 4.96676
1.98406 3.52712 17.7124
-5.78602 -3.81769 -2.87825
-14.3108 14.5116 -0.58553
0.955846 -7.0006 -5.91228
6.21745 3.25013 -1.36335
0.379712 -4.81721 -0.477713
19.217 -5.10278 -8.33056
-4.0101 -12.015 5.18456
0.141541 -0.121496 0.619931
5.197 0.599975 3.78441
2.73399 -5.82032 7.20898
5.18055 3.27617 -2.57622
1.97269 2.43002 -0.554081
2.43128 3.50044 -9.24473
-3.90399 -2.96424 -2.44748
-6.26274 -0.896285 -2.51646
-1.4667 -0.0469174 1.49893
0.42762 2.50309 12.0339
1.84885 -10.0514 -10.322
4.33714 5.20982 -9.19411
-14.1472 -4.2425 -24.2763
6.686 -19.6657 6.49621
-3.02561 3.88609 -4.39168
0.289637 -3.97142 -6.2278
1.17576 6.32987 -1.48309
2.83819 0.33968 0.271976
-3.12706 1.87074 -4.73063
-2.58257 0.724938 -4.4539
-14.0332 1.9532 5.24254
2.53173 -2.0535 5.99574
7.19824 -3.46349 4.03151
3.74484 -0.14351 1.01584
-3.22836 2.65542 -5.90783
7.91632 -0.275818 -14.7562
-11.1998 246.971 1.44821
-1.88057 -1.33046 -3.43344
4.22142 -6.34569 2.10514
2.51585 -2.40323 0.3739
1.98633 -2.95267 -1.6485
-6.64477 0.983649 0.0732891
-3.60707 0.332879 -5.26908
-1.1041 -3.20535 -1.97834
-3.12365 1.22082 -2.37493
-2.53258 9.19109 3.56032
0.0423263 -0.475349 2.8112
-3.31468 -1.53679 -3.45726
-2.41017 10.2836 -3.85297
-2.92305 0.608737 -4.56492
6.28169 -4.61107 0.159184
-2.68352 -1.98277 -0.988181
-1.85782 -1.01223 23.3853
8.453 4.1023 -5.09431
-0.209978 -2.13683 1.76855
1.18618 -4.99724 -5.93326
-4.40199 2.37619 39.7383
-0.94041 -156.6 9.47208
-0.204819 -8.44081 5.67911
1.71948 6.06795 -13.3239
-0.143717 -1.4673 0.968669
-20.2503 6.6168 -10.1149
0.517077 5.18121 -4.33606
-1.90977 3.67682 2.28435
-9.07182 -2.17626 1.0243
-0.538411 -3.85695 -32.6914
1.8394 2.62032 1.68527
0.134473 9.592 5.12846
-1.19654 1.84361 0.0127346
3.41326 0.0052534 2.18031
3.36222 -5.25168 -0.846038
4.13758 1.09673 -0.868712
5.90136 -7.56706 1.72121
-3.86144 -4.94215 4.01977
-0.994916 -0.471842 1.57983
-4.87273 -5.28521 -0.366339
-1.5471 0.490281 0.333827
1.51735 0.779335 13.274
-3.89988 4.55727 -4.08618
-1.56071 1.24335 1.51982
-1.80495 0.85007 0.170955
-1.13144 0.337468 0.0787477
-4.05612 6.40677 1.95683
7.04834 -2.50571 2.01869
14.5446 -1.17611 2.94508
-0.962515 5.60649 0.661735
-1.95155 6.78376 -0.754096
-29.8592 -2.90045 20.0663
7.72014 -3.4302 4.70423
3.69751 -6.92495 1.06962
-9.08064 -3.38122 -9.04566
