-10.7922 5.58884 8.38017
8.03909 1.42008 6.97205
-0.153876 -0.565574 2.27475
-2.79144 3.32598 -0.589679
0.371898 -2.29478 -5.1242
4.6793 3.18003 1.86678
1.16413 -4.17529 -33.1483
6.29382 2.00239 3.07041
-0.435922 1.99141 2.27906
2.98489 -3.05645 -6.62249
1.8296 -0.834692 4.93138
1.84818 3.40683 17.7849
-5.89912 -3.86143 -2.91068
-14.2866 14.5016 -0.598143
0.958605 -7.06127 -5.96942
6.62233 3.2632 -1.29092
0.379628 -4.80457 -0.467149
19.2201 -5.00262 -8.30314
-4.01744 -12.019 5.19915
0.153607 -0.114917 0.602113
5.21162 0.58875 3.79451
2.73576 -5.82281 7.21347
5.17869 3.19821 -2.54392
1.94588 2.49525 -0.555078
2.34038 3.63948 -9.32417
-3.90743 -2.95854 -2.41328
-6.14487 -0.878404 -2.63808
-1.49471 -0.133865 1.23313
0.362587 2.48715 12.0375
1.83481 -10.0225 -10.2593
4.29189 5.24625 -9.24211
-14.4489 -4.17884 -24.5721
6.67685 -19.6704 6.49225
-2.97873 3.9789 -4.4027
0.303135 -4.02636 -6.24145
1.20442 6.32943 -1.55791
2.89445 0.36381 0.270987
-2.99549 1.86095 -4.85261
-2.70215 0.760094 -4.45715
-15.0315 1.85083 5.25636
2.63096 -2.06707 5.99853
7.04675 -3.51122 4.07878
3.74738 -0.0894649 1.06566
-3.42644 2.70434 -5.74213
8.03454 -0.390249 -14.4178
-11.0674 246.954 1.44802
-1.91649 -1.32154 -3.31901
4.23672 -6.33178 2.08133
2.62615 -2.39382 0.385972
1.98406 -2.95453 -1.64201
-6.67703 0.984442 0.0717599
-3.59771 0.336741 -5.22216
-1.15318 -3.35528 -1.97603
-3.30462 1.25676 -2.32223
-2.5223 9.21126 3.47979
0.02226 -0.47629 2.6761
-3.29763 -1.56425 -3.40503
-2.41129 10.289 -3.83482
-2.73447 0.584793 -4.38271
6.14524 -4.61781 0.162506
-2.69301 -1.99386 -1.00641
-1.85998 -0.955926 23.3743
8.44688 4.06577 -5.07563
-0.319277 -2.17361 1.83866
1.17946 -4.9117 -5.91773
-4.36481 2.4728 39.7528
-0.966398 -156.599 9.65136
-0.169324 -8.41321 5.69382
1.70851 6.20038 -13.3215
-0.164288 -1.44252 0.980106
-20.2084 6.3264 -10.108
0.724742 5.20614 -4.22599
-1.85974 3.66278 2.16369
-9.07756 -2.20128 0.973257
-0.456046 -3.94456 -32.7137
1.77347 2.57691 1.68385
0.128213 9.41182 5.10494
-1.20063 1.81427 -0.00338581
3.41039 0.0521235 2.18271
3.2015 -5.45884 -0.799638
4.25407 1.0967 -0.878705
5.78325 -7.70054 1.69441
-3.83395 -4.94018 3.97082
-0.950443 -0.447596 1.57068
-5.02579 -5.3412 -0.52274
-1.51332 0.496216 0.426951
1.50292 0.753589 13.2768
-3.89948 4.50512 -4.07875
-1.56219 1.23454 1.46529
-1.77481 0.833058 0.152663
-1.2874 0.34801 0.0736254
-3.96638 6.62114 2.04856
7.08132 -2.41804 1.93732
14.5425 -1.25322 2.93982
-1.00366 5.60078 0.656435
-1.82584 6.79706 -0.701173
-29.7475 -3.04409 20.0766
7.67469 -3.42474 4.74327
3.59655 -6.91931 1.09082
-8.93204 -3.45864 -9.59538
