-10.6494 5.65377 8.25173
8.00599 1.42701 6.96832
-0.0546711 -0.500707 2.28478
-2.80324 3.44104 -0.60282
0.404324 -2.25726 -5.0722
4.70051 3.17422 1.83394
1.14246 -4.19855 -33.1414
6.29548 2.21994 3.03482
-0.435342 1.99669 2.24644
2.98354 -3.06966 -6.59278
1.90686 -0.816327 4.8935
1.71485 3.28037 17.869
-5.8865 -3.92339 -2.94205
-14.2665 14.4906 -0.610384
0.960207 -7.12712 -6.03392
6.68915 3.7882 -1.28666
0.37979 -4.79212 -0.457669
19.2307 -4.88548 -8.26823
-4.0239 -12.0255 5.21362
0.166757 -0.111033 0.585561
5.22811 0.576147 3.80336
2.73817 -5.82599 7.21805
5.17644 3.12487 -2.51617
1.91835 2.55855 -0.556663
2.24311 3.77142 -9.41622
-3.91123 -2.95403 -2.3796
-6.02621 -0.860787 -2.7628
-1.52377 -0.228064 1.09157
0.303681 2.46958 11.9115
1.82569 -10.0001 -10.2091
4.23948 5.28424 -9.29726
-14.8047 -4.1212 -24.6543
6.66799 -19.6773 6.48813
-2.93486 4.06604 -4.41477
0.315179 -4.09174 -6.2558
1.23417 6.32817 -1.63315
2.95173 0.38775 0.273929
-2.8577 1.84795 -4.9744
-2.84275 0.791511 -4.45978
-15.543 0.598632 5.44389
2.73809 -2.08387 6.00022
6.97077 -3.56566 4.15977
3.7495 -0.0373413 1.11382
-3.60223 2.7522 -5.59565
8.17091 -0.518451 -14.1178
-10.9167 246.962 1.44161
-1.94947 -1.31431 -3.20561
4.25422 -6.31901 2.05637
2.74246 -2.38602 0.396678
1.98082 -2.95704 -1.63467
-6.71037 0.984451 0.0698146
-3.58775 0.340318 -5.1768
-1.20282 -3.52619 -1.97376
-3.49421 1.28773 -2.2796
-2.51291 9.22947 3.39784
0.00403756 -0.477652 2.56589
-3.27991 -1.59412 -3.35268
-2.4126 10.293 -3.8171
-2.54233 0.558201 -4.2047
6.02809 -4.62757 0.16605
-2.70318 -2.00496 -1.0242
-1.86314 -0.901378 23.3636
8.4406 4.02966 -5.05707
-0.429604 -2.21368 1.9099
1.17286 -4.83711 -5.90552
-4.32871 2.57305 39.7739
-0.991245 -156.556 9.69849
-0.132601 -8.38896 5.70862
1.69725 6.3295 -13.2011
-0.185183 -1.4185 0.988321
-20.1691 5.94682 -10.105
0.964319 5.22869 -4.13323
-1.80742 3.64601 2.05063
-9.08407 -2.22851 0.926789
-0.384183 -4.07549 -32.7415
1.711 2.52714 1.68249
0.120991 9.25438 5.0824
-1.20522 1.78261 -0.019466
3.40796 0.0993688 2.18522
3.04382 -5.67217 -0.754861
4.38487 1.09422 -0.889598
5.65397 -7.69122 1.66633
-3.81039 -4.82452 3.92151
-0.907949 -0.42676 1.56006
-5.1863 -5.40731 -0.674738
-1.47837 0.50165 0.521581
1.48899 0.726473 13.2799
-3.89842 4.45681 -4.07362
-1.56356 1.22449 1.41255
-1.72018 0.820934 0.135554
-1.46328 0.356562 0.0682672
-3.87719 6.82687 2.14194
7.11543 -2.35695 1.85012
14.5405 -1.33555 2.93383
-1.04491 5.59403 0.650943
-1.69621 6.8192 -0.659095
-29.6505 -3.20611 20.0892
7.63699 -3.42051 4.78362
3.50021 -6.91253 1.11297
-8.79791 -3.55126 -10.1068
