-10.3157 5.87596 7.93866
7.92933 1.45102 6.95563
0.209063 -0.324077 2.30635
-2.8399 3.79446 -0.644637
0.476883 -2.14049 -4.95319
4.76439 3.1558 1.7425
1.11438 -4.26832 -33.1884
6.24759 2.98849 2.97167
-0.439868 2.01792 2.15223
2.98045 -3.10836 -6.51156
2.13794 -0.759156 4.78385
1.32171 2.94157 18.2599
-5.49665 -4.11717 -3.04615
-14.2275 14.4639 -0.656096
0.955713 -7.33702 -6.23637
3.26207 4.29716 -1.2626
0.380833 -4.75116 -0.43271
19.3215 -4.61215 -8.19295
-4.05516 -12.05 5.25242
0.197192 -0.106088 0.547559
5.27567 0.536625 3.82702
2.74341 -5.83661 7.23225
5.1669 2.93031 -2.43372
1.83464 2.74779 -0.561414
1.90599 3.52803 -9.79983
-3.93114 -2.94273 -2.2783
-5.70593 -0.791745 -3.14209
-1.62057 -0.494812 0.667429
0.100389 2.41903 11.5557
1.79088 -9.93376 -10.0753
4.08268 5.41412 -9.49329
-14.4406 -3.88209 -24.1639
6.63651 -19.703 6.47437
-2.81594 4.33224 -4.45129
0.341348 -4.31754 -6.30309
1.30379 6.32663 -1.86201
3.13334 0.457155 0.274065
-2.47241 1.80345 -5.37868
-3.26051 0.884106 -4.47302
-7.86599 -0.751307 5.97925
3.05021 -2.13598 6.00567
6.53635 -3.68959 4.49763
3.75024 0.125183 1.21471
-4.28727 2.84248 -5.28281
8.64444 -0.957685 -13.5279
-10.2887 246.842 1.43308
-2.08465 -1.29025 -2.89948
4.32049 -6.28077 1.98072
3.10545 -2.36516 0.421868
1.96179 -2.96377 -1.60764
-6.82374 0.986763 0.0606473
-3.56237 0.354123 -5.04425
-1.36489 -4.16849 -1.96746
-4.22651 1.36359 -2.18899
-2.50408 9.30026 3.15095
-0.0764695 -0.477262 2.03904
-3.24428 -1.68532 -3.19894
-2.43029 10.3013 -3.76096
-2.04779 0.478276 -3.74827
5.62483 -4.66393 0.169503
-2.73968 -2.03203 -1.07908
-1.87871 -0.750493 23.3364
8.41857 3.92509 -4.99567
-0.811388 -2.35552 2.11827
1.14836 -4.65148 -5.86793
-4.24958 2.89684 39.9389
-1.02488 -156.55 10.1144
-0.0287597 -8.32644 5.75843
1.64185 6.74507 -12.8583
-0.257113 -1.34527 1.01566
-20.1145 4.83667 -10.1048
1.54508 5.25806 -3.97182
-1.68114 3.59319 1.72623
-9.11055 -2.30279 0.787974
-0.206045 -4.73526 -32.9038
1.25142 2.38118 1.67149
0.0834098 8.88975 5.02647
-1.22288 1.68802 -0.065264
3.40236 0.240829 2.19772
2.56214 -5.71656 -0.617582
4.91067 1.07915 -0.919629
5.24388 -7.20924 1.57646
-3.77173 -4.31711 3.77597
-0.781461 -0.363968 1.53347
-5.729 -5.57565 -1.2018
-1.39572 0.522773 0.723822
1.44022 0.638149 13.2927
-3.89771 4.32849 -4.07379
-1.56908 1.19499 1.24635
-1.6119 0.785353 0.157811
-2.04492 0.382097 0.05863
-3.64424 7.42132 2.42531
7.19342 -2.15036 1.54262
14.5322 -1.51124 2.91058
-1.16095 5.57712 0.633769
-1.36132 6.94803 -0.567276
-29.47 -3.74792 20.1645
7.5178 -3.39796 4.90378
3.20031 -6.87616 1.18014
-8.49281 -3.86527 -11.1203
