-10.061 6.13613 7.83462
7.87429 1.47343 6.94926
0.471219 -0.155141 2.37099
-2.87055 4.22714 -0.68715
0.54944 -1.99799 -4.82653
4.83568 3.13567 1.67725
1.14084 -4.32836 -33.2198
6.26294 3.22793 3.01023
-0.450645 2.04657 2.07235
2.98016 -3.14373 -6.43146
2.39336 -0.704753 4.69442
1.00509 2.69286 17.9031
-5.12284 -4.31938 -3.14282
-14.1998 14.4345 -0.712736
0.947862 -7.59017 -6.40654
2.58111 4.2552 -1.15328
0.396363 -4.70739 -0.406639
19.4026 -4.4414 -8.18012
-4.09486 -12.0872 5.30572
0.204511 -0.101418 0.522392
5.33025 0.493269 3.85162
2.75051 -5.85161 7.25107
5.16038 2.74106 -2.33191
1.75426 2.93754 -0.561555
1.5363 3.0914 -10.1709
-3.95893 -2.93872 -2.16461
-5.39113 -0.689631 -3.40124
-1.70897 -0.877992 -0.249434
-0.0858728 2.3768 11.313
1.75782 -9.89059 -9.94984
3.97541 5.52938 -9.67916
-13.9811 -3.20157 -23.8963
6.60246 -19.7381 6.46561
-2.70545 4.59495 -4.47889
0.360206 -4.62517 -6.34545
1.36285 6.31477 -2.03864
3.34415 0.525276 0.280803
-2.1003 1.75094 -5.80319
-3.76003 0.969223 -4.47758
-6.30728 -0.84583 6.3951
3.38843 -2.19974 6.01688
6.15336 -3.79746 4.92314
3.74837 0.304651 1.06037
-4.96885 2.88114 -5.01302
9.19793 -1.42933 -13.2713
-9.98741 246.727 1.42211
-2.22832 -1.26231 -2.61608
4.41954 -6.25818 1.92263
3.54168 -2.3549 0.460131
1.93075 -2.96886 -1.57441
-6.96133 0.988286 0.0572014
-3.53954 0.370588 -4.89915
-1.5214 -5.10016 -1.94817
-5.21524 1.41449 -2.08303
-2.5007 9.40497 2.94344
-0.145303 -0.475915 1.74529
-3.21542 -1.77321 -3.0751
-2.48161 10.2964 -3.68285
-1.61201 0.389226 -3.39184
5.25421 -4.71485 0.182013
-2.77951 -2.05223 -1.12355
-1.89933 -0.632707 23.3198
8.40283 3.814 -4.91604
-1.24568 -2.53913 2.51193
1.12297 -4.5058 -5.81751
-4.13419 3.61345 39.9649
-1.09458 -156.409 10.7403
0.0747839 -8.28471 5.84511
1.59402 7.19012 -12.4554
-0.330672 -1.28023 1.06429
-20.1027 4.06225 -10.0975
2.38261 4.97889 -3.68464
-1.5682 3.53569 1.41819
-9.13988 -2.38956 0.515556
-0.0388363 -6.09283 -33.3229
1.02375 2.22925 1.66785
0.0352034 8.61336 4.99235
-1.24061 1.58427 -0.100755
3.40629 0.360026 2.22404
2.10086 -5.23862 -0.410122
5.82281 1.04762 -0.960111
4.89255 -6.81263 1.50296
-3.74141 -3.85541 3.66793
-0.654569 -0.308682 1.51252
-6.31959 -5.75314 -1.6738
-1.3243 0.550079 0.470991
1.38951 0.535901 13.3204
-3.90571 4.20513 -4.09315
-1.57609 1.16609 1.09908
-1.56559 0.722563 0.154354
-3.00639 0.414433 0.0645392
-3.4054 7.47872 2.80736
7.31544 -1.94873 1.2045
14.5353 -1.16622 2.88455
-1.28894 5.56089 0.618196
-1.06235 7.41499 -0.427286
-29.399 -4.25153 20.3471
7.43041 -3.37331 5.06639
2.92718 -6.82916 1.26925
-8.24573 -4.23366 -10.4763
