-10.0014 6.23433 7.81223
7.85925 1.48195 6.94811
0.559984 -0.0753065 2.40134
-2.87922 4.28578 -0.702426
0.575518 -1.9352 -4.78268
4.86095 3.13041 1.65842
1.14989 -4.34839 -33.2327
6.27773 3.01586 3.02618
-0.455714 2.06103 2.04491
2.98061 -3.15313 -6.40511
2.48729 -0.68387 4.66709
0.921821 2.64518 17.7941
-4.99891 -4.38954 -3.17009
-14.1933 14.4265 -0.73081
0.94252 -7.67491 -6.46198
2.44652 4.24178 -1.11433
0.407997 -4.69144 -0.398635
19.4286 -4.35493 -8.1779
-4.11049 -12.1013 5.32752
0.203402 -0.097837 0.514089
5.34985 0.481523 3.86066
2.75346 -5.85575 7.25842
5.15821 2.68176 -2.29876
1.72886 3.01278 -0.561171
1.40968 2.95525 -10.3068
-3.96857 -2.93824 -2.12534
-5.27746 -0.638017 -3.48162
-1.73488 -0.961493 -0.36327
-0.143308 2.36485 11.2528
1.7477 -9.87646 -9.91075
3.94964 5.56615 -9.73536
-13.8008 -3.14238 -23.8558
6.5901 -19.7487 6.46341
-2.66904 4.68565 -4.48381
0.363808 -4.75277 -6.35707
1.37851 6.30299 -2.09847
3.42092 0.548858 0.281486
-1.97874 1.73493 -5.95864
-3.93855 1.00125 -4.47888
-6.02511 -0.866657 6.55528
3.50945 -2.21924 6.02392
6.03979 -3.83561 5.08244
3.74679 0.373499 1.00796
-5.20193 2.89133 -4.92727
9.38313 -1.54194 -13.2008
-9.92061 246.71 1.41946
-2.27972 -1.25213 -2.52441
4.45976 -6.25587 1.90692
3.71445 -2.35127 0.473948
1.9185 -2.96881 -1.56367
-7.01416 0.990151 0.0572691
-3.53215 0.377481 -4.85228
-1.57368 -5.34463 -1.93695
-5.59432 1.43364 -2.04282
-2.49851 9.45478 2.88338
-0.168432 -0.476325 1.65155
-3.2062 -1.79612 -3.03334
-2.51037 10.301 -3.65449
-1.47878 0.364108 -3.27877
5.13683 -4.73202 0.188413
-2.79315 -2.05745 -1.13686
-1.90604 -0.586774 23.3161
8.40108 3.78176 -4.88854
-1.39468 -2.58985 2.64354
1.11344 -4.45857 -5.79923
-4.08826 3.96023 39.9063
-1.11547 -156.386 10.6763
0.109436 -8.26801 5.87917
1.57571 7.33804 -12.3525
-0.354707 -1.25773 1.08525
-20.103 3.92486 -10.1007
2.66278 5.02593 -3.57494
-1.53258 3.51819 1.32473
-9.15382 -2.41063 0.484002
0.0120037 -6.67076 -33.5468
0.962669 2.18183 1.66728
0.0161041 8.5537 4.98323
-1.24644 1.55194 -0.110735
3.4103 0.411833 2.23366
1.95352 -5.0773 -0.338893
6.28832 1.03333 -0.979063
4.78649 -6.68256 1.48311
-3.73263 -3.72155 3.64082
-0.609156 -0.287791 1.50819
-6.53162 -5.80476 -1.8164
-1.30166 0.562353 0.390369
1.37196 0.502357 13.333
-3.91311 4.17476 -4.10172
-1.5786 1.15709 1.05287
-1.552 0.703236 0.151006
-3.48162 0.431249 0.07269
-3.32095 6.67596 2.95651
7.37457 -1.88335 1.11436
14.5406 -1.04049 2.87802
-1.3366 5.55716 0.613239
-0.967264 7.99029 -0.371814
-29.3899 -4.37973 20.4449
7.40676 -3.3646 5.13435
2.84352 -6.81043 1.30278
-8.17335 -4.32875 -10.259
