-8.88981 -1.18963 -2.37318
-0.964153 -0.211543 0.597377
0.500564 -0.761221 0.131518
-1.62802 -1.39179 -0.0359353
3.73376 -1.3259 1.27295
1.4982 0.189995 3.01634
0.170216 -2.73 0.130266
0.879927 3.9366 1.70112
-0.981154 1.70782 -1.95215
0.949566 -0.16875 -0.487921
-0.307591 -0.0406532 0.506409
-2.88716 0.725933 3.03714
-0.115831 1.90224 -0.47067
-1.81412 -0.623979 -3.53252
6.47559 4.66901 0.11487
0.194167 0.451348 -0.842307
-0.00874043 -1.04619 -2.11472
-3.04036 -0.145127 -0.757725
-1.16885 0.124267 -0.621446
-2.6068 1.39298 1.02702
-2.21138 -0.0358696 0.564614
0.311402 1.16462 -0.054467
2.22765 -1.07058 -0.909047
0.122014 0.619341 2.60956
3.01144 -1.34582 -0.0757816
-0.525899 -1.42807 -2.04651
0.236508 3.87644 -1.13553
-0.14581 2.00115 1.06325
4.03905 0.362743 1.71689
-2.47825 1.78121 -4.89208
-0.97252 -0.299882 -0.742444
2.03237 3.45439 -4.02225
-0.68631 4.19278 0.425782
0.806873 0.306546 -0.874921
-2.83061 0.133147 1.6359
-1.00753 0.788998 -4.93179
-0.280356 -1.77976 -0.00993236
-0.72251 0.297345 1.11382
-3.21133 -1.47709 0.654575
1.95829 -0.0280236 2.43224
-1.24756 -0.313844 -3.08187
-3.33053 -1.312 -3.25517
-0.333499 -2.27361 2.27298
-3.84795 -0.145923 -1.56044
-2.81063 5.00222 -0.962237
-0.593485 2.45306 3.64446
-1.04228 0.66551 3.33909
6.38685 -0.353442 0.258623
1.97149 1.92081 -0.358065
0.552304 -0.444738 1.37452
1.10805 -0.0434403 2.93412
-1.62685 -0.0109744 -0.193047
-1.48488 0.693174 5.15948
1.84018 2.42274 0.00735248
0.987923 1.019 0.812871
0.422806 -0.0609304 -0.649105
-0.154286 0.921523 -0.0563917
-4.33677 3.88613 5.08215
-5.21625 -0.411349 -2.53523
-0.775144 -1.06666 -0.157914
-0.427593 -0.58919 1.16889
-1.78029 -1.11609 -2.97451
1.33931 0.282901 -5.25998
0.925692 -0.837962 0.02257
0.764704 -2.10124 2.11207
2.07338 -2.97729 -1.48175
0.521846 -1.53231 -1.72026
-1.14604 1.7585 1.69553
-0.890103 0.904524 -1.53687
1.6515 0.0338998 -1.2694
1.5923 -4.69107 -2.52138
3.43019 -4.35019 -0.400329
-1.68779 2.26398 -2.68964
-0.942415 -1.17168 -2.07722
0.827817 2.06201 2.5003
1.43748 0.486739 -0.0608955
0.331265 -3.26607 -0.809827
-2.67705 1.24515 0.693584
0.223883 -0.848183 0.6807
-4.88146 -1.20759 6.1013
0.187892 0.89818 -0.90821
0.32036 -1.54025 0.245111
-0.520746 -1.2778 -0.520321
-0.504154 -0.0586509 -0.345726
-2.8406 -0.842359 -2.29505
1.06069 -0.20059 0.250725
1.12037 -0.193408 0.235319
-0.219702 -0.332753 -0.136864
-1.78705 -1.57675 1.01318
0.199895 0.241582 -0.0155224
-0.0285509 -0.770852 0.369089
0.864401 -1.36412 1.73595
6.6716 1.00991 -0.190453
-0.917689 -2.07743 0.752456
-0.649712 0.391985 0.614587
0.936542 -0.834668 0.624936
4.25655 1.27466 3.32703
5.11635 3.45659 0.925919
2.79084 0.518175 0.491888
1.91386 -0.284736 -3.99728
