-9.89035 6.42623 7.73262
7.83376 1.5005 6.94535
0.736727 0.0855813 2.46108
-2.89541 4.18649 -0.736945
0.629223 -1.81058 -4.70738
4.91729 3.11996 1.62293
1.16863 -4.39506 -33.2725
6.3127 2.64044 3.05639
-0.466342 2.10043 1.97787
2.98252 -3.16822 -6.3542
2.71703 -0.641828 4.60792
0.775368 2.55587 17.6435
-4.74324 -4.5507 -3.23353
-14.1806 14.4064 -0.74978
0.928531 -7.74163 -6.58155
2.22169 4.21721 -1.03462
0.435836 -4.66777 -0.383232
19.4864 -4.22631 -8.17376
-4.14445 -12.1297 5.37856
0.198371 -0.0871942 0.495901
5.3936 0.45845 3.87656
2.76192 -5.86502 7.273
5.15417 2.59055 -2.23642
1.67849 3.18803 -0.561178
1.1552 2.7093 -10.6534
-3.98734 -2.938 -2.04662
-5.00724 -0.466931 -3.62724
-1.77962 -1.08839 -0.587175
-0.254433 2.34404 11.1497
1.7252 -9.84558 -9.84883
3.90477 5.64444 -9.85042
-13.5126 -3.03582 -23.7823
6.56275 -19.7663 6.45832
-2.60037 4.87355 -4.49546
0.364446 -5.08724 -6.38448
1.38719 6.23972 -2.22975
3.59108 0.598765 0.285033
-1.73751 1.70705 -6.30344
-4.34618 1.06656 -4.48231
-5.58396 -0.903086 6.91942
3.76838 -2.26019 6.03543
5.82683 -3.91071 5.44505
3.74159 0.535899 0.874166
-5.69623 2.91046 -4.76465
9.53319 -1.77231 -13.0997
-9.77241 246.787 1.41771
-2.38986 -1.22996 -2.34151
4.54971 -6.26281 1.87705
4.05959 -2.34518 0.502339
1.895 -2.96767 -1.54579
-7.13053 0.99397 0.057566
-3.51816 0.392846 -4.76276
-1.68174 -5.59441 -1.91094
-6.13254 1.47489 -1.96325
-2.48999 9.56962 2.74286
-0.224064 -0.481924 1.45996
-3.18688 -1.84139 -2.96098
-2.57584 10.3342 -3.60357
-1.21462 0.313128 -3.0726
4.9139 -4.76651 0.201291
-2.81937 -2.06476 -1.16167
-1.91007 -0.487238 23.3056
8.40498 3.72353 -4.83941
-1.6726 -2.6908 2.90539
1.08537 -4.35291 -5.7598
-4.00185 4.21689 39.8145
-1.13877 -156.372 10.5397
0.175585 -8.23877 5.95207
1.53771 7.27969 -12.1799
-0.404741 -1.20882 1.12378
-20.1027 3.73331 -10.1172
3.13669 5.13563 -3.40123
-1.46195 3.48409 1.13964
-9.18607 -2.44544 0.417267
0.116583 -7.1059 -33.4213
0.838367 2.08282 1.66467
-0.0247102 8.47693 4.96382
-1.25663 1.48803 -0.13167
3.42045 0.516695 2.25037
1.67016 -4.73648 -0.205776
7.13609 0.993174 -1.02929
4.58018 -6.41114 1.43806
-3.72126 -3.42958 3.56941
-0.51108 -0.25114 1.48861
-6.96786 -5.91773 -2.13903
-1.25968 0.590317 0.231014
1.3376 0.444144 13.3625
-3.93121 4.12121 -4.11578
-1.58052 1.14097 0.96044
-1.5215 0.663393 0.142832
-4.42841 0.470114 0.0999355
-3.12522 5.36008 3.21197
7.50034 -1.75435 0.932618
14.5522 -0.819429 2.86605
-1.42719 5.55101 0.603061
-0.762502 9.00188 -0.274162
-29.3795 -4.6711 20.6956
7.36358 -3.34259 5.29006
2.67853 -6.77003 1.36946
-8.03272 -4.51127 -9.95094
