-9.65451 7.03021 7.58626
7.7954 1.53136 6.93727
1.08421 0.521604 2.59428
-2.93295 3.60152 -0.80724
0.724094 -1.57739 -4.58343
5.04395 3.10234 1.55096
1.19852 -4.50304 -33.4435
6.39651 1.9199 3.11506
-0.417149 2.1779 1.75939
2.98012 -3.18796 -6.25986
3.36964 -0.551368 4.48307
0.3385 2.40242 17.4549
-4.33833 -4.82819 -3.3878
-14.2278 14.3792 -0.675827
0.88599 -7.3009 -6.89496
1.7389 4.17779 -0.883449
0.466939 -4.64623 -0.349669
19.6853 -4.01795 -8.17056
-4.24328 -12.1937 5.48903
0.180226 -0.0666059 0.453572
5.48746 0.414937 3.91081
2.78269 -5.89134 7.30839
5.14945 2.41224 -2.11612
1.58606 3.48709 -0.559568
0.487168 2.31158 -10.9589
-4.02693 -2.94477 -1.89627
-4.60193 3.54561 -2.60618
-1.86971 -1.32942 -1.07349
-0.462206 2.31526 10.9824
1.66045 -9.80362 -9.77726
3.82832 5.77757 -10.1003
-13.2391 -2.84267 -23.7014
6.39124 -19.8045 6.4517
-2.48645 5.62441 -4.49066
0.328527 -5.52132 -6.44863
1.4512 3.90627 -3.36342
3.66689 0.696466 0.29199
-1.31618 1.67827 -6.87134
-5.18645 1.19448 -4.49581
-5.01656 -0.975137 7.87266
4.32652 -2.34341 6.06798
5.40058 -4.03492 6.21737
3.74806 1.4838 -0.00412612
-5.22925 2.93728 -4.48058
8.71386 -2.11304 -12.9698
-9.51905 246.889 1.40855
-2.69802 -1.19448 -2.03095
4.72533 -6.29791 1.82635
4.48071 -2.32312 0.563796
1.85573 -2.9608 -1.53051
-7.44749 1.00016 0.0580552
-3.49969 0.423311 -4.60079
-1.90585 -4.66282 -1.86516
-5.72811 1.56726 -1.80896
-2.46181 9.81829 2.48062
-0.32919 -0.476073 1.06017
-3.15794 -1.94209 -2.81661
-2.65026 10.4433 -3.52782
-0.746352 0.222493 -2.72004
4.42864 -4.83259 0.222355
-2.87175 -2.07411 -1.21639
-1.83626 -0.284533 23.4013
8.42784 3.61097 -4.76908
-2.28044 -2.82069 3.45054
0.964252 -4.14573 -5.73616
-3.86147 3.65043 39.7604
-1.21419 -156.386 10.3577
0.278969 -8.19278 6.12795
1.46044 6.90955 -11.9134
-0.51892 -1.11881 1.20133
-20.1076 3.4542 -10.1683
3.5244 5.38889 -3.11677
-1.34862 3.42475 0.735744
-9.30073 -2.53066 0.225477
0.290282 -6.69549 -33.0852
0.575345 1.86941 1.65576
-0.124585 8.29885 4.91777
-1.2726 1.34095 -0.175781
3.44269 0.717684 2.28282
1.13952 -4.00622 0.0572703
6.33904 0.925452 -1.12662
4.1879 -5.92323 1.34082
-3.69502 -2.71005 3.39784
-0.276611 -0.172281 1.45064
-6.25039 -6.14619 -2.9427
-1.20688 0.656736 -0.0852212
1.2712 0.33763 13.4453
-3.87787 4.00038 -4.11591
-1.58919 1.10936 0.771241
-1.46755 0.583884 0.122579
-4.0604 0.526611 0.149209
-2.73131 4.69296 3.71888
7.74328 -1.46294 0.615065
14.5902 -0.395248 2.84592
-1.5732 5.54299 0.583539
-0.269208 8.88639 -0.0882779
-29.4062 -6.82936 22.5571
7.2647 -3.30134 5.58598
2.22232 -6.6893 1.47929
-7.80812 -5.00001 -9.46226
