-9.51895 7.17442 7.59219
7.77665 1.54433 6.93319
1.26181 0.722032 2.66348
-2.957 3.25716 -0.839075
0.775736 -1.4844 -4.52903
5.11066 3.09297 1.50424
1.21293 -4.56888 -33.5279
6.43846 1.47391 3.13911
-0.372482 2.17687 1.68748
2.97547 -3.19333 -6.21793
3.70046 -0.507423 4.41358
0.185815 2.32879 17.3857
-4.15958 -4.98855 -3.48458
-14.2697 14.4063 -0.670004
0.850362 -6.84946 -7.04086
1.49062 4.15883 -0.824962
0.471848 -4.63624 -0.332571
19.8716 -3.91823 -8.1714
-4.30872 -12.233 5.55119
0.168755 -0.0568146 0.432145
5.53593 0.393753 3.9276
2.79449 -5.90904 7.33075
5.14847 2.32325 -2.05029
1.54264 3.62094 -0.558288
0.139558 2.10241 -10.6401
-4.04434 -2.95107 -1.82257
-5.99927 5.34199 -2.09203
-1.91606 -1.44326 -1.33453
-0.561633 2.29779 10.9088
1.62485 -9.79205 -9.75365
3.79635 5.84601 -10.2378
-13.1067 -2.7652 -23.685
6.25681 -19.9494 6.50532
-2.43605 6.12955 -4.49847
0.289854 -5.31644 -6.49113
2.43716 2.8569 -4.16498
3.44944 0.740994 0.298197
-1.11905 1.67608 -6.19856
-5.64038 1.25615 -4.50543
-4.81329 -1.02649 8.28983
4.62475 -2.38829 6.08355
5.20382 -4.09071 6.65763
3.75518 1.72146 -0.106705
-4.64777 2.93776 -4.37283
8.40273 -2.28477 -12.9352
-9.42013 246.91 1.3992
-2.87298 -1.18204 -1.88346
4.79773 -6.32001 1.80457
4.70375 -2.3036 0.594567
1.84073 -2.95656 -1.53228
-7.653 1.00148 0.0566515
-3.49345 0.437223 -4.5275
-2.01866 -3.90095 -1.8597
-5.5692 1.61222 -1.73809
-2.44385 9.93342 2.37158
-0.386675 -0.475967 0.831433
-3.14909 -1.99491 -2.73508
-2.66176 10.5018 -3.49603
-0.541684 0.177148 -2.58491
4.18437 -4.86565 0.227477
-2.89787 -2.07844 -1.24309
-1.84893 -0.164558 23.5009
8.43921 3.55744 -4.74646
-2.65297 -2.87151 3.66288
0.939096 -4.06565 -5.73221
-3.79721 3.29166 39.7534
-1.25651 -156.372 10.2655
0.327364 -8.17337 6.22803
1.42415 6.73507 -11.8217
-0.576178 -1.07894 1.24119
-20.1167 3.32727 -10.1993
3.73686 5.50524 -3.00074
-1.30044 3.39665 0.422062
-9.37046 -2.57936 0.0825103
0.388655 -6.2243 -33.0059
0.434228 1.75531 1.64831
-0.183373 8.21826 4.89206
-1.27854 1.25532 -0.197194
3.45331 0.814131 2.30356
0.881163 -3.66853 0.166852
5.80011 0.906572 -1.16037
4.00519 -5.72162 1.28383
-3.67124 -2.60482 3.29579
-0.174542 -0.134396 1.43305
-5.89269 -6.28092 -3.47955
-1.18973 0.692579 -0.264707
1.23805 0.289884 13.5031
-3.80617 4.01781 -4.14806
-1.59163 1.09085 0.674134
-1.44776 0.543869 0.108932
-3.49146 0.531975 0.156034
-2.5528 4.51356 3.99405
7.86573 -1.33602 0.467355
14.6221 -0.16784 2.83897
-1.67585 5.54119 0.576696
0.00248997 8.73485 -0.0133914
-29.4213 -7.77921 22.4016
7.22036 -3.28378 5.75141
2.01067 -6.64975 1.51763
-7.71997 -5.27675 -9.23019
