-9.4575 7.24455 7.61569
7.76793 1.55042 6.93041
1.18489 0.820708 2.69845
-2.96889 3.10647 -0.854828
0.815574 -1.43846 -4.50393
5.14668 3.08803 1.47914
1.22185 -4.60208 -33.4657
6.46135 1.16972 3.14666
-0.357743 2.17546 1.66034
2.97295 -3.19519 -6.20079
3.88712 -0.48527 4.37533
0.122214 2.29143 17.3554
-4.07327 -5.07373 -3.53986
-14.2815 14.4209 -0.67884
0.839539 -6.69103 -6.99509
1.37088 4.14911 -0.797992
0.473531 -4.63082 -0.324777
19.8946 -3.86795 -8.17342
-4.34446 -12.2541 5.58284
0.16236 -0.0521506 0.419674
5.56201 0.38326 3.93418
2.80137 -5.91873 7.34117
5.1483 2.27813 -2.02497
1.5243 3.69109 -0.558712
-0.0273411 1.99402 -10.5176
-4.05211 -2.95453 -1.78815
-6.1457 5.44937 -2.19096
-1.93862 -1.50355 -1.32361
-0.610778 2.29039 10.8755
1.6077 -9.78796 -9.74552
3.77731 5.87744 -10.3191
-13.0483 -2.72573 -23.6697
6.2402 -20.0228 6.52177
-2.40016 6.27788 -4.50042
0.266658 -5.21767 -6.52795
2.60057 2.80475 -4.34053
3.35653 0.762942 0.301962
-1.0202 1.67697 -5.90058
-5.8903 1.28852 -4.51113
-4.71988 -1.05506 8.53321
4.78309 -2.41128 6.09076
5.11324 -4.11559 6.9001
3.75524 1.78131 -0.170123
-4.38747 2.93461 -4.32226
8.2748 -2.37045 -12.924
-9.37091 246.916 1.39419
-2.96135 -1.17503 -1.81012
4.83032 -6.33324 1.793
4.82809 -2.29089 0.610864
1.83463 -2.95507 -1.53518
-7.76611 1.00171 0.0554772
-3.49081 0.443789 -4.49379
-2.0695 -3.56843 -1.86263
-5.48743 1.63481 -1.70404
-2.43333 9.99148 2.31193
-0.415717 -0.472645 0.708241
-3.1444 -2.02036 -2.70966
-2.664 10.5334 -3.48267
-0.440773 0.155644 -2.52547
4.06692 -4.88178 0.228948
-2.91035 -2.07848 -1.25791
-1.85608 -0.109711 23.5476
8.4448 3.53212 -4.74089
-2.85584 -2.89694 3.77353
0.928341 -4.02817 -5.72974
-3.76508 3.15708 39.7467
-1.2719 -156.383 10.2168
0.35303 -8.16418 6.28122
1.40856 6.65153 -11.7937
-0.602834 -1.06034 1.25901
-20.1214 3.26547 -10.2152
3.94365 5.5621 -2.95
-1.27723 3.38367 0.246606
-9.40834 -2.60716 -0.0287063
0.457596 -5.90539 -32.9783
0.371208 1.69987 1.64352
-0.2124 8.18362 4.87887
-1.28016 1.2116 -0.21053
3.45968 0.862427 2.31314
0.773418 -3.50588 0.212757
5.59401 0.898262 -1.17661
3.92088 -5.62714 1.25155
-3.65148 -2.57463 3.24151
-0.116931 -0.115777 1.41687
-5.72037 -6.35355 -3.80215
-1.18222 0.711577 -0.35591
1.22342 0.265071 13.5325
-3.80719 4.01757 -4.15926
-1.5913 1.08214 0.622145
-1.43404 0.522998 0.102084
-3.26835 0.531091 0.156633
-2.45721 4.43166 4.15588
7.9321 -1.27336 0.39277
14.6482 -0.0322697 2.8347
-1.72689 5.5414 0.574145
0.157875 8.67159 0.0229684
-29.4285 -7.93921 22.2552
7.20078 -3.27463 5.8315
1.92069 -6.63027 1.53171
-7.67471 -5.41539 -9.15577
