-9.40958 7.32287 7.64134
7.76006 1.5558 6.92732
0.937891 0.919306 2.73429
-2.98027 2.9669 -0.870531
0.868416 -1.39233 -4.47984
5.18431 3.08296 1.4543
1.23384 -4.63506 -33.4066
6.48793 0.808823 3.15954
-0.34592 2.17406 1.63569
2.97069 -3.19676 -6.18579
4.09141 -0.464011 4.33566
0.0646073 2.2532 17.3267
-3.98781 -5.16367 -3.59822
-14.2884 14.4346 -0.691543
0.83381 -6.633 -6.84869
1.25359 4.1388 -0.773201
0.475456 -4.62549 -0.317673
19.8367 -3.81883 -8.1761
-4.3823 -12.2762 5.61269
0.155927 -0.0484176 0.406211
5.58953 0.373096 3.94036
2.80874 -5.92866 7.35206
5.14814 2.23248 -2.00405
1.50976 3.76383 -0.559845
-0.18744 1.88449 -10.4228
-4.05911 -2.95842 -1.7555
-6.19864 5.50102 -2.31051
-1.96044 -1.56848 -1.16488
-0.656332 2.28333 10.8421
1.59159 -9.78516 -9.73962
3.75964 5.90576 -10.4114
-12.9925 -2.69022 -23.6568
6.23217 -20.093 6.52936
-2.3581 6.39709 -4.50085
0.245118 -5.12421 -6.57675
2.70942 2.78422 -4.4965
3.28646 0.784272 0.306066
-0.921545 1.67769 -5.62323
-6.14897 1.32082 -4.51684
-4.63082 -1.08521 8.81389
4.94769 -2.4343 6.09793
5.029 -4.14011 7.14586
3.75486 1.83027 -0.240797
-4.14283 2.92925 -4.27449
8.16396 -2.45738 -12.9162
-9.32735 247.241 1.37649
-3.05063 -1.16711 -1.73758
4.86687 -6.34586 1.78382
4.96187 -2.27682 0.627523
1.83081 -2.95396 -1.53877
-7.88327 1.00141 0.0535852
-3.48831 0.449856 -4.46203
-2.11434 -3.26159 -1.86886
-5.40022 1.65701 -1.67075
-2.42158 10.05 2.25174
-0.442776 -0.47034 0.581945
-3.14054 -2.04517 -2.68851
-2.66337 10.5667 -3.47041
-0.340436 0.134893 -2.46933
3.95293 -4.89771 0.229199
-2.92256 -2.07924 -1.2754
-1.86203 -0.0602912 23.5894
8.44989 3.50697 -4.73817
-3.06848 -2.92479 3.88821
0.917818 -3.99225 -5.7285
-3.73098 2.77727 39.7333
-1.28676 -156.409 10.1585
0.380383 -8.15602 6.33634
1.39457 6.57169 -11.777
-0.627341 -1.04276 1.27546
-20.1254 3.20239 -10.2308
4.26129 5.61846 -2.90361
-1.25499 3.37163 0.0557258
-9.45005 -2.63744 -0.173951
0.541792 -5.52792 -32.9552
0.311509 1.64208 1.638
-0.240498 8.15225 4.86566
-1.28111 1.16563 -0.225061
3.46705 0.910687 2.32268
0.68636 -3.34668 0.251414
5.41472 0.889433 -1.19292
3.84189 -5.53572 1.21678
-3.62642 -2.55749 3.194
-0.0546714 -0.0990653 1.39947
-5.54606 -6.43103 -4.17996
-1.17523 0.731269 -0.448
1.21077 0.238269 13.5595
-3.81216 4.00686 -4.16658
-1.59171 1.07316 0.568289
-1.41971 0.501414 0.0947012
-3.06873 0.527785 0.15649
-2.35525 4.35302 4.35307
8.00463 -1.21062 0.317748
14.6848 0.164586 2.83798
-1.77678 5.54223 0.572556
0.328884 8.61433 0.059569
-29.4378 -7.83396 22.0677
7.18292 -3.26662 5.90833
1.84162 -6.61223 1.54267
-7.62782 -5.55997 -9.09015
