-9.37959 7.41239 7.66123
7.75329 1.56081 6.92461
0.756178 1.01809 2.77278
-2.99192 2.83533 -0.885327
0.939465 -1.3452 -4.45665
5.22396 3.07823 1.42937
1.25357 -4.66794 -33.3473
6.52039 0.482518 3.17969
-0.335757 2.17369 1.61292
2.96892 -3.19769 -6.17199
4.31514 -0.442647 4.29595
0.0119114 2.21288 17.3008
-3.90441 -5.25823 -3.65838
-14.2914 14.4486 -0.705904
0.83022 -6.57393 -6.7434
1.14246 4.12783 -0.749955
0.478282 -4.61968 -0.310743
19.787 -3.77167 -8.17888
-4.42233 -12.2995 5.64284
0.149665 -0.0454015 0.392564
5.61901 0.363798 3.94736
2.81626 -5.93795 7.36439
5.14774 2.18829 -1.98353
1.49703 3.83926 -0.560677
-0.344817 1.77419 -10.3376
-4.06509 -2.96245 -1.72351
-6.20641 5.52926 -2.43179
-1.982 -1.64031 -1.01538
-0.700258 2.27496 10.8105
1.5777 -9.78305 -9.73451
3.7446 5.93225 -10.511
-12.9375 -2.65816 -23.6571
6.22706 -20.165 6.53297
-2.31136 6.50842 -4.49822
0.22908 -5.03789 -6.63376
2.79681 2.77613 -4.64468
3.22236 0.80565 0.31047
-0.819419 1.67765 -5.36217
-6.41841 1.35463 -4.52136
-4.54394 -1.11697 9.14581
5.12058 -2.4569 6.10668
4.95218 -4.16607 7.40367
3.75448 1.87958 -0.310582
-3.79715 2.9232 -4.22827
8.06318 -2.54453 -12.909
-9.28616 247.536 1.36095
-3.13529 -1.15743 -1.66457
4.90348 -6.35648 1.7748
4.91566 -2.26123 0.645134
1.82838 -2.95246 -1.54298
-7.98545 1.00145 0.0514283
-3.48554 0.455863 -4.43135
-2.15747 -2.97722 -1.87627
-5.25662 1.67938 -1.63753
-2.40903 10.1112 2.19321
-0.468962 -0.468251 0.450056
-3.14264 -2.06583 -2.67304
-2.65902 10.6039 -3.45677
-0.241158 0.114756 -2.41495
3.84391 -4.91319 0.229752
-2.93424 -2.08043 -1.29379
-1.86646 -0.014939 23.6347
8.45382 3.48287 -4.73675
-3.29064 -2.95676 4.01212
0.907212 -3.95736 -5.72735
-3.70391 2.24136 39.7142
-1.30287 -156.396 10.101
0.412663 -8.1475 6.39495
1.38108 6.49758 -11.7623
-0.647466 -1.02579 1.29246
-20.1294 3.13758 -10.2458
4.31598 5.67521 -2.86007
-1.23338 3.36107 -0.158436
-9.4937 -2.67249 -0.314053
0.627723 -5.17686 -32.9328
0.249945 1.58384 1.63212
-0.268015 8.12385 4.85348
-1.28189 1.11938 -0.239656
3.47597 0.960342 2.33288
0.612871 -3.1911 0.291709
5.2541 0.880252 -1.20931
3.76502 -5.44906 1.18286
-3.59963 -2.54572 3.15854
0.00949373 -0.0821479 1.3867
-5.3697 -6.51523 -4.63774
-1.16711 0.752245 -0.541012
1.19975 0.209896 13.5879
-3.81756 3.99133 -4.17161
-1.59217 1.06361 0.513838
-1.40967 0.482414 0.0844911
-2.88477 0.523594 0.156324
-2.2517 4.27777 4.60868
8.08435 -1.14799 0.243944
14.7319 0.502042 2.84001
-1.82597 5.54433 0.572593
0.507306 8.56228 0.0980426
-29.4446 -7.73261 21.9454
7.16819 -3.25964 5.98568
1.78163 -6.59615 1.55296
-7.5822 -5.71182 -9.0301
