-9.42108 8.94035 7.63159
7.72316 1.60299 6.91098
-0.0938279 1.85794 3.20098
-3.09546 1.92678 -0.998871
1.55339 -0.905701 -4.29523
5.64776 3.05193 1.24296
1.47277 -4.91611 -33.2386
7.09495 -0.788834 3.35847
-0.287947 2.19729 1.44232
2.97482 -3.20092 -6.0739
2.53235 -0.267958 3.98533
-0.340116 1.87728 17.1658
-3.24892 -5.97285 -4.13587
-14.2995 14.6293 -0.845065
0.829362 -6.03149 -5.80223
0.374994 4.036 -0.649762
0.504386 -4.5609 -0.250811
19.5404 -3.47418 -8.1747
-4.78994 -12.5246 5.99666
0.114218 -0.0285257 0.284927
6.0226 0.3085 4.05175
2.88664 -5.97118 7.54578
5.12489 1.87599 -1.8154
1.4249 4.54798 -0.552833
-1.43096 0.925762 -9.81146
-4.08929 -2.99026 -1.47263
-5.7442 4.98523 -5.02328
-2.16076 -2.17843 -0.191884
-1.03678 2.20912 10.6537
1.48048 -9.77489 -9.6957
3.63715 6.14284 -11.1441
-12.7893 -2.36951 -23.7616
6.21911 -20.3606 6.60064
-1.88329 5.42659 -4.55976
0.278633 -4.03657 -7.0479
3.36512 2.82936 -5.4012
2.61338 1.00258 0.347695
0.087204 1.65409 -3.49334
-4.77632 1.7266 -4.52254
-3.8736 -1.4692 8.51499
4.2243 -2.61791 6.28562
4.53221 -4.40158 8.64913
3.75721 2.23064 -0.831715
-0.762914 2.91063 -3.88726
7.50116 -3.28388 -12.8448
-9.00877 247.684 1.39011
-3.76259 -0.998909 -1.01425
5.19498 -6.45268 1.68143
3.20791 -2.12354 0.814664
1.83019 -2.94458 -1.58783
-7.67162 1.01763 0.0422875
-3.47096 0.508507 -4.21185
-2.5203 -1.08762 -1.97239
-4.19153 1.88164 -1.36059
-2.31653 9.27696 1.81508
-0.678396 -0.431207 -0.537219
-3.15202 -2.2224 -2.37398
-2.61452 11.133 -3.32393
0.685653 -0.00115299 -1.85461
3.33475 -5.02858 0.293937
-3.01579 -2.09332 -1.43041
-1.90036 0.272167 23.1809
8.48643 3.33086 -4.73877
-5.0953 -3.27751 4.53795
0.825268 -3.74255 -5.72154
-3.56485 0.964276 39.8249
-1.43444 -156.247 9.79344
0.656585 -8.08704 7.04419
1.29157 6.01502 -11.6659
-0.779493 -0.897785 1.44964
-20.1968 2.63801 -10.3549
2.92132 6.27196 -2.5779
-1.07257 3.4044 -1.06124
-9.91209 -2.96982 -1.27563
1.17992 -3.9811 -32.974
-0.264378 1.13966 1.59639
-0.450049 7.93975 4.78207
-1.28904 0.814389 -0.349468
3.56101 1.45566 2.43913
0.18205 -2.05619 0.658844
4.55619 0.788055 -1.34302
3.1918 -4.9001 0.929957
-3.47468 -1.98526 3.02426
0.519316 0.0766373 1.2941
-3.85196 -7.46135 -8.59881
-1.17548 1.28399 -0.0394174
1.15138 -0.00833121 13.8912
-3.82851 3.82924 -4.1901
-1.57715 1.00379 0.0546753
-1.30508 0.342061 0.00347902
-1.57269 0.472128 0.157014
-1.32265 3.98786 6.63575
8.57124 -0.588836 -0.32896
15.2971 1.84805 2.81392
-2.28623 5.61437 0.623134
1.81092 8.29281 0.625723
-29.6325 -6.85881 21.4482
7.08665 -3.21371 6.74893
1.55597 -6.57331 1.78692
-7.39604 -6.87327 -8.49886
