-8.27294 -1.16287 -2.42845
-1.02267 -0.00820213 0.618601
0.355935 -0.798559 0.132935
-1.48002 -1.29983 -0.0291421
3.53494 -1.39289 1.5059
1.56228 0.202025 2.76984
0.174424 -2.56315 0.133493
0.9212 3.70876 1.76299
-0.767339 1.76719 -2.03758
0.98662 -0.350479 -0.509326
-0.0174108 -0.00565661 0.54418
-2.61769 0.754408 3.20463
-0.121479 1.97003 -0.485184
-1.87083 -0.656515 -3.74709
5.86308 3.98699 0.861604
0.201189 0.46229 -0.870644
-0.00913398 -1.08117 -1.93014
-2.79222 -0.150573 -0.790462
-1.49617 0.127388 -0.650102
-2.52974 1.44049 1.06398
-2.34919 0.0975367 0.58906
0.323554 1.20453 -0.0433055
2.32325 -1.13012 -0.939696
0.121671 0.648308 2.72754
3.15023 -1.4277 -0.0813711
-0.537587 -1.47694 -2.22061
0.243304 4.12436 -1.63214
-0.151691 1.83249 1.10963
3.82494 0.493354 1.819
-2.61947 1.90465 -4.72323
-1.03063 -0.115733 -0.773368
2.1652 3.25239 -4.2571
-0.723975 3.83613 0.451744
0.85347 0.304068 -0.907303
-2.92458 0.0297444 1.70642
-1.20401 0.819168 -5.41889
-0.287955 -1.85971 -0.0133118
-0.721145 0.334134 0.95566
-3.39533 -1.55606 0.686041
2.03926 -0.00895908 2.58627
-1.27898 -0.354975 -3.27537
-2.52878 -1.36688 -3.05177
-0.346548 -2.36831 2.40348
-4.12493 0.0390737 -1.65373
-3.04828 5.12015 -0.95814
-0.614846 2.5741 3.44566
-1.06561 0.669729 3.4838
6.13215 -0.3693 0.274379
2.08116 1.97246 -0.366332
0.57679 -0.455242 1.42847
1.14821 -0.226798 2.67715
-1.66119 -0.011292 -0.196544
-1.513 0.720112 5.40572
1.90059 2.58843 0.025835
1.02661 1.06883 0.879432
0.426888 -0.0651498 -0.529964
-0.156662 0.950723 -0.0512535
-3.83219 4.77208 4.11915
-5.4884 -0.464242 -1.70877
-0.797144 -1.10959 -0.162919
-0.440233 -0.600796 1.21225
-1.8752 -0.881147 -3.13649
1.47116 -3.76634 -5.02267
0.962939 -0.868729 0.0200385
0.79637 -2.17711 2.20621
2.21086 -2.70495 -1.17757
0.534681 -1.58543 -1.81237
-1.18814 1.52506 1.38209
-0.92882 0.932993 -1.6123
1.72303 0.0324247 -1.31847
2.03514 -5.08894 -3.05336
3.63269 -4.08058 -0.42866
-1.78232 2.34462 -2.83009
-0.97525 -1.2276 -2.17053
0.857189 2.14574 2.62768
1.50116 0.502075 -0.0587402
0.341454 -3.40649 -0.862907
-2.80487 1.27943 0.70054
0.233509 -0.876123 0.704556
-5.02436 -1.1692 6.47081
0.194505 0.931609 -0.938907
0.330866 -1.60376 0.246435
-0.534881 -1.32972 -0.544806
-0.51591 -0.0633155 -0.364159
-2.57198 -0.880803 -2.42665
1.10224 -0.202677 0.264988
0.93408 -0.194691 -0.548984
-0.221798 -0.340004 -0.132397
-1.94209 3.57894 1.40981
0.191784 0.248565 -0.0190833
0.114182 -0.814065 0.384058
0.680462 -1.43821 1.55478
6.25669 1.04647 -0.216705
-0.785787 -2.20719 0.783774
-0.664732 0.405296 0.642498
0.970978 -0.864629 0.649488
4.16635 1.29068 3.73745
5.02926 3.5717 1.00513
2.59471 0.53048 0.51252
1.96837 -0.306158 -4.24918
