-9.41745 8.62511 7.61684
7.7209 1.61596 6.90795
-0.309406 2.08466 3.32341
-3.1208 1.73122 -1.03119
1.6866 -0.781769 -4.26652
5.78306 3.04972 1.19324
1.51318 -4.97819 -33.2411
7.23634 -0.964634 3.39501
-0.283364 2.1991 1.40057
2.9796 -3.20272 -6.04984
1.84517 -0.226799 3.9208
-0.426613 1.79828 17.1482
-3.06677 -6.17277 -4.27206
-14.3038 14.6987 -0.887967
0.828755 -5.92339 -5.68925
0.207104 4.03025 -0.682332
0.511952 -4.5458 -0.2364
19.5201 -3.41359 -8.17394
-4.91677 -12.5964 6.12824
0.11097 -0.0215656 0.25795
6.14349 0.298339 4.08256
2.91032 -5.97557 7.61083
5.11364 1.8059 -1.77636
1.41052 4.76802 -0.548262
-1.65204 0.720327 -9.71645
-4.09271 -2.99588 -1.41372
-7.24268 3.70899 -3.46259
-2.21248 -2.30778 -0.0142455
-1.12151 2.19532 10.6336
1.45946 -9.76682 -9.6858
3.61144 6.2115 -10.8884
-12.7513 -2.28093 -23.8023
6.24969 -20.1206 6.67012
-1.79928 5.14654 -4.60221
0.30739 -3.79831 -7.14873
3.51393 2.85614 -5.11493
2.48178 1.06991 0.35585
0.329652 1.64672 -3.23706
-4.18275 1.85192 -4.52737
-3.74733 -1.54287 8.28082
3.81254 -2.64824 6.3519
4.45301 -4.45896 8.29137
3.75856 2.11634 -0.982064
-0.197785 2.924 -3.81912
7.3872 -3.48394 -12.8259
-8.97019 247.683 1.39929
-3.93676 -0.968446 -0.817453
5.28618 -6.46399 1.6629
2.88359 -2.08823 0.850892
1.83359 -2.94125 -1.60637
-7.51656 1.02893 0.0386246
-3.47015 0.521596 -4.1652
-2.61631 -0.648395 -1.99009
-4.01755 1.93985 -1.29241
-2.29975 9.19335 1.72383
-0.732461 -0.421611 -0.679535
-3.13604 -2.27656 -2.31327
-2.65112 11.287 -3.33257
0.949866 -0.018394 -1.71495
3.23421 -5.05648 0.323497
-3.04193 -2.09823 -1.47556
-1.90631 0.36786 22.9846
8.50235 3.30351 -4.73032
-5.14007 -3.38045 4.21053
0.815945 -3.70369 -5.71819
-3.50936 0.850939 39.9943
-1.46772 -156.241 9.75406
0.70289 -8.07966 7.26591
1.27663 5.9041 -11.645
-0.811891 -0.866499 1.48521
-20.2399 2.55229 -10.3974
2.63764 6.49498 -2.51968
-1.02153 3.42363 -1.25077
-10.2328 -3.05839 -1.41556
1.32269 -3.74624 -32.9996
-0.416764 1.06601 1.59498
-0.503678 7.90196 4.76479
-1.29316 0.767829 -0.378254
3.58925 1.60377 2.46704
0.0859038 -1.79662 0.754747
4.46011 0.77099 -1.36977
3.08801 -4.80666 0.865888
-3.45478 -1.77388 2.99007
0.626439 0.125696 1.27952
-3.50264 -7.49202 -8.03845
-0.263318 2.054 -1.34619
1.1419 -0.0556407 13.931
-3.82385 3.78801 -4.19449
-1.57127 0.993401 -0.0712471
-1.27921 0.318516 -0.0196616
-1.27453 0.461203 0.157833
-1.06417 3.90992 6.28755
8.3838 -0.44459 -0.482285
15.4948 1.71366 2.81873
-2.41296 5.64137 0.63954
2.04906 8.2395 0.779959
-29.7909 -6.60844 21.3645
7.07064 -3.20321 6.99531
1.49356 -6.58601 1.88368
-7.34702 -7.18836 -8.42097
