-9.40705 8.34667 7.59629
7.72042 1.62739 6.90419
-0.547074 2.28111 3.45175
-3.14728 1.55626 -1.05633
1.82411 -0.666949 -4.2436
5.92577 3.04783 1.1401
1.56138 -5.0533 -33.2465
7.42659 -1.1656 3.43412
-0.277138 2.19307 1.36768
2.98687 -3.20631 -6.02773
1.17813 -0.194538 3.86068
-0.497101 1.7258 17.1341
-2.90012 -6.44125 -4.42433
-14.3103 14.7802 -0.938078
0.832664 -5.81909 -5.60398
0.0628666 4.04347 -0.72291
0.52086 -4.53368 -0.224678
19.5095 -3.35504 -8.1758
-5.05508 -12.688 6.28783
0.104598 -0.0148016 0.230552
6.27632 0.286172 4.11179
2.93764 -5.98903 7.68384
5.10197 1.7394 -1.73779
1.40062 5.02107 -0.543543
-1.85075 0.503584 -9.63918
-4.09673 -3.0019 -1.35663
-8.1519 3.62189 -26.0096
-2.27611 -2.44587 0.179415
-1.20539 2.18568 10.6159
1.44719 -9.74907 -9.67566
3.5777 6.27909 -10.7008
-12.7208 -2.19312 -23.8772
6.26052 -19.9525 6.72784
-1.72151 4.88436 -4.65097
0.332495 -3.56883 -7.27566
3.66983 2.88394 -4.91974
2.36988 1.13746 0.363981
0.582471 1.63836 -3.02649
-3.607 1.97539 -4.54298
-3.6364 -1.59852 8.07295
3.37138 -2.68025 6.4242
4.376 -4.51022 7.99742
3.75671 1.99397 -1.06034
0.32048 2.93747 -3.76058
7.31477 -3.7256 -12.8065
-8.93603 247.773 1.3952
-4.14259 -0.967026 -0.625294
5.37951 -6.46827 1.64895
2.59897 -2.05416 0.880982
1.8433 -2.93786 -1.6178
-7.38167 1.03935 0.0315433
-3.47049 0.532664 -4.12395
-2.70665 -0.211631 -2.01445
-3.85995 1.99189 -1.2296
-2.28955 9.12346 1.60902
-0.786221 -0.41338 -0.820404
-3.11683 -2.33549 -2.25781
-2.67153 11.4842 -3.32622
1.33831 -0.038269 -1.58586
3.1405 -5.08813 0.356727
-3.07197 -2.09256 -1.51818
-1.91309 0.459335 22.868
8.53019 3.27525 -4.7175
-3.41128 -3.52605 3.9102
0.80926 -3.6642 -5.71418
-3.46077 0.695614 40.1541
-1.49289 -156.293 9.7114
0.74568 -8.07976 7.46776
1.26581 5.79384 -11.6238
-0.843945 -0.837015 1.52024
-20.3231 2.47183 -10.4445
2.37267 6.73832 -2.46095
-0.966687 3.43261 -1.45615
-11.7254 -3.17957 -1.53602
1.48113 -3.50411 -33.0462
-0.543877 0.989916 1.5992
-0.565218 7.86343 4.75032
-1.29756 0.720077 -0.408108
3.62352 1.76995 2.49663
-0.00679326 -1.55367 0.854421
4.37862 0.758335 -1.39527
2.9872 -4.69897 0.795877
-3.43747 -1.59239 2.95316
0.733861 0.170588 1.2658
-3.22147 -6.92592 -7.62399
0.317763 2.15627 11.0622
1.13138 -0.103322 13.794
-3.81479 3.74576 -4.20015
-1.5664 0.985204 -0.209635
-1.2518 0.295071 -0.0410597
-0.981895 0.449408 0.157653
-0.898941 3.79503 6.03084
8.1992 -0.310895 -0.638925
15.4537 1.57064 2.8271
-2.53724 5.66938 0.654253
2.08629 8.17386 0.917624
-30.0234 -6.39238 21.3181
7.05763 -3.19275 7.26726
1.42212 -6.59826 1.98457
-7.29535 -7.58452 -8.35501
