-9.40121 8.22727 7.58679
7.72086 1.63344 6.9021
-0.667988 2.37918 3.5196
-3.16346 1.47175 -1.06663
1.89349 -0.610852 -4.23437
6.00043 3.04667 1.11347
1.5865 -5.08709 -33.2494
7.53769 -1.27164 3.45358
-0.271508 2.19333 1.35427
2.99121 -3.20892 -6.01615
0.846424 -0.182275 3.83302
-0.526766 1.69355 17.1262
-2.80962 -6.3871 -4.49487
-14.3132 14.8264 -0.965507
0.839477 -5.76637 -5.57091
-0.00151213 4.05533 -0.737036
0.525779 -4.52785 -0.21969
19.5063 -3.32692 -8.17557
-5.10625 -12.7426 6.36813
0.10114 -0.0118537 0.216762
6.35338 0.280032 4.12635
2.95425 -5.99908 7.72272
5.09638 1.70738 -1.72163
1.39691 5.16432 -0.54154
-1.92856 0.394981 -9.60637
-4.09896 -3.00506 -1.32919
-8.14853 3.646 -25.0081
-2.3034 -2.5187 0.271798
-1.2465 2.17961 10.6069
1.44665 -9.73499 -9.67241
3.55437 6.30944 -10.617
-12.7101 -2.15537 -23.9266
6.26222 -19.8809 6.74905
-1.6844 4.75975 -4.67556
0.344412 -3.45601 -7.35316
3.75216 2.89822 -4.83275
2.31549 1.17142 0.368255
0.717514 1.63424 -2.92981
-3.34026 2.0352 -4.55456
-3.57935 -1.62172 7.97836
3.1578 -2.69617 6.46203
4.34264 -4.53605 7.86337
3.7575 1.93036 -0.94399
0.56719 2.94532 -3.73315
7.28665 -3.86911 -12.7988
-8.92607 247.755 1.3989
-4.25651 -0.975569 -0.539715
5.43228 -6.47122 1.6411
2.46872 -2.03686 0.894427
1.84881 -2.93585 -1.62807
-7.32114 1.04488 0.0272581
-3.4711 0.537719 -4.105
-2.76992 0.00639988 -2.02532
-3.78632 2.01754 -1.19913
-2.28574 9.09221 1.5486
-0.811539 -0.410529 -0.89086
-3.10412 -2.36398 -2.23318
-2.6749 11.59 -3.31944
1.7438 -0.0470899 -1.5261
3.09967 -5.10525 0.373226
-3.088 -2.09362 -1.5382
-1.9144 0.50428 22.8213
8.5483 3.26178 -4.70829
-1.03612 -3.59063 3.75027
0.806877 -3.64366 -5.71232
-3.43468 0.600749 40.0449
-1.50806 -156.295 9.68255
0.768089 -8.08228 7.56649
1.26184 5.73831 -11.6151
-0.85972 -0.822608 1.53777
-20.3778 2.43163 -10.4716
2.24769 6.87469 -2.43096
-0.93644 3.4344 -1.5606
-13.7626 -3.26202 -1.57387
1.55833 -3.39198 -33.0771
-0.606524 0.950384 1.60228
-0.603401 7.84175 4.74399
-1.29989 0.695831 -0.424456
3.64268 1.86458 2.50937
-0.0489063 -1.43569 0.904767
4.34023 0.753322 -1.40705
2.92258 -4.6483 0.766263
-3.4292 -1.51056 2.93544
0.784418 0.192146 1.26059
-3.06428 -6.69969 -7.43867
0.353072 2.1684 10.4561
1.12729 -0.127702 13.7329
-3.80979 3.72371 -4.20473
-1.56454 0.980662 -0.289145
-1.23765 0.284627 -0.0533597
-0.837551 0.443569 0.157455
-0.797008 3.73623 5.93284
8.10898 -0.248065 -0.717254
15.3968 1.497 2.83198
-2.60194 5.68438 0.661625
1.83356 8.14037 0.982692
-29.9928 -6.28973 21.3028
7.05339 -3.18808 7.41475
1.38632 -6.6038 2.03574
-7.2706 -7.80317 -8.33249
