-9.39639 7.99648 7.57365
7.71964 1.64357 6.89893
-0.947242 2.57701 3.66256
-3.20123 1.32167 -1.09442
2.028 -0.50643 -4.2181
6.15824 3.04259 1.06139
1.63072 -5.15997 -33.2521
7.77368 -1.51255 3.49147
-0.259082 2.19963 1.32674
3.00011 -3.21972 -5.995
0.17793 -0.165516 3.78367
-0.58064 1.64266 17.1137
-2.66947 -5.85284 -4.64777
-14.3351 14.954 -1.02371
0.873027 -5.66157 -5.51788
-0.127425 4.07986 -0.744619
0.535049 -4.52078 -0.208392
19.5027 -3.26176 -8.17593
-5.23702 -12.8723 6.53025
0.0953288 -0.00697451 0.190354
6.51748 0.26631 4.15464
2.98576 -6.03095 7.80266
5.08245 1.61059 -1.69269
1.38889 5.06799 -0.538697
-2.09848 0.175673 -9.54973
-4.10495 -3.01309 -1.26254
-8.10256 3.68644 -24.6337
-2.37387 -2.67051 0.446073
-1.33234 2.16538 10.592
1.46236 -9.70092 -9.67632
3.46735 6.35502 -10.4455
-12.6986 -2.09693 -24.0399
6.26333 -19.7875 6.79211
-1.62456 4.51526 -4.72405
0.361183 -3.25244 -7.51712
3.92453 2.92658 -4.67309
2.20053 1.24118 0.376915
1.0012 1.62496 -2.74597
-2.86742 2.14637 -4.58923
-3.47614 -1.66441 7.80405
2.68591 -2.72851 6.54107
4.27234 -4.59001 7.62327
3.76052 1.79339 -0.745818
1.03819 2.95947 -3.67971
7.22639 -4.09625 -12.7919
-8.90013 247.809 1.39887
-4.50747 -1.00106 -0.394508
5.53982 -6.48358 1.62669
2.2242 -2.0018 0.919452
1.86018 -2.9342 -1.64414
-7.21383 1.05342 0.0192381
-3.47427 0.544911 -4.06527
-2.91732 0.444071 -2.05385
-3.65236 2.0647 -1.13714
-2.28277 9.03177 1.43176
-0.863313 -0.407088 -1.03009
-3.07612 -2.44113 -2.18709
-2.68137 11.8077 -3.30221
2.82803 -0.0639795 -1.42192
3.01704 -5.141 0.407385
-3.12394 -2.09766 -1.57726
-1.91648 0.59324 22.7454
8.58633 3.22356 -4.69544
0.822562 -3.54815 3.20287
0.800109 -3.59896 -5.7079
-3.3993 0.362251 39.914
-1.54604 -156.258 9.63632
0.810633 -8.09325 7.7873
1.25351 5.64684 -11.6008
-0.893802 -0.793979 1.57438
-20.5185 2.34915 -10.5269
1.98461 7.18521 -2.37025
-0.876242 3.43358 -1.77152
-15.1181 -3.61512 -1.44253
1.69234 -3.19965 -33.1637
-0.743804 0.869917 1.60407
-0.703364 7.80284 4.74744
-1.30645 0.645875 -0.456984
3.67998 1.98291 2.53804
-0.144617 -1.20251 1.00591
4.26272 0.745913 -1.4258
2.77605 -4.53701 0.719216
-3.4169 -1.35901 2.90228
0.879119 0.229052 1.25207
-2.77716 -6.32943 -7.12758
0.398433 2.18922 10.1643
1.11539 -0.178049 13.6265
-3.79816 3.67807 -4.21586
-1.56333 0.969774 -0.441834
-1.21538 0.252647 -0.0720735
-0.549983 0.430623 0.15688
-0.662819 3.60561 5.75684
7.91774 -0.131288 -0.873727
15.293 1.34969 2.84125
-2.74052 5.71965 0.677025
1.15104 8.06937 1.10889
-29.6708 -6.09302 21.2808
7.04782 -3.1808 7.59719
1.30865 -6.61385 2.14228
-7.23521 -7.61506 -8.29714
