-9.3956 7.88458 7.56775
7.72063 1.64892 6.89785
-1.0997 2.6816 3.73933
-3.22135 1.25296 -1.10829
2.09452 -0.456037 -4.2107
6.24319 3.04162 1.03626
1.65343 -5.19952 -33.2513
7.90577 -1.64516 3.51104
-0.252241 2.20612 1.31427
3.00492 -3.22491 -5.98369
-0.150599 -0.158566 3.76169
-0.605861 1.62106 17.1126
-2.61003 -5.59139 -4.72802
-14.3527 15.0333 -1.05318
0.911452 -5.61057 -5.49844
-0.191271 4.09024 -0.738387
0.539983 -4.51832 -0.202544
19.5019 -3.2304 -8.17787
-5.31245 -12.948 6.61411
0.0930664 -0.0030477 0.179097
6.60689 0.260072 4.16896
3.0014 -6.04959 7.8453
5.07342 1.55894 -1.67903
1.38646 4.96007 -0.536682
-2.1897 0.0639954 -9.52401
-4.1083 -3.01701 -1.21259
-8.07758 3.70376 -24.5477
-2.40981 -2.74798 0.530964
-1.3783 2.15843 10.5883
1.47267 -9.68456 -9.68497
3.38599 6.37861 -10.3526
-12.6954 -2.07091 -24.1004
6.26521 -19.7525 6.81542
-1.60156 4.40849 -4.7436
0.368273 -3.16082 -7.60218
4.01577 2.94173 -4.59918
2.14504 1.27678 0.380886
1.15329 1.62141 -2.65745
-2.64708 2.20184 -4.61337
-3.42595 -1.68157 7.72333
2.42182 -2.74366 6.58367
4.23803 -4.61698 7.52336
3.76294 1.72402 -0.657208
1.26486 2.96765 -3.65438
7.19579 -4.20194 -12.7924
-8.88997 247.822 1.39791
-4.64364 -1.014 -0.332637
5.59749 -6.48905 1.61974
2.10945 -1.98307 0.931171
1.86637 -2.93234 -1.64976
-7.16639 1.0574 0.015739
-3.47654 0.547877 -4.04255
-2.98543 0.667581 -2.07005
-3.59056 2.08838 -1.10576
-2.28053 9.00481 1.37567
-0.889233 -0.405543 -1.09663
-3.05898 -2.47977 -2.16261
-2.68519 11.9257 -3.29195
3.57975 -0.0709026 -1.3791
2.97602 -5.15961 0.426661
-3.14347 -2.0998 -1.5985
-1.91715 0.638847 22.7148
8.60953 3.20627 -4.68696
1.05436 -3.56112 3.02771
0.796665 -3.57626 -5.70559
-3.3826 0.260054 39.8716
-1.56364 -156.257 9.62539
0.831744 -8.09831 7.91538
1.24889 5.60471 -11.5943
-0.911284 -0.779439 1.59401
-20.6029 2.30966 -10.5537
1.8478 7.36588 -2.33913
-0.845289 3.43285 -1.87949
-15.1591 -3.77277 -1.45808
1.75936 -3.10232 -33.2286
-0.813851 0.829843 1.60064
-0.757527 7.7942 4.76202
-1.31008 0.62093 -0.473264
3.69857 2.03054 2.55447
-0.195081 -1.08567 1.05705
4.2255 0.745833 -1.43327
2.71572 -4.48597 0.692134
-3.41137 -1.28244 2.88655
0.926086 0.245634 1.24933
-2.63565 -6.16146 -6.98827
0.419372 2.19919 10.0815
1.10914 -0.203182 13.5811
-3.79143 3.65308 -4.22108
-1.56356 0.964561 -0.475332
-1.20361 0.238674 -0.0826632
-0.404637 0.424713 0.156502
-0.607593 3.54884 5.67654
7.82708 -0.0721211 -0.950298
15.2485 1.27657 2.84545
-2.80945 5.74127 0.683738
0.678493 8.03289 1.1742
-29.5515 -5.99836 21.2747
7.04766 -3.17669 7.4779
1.26785 -6.61782 2.19964
-7.22294 -7.43134 -8.28121
