-9.39333 7.78856 7.56369
7.7213 1.65656 6.89674
-1.11607 2.79182 3.82079
-3.24279 1.18409 -1.12208
2.15812 -0.405835 -4.2037
6.32915 3.04174 1.01112
1.67913 -5.23772 -33.2436
8.04381 -1.78553 3.53102
-0.245956 2.21506 1.30078
3.00984 -3.23052 -5.97121
-0.476946 -0.152615 3.74093
-0.633341 1.60016 17.1148
-2.55835 -5.34078 -4.80615
-14.3715 15.1245 -1.08313
0.970234 -5.56928 -5.48172
-0.257397 4.09855 -0.727279
0.54459 -4.51581 -0.196392
19.501 -3.19969 -8.17966
-5.40309 -13.0319 6.70023
0.0891128 0.00147599 0.1681
6.70205 0.254614 4.18325
3.0165 -6.06865 7.88965
5.06191 1.51213 -1.66711
1.38497 4.86425 -0.533449
-2.29196 -0.0499458 -9.49984
-4.11221 -3.0204 -1.1651
-8.05339 3.72014 -24.48
-2.44906 -2.8268 0.615625
-1.42517 2.1536 10.5851
1.47521 -9.6657 -9.69688
3.26839 6.4256 -10.2597
-12.6942 -2.04477 -24.1664
6.26755 -19.7165 6.83977
-1.60618 4.3478 -4.74546
0.373679 -3.0747 -7.68846
4.10995 2.95772 -4.52888
2.09098 1.31296 0.384439
1.31423 1.6189 -2.57109
-2.4376 2.2603 -4.64138
-3.37615 -1.6959 7.64531
2.12959 -2.75752 6.62749
4.20413 -4.64258 7.426
3.76497 1.65518 -0.57146
1.48579 2.97739 -3.63065
7.16454 -4.31185 -12.7948
-8.88541 247.802 1.40076
-4.78856 -1.02577 -0.276893
5.65918 -6.49472 1.61209
1.99795 -1.96297 0.94161
1.87392 -2.93014 -1.65804
-7.12249 1.06167 0.012905
-3.47965 0.551011 -4.02006
-3.05413 0.895522 -2.08569
-3.53452 2.11338 -1.07413
-2.27801 8.98023 1.32129
-0.915314 -0.403611 -1.16416
-3.03896 -2.51341 -2.13701
-2.68837 11.931 -3.28155
4.53748 -0.0775792 -1.34559
2.9344 -5.17789 0.446197
-3.16402 -2.09989 -1.62011
-1.91762 0.686504 22.6863
8.63468 3.18997 -4.6778
1.2049 -3.63562 2.92315
0.792958 -3.55032 -5.7036
-3.35463 0.158468 39.8202
-1.57988 -156.263 9.61736
0.852434 -8.10235 8.05621
1.24418 5.5687 -11.5884
-0.930098 -0.764174 1.61375
-20.6996 2.27091 -10.5809
1.68231 7.56835 -2.3076
-0.81382 3.43252 -1.99138
-15.1467 -3.88759 -1.5339
1.82245 -3.0041 -33.3169
-0.882359 0.791069 1.59441
-0.80671 7.79551 4.78054
-1.31349 0.597038 -0.489575
3.71575 2.0821 2.57103
-0.259213 -0.966751 1.10824
4.19061 0.746906 -1.44222
2.65939 -4.43697 0.665619
-3.40644 -1.20395 2.87136
0.974052 0.262497 1.24676
-2.5337 -5.99968 -6.85363
0.439377 2.2092 10.012
1.10276 -0.228217 13.5388
-3.78364 3.62577 -4.22566
-1.56532 0.960261 -0.508345
-1.19206 0.2249 -0.0935252
-0.257627 0.419491 0.15562
-0.553177 3.49717 5.60003
7.7368 -0.0124375 -1.02693
15.2081 1.20465 2.8493
-2.87854 5.76512 0.689065
0.0742294 7.99638 1.24361
-29.4566 -5.90934 21.2713
7.04912 -3.17168 7.36443
1.22543 -6.62082 2.25749
-7.21369 -7.24859 -8.26912
