-9.38396 7.52007 7.54828
7.71615 1.68057 6.8952
-0.750594 3.16746 4.09653
-3.33554 0.911739 -1.15783
2.34664 -0.260058 -4.1823
6.59016 3.04104 0.935771
1.85176 -5.35695 -33.2421
8.55916 -2.29621 3.59669
-0.229321 2.24236 1.25468
3.02541 -3.24837 -5.93856
-1.4727 -0.141699 3.6902
-0.740962 1.53166 17.127
-2.43172 -4.56859 -5.06426
-14.3922 15.4361 -1.23373
1.12248 -5.55375 -5.38937
-0.47233 4.10679 -0.671346
0.556195 -4.51715 -0.177276
19.512 -3.12201 -8.17337
-5.77363 -13.3581 6.97927
0.0751203 0.0132127 0.135349
7.06455 0.241529 4.22488
3.06079 -6.13137 8.03541
4.99701 1.37674 -1.6533
1.37717 4.60839 -0.514752
-2.65552 -0.427336 -9.43905
-4.1255 -3.03062 -1.03621
-7.97649 3.75975 -24.3304
-2.57652 -3.07642 0.873268
-1.56627 2.1386 10.5712
1.40885 -9.51277 -9.78835
2.94723 6.76669 -10.0642
-12.6987 -1.96883 -24.4112
6.27117 -19.6167 6.93452
-1.73017 4.26075 -4.9401
0.383623 -2.83259 -7.96338
4.41825 3.00816 -4.33525
1.93549 1.42204 0.394627
1.88704 1.61426 -2.32358
-1.86521 2.44461 -4.73687
-3.23977 -1.72783 7.42599
1.13844 -2.79413 6.76706
4.09961 -4.71814 7.15946
3.76875 1.44837 -0.317513
2.12177 3.00886 -3.57125
7.07427 -4.73302 -12.8035
-8.85768 247.876 1.39341
-5.29306 -1.05484 -0.135672
5.85399 -6.51695 1.58401
1.68149 -1.89488 0.962016
1.89457 -2.92413 -1.67865
-7.00573 1.0705 0.00934436
-3.49346 0.556895 -3.95388
-3.30344 1.61335 -2.10771
-3.38549 2.19207 -0.975912
-2.27285 8.91923 1.16586
-0.994549 -0.398318 -1.37205
-2.9402 -2.59059 -2.03672
-2.70013 11.6027 -3.24439
7.96904 -0.129612 -1.31569
2.81222 -5.23558 0.504614
-3.23254 -2.10084 -1.67456
-1.94276 0.857803 22.5901
8.71025 3.14149 -4.65124
1.51267 -3.90515 2.62424
0.777508 -3.47247 -5.6983
-3.33064 -0.138571 39.7961
-1.62295 -156.094 9.58783
0.912239 -8.11655 8.56941
1.22799 5.47507 -11.5758
-0.991638 -0.716908 1.67477
-20.7158 2.16087 -10.6675
1.07531 8.35199 -2.20878
-0.716234 3.43438 -2.36117
-15.0483 -4.27134 -1.79435
1.99419 -2.67471 -33.5795
-1.07729 0.679016 1.56999
-0.917008 7.81642 4.82625
-1.32216 0.524215 -0.538523
3.76181 2.25113 2.62949
-0.494977 -0.597555 1.26263
4.08916 0.750457 -1.4685
2.46014 -4.35638 0.588925
-3.39287 -0.975321 2.82185
1.13556 0.314597 1.23812
-2.34969 -5.5397 -6.45183
0.496685 2.23824 9.84587
1.08168 -0.305899 13.4289
-3.73417 3.47197 -4.19423
-1.5851 0.948209 -0.604343
-1.16601 0.180443 -0.120069
0.207815 0.403491 0.150255
-0.395405 3.36411 5.38299
7.47759 0.170762 -1.26783
15.1106 0.992076 2.86059
-3.09392 5.84424 0.698585
-2.17466 7.90388 1.48827
-29.2715 -5.68666 21.2623
7.06608 -3.15811 7.05743
1.0938 -6.62772 2.43284
-7.1977 -6.73492 -8.22783
