-9.38093 7.43986 7.53801
7.71622 1.6906 6.89381
-0.622727 3.31339 4.18468
-3.36595 0.821069 -1.17178
2.41236 -0.212883 -4.17771
6.59608 3.04062 0.909644
1.87838 -5.42233 -33.2767
8.79693 -2.51597 3.61801
-0.222343 2.25247 1.23823
3.03306 -3.25498 -5.92708
-1.81509 -0.137469 3.67754
-0.78159 1.50682 17.1291
-2.39044 -4.26387 -5.18878
-14.418 15.6176 -1.27757
1.13641 -5.55074 -5.34859
-0.548851 4.10383 -0.646187
0.559857 -4.51998 -0.17109
19.5238 -3.1006 -8.17716
-5.92706 -13.5014 7.07981
0.0722466 0.017013 0.12372
7.26127 0.238504 4.23814
3.07824 -6.154 8.08867
4.95494 1.32727 -1.6691
1.37165 4.53107 -0.509077
-2.78565 -0.570443 -9.42591
-4.12942 -3.03406 -0.996374
-7.94466 3.77321 -24.2978
-2.61556 -3.16224 0.957813
-1.61011 2.13275 10.567
1.3645 -9.41666 -9.91074
2.90328 6.88612 -10.0202
-12.7007 -1.94373 -24.5152
6.27115 -19.5866 6.9753
-1.73318 4.20059 -4.96549
0.387291 -2.75321 -8.07151
4.53462 3.02609 -4.27708
1.8865 1.45838 0.397593
2.13458 1.61417 -2.24472
-1.68639 2.50689 -4.77139
-3.19424 -1.73507 7.35551
1.04334 -2.80426 6.81949
4.06902 -4.74383 7.07694
3.77041 1.37998 -0.233696
2.33034 3.02083 -3.55662
7.05039 -4.88984 -12.8105
-8.85325 247.859 1.39525
-5.4916 -1.06267 -0.0949667
5.92851 -6.52573 1.5713
1.5835 -1.86861 0.962946
1.90321 -2.92151 -1.68648
-6.96848 1.073 0.00919641
-3.49911 0.558192 -3.93226
-3.38682 1.853 -2.11647
-3.33784 2.21967 -0.946827
-2.27128 8.90317 1.11491
-1.01834 -0.396822 -1.44421
-2.87917 -2.60592 -1.97906
-2.70296 11.508 -3.23118
7.8004 -0.169237 -1.31364
2.78071 -5.25633 0.523629
-3.25423 -2.10213 -1.69382
-1.96312 0.925156 22.5702
8.73861 3.12719 -4.64194
1.60942 -3.99759 2.51278
0.773155 -3.44916 -5.69701
-3.31343 -0.189239 39.7945
-1.61321 -156.043 9.57157
0.936625 -8.12297 8.77231
1.22139 5.44367 -11.574
-1.01212 -0.700842 1.6953
-20.6224 2.12712 -10.6993
0.840923 8.69913 -2.17775
-0.678745 3.43668 -2.49785
-15.0126 -4.42498 -1.89659
2.05393 -2.56767 -33.3864
-1.13808 0.643355 1.56162
-0.945137 7.82243 4.8381
-1.32418 0.500099 -0.555442
3.77653 2.31162 2.64853
-0.573633 -0.469714 1.31098
4.05503 0.746588 -1.47318
2.37036 -4.3639 0.563181
-3.38713 -0.907191 2.8039
1.19807 0.334646 1.23518
-2.28626 -5.38942 -6.36594
0.5182 2.2482 9.79706
1.07506 -0.331958 13.3974
-3.70721 3.38888 -4.10944
-1.59467 0.94487 -0.638099
-1.15619 0.166751 -0.129088
0.382362 0.398418 0.147576
-0.340942 3.32571 5.31
7.40179 0.234541 -1.35647
15.0869 0.924171 2.86407
-3.16752 5.87276 0.699973
-2.27449 7.88605 1.56934
-29.2325 -5.6229 21.2571
7.0779 -3.15507 6.96527
1.05788 -6.62989 2.49191
-7.19282 -6.58234 -8.21779
