-9.3745 7.3637 7.52936
7.71097 1.70115 6.89813
-0.490051 3.47394 4.27651
-3.3963 0.712506 -1.18489
2.47902 -0.166429 -4.17369
6.51719 3.04088 0.883208
1.89531 -5.49257 -33.3156
9.08159 -2.78207 3.64083
-0.214689 2.26239 1.22038
3.04067 -3.26326 -5.91626
-2.16722 -0.13085 3.6665
-0.825566 1.48088 17.1305
-2.34892 -3.9119 -5.30121
-14.4475 15.8444 -1.32453
1.14077 -5.54046 -5.30617
-0.631344 4.09802 -0.617058
0.563239 -4.52497 -0.163672
19.5307 -3.07736 -8.18621
-6.10869 -13.6688 7.18943
0.0702559 0.0216497 0.111677
7.45336 0.236057 4.25127
3.09391 -6.17742 8.14606
4.89361 1.27458 -1.71636
1.36421 4.45647 -0.504391
-2.92326 -0.724494 -9.41625
-4.13374 -3.03784 -0.957454
-7.91139 3.7885 -24.2719
-2.65577 -3.24837 1.0424
-1.65146 2.12626 10.5645
1.33844 -9.36524 -10.0869
2.87469 6.99475 -9.97633
-12.7037 -1.91874 -24.6334
6.27204 -19.5604 7.02594
-1.72175 4.13327 -4.99321
0.390801 -2.6731 -8.17823
4.65696 3.04464 -4.22039
1.83841 1.49466 0.400258
2.42106 1.61497 -2.16629
-1.51234 2.56871 -4.80636
-3.14983 -1.74111 7.28683
0.816385 -2.8137 6.88106
4.03906 -4.77005 6.99663
3.77121 1.31211 -0.145082
2.53645 3.03331 -3.54329
7.03068 -5.05522 -12.8183
-8.84439 247.866 1.38604
-5.72213 -1.07003 -0.0562162
6.00869 -6.53693 1.55693
1.48748 -1.84023 0.960186
1.91269 -2.91953 -1.69443
-6.93141 1.07506 0.00994411
-3.50566 0.559006 -3.91015
-3.4691 2.08813 -2.12346
-3.29121 2.24755 -0.918004
-2.27037 8.88878 1.06503
-1.04321 -0.395308 -1.51787
-2.79508 -2.61624 -1.88323
-2.70494 11.4193 -3.21764
7.34619 -0.217877 -1.30467
2.74665 -5.27815 0.542886
-3.27449 -2.10393 -1.71444
-1.97767 0.991483 22.5593
8.76584 3.11304 -4.6323
1.706 -4.09058 2.39792
0.767792 -3.42681 -5.69604
-3.29558 -0.238066 39.7913
-1.62307 -156.036 9.55832
0.959306 -8.13087 8.98816
1.21517 5.41112 -11.5726
-1.03309 -0.684553 1.71648
-20.537 2.09435 -10.7315
0.561452 9.11494 -2.14609
-0.641395 3.43993 -2.6387
-14.9797 -4.59554 -1.99722
2.11704 -2.47661 -33.2263
-1.19795 0.607831 1.5538
-0.971152 7.82669 4.84998
-1.32542 0.475862 -0.571737
3.79066 2.37395 2.66893
-0.654709 -0.338781 1.35933
4.02556 0.746143 -1.47748
2.32955 -4.31018 0.53589
-3.38046 -0.844228 2.78618
1.26617 0.355922 1.23214
-2.22514 -5.23322 -6.28954
0.541266 2.25841 9.75228
1.06852 -0.358264 13.368
-3.69498 3.3427 -3.98046
-1.60528 0.942234 -0.673795
-1.14721 0.151607 -0.136726
0.572188 0.393508 0.144461
-0.289036 3.28936 5.23814
7.33143 0.300557 -1.44537
15.0655 0.858618 2.868
-3.24056 5.90251 0.699736
-2.03988 7.87298 1.64164
-29.1997 -5.56222 21.2522
7.09151 -3.15304 6.8786
1.015 -6.63225 2.55163
-7.18935 -6.44028 -8.20762
