-9.34759 7.13398 7.4913
7.69371 1.72969 6.89611
0.0762503 3.81803 4.60932
-3.48625 0.513229 -1.21051
2.68753 -0.0578814 -4.16392
6.29185 3.04319 0.80671
1.93819 -5.96319 -33.5496
10.0763 -2.26121 3.73813
-0.193295 2.28793 1.16514
3.06391 -3.28736 -5.88569
-3.40668 -0.102325 3.6402
-0.973833 1.37124 17.1427
-2.14959 -2.68524 -5.60828
-14.5668 15.2615 -1.48215
1.1333 -5.4904 -5.20681
-1.09037 4.06342 -0.500535
0.572148 -4.54581 -0.143391
19.5337 -3.00925 -8.2159
-6.70298 -13.3848 8.19151
0.0610225 0.0363089 0.073315
8.00047 0.22376 4.2928
3.14092 -6.26456 8.36913
4.80668 1.21494 -2.14218
1.33259 4.22351 -0.493888
-3.31003 -1.36806 -9.40238
-4.15096 -3.05285 -0.8507
-7.82874 3.83307 -24.2341
-2.74806 -3.08137 0.419807
-1.78275 2.11365 10.557
1.34791 -9.41748 -10.3807
2.82268 7.2725 -9.85285
-12.725 -1.85671 -24.4437
6.29584 -19.5171 7.18562
-1.66244 3.9144 -5.10134
0.405378 -2.43746 -8.50032
4.98278 3.09597 -4.05595
1.69596 1.59562 0.40871
2.79151 1.62517 -1.92672
-1.03062 2.7448 -4.91001
-3.02903 -1.75572 7.09964
-0.3035 -2.88924 7.17117
3.95469 -4.85923 6.77327
3.7704 1.0905 0.217716
3.10038 3.06275 -3.50955
7.00003 -5.19217 -12.8486
-8.82166 247.914 1.37017
-5.39382 -1.09821 0.0507249
6.28407 -6.59243 1.50559
1.1461 -1.75176 0.91848
1.93954 -2.913 -1.71608
-6.83416 1.07667 0.0154029
-3.52827 0.55981 -3.8582
-3.70288 3.39102 -2.1396
-3.16054 2.30753 -0.836006
-2.26849 8.84847 0.92211
-1.13794 -0.393512 -1.74721
-2.6611 -2.78288 -1.23435
-2.71322 11.1678 -3.16725
5.82212 -0.406653 -1.27173
2.63376 -5.36782 0.608069
-3.34092 -2.10887 -1.77925
-1.99894 1.2026 22.533
8.84032 3.08133 -4.60192
1.4106 -4.51295 2.04944
0.75208 -3.37249 -5.69635
-3.23494 -0.404567 39.7808
-1.67515 -156.195 9.5397
1.01251 -8.1649 9.48174
1.19369 5.303 -11.567
-1.1022 -0.647734 1.78179
-20.31 1.99213 -10.827
-0.572251 9.43503 -2.03412
-0.552721 3.4512 -3.03003
-14.843 -4.91531 -2.30872
2.38679 -2.37403 -32.9516
-1.38058 0.493549 1.53552
-1.05231 7.836 4.88134
-1.3245 0.399778 -0.619497
3.83587 2.56412 2.7387
-0.893807 -0.0872666 1.56123
3.95985 0.758425 -1.50159
2.21958 -4.15262 0.458319
-3.35255 -0.676913 2.7304
1.48749 0.420372 1.22178
-2.04528 -4.79494 -6.00897
0.607659 2.28609 9.63685
1.05282 -0.442669 13.2951
-3.73501 3.39974 -3.78358
-1.64215 0.937829 -0.79844
-1.11758 0.107262 -0.158445
1.2421 0.375215 0.131605
-0.0977398 3.16423 5.03111
7.16498 0.44989 -1.68978
15.012 0.659445 2.88872
-3.46718 5.9922 0.691798
-0.83014 7.83082 1.82815
-29.1306 -5.404 21.2542
7.13029 -3.15362 6.63795
0.830128 -6.6527 2.73713
-7.18947 -6.03417 -8.16278
