-9.30904 6.97497 7.47628
7.67522 1.74831 6.91248
0.584717 4.02776 4.91354
-3.52107 0.375511 -1.19756
2.85002 0.0136894 -4.16347
6.15215 3.04038 0.757727
1.96815 -7.59881 -33.5759
9.76378 -0.746255 3.83475
-0.178351 2.29844 1.12736
3.08486 -3.30727 -5.86468
-4.55583 -0.0764318 3.63142
-1.05883 1.29804 17.1607
-1.984 -2.33807 -5.89315
-14.7091 14.7688 -1.62612
1.12584 -5.44751 -5.15092
-1.42138 4.04135 -0.39569
0.581255 -4.55961 -0.127803
19.5328 -2.97705 -8.23552
-7.16767 -13.1265 8.56767
0.05571 0.0427704 0.0477914
7.83101 0.219297 4.3237
3.18043 -6.34994 8.57758
4.91266 1.22728 -2.26632
1.31042 4.02426 -0.492835
-3.45619 -1.61999 -9.40732
-4.16023 -3.06495 -0.7819
-7.74763 3.85643 -24.2364
-2.80733 -2.91661 0.029465
-1.87167 2.10248 10.5509
1.34802 -9.41261 -10.4788
2.79939 7.45437 -9.77411
-12.7483 -1.82569 -24.2724
6.32601 -19.5093 7.30108
-1.61992 3.74769 -5.19439
0.41862 -2.30359 -8.39061
5.24268 3.12985 -3.94843
1.6054 1.66303 0.415564
2.98601 1.65648 -1.75064
-0.724655 2.84766 -4.98001
-2.94722 -1.76403 7.01624
-0.889292 -2.97633 7.42473
3.90918 -4.92692 6.63705
3.75783 0.865637 0.601439
3.48268 3.08032 -3.48838
6.99394 -4.7398 -12.8805
-8.81924 247.951 1.32957
-5.04642 -1.13146 0.116957
6.50041 -6.65697 1.4733
0.950247 -1.70324 0.859571
1.95986 -2.91062 -1.73003
-6.77 1.07641 0.0226738
-3.541 0.559093 -3.82752
-3.8496 4.14494 -2.1615
-3.07307 2.33705 -0.785426
-2.26646 8.82008 0.841692
-1.19807 -0.393133 -1.90637
-2.7666 -2.96368 -0.9965
-2.71112 11.019 -3.1315
5.38776 -0.517699 -1.25338
2.58481 -5.43123 0.651831
-3.38481 -2.11568 -1.82279
-2.00986 1.3281 22.5215
8.89431 3.07473 -4.58633
1.15219 -4.74527 1.80032
0.743268 -3.34698 -5.70154
-3.19091 -0.533304 39.7781
-1.70867 -156.284 9.53796
1.06606 -8.19085 9.22731
1.17676 5.19933 -11.5493
-1.14778 -0.624386 1.82855
-20.1966 1.90768 -10.9119
-0.705293 7.59862 -1.97601
-0.493679 3.45776 -3.19582
-14.7501 -3.41585 -2.80478
2.61796 -2.23516 -32.8821
-1.49906 0.417335 1.52443
-1.1031 7.83458 4.89895
-1.32072 0.341841 -0.64975
3.87355 2.70756 2.78227
-1.02431 0.0877809 1.72296
3.91945 0.756974 -1.51813
2.15402 -4.07493 0.392229
-3.32692 -0.574795 2.68824
1.66207 0.462267 1.21272
-1.87888 -4.59837 -5.81567
0.655198 2.30054 9.57109
1.04428 -0.509755 13.2546
-3.7625 3.42641 -3.75654
-1.66303 0.935204 -0.886904
-1.0946 0.0734561 -0.171391
1.86729 0.355684 0.118635
0.045062 3.0603 4.90067
7.0794 0.525941 -1.85143
14.9897 0.537925 2.90708
-3.62705 6.04723 0.6839
-0.203277 7.80804 1.94417
-29.1066 -5.30359 21.2859
7.15192 -3.15851 6.51014
0.738034 -6.67086 2.86522
-7.18551 -5.78746 -8.13339
