-9.25882 6.76288 7.45925
7.67979 1.77471 6.94311
1.36635 4.2426 5.61148
-3.54609 0.0848424 -1.18556
3.13539 0.0879311 -4.17482
5.94015 3.03672 0.683406
2.07043 -8.03035 -32.8724
9.4183 1.06112 4.01133
-0.160814 2.31147 1.07349
3.12417 -3.33874 -5.83342
-5.441 0.00496513 3.65099
-1.19449 1.15983 17.2011
-1.7284 -2.00404 -6.44559
-14.995 14.3484 -1.79187
1.11041 -5.38855 -5.05349
-1.83009 4.0491 -0.237261
0.59742 -4.57432 -0.105391
19.5444 -2.9486 -8.27094
-7.78999 -12.9939 7.82066
0.0492863 0.0529415 0.00987316
7.2816 0.212612 4.37657
3.25232 -6.55001 8.45792
5.00412 1.18 -2.27066
1.26725 3.76731 -0.499812
-3.68319 -1.95502 -9.41022
-4.17062 -3.0846 -0.681418
-7.67231 3.89803 -24.2905
-2.917 -2.72187 -0.29794
-2.02793 2.08638 10.5478
1.3707 -9.35785 -10.8788
2.76889 7.76853 -9.65914
-12.8032 -1.78972 -24.0693
6.377 -19.5133 7.47992
-1.56038 3.47922 -5.34086
0.443095 -2.14481 -8.07103
5.01265 3.18065 -3.78978
1.4575 1.76135 0.424264
3.43146 1.80147 -1.48602
-0.334031 2.98609 -5.08128
-2.81206 -1.7818 6.92034
-1.554 -3.15823 7.80026
3.85004 -5.03881 6.43847
3.74544 0.21197 1.33271
4.08121 3.10409 -3.45632
6.96524 -4.36745 -12.9356
-8.79933 247.941 1.31698
-4.52187 -1.24469 0.199725
6.85789 -6.77893 1.44657
0.771683 -1.69465 0.769685
1.9925 -2.90733 -1.75024
-6.68236 1.07592 0.0355775
-3.55157 0.555021 -3.78763
-4.05234 5.03434 -2.19573
-2.93977 2.38395 -0.702676
-2.2665 8.78121 0.736425
-1.27999 -0.392898 -2.15914
-2.8482 -3.16129 -0.858945
-2.71378 10.8283 -3.06731
5.04937 -0.664849 -1.189
2.52719 -5.53983 0.717705
-3.45126 -2.12856 -1.89531
-2.03901 1.52235 22.5133
9.0008 3.07674 -4.58049
0.747609 -4.54763 1.48758
0.731974 -3.31265 -5.71712
-3.1228 -0.809704 39.7904
-1.77009 -156.301 9.53584
1.17328 -8.22832 8.85946
1.13079 5.03397 -11.3277
-1.20691 -0.592171 1.90743
-20.0606 1.76503 -11.0998
-0.947967 5.38653 -1.90748
-0.395441 3.46448 -3.37664
-14.6846 -2.4435 -3.87533
2.89051 -1.96247 -32.8114
-1.69938 0.30189 1.50869
-1.17806 7.83127 4.92899
-1.31216 0.251022 -0.69471
3.93395 2.98027 2.84586
-1.20509 0.313194 2.0307
3.85293 0.76602 -1.54876
2.04535 -3.96042 0.311285
-3.30188 -0.412491 2.6332
1.89 0.523914 1.19598
-1.61797 -4.36118 -5.59323
0.731722 2.31732 9.48101
1.02944 -0.62299 13.2012
-3.79931 3.44581 -3.74112
-1.68623 0.93188 -1.02697
-1.05553 0.0207319 -0.191829
2.59902 0.304135 0.0796532
0.259322 2.90462 4.73909
6.98246 0.609002 -2.04807
14.9599 0.351557 2.93861
-3.93933 6.13032 0.666788
0.617809 7.77842 2.11184
-29.0797 -5.16643 21.3334
7.17388 -3.16502 6.34068
0.634743 -6.7099 3.0635
-7.16068 -5.46942 -8.11526
