-9.24159 6.70413 7.45597
7.68841 1.78426 6.95246
1.61604 4.3137 5.83517
-3.5674 -0.0333998 -1.19512
3.24045 0.104938 -4.16195
5.86811 3.0355 0.658619
2.10467 -7.91725 -32.8031
9.32774 1.44694 4.06746
-0.157079 2.31536 1.05362
3.13646 -3.35098 -5.82284
-5.23778 0.0490696 3.67559
-1.24575 1.10563 17.2175
-1.64629 -1.90744 -6.61657
-15.0923 14.2554 -1.82766
1.10889 -5.40166 -4.99915
-1.9572 4.06184 -0.197447
0.60242 -4.57915 -0.098389
19.5535 -2.93782 -8.28561
-7.952 -12.9622 7.63636
0.0461528 0.0559465 -0.00266058
7.1083 0.21003 4.39632
3.28075 -6.62761 8.27081
5.02269 1.15563 -2.26302
1.25193 3.68659 -0.501687
-3.79997 -2.06247 -9.4077
-4.17424 -3.09165 -0.649272
-7.65402 3.91154 -24.3029
-2.9608 -2.6595 -0.41703
-2.08661 2.0816 10.5455
1.38556 -9.4349 -11.0442
2.76239 7.88934 -9.62168
-12.8296 -1.77988 -24.0192
6.39264 -19.5172 7.53289
-1.54091 3.3874 -5.38223
0.452212 -2.10361 -7.95763
4.89935 3.19846 -3.74055
1.40134 1.79439 0.426929
3.61518 1.87547 -1.41919
-0.221482 3.0303 -5.11487
-2.76626 -1.79191 6.89121
-1.73451 -3.22275 7.91942
3.83005 -5.07747 6.37173
3.74756 -0.110731 1.75582
4.27483 3.11125 -3.4472
6.95482 -4.25465 -12.9567
-8.80345 248.026 1.22579
-4.37686 -1.29918 0.21876
6.96495 -6.81906 1.44204
0.715649 -1.70781 0.750938
2.00264 -2.90669 -1.75677
-6.65767 1.07527 0.0392547
-3.55332 0.5519 -3.77561
-4.13099 5.36031 -2.21056
-2.89616 2.40084 -0.678271
-2.26844 8.77085 0.704808
-1.30823 -0.392541 -2.24868
-2.86539 -3.22148 -0.827727
-2.71292 10.7721 -3.04206
4.96392 -0.709208 -1.16016
2.50658 -5.57982 0.738746
-3.47486 -2.13266 -1.92167
-2.05431 1.58956 22.5135
9.03933 3.07641 -4.58214
0.600755 -4.48695 1.36888
0.725745 -3.30135 -5.72391
-3.1035 -0.949865 39.8109
-1.79523 -156.337 9.53355
1.21436 -8.23886 8.72192
1.11381 5.0541 -11.2279
-1.22698 -0.581824 1.93491
-20.0232 1.72051 -11.1674
-1.04522 4.91345 -1.88669
-0.363551 3.46628 -3.30892
-14.6706 -2.14862 -4.19911
2.95567 -1.86785 -32.8204
-1.66968 0.262814 1.50425
-1.20665 7.82912 4.93681
-1.30867 0.219641 -0.708908
3.95377 3.08471 2.86583
-1.26549 0.383173 2.13486
3.82892 0.765665 -1.55572
2.00344 -3.92605 0.289146
-3.29957 -0.363546 2.61875
1.94415 0.543882 1.18882
-1.53205 -4.29817 -5.52511
0.756531 2.32194 9.45013
1.02317 -0.664258 13.1837
-3.81267 3.45062 -3.7386
-1.69335 0.930977 -1.07519
-1.0444 0.00221301 -0.198791
2.64441 0.27646 0.054995
0.329497 2.85878 4.69383
6.95489 0.636193 -2.11483
14.9499 0.282407 2.95008
-4.0641 6.15867 0.659524
0.849438 7.77032 2.16348
-29.0778 -5.08073 21.3253
7.1773 -3.16611 6.28611
0.603754 -6.72589 3.12974
-7.14326 -5.46024 -7.98771
