-9.23593 6.65617 7.44356
7.69603 1.79373 6.96041
1.70169 4.38675 6.06017
-3.59371 -0.166978 -1.20725
3.3367 0.129923 -4.14257
5.79764 3.03383 0.634314
2.14484 -7.79708 -32.7486
9.2521 1.75725 4.12251
-0.153823 2.31946 1.0343
3.1492 -3.36321 -5.81119
-5.0512 0.0989894 3.71251
-1.2986 1.04632 17.2361
-1.55704 -1.80337 -6.771
-15.1942 14.1725 -1.85851
1.1293 -5.42514 -4.95652
-2.08131 4.07616 -0.164315
0.607046 -4.58317 -0.0913731
19.5638 -2.92491 -8.30001
-8.06855 -12.9333 7.4808
0.0432377 0.0587041 -0.0149816
6.94616 0.20722 4.41912
3.31396 -6.70299 8.14568
5.03994 1.12732 -2.25311
1.23396 3.60404 -0.503555
-3.96109 -2.17221 -9.4032
-4.17793 -3.09856 -0.61717
-7.64237 3.92311 -24.3099
-2.99249 -2.59804 -0.541648
-2.14783 2.07605 10.5432
1.39223 -9.52964 -11.1385
2.75984 8.02172 -9.58342
-12.8575 -1.77053 -23.9791
6.40782 -19.521 7.58741
-1.51871 3.29686 -5.41523
0.463319 -2.06122 -7.83644
4.79092 3.21708 -3.69048
1.34267 1.82694 0.43049
3.82265 1.94815 -1.35676
-0.107913 3.07361 -5.14753
-2.7204 -1.80374 6.86499
-1.89453 -3.28713 8.03855
3.80952 -5.11794 6.30589
3.75614 -0.44316 1.94417
4.47028 3.11803 -3.43702
6.94513 -4.14806 -12.9795
-8.79296 248.085 1.13909
-4.25207 -1.35279 0.240358
7.05159 -6.85807 1.43875
0.65525 -1.72456 0.740392
2.01266 -2.90579 -1.76289
-6.63442 1.07471 0.0431418
-3.55393 0.548827 -3.76418
-4.21777 5.70858 -2.22765
-2.85252 2.41737 -0.654658
-2.27081 8.76282 0.67521
-1.33712 -0.392081 -2.34044
-2.87855 -3.28118 -0.798314
-2.71924 10.7195 -3.01029
4.88769 -0.750381 -1.12855
2.48454 -5.62236 0.759704
-3.49896 -2.13708 -1.94858
-2.06979 1.65946 22.516
9.0769 3.07483 -4.58444
0.495348 -4.42844 1.24186
0.720804 -3.29147 -5.72924
-3.0887 -1.10773 39.856
-1.8206 -156.337 9.53182
1.26041 -8.24758 8.59453
1.10128 5.08904 -11.1785
-1.2465 -0.571673 1.96346
-19.9911 1.67685 -11.2322
-1.14539 4.53438 -1.86514
-0.331928 3.46822 -3.24477
-14.6609 -1.8361 -4.41191
3.03898 -1.78847 -32.8384
-1.53259 0.222325 1.50032
-1.23629 7.82633 4.94419
-1.3049 0.187752 -0.722667
3.97057 3.18438 2.88568
-1.31914 0.451181 2.24148
3.8059 0.764421 -1.5624
1.96212 -3.89275 0.26716
-3.29722 -0.317783 2.60588
1.99908 0.56322 1.18136
-1.44314 -4.23757 -5.45519
0.781832 2.32615 9.42132
1.01494 -0.708249 13.1664
-3.82862 3.45403 -3.73728
-1.70013 0.930035 -1.12348
-1.03385 -0.0159492 -0.206148
2.69348 0.244268 0.0235742
0.402627 2.81554 4.65169
6.93232 0.663435 -2.1824
14.9398 0.206785 2.96225
-4.19072 6.18678 0.651939
1.06163 7.76308 2.21487
-29.1077 -4.98118 21.3401
7.17898 -3.16602 6.23396
0.575426 -6.74349 3.19695
-7.1258 -5.45448 -7.86048
