-9.23594 6.58593 7.38323
7.71318 1.81573 6.97832
1.55346 4.3789 6.30985
-3.66198 -0.286043 -1.23549
3.52533 0.195662 -4.11453
5.66035 3.03187 0.5792
2.24647 -7.59218 -32.6954
9.13688 2.23495 4.21175
-0.145599 2.32929 0.986778
3.17819 -3.38935 -5.78544
-4.71794 0.196365 3.80403
-1.4037 0.915256 17.2751
-1.36657 -1.56025 -7.07808
-15.2795 14.0702 -1.91683
1.16397 -5.40886 -4.91731
-2.31678 4.10398 -0.120867
0.617642 -4.58987 -0.0759544
19.5868 -2.89303 -8.33017
-8.2372 -12.8609 7.20594
0.0383061 0.0648301 -0.0436527
6.66254 0.202298 4.45542
3.39191 -6.84326 8.02297
5.07263 1.06354 -2.22881
1.19538 3.45957 -0.510037
-4.3282 -2.38469 -9.39495
-4.18487 -3.11235 -0.561428
-7.61748 3.95427 -24.3163
-3.0293 -2.45584 -0.422227
-2.27221 2.06372 10.5382
1.4031 -9.65676 -11.2134
2.76857 8.32965 -9.5166
-12.9114 -1.74433 -23.9303
6.44025 -19.5297 7.70327
-1.4668 3.1299 -5.47608
0.490548 -1.96913 -7.60784
4.59107 3.25896 -3.59668
1.22572 1.89707 0.437762
4.30446 2.05848 -1.25834
0.125245 3.17345 -5.21577
-2.63014 -1.82805 6.81374
-2.16605 -3.40677 8.25511
3.76583 -5.1967 6.16245
3.78951 -0.975388 1.69125
4.67115 3.13479 -3.41749
6.92654 -3.94715 -13.032
-8.77897 248.057 1.14516
-4.0454 -1.43646 0.282121
7.22616 -6.92417 1.43156
0.525935 -1.75945 0.730229
2.03445 -2.90363 -1.77524
-6.58584 1.07499 0.0501894
-3.55302 0.544284 -3.74178
-4.40518 5.65325 -2.26128
-2.76315 2.44887 -0.613102
-2.2738 8.75444 0.617474
-1.39746 -0.389996 -2.31061
-2.89231 -3.40056 -0.744751
-2.72423 10.6217 -2.9283
4.75976 -0.817496 -1.07762
2.44275 -5.7117 0.791854
-3.54963 -2.14495 -2.02596
-2.09514 1.81043 22.5236
9.15907 3.07024 -4.59092
0.377264 -4.25538 0.984716
0.711576 -3.26783 -5.74028
-3.06602 -1.3917 40.0506
-1.88123 -156.282 9.52799
1.36853 -8.26154 8.35955
1.08704 5.1285 -11.1609
-1.28281 -0.550747 2.01635
-19.9503 1.58881 -11.3699
-1.33886 3.97766 -1.82948
-0.26812 3.47348 -3.12845
-14.6535 -1.30587 -4.4351
3.26568 -1.64405 -32.8594
-1.23865 0.149001 1.49259
-1.29664 7.81779 4.95547
-1.29636 0.125057 -0.750839
3.9783 3.34082 2.94994
-1.41056 0.590377 2.40259
3.76343 0.761158 -1.58138
1.88367 -3.81641 0.21023
-3.2901 -0.230296 2.58063
2.1188 0.603675 1.16352
-1.26109 -4.11844 -5.31695
0.834971 2.3348 9.36596
0.989116 -0.799728 13.1321
-3.86392 3.45785 -3.74033
-1.7127 0.928857 -1.23667
-1.01384 -0.0517963 -0.223049
2.82419 0.182165 -0.0507695
0.551597 2.7421 4.56792
6.89743 0.727048 -2.35857
14.923 0.037055 2.9826
-4.46017 6.25551 0.634136
1.43377 7.75175 2.3009
-29.1576 -4.87747 21.4422
7.1777 -3.1607 6.12993
0.528155 -6.78183 3.29712
-7.1065 -5.2913 -7.8711
