-9.54452 6.52545 7.04553
7.74888 1.8625 7.02373
1.25093 3.45584 5.80615
-3.85161 -0.385252 -1.30777
3.94163 0.349525 -4.07825
5.39199 3.03644 0.467718
2.36881 -7.35105 -32.6904
8.94572 2.15292 4.38637
-0.078193 2.2557 0.839707
3.24629 -3.44739 -5.72051
-4.15497 0.288913 3.93664
-1.61705 0.695612 17.5182
-1.04559 -0.941826 -7.24196
-14.7981 13.9475 -2.00989
1.17705 -5.33813 -4.8373
-2.7606 4.14662 -0.0747801
0.639753 -4.60145 -0.0440881
19.6404 -2.81204 -8.40904
-7.98241 -12.6691 6.81823
0.0277319 0.0786353 -0.105088
6.37733 0.201027 4.56703
3.56239 -7.08609 7.75445
5.13095 0.934601 -2.17557
1.11344 3.19793 -0.51759
-4.35857 -2.81268 -9.38052
-4.19413 -3.13497 -0.455869
-7.63324 4.14247 -24.2896
-3.14076 -2.00295 0.161632
-2.51181 2.0428 10.5347
1.44779 -9.81584 -11.333
2.83206 9.57007 -9.42503
-13.0161 -1.64499 -23.8931
6.52954 -19.5548 7.99705
-1.3717 2.86288 -5.66947
0.541211 -1.78447 -7.32296
4.25459 3.3657 -3.41318
0.987676 2.0512 0.448993
5.52556 2.14417 -1.08759
0.567872 3.40062 -5.36942
-2.47933 -1.87726 6.714
-2.55398 -3.58116 8.10345
3.64864 -5.35445 5.86379
3.90024 -1.52183 0.662194
3.8577 3.18885 -3.378
6.88306 -3.58518 -13.1595
-8.78095 248.16 1.20583
-3.63157 -1.51277 0.373271
7.5578 -7.00993 1.4079
0.24492 -1.8104 0.746721
2.07739 -2.89602 -1.79585
-6.48699 1.07733 0.0589427
-3.54977 0.541762 -3.7006
-4.92598 5.04953 -2.31253
-2.60543 2.50723 -0.5544
-2.25269 8.74652 0.488547
-1.49788 -0.379363 -2.10207
-2.89396 -3.64664 -0.649295
-2.53946 10.4547 -2.61521
4.58218 -0.909552 -0.981013
2.35639 -5.88703 0.86689
-3.65936 -2.15526 -2.20074
-2.14586 2.13547 22.5801
9.34162 3.05916 -4.60354
0.0764682 -3.56087 0.734485
0.692519 -3.22416 -5.75782
-3.0718 -2.23094 40.6294
-2.02993 -156.263 9.51717
1.60194 -8.30731 7.95413
1.06955 5.14735 -11.1988
-1.35684 -0.504084 2.11674
-19.944 1.43445 -11.7255
-1.7842 3.45771 -1.73723
-0.128064 3.49045 -2.92202
-14.6683 -0.405299 -3.80177
3.96754 -1.34222 -32.8968
-0.808022 0.000658808 1.4993
-1.40294 7.79235 4.98614
-1.27513 -0.000271377 -0.813548
4.06785 3.6793 3.10984
-1.62333 1.09022 2.7138
3.68346 0.755466 -1.61613
1.70976 -3.63167 0.115881
-3.27313 -0.0503237 2.52246
2.3806 0.690891 1.12985
-0.923357 -3.85445 -5.0764
0.935989 2.34525 9.26984
0.910143 -0.973415 13.116
-3.9327 3.46506 -3.75677
-1.73492 0.931093 -1.47746
-0.993083 -0.116142 -0.264699
3.15341 0.117398 -0.163666
0.804987 2.63209 4.40337
6.80907 0.892041 -2.76405
14.8833 -0.548706 3.02234
-5.16748 6.42117 0.60586
1.47392 7.73983 2.47568
-29.1802 -4.74291 21.7048
7.149 -3.11988 5.94819
0.485133 -6.86156 3.54328
-7.05283 -5.13609 -7.97569
