-9.70264 6.4903 7.01315
7.75767 1.8749 7.03783
1.17712 3.24855 5.68498
-3.89333 -0.407642 -1.32916
4.04639 0.388997 -4.06929
5.32306 3.03653 0.440304
2.39008 -7.30011 -32.6897
8.90495 2.00082 4.42778
-0.0459435 2.22738 0.834957
3.26635 -3.46413 -5.70161
-4.03393 0.293081 3.95689
-1.66686 0.650977 17.6513
-0.97634 -0.789453 -7.05371
-14.7049 13.926 -2.02522
1.17873 -5.31957 -4.81767
-2.8812 4.15459 -0.0662906
0.64489 -4.60446 -0.0356462
19.6568 -2.79056 -8.43409
-7.85281 -12.6313 6.72563
0.0246571 0.0812138 -0.120914
6.33898 0.200311 4.60681
3.60588 -7.14636 7.70503
5.14456 0.904886 -2.16201
1.09343 3.13295 -0.516482
-4.254 -2.9332 -9.3788
-4.19633 -3.14013 -0.429103
-7.65758 4.20528 -24.3271
-3.17335 -1.87905 0.310555
-2.57319 2.03595 10.5337
1.44739 -9.87649 -11.3562
2.86348 9.75954 -9.42018
-13.0528 -1.61872 -23.892
6.55856 -19.5641 8.0908
-1.35075 2.80717 -5.72024
0.551994 -1.74353 -7.27067
4.178 3.39398 -3.37007
0.913869 2.09066 0.454377
5.88373 2.1483 -1.04353
0.66375 3.45606 -5.42545
-2.4462 -1.89124 6.69184
-2.63968 -3.61835 7.7983
3.60997 -5.39404 5.79116
3.92195 -1.6168 0.550856
3.6436 3.20258 -3.36752
6.87287 -3.5015 -13.1967
-8.78405 248.213 1.21496
-3.52483 -1.52278 0.397177
7.63593 -7.01986 1.39472
0.156643 -1.82003 0.754979
2.08781 -2.89355 -1.79957
-6.46686 1.07769 0.05993
-3.5498 0.541432 -3.69034
-5.08532 4.8825 -2.32031
-2.57775 2.52016 -0.547068
-2.24036 8.7425 0.450951
-1.51904 -0.376235 -2.0476
-2.89166 -3.70282 -0.625781
-2.43976 10.438 -2.57448
4.54317 -0.934581 -0.951733
2.33443 -5.932 0.888154
-3.68744 -2.15785 -2.24424
-2.15543 2.21729 22.604
9.38821 3.0556 -4.60606
-0.00225507 -3.3991 0.664245
0.688609 -3.21409 -5.76238
-3.06947 -2.3221 40.5597
-2.07586 -156.198 9.5133
1.65778 -8.32204 7.86606
1.06449 5.1474 -11.2111
-1.37554 -0.492673 2.13869
-19.9471 1.40078 -11.8159
-1.902 3.37208 -1.71134
-0.0919572 3.49471 -2.87342
-14.6707 -0.312128 -3.71156
4.09072 -1.26652 -32.8995
-0.733931 -0.0467373 1.50942
-1.43049 7.78384 4.99976
-1.26865 -0.0314322 -0.827821
4.09691 3.76631 3.14308
-1.68233 1.24657 2.79065
3.66297 0.750754 -1.62442
1.65946 -3.58342 0.0921051
-3.26883 -0.00216692 2.50949
2.43468 0.717525 1.12113
-0.838628 -3.7849 -5.02606
0.957136 2.34606 9.25054
0.89737 -1.00572 13.115
-3.95271 3.46487 -3.76115
-1.74009 0.931749 -1.53761
-0.993554 -0.129758 -0.27547
3.23176 0.109428 -0.18198
0.870877 2.60513 4.36414
6.78743 0.937364 -2.88616
14.8677 -0.699315 3.03752
-5.21345 6.46857 0.601428
1.3924 7.73723 2.52406
-29.194 -4.71202 21.8116
7.13406 -3.10457 5.91732
0.479556 -6.88486 3.62426
-7.04976 -5.06971 -7.99187
