-10.003 6.39342 7.07807
7.78872 1.91275 7.08577
0.962754 2.69075 5.38541
-4.00326 -0.454667 -1.39953
4.34997 0.513106 -4.03886
5.11189 3.03863 0.359564
2.43989 -7.14983 -32.6897
8.80111 1.55784 4.58826
0.000489588 2.23711 0.824963
3.33913 -3.51798 -5.64587
-3.6889 0.290122 4.00723
-1.80599 0.521879 18.3903
-0.779949 -0.356761 -6.53041
-14.465 13.893 -2.07208
1.18513 -5.2587 -4.76118
-3.1628 4.18007 -0.0318206
0.66183 -4.61087 -0.00875042
19.7204 -2.73336 -8.51511
-7.51037 -12.5384 6.47281
0.0169206 0.0894695 -0.167068
6.24414 0.194192 4.72627
3.73053 -7.33179 7.57426
5.18641 0.824132 -2.12311
1.02239 2.98449 -0.50288
-3.99793 -3.28701 -9.37722
-4.20122 -3.15236 -0.343992
-7.67517 4.30711 -24.4525
-3.27572 -1.50341 0.330463
-2.75505 2.0143 10.5374
1.44494 -10.1032 -11.4248
2.94236 9.40325 -9.48329
-13.1806 -1.54353 -23.8828
6.66567 -19.6037 8.41514
-1.29769 2.64578 -5.91559
0.582569 -1.62334 -7.12644
4.00342 3.4772 -3.23366
0.671636 2.21554 0.468357
6.19857 2.142 -0.896238
0.531826 3.33931 -5.66366
-2.35663 -1.93686 6.62593
-2.91199 -3.7138 6.5214
3.46675 -5.48155 5.60924
3.9854 -1.87367 0.255225
2.97984 3.25385 -3.32528
6.846 -3.25161 -13.315
-8.77636 248.237 1.23408
-3.12798 -1.54533 0.470024
7.91686 -6.99406 1.30456
-0.0451327 -1.84068 0.790115
2.12103 -2.88198 -1.80726
-6.4157 1.08241 0.0621997
-3.54955 0.545097 -3.66065
-5.65318 4.40204 -2.31049
-2.53547 2.56283 -0.536133
-2.19805 8.73928 0.313516
-1.57359 -0.365294 -1.88216
-2.87878 -3.8445 -0.556181
-2.29082 10.4282 -2.56636
4.43054 -1.00783 -0.871463
2.26943 -6.06317 0.958962
-3.77374 -2.16505 -2.38167
-2.17567 2.45049 22.7042
9.54488 3.04518 -4.61319
-0.234103 -2.96199 0.488015
0.68115 -3.18246 -5.76982
-3.04987 -2.51584 40.472
-2.20497 -156.171 9.5032
1.82605 -8.37033 7.6156
1.04793 5.14801 -11.2568
-1.41641 -0.451713 2.25668
-19.9547 1.308 -12.0991
-2.25611 3.13916 -1.62753
0.0299615 3.50681 -2.73039
-14.6733 -0.121275 -3.5357
4.68529 -0.765099 -32.8261
-0.539805 -0.212833 1.5797
-1.50247 7.78654 5.06005
-1.2471 -0.117492 -0.868022
4.1926 4.0354 3.24659
-1.85973 1.71787 3.16698
3.60594 0.732268 -1.65035
1.49789 -3.41347 0.0292695
-3.25855 0.160161 2.47926
2.56876 0.813058 1.08787
-0.547681 -3.56983 -4.8776
1.01185 2.35609 9.20452
0.865952 -1.08105 13.0961
-4.01472 3.4641 -3.78112
-1.75322 0.935319 -1.71831
-1.00555 -0.159169 -0.302094
3.46755 0.0984601 -0.223667
1.08653 2.52348 4.24972
6.73714 1.08133 -3.20015
14.8251 -0.838813 3.11485
-4.98013 6.63709 0.585838
1.17245 7.73034 2.66424
-29.3057 -4.63148 21.752
7.09038 -3.07472 5.87902
0.459068 -6.96516 3.87108
-7.0598 -4.83545 -8.0025
