-10.0513 6.36717 7.10639
7.80326 1.92314 7.10364
0.892494 2.52386 5.31548
-4.02936 -0.470343 -1.42491
4.46222 0.555129 -4.02779
5.04817 3.03932 0.335046
2.45795 -7.10047 -32.6904
8.7733 1.41359 4.65814
0.012196 2.24933 0.815658
3.36868 -3.53822 -5.62937
-3.513 0.285678 4.02334
-1.84499 0.475758 18.5229
-0.716048 -0.219795 -6.3649
-14.3912 13.8894 -2.09255
1.1888 -5.23961 -4.74195
-3.22432 4.1895 -0.016388
0.668458 -4.61332 0.000177657
19.7498 -2.71739 -8.54042
-7.39849 -12.5185 6.39223
0.0155753 0.0917021 -0.181933
6.21961 0.189954 4.77247
3.77212 -7.39647 7.53703
5.20201 0.797776 -2.11089
1.00245 2.93565 -0.490146
-3.89557 -3.41314 -9.37657
-4.20113 -3.15649 -0.315523
-7.67286 4.3349 -24.4934
-3.31165 -1.3796 0.19091
-2.8081 2.00813 10.5391
1.44297 -10.1919 -11.4624
2.94862 9.31211 -9.50276
-13.2358 -1.52418 -23.8794
6.70789 -19.6231 8.53466
-1.28188 2.59052 -5.99978
0.593355 -1.58415 -7.08068
3.96333 3.50303 -3.18709
0.593152 2.2571 0.473308
6.04762 2.13661 -0.8403
0.560119 3.39358 -5.59194
-2.32734 -1.956 6.60403
-3.01421 -3.73642 6.16201
3.42225 -5.50804 5.56946
4.00889 -1.95582 0.163754
2.7745 3.27197 -3.31026
6.84012 -3.16944 -13.3596
-8.78028 248.281 1.24017
-2.98517 -1.55202 0.495756
6.96011 -6.98473 1.25656
-0.0766361 -1.84546 0.803896
2.13403 -2.87702 -1.80829
-6.39937 1.08462 0.0633702
-3.54928 0.545592 -3.65037
-5.86581 4.2439 -2.29721
-2.53403 2.5824 -0.532081
-2.18813 8.74428 0.26399
-1.58794 -0.361339 -1.825
-2.87173 -3.89239 -0.533893
-2.26935 10.425 -2.56821
4.3971 -1.03148 -0.836725
2.25228 -6.11129 0.986417
-3.80199 -2.16745 -2.42821
-2.17932 2.51936 22.7514
9.6115 3.04201 -4.61565
-0.314316 -2.8313 0.444651
0.680238 -3.1727 -5.77296
-3.0401 -2.5777 40.4579
-2.24175 -156.18 9.50372
1.8853 -8.39249 7.53747
1.04326 5.14672 -11.2758
-1.4265 -0.43723 2.30306
-19.9548 1.27832 -12.0955
-2.36826 3.06468 -1.59372
0.075442 3.51024 -2.6827
-14.6727 -0.0681308 -3.48929
4.85195 -0.664634 -32.9276
0.12147 -0.272495 1.61709
-1.52397 7.79289 5.0809
-1.23932 -0.144554 -0.882113
4.22903 4.12682 3.28417
-1.9177 1.8703 3.35013
3.5916 0.723348 -1.65843
1.44694 -3.35047 0.0138192
-3.25495 0.22108 2.47055
2.64669 0.847131 1.07551
-0.431525 -3.50303 -4.83148
1.03326 2.36205 9.19209
0.860235 -1.10377 13.0846
-4.03244 3.46319 -3.78851
-1.75612 0.936512 -1.78035
-1.01094 -0.166613 -0.306994
3.42623 0.0972146 -0.233831
1.16718 2.49763 4.21736
6.72337 1.12857 -3.2823
14.8206 -0.888547 3.13722
-4.90496 6.70392 0.580804
1.10964 7.72833 2.7128
-29.3709 -4.6065 21.6146
7.08851 -3.07782 5.86938
0.450761 -6.99627 3.97234
-7.06428 -4.76314 -8.00595
