-10.1297 6.32885 7.15438
7.83811 1.9403 7.14143
0.750942 2.21332 5.19888
-4.06489 -0.510649 -1.47676
4.71922 0.642068 -4.00617
4.93495 3.04013 0.285699
2.50207 -6.99929 -32.6948
8.72606 1.13328 4.80154
0.0365228 2.27902 0.794373
3.43551 -3.5797 -5.60168
-3.08013 0.276169 4.05528
-1.8801 0.360804 18.2485
-0.589718 0.0462545 -6.04642
-14.2472 13.8909 -2.14341
1.19771 -5.2022 -4.70749
-3.3469 4.20961 0.0171861
0.682961 -4.61733 0.0173517
19.8442 -2.68341 -8.58148
-7.16724 -12.5149 6.22394
0.0156591 0.0958235 -0.211975
6.17657 0.177982 4.87333
3.85812 -7.53285 7.46946
5.23701 0.746123 -2.08733
0.946356 2.83754 -0.450145
-3.64422 -3.69183 -9.37605
-4.20023 -3.16373 -0.26163
-7.66346 4.39063 -24.5835
-3.38972 -1.13612 -0.103528
-2.90449 1.99377 10.5399
1.43166 -10.372 -11.5616
2.96052 9.15285 -9.51492
-13.3463 -1.49144 -23.8637
6.80088 -19.6725 8.80851
-1.249 2.48523 -6.20287
0.614958 -1.50436 -6.99242
3.88771 3.5517 -3.10508
0.43134 2.34352 0.48673
5.79062 2.12607 -0.721571
0.756777 3.56611 -5.58468
-2.26425 -2.00323 6.55929
-3.2921 -3.74077 6.0274
3.35324 -5.57491 5.50605
4.06044 -2.11995 -0.0159742
2.39102 3.30892 -3.28022
6.83367 -3.00479 -13.4696
-8.77464 248.299 1.26395
-2.73256 -1.56569 0.548547
2.8304 -7.00273 1.15248
-0.133633 -1.85345 0.82929
2.1653 -2.86433 -1.8077
-6.36838 1.09112 0.0662456
-3.54869 0.548216 -3.63482
-6.32009 3.95029 -2.26608
-2.53952 2.64332 -0.515481
-2.17502 8.75783 0.174566
-1.61639 -0.352851 -1.71023
-2.85144 -3.98624 -0.487753
-2.24779 10.4124 -2.57382
4.33558 -1.0767 -0.760865
2.22279 -6.21142 1.04347
-3.85764 -2.17219 -2.52189
-2.18343 2.6563 22.8746
9.68941 3.03586 -4.6198
-0.49652 -2.58614 0.357358
0.680747 -3.15411 -5.77669
-3.01821 -2.70915 40.4404
-2.3208 -156.2 9.50555
2.00899 -8.45283 7.39109
1.03541 5.1424 -11.3218
-1.44543 -0.407616 2.38573
-19.95 1.22027 -11.9067
-2.58268 2.91962 -1.52136
0.167048 3.51651 -2.58715
-14.6697 0.0345569 -3.4039
5.15649 -0.480363 -33.0334
2.70711 -0.371794 1.69778
-1.56033 7.81182 5.1187
-1.22358 -0.19614 -0.913684
4.30917 4.31529 3.36367
-2.03456 2.16655 3.74658
3.57464 0.700885 -1.67692
1.35457 -3.21226 -0.0138925
-3.24781 0.3563 2.45254
2.86979 0.917628 1.05043
-0.181121 -3.38864 -4.75645
1.08589 2.37721 9.16929
0.859886 -1.14042 13.0402
-4.06646 3.46111 -3.80328
-1.76032 0.939268 -1.91113
-1.01829 -0.178124 -0.309894
3.1373 0.0964803 -0.251119
1.34155 2.45177 4.16265
6.69513 1.22237 -3.46864
14.8145 -0.986811 3.16528
-4.74477 6.86865 0.571637
0.98929 7.72506 2.81332
-29.6047 -4.55891 21.3894
7.10417 -3.09103 5.8284
0.429166 -7.06366 4.19923
-7.07386 -4.61846 -8.00542
