-10.1626 6.30471 7.17375
7.85872 1.94619 7.16222
0.678881 2.06275 5.14182
-4.07878 -0.540159 -1.50124
4.86566 0.684385 -3.99615
4.88018 3.03935 0.258795
2.52642 -6.9512 -32.6987
8.7053 0.996327 4.87063
0.0499665 2.29463 0.782555
3.47084 -3.60171 -5.59013
-2.88714 0.270875 4.07072
-1.84808 0.285775 18.1323
-0.527956 0.16892 -5.89305
-14.1768 13.8932 -2.17364
1.20399 -5.18431 -4.68964
-3.40904 4.21946 0.0354957
0.691063 -4.61987 0.0262703
19.9464 -2.66655 -8.60035
-7.0344 -12.525 6.15129
0.0168413 0.0972502 -0.227866
6.15761 0.169366 4.92273
3.90275 -7.5168 7.438
5.25538 0.719999 -2.0758
0.902264 2.78179 -0.402444
-3.52281 -3.85524 -9.37586
-4.19967 -3.16849 -0.235365
-7.65709 4.41663 -24.6355
-3.43389 -1.01959 -0.264439
-2.95112 1.98466 10.5393
1.42415 -10.4655 -11.6153
2.96268 9.08531 -9.51529
-13.4115 -1.4804 -23.8548
6.85224 -19.7085 8.97658
-1.23158 2.42922 -6.32174
0.625094 -1.46493 -6.94924
3.85004 3.57373 -3.06829
0.344496 2.38294 0.494999
5.67689 2.12148 -0.65845
0.87311 3.65114 -5.60178
-2.22919 -2.03504 6.53631
-3.51251 -3.72008 5.9629
3.3266 -5.61836 5.47962
4.08826 -2.21815 -0.10625
2.19472 3.32363 -3.26409
6.83278 -2.92407 -13.5387
-8.77092 248.314 1.26807
-2.61874 -1.57358 0.575111
0.574282 -7.03761 1.09319
-0.159922 -1.85799 0.840887
2.18428 -2.85745 -1.80586
-6.35331 1.09487 0.0683145
-3.54795 0.548758 -3.62529
-6.55965 3.81578 -2.25184
-2.53991 2.6841 -0.502071
-2.16961 8.76342 0.137132
-1.63111 -0.349114 -1.65417
-2.83856 -4.03156 -0.460235
-2.24313 10.3953 -2.57724
4.30682 -1.10007 -0.727969
2.20935 -6.26626 1.06876
-3.88485 -2.17528 -2.5708
-2.18536 2.72387 22.9624
9.63583 3.03122 -4.62197
-0.610427 -2.47454 0.311473
0.682517 -3.14531 -5.77976
-3.0075 -2.77675 40.4366
-2.35626 -156.159 9.50586
2.07323 -8.50065 7.32325
1.03251 5.13772 -11.3471
-1.45512 -0.393407 2.42621
-19.9455 1.18999 -11.8228
-2.69053 2.84629 -1.48762
0.213531 3.51872 -2.5389
-14.6674 0.084216 -3.3611
5.36514 -0.390146 -33.0947
4.12855 -0.412445 1.74252
-1.57858 7.82118 5.141
-1.21619 -0.222326 -0.928899
4.35168 4.41047 3.40552
-2.0954 2.3058 3.96435
3.57115 0.686876 -1.68869
1.30888 -3.13859 -0.0276337
-3.24437 0.423738 2.44308
2.98987 0.952206 1.03789
-0.0568436 -3.34382 -4.72877
1.11529 2.38465 9.15867
0.875348 -1.15344 13.0046
-4.0809 3.45693 -3.81165
-1.76175 0.940129 -1.97851
-1.02012 -0.184051 -0.307884
3.01094 0.0958214 -0.259002
1.43564 2.4283 4.13756
6.67942 1.26778 -3.58118
14.8089 -1.03708 3.1703
-4.66586 6.96979 0.567599
0.931604 7.72328 2.86385
-29.8812 -4.54343 21.2908
7.11683 -3.0987 5.80153
0.415591 -7.10117 4.30571
-7.07952 -4.54861 -8.00298
