-10.2339 6.24177 7.22092
7.92971 1.95485 7.23608
0.454427 1.62728 4.93771
-4.47574 -0.683452 -1.56344
4.63872 0.789836 -3.97226
4.71604 3.03305 0.158828
2.60385 -6.84166 -32.718
8.65201 0.604944 5.05597
0.0927427 2.34115 0.747904
3.57955 -3.67706 -5.56143
-2.34508 0.255987 4.11373
-1.78688 0.131747 18.005
-0.351156 0.513218 -5.44616
-13.9994 13.9019 -2.26685
1.22439 -5.13693 -4.6382
-3.22348 4.24871 0.0940783
0.715011 -4.62848 0.0543112
19.5712 -2.59431 -8.6827
-6.76661 -12.5569 5.9668
0.022831 0.0996461 -0.276909
6.1073 0.136587 5.07368
4.04317 -7.23392 7.3531
5.3195 0.63829 -2.03793
0.421485 2.60818 -0.311336
-3.12804 -3.55788 -9.38081
-4.19855 -3.18314 -0.158727
-7.6339 4.48666 -24.831
-3.60285 -0.687379 -0.257978
-3.12414 1.95312 10.5343
1.40486 -10.7795 -11.7873
2.98442 8.89305 -9.49901
-13.6642 -1.44982 -23.829
7.03257 -19.8776 9.11786
-1.17961 2.26523 -6.62482
0.649579 -1.34444 -6.81926
3.62176 3.63523 -2.97254
0.217715 2.50082 0.51091
5.25883 2.12346 -0.448272
1.29697 3.88141 -5.68532
-2.1244 -2.16351 6.46411
-4.16667 -3.78437 5.53168
3.26125 -5.7756 5.40285
4.1791 -2.54913 -0.366361
1.69032 3.37433 -3.21936
6.84415 -2.68103 -13.8409
-8.78264 248.353 1.34346
-2.32309 -1.60033 0.659312
-3.68427 -7.35792 0.83878
-0.27421 -1.87455 0.871199
2.24829 -2.83498 -1.79533
-6.31222 1.10668 0.0772268
-3.54803 0.550905 -3.60218
-6.35857 3.4044 -2.23515
-2.50126 2.83148 -0.452171
-2.15448 8.77399 0.0445467
-1.68498 -0.340192 -1.49109
-2.81293 -4.15077 -0.321616
-2.21525 10.3654 -2.61018
4.22676 -1.17313 -0.637378
2.1752 -6.44517 1.14126
-3.97299 -2.18688 -2.72571
-2.19841 2.94796 23.3136
9.49343 3.01146 -4.6316
-1.05571 -2.17528 0.115672
0.690468 -3.12291 -5.78879
-2.97263 -2.96227 40.4347
-2.42855 -156.159 9.51033
2.27152 -8.70223 7.16873
1.0266 5.1177 -11.4301
-1.49847 -0.351757 2.54957
-19.9243 1.09589 -11.5933
-2.9736 2.62163 -1.39028
0.343212 3.52272 -2.39134
-14.6569 0.236356 -3.20635
6.23906 -0.196676 -33.4284
6.6208 -0.510835 1.9221
-1.63073 7.85925 5.21293
-1.19599 -0.302719 -0.973826
4.49389 4.70752 3.54925
-2.29843 2.69663 4.48516
3.58096 0.639199 -1.72929
1.16997 -2.9056 -0.0460887
-3.23059 0.602141 2.4148
3.42572 1.04231 1.00361
0.289689 -3.23989 -4.67315
1.21141 2.40405 9.13247
1.16341 -1.17814 12.9094
-4.1191 3.43918 -3.83831
-1.7676 0.941843 -2.18775
-1.01906 -0.205931 -0.291609
2.6828 0.0938888 -0.277474
1.73832 2.35534 4.07239
6.61748 1.39092 -4.06894
14.8086 -1.2159 3.13832
-4.378 7.1446 0.561503
0.758155 7.71889 3.01968
-28.9896 -4.55515 21.0682
7.15295 -3.12175 5.71472
0.36431 -7.22726 4.60273
-7.0987 -4.35577 -8.00331
