-10.2798 6.20392 7.24601
7.98308 1.96364 7.2983
0.295435 1.36643 4.78376
-5.86488 -0.805565 -1.59689
4.40735 0.85942 -3.96153
4.63821 3.02794 0.0781077
2.65568 -6.78241 -32.7516
8.62127 0.357878 5.19021
0.121703 2.37225 0.72768
3.64976 -3.73644 -5.54424
-2.03861 0.250349 4.13942
-1.89106 0.0748152 17.9493
-0.240194 0.868489 -5.15797
-13.9058 13.9144 -2.3222
1.23925 -5.11019 -4.6017
-2.90117 4.26862 0.135212
0.730716 -4.63477 0.0743518
19.3835 -2.56685 -8.76736
-6.61457 -12.5972 5.82245
0.0294029 0.0997117 -0.310095
6.07867 0.113705 5.18091
4.13738 -7.05781 7.30193
5.36867 0.589572 -2.01129
0.226712 2.56005 -0.445674
-2.88612 -3.25148 -9.4011
-4.19984 -3.19129 -0.109302
-7.61433 4.53162 -24.9906
-3.75125 -0.467128 0.115928
-3.27257 1.92802 10.5216
1.39764 -11.0431 -11.8974
2.9972 8.73774 -9.48542
-13.9115 -1.42727 -23.8299
7.16926 -20.0205 8.91
-1.14391 2.18069 -6.75967
0.656856 -1.24806 -6.73141
3.4248 3.67569 -2.91547
0.151235 2.5813 0.521335
4.96354 2.14641 -0.291371
1.61709 4.05089 -5.74355
-2.06911 -2.26586 6.41699
-4.45866 -3.88878 5.27074
3.22153 -5.89878 5.36028
4.24521 -2.74747 -0.53014
1.35766 3.40552 -3.19179
6.87248 -2.51271 -14.0452
-8.8002 248.403 1.37429
-2.15393 -1.61824 0.717243
-3.96942 -7.64445 0.731754
-0.360661 -1.89162 0.886777
2.2974 -2.81755 -1.78948
-6.28904 1.11524 0.0857419
-3.54953 0.552102 -3.58299
-3.22414 3.15104 -2.23991
-2.45031 2.9599 -0.419889
-2.14472 8.77833 -0.00838497
-1.7271 -0.336591 -1.38686
-2.84374 -4.24378 -0.227712
-2.19879 10.3352 -2.64252
4.17575 -1.2217 -0.578207
2.15775 -6.58284 1.19348
-4.03749 -2.19467 -2.83491
-2.22024 3.14387 23.0932
9.40811 2.99858 -4.63806
-1.30821 -1.99519 -0.068024
0.698114 -3.11041 -5.79507
-2.94997 -2.85421 40.4362
-2.47202 -156.156 9.52097
2.39884 -8.85342 7.09842
1.02517 5.10081 -11.4905
-1.53677 -0.3241 2.6413
-19.9052 1.03075 -11.4517
-3.14586 2.48242 -1.32313
0.424905 3.52557 -2.29367
-14.6495 0.347687 -3.04467
6.78494 -0.0808469 -33.6243
6.52159 -0.555266 1.99743
-1.6763 7.8906 5.26866
-1.18488 -0.356831 -1.00212
4.59896 4.55128 3.66452
-2.46582 2.95523 4.72598
3.60135 0.609077 -1.75868
1.0658 -2.75744 -0.0256943
-3.22107 0.699254 2.4006
3.74018 1.09719 0.98423
0.483002 -3.16199 -4.64689
1.27819 2.42013 9.11953
1.27602 -1.24741 13.0006
-4.14631 3.42431 -3.8564
-1.77167 0.943086 -2.3325
-1.01553 -0.226651 -0.274839
2.49016 0.0926077 -0.2849
1.94217 2.31576 4.03556
6.57112 1.4548 -4.26757
14.8516 -1.35261 3.12722
-4.19101 7.24424 0.568796
0.646372 7.71812 3.12626
-28.6912 -4.48365 21.0025
7.16923 -3.14202 5.65553
0.320964 -7.32025 4.79422
-7.11409 -4.23905 -8.00318
