-10.3909 6.14444 7.27288
8.0855 1.98411 7.40191
-0.0913299 0.999059 4.56293
-9.13596 -1.05172 -1.65275
4.06387 0.968568 -3.95944
4.51847 3.03106 -0.0148924
2.76961 -6.70502 -32.8622
8.57177 -0.0215554 5.39404
0.161486 2.4228 0.69612
3.74138 -3.83226 -5.51854
-1.62321 0.246866 4.16799
-2.45975 -0.00778149 17.8616
-0.0726965 1.40369 -4.76843
-13.805 13.9424 -2.3997
1.25873 -5.08035 -4.55766
-2.47297 4.29499 0.193934
0.752309 -4.64555 0.103079
19.2546 -2.52825 -8.9282
-6.38344 -12.6108 5.63921
0.0415864 0.0966587 -0.366304
6.03312 0.0793221 5.35606
4.27384 -6.81316 7.2322
5.43755 0.512499 -1.97651
0.146922 2.4811 -0.546249
-2.60598 -2.81852 -9.46334
-4.20982 -3.19684 -0.0421045
-7.58747 4.60279 -24.5519
-3.98385 -0.14972 0.352754
-3.55384 1.87976 10.5035
1.4038 -11.463 -12.108
3.02148 8.53681 -9.47714
-14.3108 -1.40479 -23.9524
7.36792 -20.9341 8.62162
-1.09161 2.04788 -6.97893
0.654896 -1.11929 -6.61318
3.1826 3.73458 -2.84302
0.0374705 2.71622 0.533013
4.62109 2.21093 -0.0369022
2.1055 4.3142 -5.84243
-2.02214 -2.41438 6.35701
-3.52649 -4.05785 4.95591
3.16063 -6.1138 5.29799
4.34789 -2.50783 -0.803671
0.829021 3.45328 -3.168
6.92268 -2.26268 -14.6207
-8.87751 248.345 1.44703
-1.92334 -1.64815 0.807514
-2.77284 -8.0639 0.695593
-0.463144 -1.93357 0.915093
2.37428 -2.79288 -1.79339
-6.25791 1.12818 0.0969431
-3.55452 0.555989 -3.56303
3.96806 2.85969 -2.22623
-2.34251 3.16592 -0.389626
-2.13193 8.78188 -0.0884196
-1.80059 -0.339399 -1.22536
-2.87946 -4.5038 -0.144511
-2.18642 10.3292 -2.6604
4.08023 -1.30274 -0.495642
2.11117 -6.81948 1.26336
-4.16221 -2.20968 -3.00371
-2.27023 3.47688 22.8577
9.28271 2.97684 -4.64929
-1.64066 -1.7567 -0.366356
0.712364 -3.09407 -5.80802
-2.93414 -1.56893 40.4085
-2.5557 -156.091 9.53966
2.5661 -9.11724 6.99761
1.0257 5.07015 -11.5956
-1.59431 -0.285501 2.78415
-19.8843 0.916872 -11.2674
-3.34566 2.28342 -1.23467
0.55073 3.52719 -2.15316
-14.6451 0.540938 -2.78235
6.92468 0.0980354 -33.2937
5.7438 -0.653283 2.03309
-1.73045 7.94347 5.35309
-1.17303 -0.440936 -1.05065
4.76305 4.10865 3.85351
-2.71239 3.3401 5.2891
3.64025 0.5788 -1.81004
0.890476 -2.57729 0.0321534
-3.20992 0.840775 2.37921
4.25129 1.17504 0.954644
0.746286 -3.05036 -4.62329
1.38097 2.45022 9.10287
1.31454 -1.32414 13.0338
-4.19322 3.39818 -3.88702
-1.78072 0.944072 -2.56709
-1.01333 -0.258426 -0.245175
2.2243 0.0900193 -0.300535
2.24239 2.26577 3.98268
6.51805 1.59496 -4.7315
14.909 -2.44001 3.19946
-3.96756 7.43463 0.601422
0.486563 7.71763 3.20769
-28.5102 -4.42791 20.9132
7.19377 -3.19343 5.56296
0.220201 -7.48293 5.07908
-7.13994 -4.07417 -8.01131
