-10.4439 6.10832 7.29901
8.16509 2.00303 7.4929
-0.448246 0.755855 4.45996
-12.3388 -1.32784 -1.70295
3.84184 1.04493 -3.95986
4.4141 3.03717 -0.0743014
2.84415 -6.66104 -32.9706
8.53137 -0.347886 5.55767
0.182877 2.4581 0.678449
3.8016 -3.90268 -5.50139
-1.37809 0.24736 4.18692
-2.83499 -0.0615684 17.8167
0.0288702 1.70759 -4.50538
-13.7622 13.9502 -2.44389
1.26877 -5.06776 -4.53031
-2.21148 4.31002 0.246409
0.765187 -4.65434 0.123427
19.1928 -2.50455 -9.03369
-6.23834 -12.6102 5.5563
0.0499466 0.0907431 -0.404391
6.00444 0.055439 5.49667
4.34089 -6.66732 7.19914
5.47466 0.459691 -1.95413
0.114384 2.42051 -0.573135
-2.43575 -2.55042 -9.49734
-4.21385 -3.19146 0.00882327
-7.57943 4.65404 -24.2995
-4.24543 0.0470618 -0.570291
-3.77992 1.85156 10.5317
1.41643 -11.2425 -12.3483
3.02992 8.43078 -9.4713
-14.5797 -1.39051 -24.0544
7.49829 -21.8831 8.47821
-1.05849 1.94056 -7.13215
0.644571 -1.05599 -6.53868
3.0487 3.77169 -2.78621
-0.0453253 2.8116 0.546406
4.45181 2.26494 0.172183
2.39519 4.49194 -5.90321
-2.00209 -2.49905 6.32872
-2.90403 -4.18878 4.79264
3.12228 -6.29561 5.26185
4.40801 -1.99434 -1.00009
0.463493 3.48542 -3.14248
6.95629 -2.14655 -14.4706
-8.91295 248.371 1.45156
-1.77858 -1.66966 0.887406
-2.24519 -8.38107 0.698604
-0.521362 -1.9682 0.950941
2.4255 -2.78324 -1.80131
-6.23854 1.1369 0.10579
-3.55937 0.558729 -3.54845
11.0087 2.85816 -2.15988
-2.25747 3.31866 -0.369577
-2.12442 8.78195 -0.140919
-1.85345 -0.346588 -1.07886
-2.90345 -4.84486 -0.106621
-2.19159 10.3145 -2.65706
3.99002 -1.37174 -0.424931
2.06923 -7.00861 1.31772
-4.25396 -2.22383 -3.10282
-2.30917 3.60354 22.7512
9.20362 2.96158 -4.65633
-1.47047 -1.61676 -0.477338
0.723463 -3.0856 -5.81734
-2.97042 0.65181 40.4391
-2.63841 -156.11 9.54541
2.67592 -9.33478 6.93857
1.02985 5.04396 -11.6726
-1.6356 -0.26267 2.90515
-19.8791 0.825757 -11.1482
-3.02911 2.15126 -1.17009
0.636265 3.52579 -2.04395
-14.6455 0.706801 -2.64733
6.60753 0.223611 -33.144
5.39097 -0.730977 2.04222
-1.76998 7.98304 5.4201
-1.16811 -0.508927 -1.08593
4.8662 3.79569 4.0039
-2.88563 3.5914 6.7557
3.66297 0.570177 -1.84242
0.774833 -2.49503 0.0887782
-3.20486 0.931066 2.36626
4.61598 1.22505 0.937629
0.910238 -2.98226 -4.60207
1.45055 2.47276 9.09389
1.31441 -1.3823 13.0551
-4.22596 3.37866 -3.90642
-1.78925 0.943412 -2.72783
-1.01428 -0.279117 -0.221513
2.05737 0.0881475 -0.311032
2.47556 2.2359 3.95328
6.48598 1.68745 -5.16452
14.9815 -4.31722 3.23323
-3.84682 7.61447 0.621505
0.384696 7.71722 3.01087
-28.4416 -4.40371 20.8708
7.22302 -3.2289 5.5029
0.139603 -7.61607 5.16753
-7.16045 -3.97066 -8.01819
