-10.4972 6.09642 7.31249
8.20639 2.01133 7.54947
-0.649071 0.628927 4.40638
-11.1854 -1.44849 -1.71765
3.73231 1.08673 -3.96219
4.35794 3.04242 -0.107548
2.88163 -6.64584 -33.0495
8.50835 -0.584186 5.65776
0.19069 2.47709 0.670561
3.83343 -3.94133 -5.49415
-1.26184 0.246586 4.19555
-3.01701 -0.086364 17.7976
0.0768997 1.83736 -4.37689
-13.7441 13.9496 -2.46471
1.27201 -5.06408 -4.51726
-2.08975 4.31654 0.274103
0.771601 -4.65977 0.133927
19.1669 -2.49339 -9.09468
-6.16734 -12.6105 5.51956
0.0541561 0.0868849 -0.423922
5.99149 0.0430661 5.57486
4.36702 -6.60773 7.18444
5.49395 0.428371 -1.94334
0.101813 2.39035 -0.584995
-2.35613 -2.41753 -9.50974
-4.21265 -3.18769 0.0394219
-7.57846 4.68189 -24.2093
-4.40871 0.139835 -0.741509
-3.89657 1.83979 10.5579
1.42141 -11.1433 -12.49
3.03268 8.37809 -9.46809
-14.7219 -1.38302 -24.1161
7.56411 -21.7445 8.40098
-1.04182 1.87817 -7.21293
0.637937 -1.04138 -6.50525
2.98558 3.79004 -2.75794
-0.0877587 2.86975 0.552204
4.38004 2.28998 0.267582
2.53641 4.57764 -5.94437
-1.99074 -2.53886 6.31663
-2.60508 -4.26559 4.71836
3.10554 -6.39196 5.24522
4.43705 -1.922 -1.10029
0.270796 3.50148 -3.13005
6.97196 -2.09513 -14.3106
-8.93688 248.336 1.45592
-1.70803 -1.68144 0.926695
-2.0293 -8.56629 0.702267
-0.552305 -1.98752 0.965631
2.451 -2.7814 -1.80578
-6.22922 1.1404 0.110509
-3.56338 0.56074 -3.54232
8.4585 2.79059 -2.14855
-2.21345 3.38826 -0.357825
-2.12079 8.78142 -0.167515
-1.88011 -0.351564 -1.00753
-2.91105 -4.90689 -0.0934621
-2.19282 10.3105 -2.657
3.93187 -1.42079 -0.373313
2.05005 -7.11628 1.35075
-4.30073 -2.23234 -3.15123
-2.32726 3.66966 22.7111
9.16602 2.95372 -4.6596
-1.32007 -1.55662 -0.559992
0.729295 -3.0816 -5.82205
-2.96871 0.860938 40.4778
-2.69138 -156.161 9.55644
2.73063 -9.46553 6.90897
1.0337 5.03009 -11.7136
-1.65868 -0.251911 2.97178
-19.8699 0.796412 -11.0946
-2.85629 2.08412 -1.13742
0.679456 3.52336 -1.98866
-14.6446 0.83422 -2.58226
6.45203 0.289708 -33.0947
5.25496 -0.771718 2.04364
-1.78921 8.00347 5.45413
-1.16621 -0.542387 -1.104
4.9195 3.63039 4.08245
-2.97913 3.71937 7.27559
3.67205 0.569262 -1.85753
0.721425 -2.46481 0.120758
-3.20288 0.976094 2.36055
4.81118 1.24922 0.92836
0.990986 -2.95321 -4.59034
1.4854 2.48351 9.08819
1.31853 -1.41239 13.0648
-4.24224 3.36969 -3.91662
-1.7943 0.943057 -2.8104
-1.015 -0.290061 -0.208667
1.97632 0.0868181 -0.316759
2.60944 2.22076 3.93866
6.47207 1.73427 -5.39607
14.9967 -4.42508 3.24267
-3.79031 7.7233 0.627285
0.334989 7.7166 2.91785
-28.4136 -4.39524 20.8548
7.24004 -3.2453 5.47114
0.0983097 -7.69028 5.02861
-7.17122 -3.91761 -8.02056
