-10.5545 6.07856 7.32453
8.24907 2.01754 7.59931
-0.860511 0.502391 4.34276
-10.7241 -1.5557 -1.72963
3.62245 1.12832 -3.96803
4.30007 3.04921 -0.145854
2.92216 -6.63125 -33.0595
8.48276 -0.939435 5.75109
0.196602 2.49796 0.660722
3.86556 -3.98245 -5.48859
-1.1461 0.24359 4.20201
-3.20159 -0.107984 17.7799
0.124438 1.95193 -4.26481
-13.7267 13.9468 -2.48623
1.2754 -5.06332 -4.50496
-1.97271 4.32209 0.299335
0.777973 -4.66647 0.14415
19.1451 -2.48282 -9.16693
-6.09787 -12.6116 5.48311
0.058573 0.0820038 -0.445248
5.97932 0.0297046 5.65265
4.39205 -6.55038 7.16893
5.5131 0.391879 -1.93358
0.0878476 2.35518 -0.59118
-2.27826 -2.28288 -9.52077
-4.21017 -3.18812 0.0699522
-7.57825 4.7084 -24.1488
-4.58554 0.229023 -0.54379
-4.01296 1.82891 10.5906
1.42625 -11.0496 -12.6825
3.03238 8.32242 -9.46499
-14.8693 -1.37523 -24.194
7.63091 -21.6246 8.30211
-1.0251 1.81334 -7.29918
0.631908 -1.04145 -6.47864
2.92372 3.80691 -2.7317
-0.131612 2.92864 0.553589
4.3138 2.31124 0.354804
2.68521 4.67002 -6.0032
-1.97751 -2.57889 6.30478
-2.30234 -4.3441 4.63945
3.09012 -6.49548 5.22781
4.46738 -1.84937 -1.20637
0.0660205 3.51444 -3.12104
6.98604 -2.05214 -14.1872
-8.95278 248.33 1.45779
-1.63799 -1.69425 0.964314
-1.83355 -8.77877 0.706466
-0.587011 -2.00798 0.978493
2.47617 -2.78152 -1.81038
-6.21948 1.14264 0.114693
-3.56481 0.561675 -3.5348
7.44428 2.67394 -2.15313
-2.17016 3.44492 -0.347182
-2.11711 8.78041 -0.195739
-1.90677 -0.357869 -0.939191
-2.91439 -4.85975 -0.0824329
-2.19393 10.3026 -2.65783
3.87454 -1.493 -0.31
2.0308 -7.23997 1.37722
-4.34797 -2.2417 -3.20105
-2.34442 3.73747 22.6707
9.12935 2.9443 -4.66339
-1.16843 -1.49936 -0.678337
0.735675 -3.07817 -5.82841
-2.96485 0.906355 40.5181
-2.73624 -156.178 9.56984
2.78382 -9.60376 6.87646
1.03882 5.01544 -11.7584
-1.68331 -0.242176 3.04033
-19.8705 0.795733 -11.0789
-2.70015 2.01349 -1.10923
0.723802 3.51946 -1.93683
-14.6424 1.03154 -2.53105
6.29704 0.35031 -33.0589
5.13757 -0.815379 2.04494
-1.80779 8.02208 5.48805
-1.16478 -0.575871 -1.12342
4.97388 3.46127 4.15794
-3.06946 3.85031 7.41632
3.6795 0.569644 -1.87348
0.671387 -2.44282 0.151195
-3.20098 1.02029 2.354
5.02073 1.27174 0.916933
1.07247 -2.92962 -4.58108
1.52076 2.49348 9.0809
1.31619 -1.44859 13.0711
-4.25825 3.35973 -3.92857
-1.79985 0.94207 -2.89713
-1.01647 -0.301821 -0.195339
1.8961 0.0846833 -0.32386
2.75006 2.20633 3.92239
6.46017 1.77945 -5.43284
15.0075 -4.3679 3.25444
-3.73623 7.84419 0.629884
0.286089 7.71534 2.82522
-28.3857 -4.39058 20.8413
7.25762 -3.26093 5.43692
0.0570091 -7.77049 4.88602
-7.18169 -3.86482 -8.02686
