-7.4325 -1.09199 -2.557
-1.17954 0.461249 0.663917
-0.00796872 -0.892579 0.134979
-1.10108 -1.07091 -0.0101792
3.13394 -1.54715 2.12371
1.72446 0.232566 2.2237
0.182863 -2.18889 0.145783
1.0256 3.14235 1.91983
-0.257253 1.91712 -2.25827
1.08846 -0.775583 -0.564879
0.690697 0.0815482 0.641155
-1.9546 0.828301 3.60532
-0.136638 2.14558 -0.518129
-2.0164 -0.739737 -4.32878
4.47234 2.78824 1.97474
0.217951 0.488165 -0.931604
-0.0108177 -1.16632 -1.45691
-2.23108 -0.162136 -0.869424
-2.28746 0.140699 -0.73173
-2.34882 1.55808 1.16128
-2.72926 0.455286 0.645717
0.353002 1.30077 -0.00930962
2.57834 -1.2863 -1.02775
0.118544 0.722269 3.10874
3.51701 -1.64241 -0.101891
-0.566789 -1.59441 -2.65923
0.245901 4.9402 -1.19814
-0.167174 1.44876 1.23183
3.5196 0.809059 2.05587
-2.95705 2.15934 -4.31591
-1.18884 0.345862 -0.854356
2.51611 2.76946 -4.95615
-0.830288 3.03625 0.520979
0.968517 0.293897 -0.987218
-3.34308 -0.22898 1.87808
-1.77715 0.884146 -5.8327
-0.305935 -2.06273 -0.0223498
-0.722331 0.401133 0.643776
-3.9378 -1.76134 0.767048
2.2447 0.0382096 3.03098
-1.35101 -0.440309 -3.74597
-0.920082 -1.50807 -2.59426
-0.380609 -2.61686 2.76097
-4.98581 0.51359 -1.91023
-3.76742 5.47346 -0.954186
-0.667389 2.91836 2.90376
-1.15538 0.721343 3.86839
5.59906 -0.406394 0.313175
2.36388 2.09859 -0.38665
0.638163 -0.480216 1.57537
1.2356 -0.724872 2.14997
-1.74234 -0.0120142 -0.203519
-1.58156 0.790036 4.77637
2.05451 2.99639 0.0725346
1.12004 1.19245 0.441169
0.435481 -0.0729697 -0.206075
-0.16277 1.02134 -0.031776
-2.40028 7.06967 1.32038
-5.16583 -0.693556 1.30517
-0.851199 -1.2169 -0.173072
-0.472173 -0.626931 1.34502
-2.14583 -0.190498 -3.69328
1.6192 -1.60183 -2.7163
1.05532 -0.945984 0.0119538
0.873303 -2.40396 2.4724
2.46795 -2.04528 -0.522044
0.563525 -1.72156 -2.03513
-1.30149 0.96829 0.611014
-1.0289 1.00778 -1.79872
1.90726 0.0284442 -1.44929
3.24747 -7.01856 -1.45332
4.31863 -3.50103 -0.51
-2.05668 2.57383 -3.23221
-1.06143 -1.37016 -2.42401
0.925725 2.35299 3.0308
1.65997 0.5387 -0.0507808
0.365491 -3.7698 -0.993704
-3.14991 1.36565 0.718515
0.256482 -0.945854 0.768483
-6.55749 -0.916413 7.1129
0.209054 1.0178 -1.01032
0.355501 -1.76414 0.250026
-0.569499 -1.45968 -0.604102
-0.544016 -0.0752991 -0.403656
-1.90509 -0.985813 -2.80283
1.20421 -0.206765 0.30471
0.331263 -0.181948 -3.43996
-0.226607 -0.357039 -0.110921
-2.09481 1.02123 -0.968508
0.170677 0.265606 -0.025971
0.497423 -0.926165 0.419185
0.211365 -1.63517 1.05061
5.64504 1.1311 -0.290021
-0.432072 -2.57068 0.854562
-0.701084 0.438023 0.730362
1.05602 -0.942339 0.711454
3.95756 1.29951 4.62512
4.84331 3.89025 1.21401
2.16138 0.564251 0.560526
2.10046 -0.363405 -4.92164
