-10.674 6.04077 7.35503
8.32513 2.01258 7.67171
-1.3258 0.250538 4.21751
-10.3002 -1.7726 -1.75336
3.39902 1.21501 -3.98534
4.17442 3.0698 -0.230186
3.01281 -6.58511 -32.928
8.43816 -2.19946 5.95434
0.206316 2.55152 0.632608
3.92987 -4.06735 -5.48114
-0.915354 0.235194 4.21118
-3.56994 -0.147611 17.7631
0.214064 2.16905 -4.07286
-13.6964 13.9391 -2.52731
1.27926 -5.06672 -4.4808
-1.75021 4.33308 0.346395
0.789842 -4.68031 0.165097
19.1068 -2.46234 -9.33213
-5.99368 -12.6143 5.41645
0.0661879 0.0696322 -0.489391
5.95491 0.00171128 5.56527
4.4425 -6.44271 7.14203
5.55121 0.320005 -1.91465
0.0623868 2.28591 -0.600454
-2.12814 -1.99346 -9.53634
-4.20776 -3.19836 0.154451
-7.58002 4.77679 -24.0785
-4.98509 0.396645 -0.153468
-4.24735 1.81007 10.6782
1.4381 -10.8597 -13.2686
3.02457 8.21904 -9.45886
-14.6232 -1.35608 -24.3921
7.75662 -21.4248 8.07883
-0.992795 1.68482 -7.48422
0.623614 -1.04613 -6.44243
2.7996 3.84394 -2.67101
-0.224412 3.04178 0.558538
4.18412 2.34273 0.522117
2.98946 4.89027 -6.14369
-1.94115 -2.65966 6.28226
-1.66088 -4.50377 4.48631
3.06379 -6.72664 5.19323
4.53145 -1.7018 -1.4255
-0.397911 3.53648 -3.11168
7.00801 -1.9704 -14.0116
-8.99021 248.348 1.45858
-1.50029 -1.72072 1.03957
-1.47888 -9.2792 0.720601
-0.671732 -2.04905 1.01212
2.52528 -2.78547 -1.81749
-6.19994 1.1483 0.123301
-3.5701 0.561855 -3.52101
6.51664 2.40466 -2.18803
-2.09438 3.55822 -0.323193
-2.1109 8.77822 -0.254719
-1.96382 -0.372821 -0.775934
-2.91418 -4.76558 -0.0598858
-2.20346 10.2799 -2.65291
3.82135 -1.62788 -0.164638
1.98733 -7.52458 1.42867
-4.44781 -2.26178 -3.29014
-2.38049 3.88455 22.5992
9.05619 2.92191 -4.66872
-0.86146 -1.39042 -0.93676
0.748221 -3.07189 -5.84334
-2.95508 0.999097 40.6172
-2.81831 -156.15 9.5805
2.88274 -9.90757 6.80978
1.05162 4.98661 -11.8428
-1.74225 -0.223183 3.19274
-19.9819 0.782749 -11.0623
-2.41687 1.86937 -1.05553
0.810344 3.50988 -1.83757
-14.6456 1.77319 -2.46245
5.99794 0.471573 -33.0017
4.93773 -0.909759 2.04945
-1.84122 8.06016 5.56747
-1.16325 -0.641792 -1.16354
5.08372 3.13286 4.31197
-3.24987 4.13693 7.74103
3.68713 0.573438 -1.90311
0.573997 -2.42268 0.215524
-3.19725 1.1127 2.3395
5.49243 1.31564 0.889288
1.23135 -2.88337 -4.56512
1.59055 2.51374 9.06431
1.31386 -1.52422 13.0847
-4.29098 3.34152 -3.95179
-1.81539 0.94004 -3.04096
-1.0227 -0.322206 -0.166128
1.73489 0.0788934 -0.339927
3.03955 2.18001 3.88912
6.43724 1.87407 -5.03574
15.0273 -4.24814 3.28131
-3.63678 8.12632 0.629902
0.15007 7.71131 2.64436
-28.3366 -4.39435 20.8305
7.29064 -3.28875 5.363
-0.0272285 -7.94726 4.61577
-7.20698 -3.75451 -8.04649
