-10.7085 5.96812 7.37651
8.34887 1.9868 7.72947
-1.58609 0.124939 4.15221
-10.1707 -1.88271 -1.7676
3.28599 1.26618 -3.99695
4.1114 3.08563 -0.274325
3.06606 -6.54054 -32.8911
8.43156 -2.86066 6.06826
0.215616 2.58138 0.615943
3.96254 -4.10624 -5.47972
-0.806823 0.233076 4.21525
-3.74515 -0.169554 17.7624
0.256159 2.27303 -3.99512
-13.6819 13.9362 -2.54678
1.27934 -5.06916 -4.46835
-1.6555 4.33973 0.368861
0.79538 -4.68686 0.175319
19.0917 -2.45195 -9.41832
-5.94953 -12.6149 5.38564
0.0698374 0.0627948 -0.511934
5.94213 -0.0124283 5.48822
4.47095 -6.38989 7.12797
5.57083 0.286459 -1.90628
0.051561 2.25289 -0.605225
-2.05455 -1.81459 -9.54226
-4.21014 -3.2065 0.200107
-7.58342 4.82057 -24.0489
-5.20339 0.476622 0.0329779
-4.16443 1.80373 10.7315
1.44806 -10.7579 -13.7036
3.01766 8.1727 -9.45742
-14.3726 -1.34277 -24.5182
7.81462 -21.3444 7.94968
-0.977186 1.62215 -7.48617
0.621368 -1.04616 -6.4296
2.73434 3.86554 -2.64665
-0.271734 3.10631 0.562735
4.07914 2.35777 0.602537
3.14802 5.02475 -6.22403
-1.9151 -2.70012 6.26971
-1.30799 -4.58386 4.40488
3.05319 -6.85497 5.17636
4.56574 -1.62656 -1.43623
-0.665427 3.55026 -3.10332
7.01705 -1.92935 -13.9219
-9.01146 248.311 1.4604
-1.44154 -1.7335 1.07643
-1.30499 -9.49436 0.728414
-0.784837 -2.06464 1.03424
2.55021 -2.78807 -1.82007
-6.19063 1.15303 0.128497
-3.57482 0.5638 -3.51434
6.22582 2.28184 -2.21831
-2.06502 3.61439 -0.308723
-2.10797 8.77737 -0.285808
-1.99956 -0.380483 -0.694058
-2.9127 -4.71685 -0.0463453
-2.20831 10.2718 -2.65123
3.80207 -1.67571 -0.107764
1.96467 -7.6811 1.45508
-4.5002 -2.27195 -3.3352
-2.39984 3.96614 22.5718
9.01912 2.90912 -4.67151
-0.702746 -1.33727 -1.08055
0.754552 -3.06802 -5.85157
-2.94986 1.04677 40.6045
-2.86986 -156.132 9.58461
2.92784 -10.0711 6.77334
1.05932 4.97327 -11.8877
-1.7777 -0.212309 3.2736
-20.0589 0.747855 -11.0343
-2.27589 1.80123 -1.03119
0.847417 3.50532 -1.78648
-14.6589 2.1707 -2.43027
5.84938 0.535373 -32.9729
4.84934 -0.954969 2.05124
-1.86508 8.08688 5.61103
-1.16305 -0.673971 -1.18457
5.14025 2.97432 4.37407
-3.35041 4.29984 7.93747
3.68837 0.57742 -1.91606
0.527187 -2.42125 0.249803
-3.19568 1.16244 2.33266
5.76115 1.34125 0.873929
1.3032 -2.85694 -4.55717
1.62528 2.52673 9.05565
1.3143 -1.562 13.0926
-4.30669 3.33659 -3.96598
-1.8253 0.939721 -3.10849
-1.02744 -0.329112 -0.15077
1.65478 0.0771587 -0.348087
3.18219 2.16908 3.87047
6.42312 1.92399 -4.71843
15.0382 -4.18338 3.29452
-3.58997 8.15649 0.628398
0.0519522 7.70901 2.55504
-28.3204 -4.39653 20.8328
7.30639 -3.29982 5.32032
-0.07026 -8.04411 4.48099
-7.2222 -3.69281 -8.05706
