-10.8417 5.8889 7.42183
8.42039 1.98605 7.88849
-2.19086 -0.134618 4.03427
-9.97613 -2.11388 -1.79952
3.04965 1.36432 -4.05155
3.98883 3.12332 -0.364112
3.14945 -6.48851 -32.8579
8.42899 -3.634 6.28347
0.24157 2.63354 0.586134
4.03024 -4.18124 -5.48012
-0.602558 0.22282 4.2237
-4.06275 -0.226282 17.7658
0.339893 2.46612 -3.86487
-13.6531 13.9322 -2.58428
1.27836 -5.07911 -4.44217
-1.48824 4.35014 0.41789
0.805425 -4.70047 0.194755
19.0689 -2.43281 -9.58651
-5.86818 -12.6151 5.32677
0.0773669 0.0460503 -0.558925
5.91595 -0.0414561 5.3525
4.53608 -6.28858 7.09724
5.61329 0.217529 -1.89157
0.0277235 2.18078 -0.60877
-1.90588 -1.3991 -9.55134
-4.22208 -3.22375 0.287083
-7.5916 4.92207 -23.9984
-5.66528 0.634836 1.47483
-3.67681 1.79237 10.8557
1.50488 -10.5224 -14.74
2.99526 8.08518 -9.45957
-13.8055 -1.31668 -24.8699
7.93191 -21.2275 7.70317
-0.947275 1.50336 -7.31227
0.621731 -1.04028 -6.41069
2.59768 3.90664 -2.59611
-0.37423 3.22467 0.577197
3.81738 2.37896 0.75216
3.49185 5.3426 -6.39191
-1.84483 -2.79142 6.24374
-0.488658 -4.75037 4.24356
3.03669 -7.15427 5.14512
4.64169 -1.47345 -1.26013
-1.33855 3.5578 -3.07562
7.03469 -1.84718 -13.7647
-9.06002 248.327 1.46806
-1.34777 -1.75898 1.14857
-0.941832 -9.21309 0.742157
-1.08732 -2.08873 1.07856
2.60254 -2.79625 -1.82064
-6.1719 1.1647 0.141126
-3.58188 0.566576 -3.49688
5.75839 2.06172 -2.27975
-2.02268 3.71853 -0.277962
-2.10097 8.77513 -0.35166
-2.08526 -0.396429 -0.541328
-2.90834 -4.61832 -0.0201724
-2.22026 10.2486 -2.64799
3.75992 -1.7666 -0.00692549
1.92133 -8.04447 1.51003
-4.60842 -2.29307 -3.42889
-2.44123 4.14393 22.5297
8.94484 2.87231 -4.67349
-0.366442 -1.23444 -1.35896
0.76895 -3.0605 -5.87011
-2.94043 1.14362 40.4683
-2.9975 -156.158 9.56941
3.0077 -10.4496 6.70203
1.07647 4.94836 -11.9863
-1.85763 -0.190874 3.43615
-20.2048 0.655303 -10.8999
-1.95739 1.64765 -0.986562
0.906793 3.49606 -1.67306
-14.6956 2.63959 -2.34828
5.51575 0.638634 -32.8841
4.69177 -1.07195 2.05202
-1.92276 8.14511 5.72264
-1.16404 -0.739572 -1.2274
5.26258 2.65963 4.47423
-3.60876 4.66481 6.06152
3.68781 0.586842 -1.93914
0.43374 -2.43827 0.315241
-3.19196 1.26785 2.31922
6.43019 1.38419 0.837712
1.43527 -2.80637 -4.54213
1.69715 2.55283 9.038
1.31296 -1.64347 13.1075
-4.33682 3.33632 -4.00144
-1.84876 0.938879 -3.24433
-1.04137 -0.337408 -0.119259
1.49427 0.0711834 -0.364548
3.44757 2.14695 3.83224
6.36691 2.01683 -3.80762
15.0675 -4.04894 3.31594
-3.49589 7.88381 0.625811
-0.193106 7.70424 2.38195
-28.3003 -4.3926 20.8371
7.33476 -3.31884 5.22241
-0.157454 -8.26195 4.24275
-7.25776 -3.55957 -8.08613
