-11.1426 5.81035 7.48998
8.58135 2.03903 8.11878
-3.53437 -0.576313 3.90095
-9.78673 -2.49116 -1.85488
2.6936 1.79878 -4.13384
3.81917 3.17536 -0.500798
3.29332 -6.46416 -32.7924
8.41409 -4.13207 6.50958
0.283778 2.70081 0.546099
4.10694 -4.29986 -5.48613
-0.246787 0.183725 4.22416
-3.91753 -0.325982 17.7702
0.454479 2.71802 -3.63551
-13.6088 13.9355 -2.65757
1.27984 -5.10841 -4.40569
-1.23429 4.36714 0.499932
0.820381 -4.72323 0.222582
19.0505 -2.41428 -9.51455
-5.76198 -12.6123 5.23755
0.0902082 0.0119298 -0.641277
5.87879 -0.0907559 5.18388
4.65824 -6.15439 7.05266
5.68154 0.110949 -1.86981
-0.00715507 2.05757 -0.614038
-1.67858 -0.622221 -9.57321
-4.26277 -3.26138 0.40082
-7.60698 5.05307 -23.9698
-6.47003 0.878079 1.50982
-3.10922 1.76835 11.0685
2.1244 -10.2931 -14.4837
2.94626 7.96534 -9.484
-13.1755 -1.30507 -24.9916
8.15092 -21.1276 7.43945
-0.904834 1.34148 -7.09563
0.639177 -1.01561 -6.39154
2.42756 3.94059 -2.52617
-0.543046 3.38399 0.602122
3.51299 2.38491 0.946779
4.13413 5.93186 -6.61405
-1.71229 -2.97011 6.22108
1.33772 -5.02707 4.03965
3.02043 -7.73605 5.09259
4.78512 -1.23958 -0.953998
-1.88636 3.55636 -2.98053
7.06235 -1.74726 -13.6575
-9.14027 248.238 1.47711
-1.20898 -1.80011 1.25019
-0.343803 -8.65165 0.757395
-1.41238 -2.11878 1.14623
2.68464 -2.8221 -1.79503
-6.14246 1.1857 0.161156
-3.59921 0.566281 -3.47266
5.04901 1.76083 -2.35675
-1.98001 3.86045 -0.231064
-2.08255 8.76901 -0.463776
-2.2176 -0.426188 -0.340539
-2.90096 -4.48175 0.000647369
-2.24678 10.2075 -2.64347
3.69229 -1.93182 0.123657
1.86496 -7.82462 1.58577
-4.77682 -2.32994 -3.57769
-2.50927 4.44472 22.4838
8.84788 2.77981 -4.66686
0.208705 -1.09933 -1.61089
0.793949 -3.05168 -5.90257
-2.92895 1.30513 40.342
-3.20909 -156.101 9.61793
3.08434 -11.2686 6.63284
1.10424 4.91292 -12.163
-1.97935 -0.163907 3.62041
-20.5668 0.532034 -10.8172
-1.46512 1.39417 -0.917684
0.985354 3.4812 -1.50977
-14.7542 2.91658 -2.20793
5.32396 0.321724 -32.8218
4.47473 -1.27187 2.05747
-2.00007 8.22786 5.88173
-1.16938 -0.851025 -1.29507
5.47244 2.17859 4.67333
-4.1651 5.28985 5.07598
3.68623 0.607555 -1.97131
0.299885 -2.49495 0.387353
-3.18416 1.44932 2.29581
6.24872 1.42478 0.763786
1.63433 -2.72018 -4.5494
1.86508 2.58993 9.00721
1.31391 -1.82806 13.1335
-4.40651 3.37648 -4.08091
-1.8868 0.932491 -3.46816
-1.075 -0.337365 -0.0772452
1.33656 0.055527 -0.39031
3.69384 2.10906 3.77951
5.82606 2.22739 -3.60655
15.1507 -3.84922 3.33366
-3.3664 7.53503 0.628965
-0.504877 7.70238 2.08491
-28.2804 -4.37724 20.8266
7.33994 -3.33475 5.02653
-0.292702 -8.67908 3.93086
-7.31286 -3.32746 -8.17243
