-11.5632 5.66356 7.52967
8.76614 2.09618 8.36747
-3.53894 -1.16631 3.77545
-9.69789 -3.13586 -1.92223
2.44094 1.93497 -4.12035
3.63983 3.14733 -0.592955
3.52694 -6.45447 -32.7533
8.38892 -3.91693 6.60756
0.321054 2.76936 0.507413
4.17019 -4.47216 -5.50277
0.0837007 0.0351358 4.21999
-3.71259 -0.434662 17.7702
0.502528 2.96771 -3.42675
-13.5628 13.9668 -2.78722
1.29349 -5.1461 -4.38089
-1.02515 4.39504 0.569182
0.834394 -4.74829 0.245978
19.0403 -2.40816 -9.39963
-5.68081 -12.606 5.1433
0.0997689 -0.0342779 -0.731367
5.84223 -0.143219 5.02041
4.79903 -6.065 7.01264
5.76243 0.00255846 -1.85102
-0.045806 1.92131 -0.618562
-1.48589 0.0336009 -9.64127
-4.32735 -3.30589 0.49703
-7.63494 5.19659 -23.9545
-6.58284 1.1455 0.951229
-2.62429 1.74396 11.2992
2.26768 -10.3949 -14.4667
2.89477 7.86763 -9.53672
-12.5359 -1.3298 -24.718
8.4054 -21.0785 7.21635
-0.870915 1.18879 -6.91891
0.66298 -0.975859 -6.37453
2.2427 3.98788 -2.47987
-0.739026 3.55035 0.626623
3.26753 2.38829 1.11757
4.72104 6.68615 -6.86954
-1.58267 -3.19119 6.2392
1.99679 -5.3297 3.8659
2.99115 -8.49713 5.04079
4.9087 -1.00001 -0.558602
-2.3841 3.5939 -2.77673
7.09166 -1.67323 -13.5739
-9.24471 248.149 1.49026
-1.06326 -1.84073 1.34336
0.267725 -8.25603 0.769252
-1.68257 -2.11076 1.2426
2.82411 -2.91466 -1.65582
-6.11865 1.20788 0.179128
-3.63956 0.560736 -3.43285
4.36092 1.4609 -2.4331
-1.95032 3.99704 -0.185698
-2.05623 8.7623 -0.59016
-2.35955 -0.458144 -0.161307
-2.90266 -4.3528 0.0186447
-2.28441 10.157 -2.65475
3.62952 -2.10858 0.237584
1.79855 -7.50421 1.66945
-4.90107 -2.37326 -3.74335
-2.58259 4.75796 22.4564
8.79839 2.68462 -4.67065
0.656132 -0.992818 -1.84818
0.815732 -3.0555 -5.93131
-2.92069 1.29084 40.2776
-3.35249 -156.145 9.64732
3.15047 -10.4041 6.61468
1.12737 4.88074 -11.9189
-2.11137 -0.137087 3.80079
-21.0193 0.435255 -10.7625
-0.8842 1.12714 -0.849245
0.912972 3.48138 -1.37223
-14.8446 3.02023 -2.05219
5.01016 0.474057 -32.9476
4.26419 -1.4766 2.06712
-2.1237 8.33609 6.06763
-1.17967 -0.961531 -1.36656
5.67489 1.68006 4.91979
-5.52293 6.03064 4.56138
3.68104 0.645309 -1.99442
0.161405 -2.55566 0.424869
-3.17793 1.72963 2.27424
5.79018 1.45886 0.629592
1.72926 -2.54443 -4.51072
2.02548 2.63043 8.95826
1.31197 -2.03353 13.1678
-4.54934 3.40748 -4.1658
-1.92908 0.920936 -3.84139
-1.11271 -0.33281 -0.0568183
1.18622 0.0356714 -0.41461
3.89841 2.06143 3.73129
5.70253 2.51281 -3.23981
15.2804 -3.67333 3.36542
-3.25781 7.25439 0.63827
-0.775808 7.70508 1.77656
-28.2435 -4.3527 20.8046
7.20242 -3.24478 4.59026
-0.484639 -9.18653 3.63987
-7.36969 -2.98609 -8.34942
