-7.31616 -1.0765 -2.58278
-1.2134 0.550135 0.67204
-0.0819504 -0.91093 0.135328
-1.02395 -1.02521 -0.00626307
3.01415 -1.5738 2.30554
1.75444 0.238813 2.11272
0.184216 -2.11998 0.147311
1.04681 3.03053 1.94627
-0.158311 1.94781 -2.30529
1.11062 -0.857755 -0.577084
0.829557 0.0991108 0.659795
-1.82606 0.843785 3.6753
-0.140039 2.18189 -0.525632
-2.05312 -0.75685 -4.4494
4.22373 2.56814 2.1846
0.220942 0.493076 -0.944045
-0.0114985 -1.18343 -1.36492
-2.12755 -0.164181 -0.884095
-2.44711 0.143849 -0.747921
-2.31445 1.58181 1.17977
-2.81376 0.533246 0.656875
0.358613 1.31961 -0.00368799
2.6319 -1.31931 -1.04513
0.117026 0.737327 3.18458
3.59408 -1.68794 -0.106219
-0.573193 -1.61766 -2.75469
0.243363 5.13487 -1.04284
-0.170603 1.37692 1.25249
3.47349 0.84559 2.09468
-3.02838 2.20697 -4.23972
-1.22336 0.438731 -0.871929
2.58709 2.67313 -5.12301
-0.853666 2.88805 0.53457
0.990315 0.291044 -1.00367
-3.45033 -0.254451 1.91303
-1.92711 0.894182 -5.71399
-0.309567 -2.10411 -0.0246369
-0.724203 0.410522 0.583668
-4.06827 -1.80399 0.784986
2.28396 0.0477368 3.12147
-1.36554 -0.454799 -3.84503
-0.707897 -1.53654 -2.47574
-0.387854 -2.67048 2.83057
-5.20024 0.613185 -1.96433
-3.94191 5.55628 -0.955001
-0.677878 2.99319 2.78047
-1.17835 0.735233 3.94438
5.50851 -0.413484 0.320389
2.4228 2.12302 -0.391308
0.64941 -0.484958 1.60616
1.25246 -0.822324 2.04495
-1.75816 -0.0121345 -0.204798
-1.59688 0.804291 4.63017
2.08625 3.07879 0.0801721
1.13798 1.21752 0.345616
0.43636 -0.073997 -0.140969
-0.164209 1.03511 -0.0284902
-2.16917 7.95776 0.34533
-2.33305 -0.721789 4.0286
-0.862177 -1.23855 -0.175432
-0.479165 -0.631693 1.3724
-2.20375 -0.0238558 -3.83841
1.63844 -1.2402 -2.64137
1.07341 -0.96163 0.0100171
0.887843 -2.45408 2.52485
2.51755 -1.90718 -0.395324
0.568574 -1.74988 -2.08772
-1.32629 0.858674 0.447377
-1.05039 1.02343 -1.839
1.94267 0.0275294 -1.47505
3.51367 -7.91364 -0.62461
4.50505 -3.39928 -0.527243
-2.1162 2.62626 -3.32286
-1.08046 -1.39952 -2.47744
0.938046 2.39478 3.1084
1.69156 0.545829 -0.0494527
0.369766 -3.84562 -1.02666
-3.22491 1.38288 0.721926
0.260411 -0.959786 0.78081
-10.3288 -0.924038 3.00341
0.211517 1.03543 -1.02651
0.359842 -1.79668 0.249587
-0.576634 -1.48595 -0.616914
-0.549889 -0.0778306 -0.41186
-1.78195 -1.00867 -2.87547
1.22334 -0.207377 0.312771
-0.116528 -0.164125 -3.85244
-0.227937 -0.360261 -0.106431
-2.11111 0.580252 -0.840639
0.166085 0.268965 -0.0274135
0.580532 -0.949464 0.426664
0.109401 -1.67721 0.955402
5.55111 1.14764 -0.305023
-0.355358 -2.65267 0.869006
-0.708625 0.444488 0.74753
1.07218 -0.958297 0.723784
3.89301 1.29957 4.80486
4.8109 3.96097 1.25629
2.08172 0.571237 0.569383
2.12424 -0.375749 -5.07107
