-12.1646 5.51755 7.58107
9.0023 2.16191 8.69392
-3.21629 -1.98443 3.62763
-9.66126 -3.65381 -1.98746
2.17892 2.0772 -4.14561
3.55293 3.09502 -0.555572
3.78755 -6.46268 -32.7965
8.36373 -3.71146 6.18364
0.353468 2.84287 0.470331
4.23118 -4.64849 -5.52766
0.387499 -0.0755971 4.29848
-3.53694 -0.535378 17.7661
0.562845 3.24518 -3.26822
-13.5339 14.04 -2.94296
1.30587 -5.178 -4.36793
-0.816678 4.43268 0.642317
0.842408 -4.77343 0.269376
19.0371 -2.40582 -9.29207
-5.63579 -12.5932 5.04975
0.100852 -0.0922453 -0.819234
5.80192 -0.189225 4.87624
4.9722 -5.98207 6.97393
5.80925 -0.109589 -1.83399
-0.0904996 1.78675 -0.622923
-1.32467 0.675699 -9.73889
-4.43635 -3.3424 0.58706
-7.68546 5.42778 -23.9475
-5.96343 1.78348 0.00842662
-2.22868 1.72447 11.5671
2.26519 -10.3314 -14.3094
2.85241 7.79258 -9.60142
-12.2789 -1.3909 -24.7665
8.73202 -21.0482 7.02122
-0.852904 1.04842 -6.75282
0.691575 -0.921633 -6.35636
2.07447 4.05074 -2.43581
-0.953355 3.75486 0.647087
3.04897 2.38376 1.27799
5.70397 8.23073 -7.20108
-1.5 -3.40347 6.28779
2.30789 -5.39281 3.77452
2.92556 -8.12625 4.99719
4.98928 -0.698504 0.114609
-3.16109 3.71666 -2.42385
7.11651 -1.5858 -13.5052
-9.37285 248.086 1.50358
-0.93669 -1.8762 1.44103
0.923173 -7.92967 0.777764
-1.88991 -2.09641 1.32187
3.01784 -3.79157 -1.095
-6.10539 1.22814 0.196033
-3.82094 0.543221 -3.50419
3.71461 1.18794 -2.5107
-1.9221 4.14223 -0.136951
-2.0293 8.76125 -0.71234
-2.5324 -0.48805 0.00182305
-2.91145 -4.22257 0.0527945
-2.31703 10.1226 -2.67312
3.56253 -2.24545 0.346505
1.72499 -7.15431 1.78078
-4.74676 -2.41423 -3.9173
-2.65771 4.66884 22.4435
8.75632 2.62146 -4.69213
0.949761 -0.798466 -2.12276
0.846581 -3.07765 -5.96471
-2.90744 0.979583 40.255
-3.63017 -156.218 9.74219
3.26678 -9.5618 6.60266
1.13918 4.85396 -11.6753
-2.25695 -0.102796 4.00456
-20.7484 0.391066 -10.7191
-0.52777 0.875511 -0.762674
0.97164 3.50347 -1.15535
-14.9828 2.75317 -1.88461
4.63955 0.649028 -33.0327
4.03779 -1.6647 2.08557
-2.29294 8.52327 6.30722
-1.19091 -1.06868 -1.42919
5.88084 1.19415 5.24157
-7.72092 4.46822 3.95756
3.67141 0.702222 -2.00558
0.0183202 -2.59953 0.438714
-3.1714 1.95134 2.25101
5.39588 1.47078 0.389025
1.91732 -2.43381 -4.40818
2.15381 2.71084 8.90169
1.30498 -2.22308 13.2272
-4.72319 3.39033 -4.23595
-1.98186 0.906603 -4.10101
-1.14444 -0.336699 -0.0565706
1.01115 0.0178136 -0.437147
4.0806 2.01901 3.68989
5.70422 2.67429 -2.81623
15.4338 -3.49158 3.44089
-3.1728 7.03085 0.646283
-1.08798 7.7129 1.45588
-27.9671 -4.32087 21.0433
6.92929 -1.44773 3.25171
-0.725361 -9.17711 3.38167
-7.59916 -2.64307 -8.72474
