-11.8448 5.47065 7.60205
9.10404 2.18413 8.82697
-3.13072 -2.33135 3.56122
-9.65132 -3.78998 -2.00823
2.09193 2.12813 -4.15502
3.53577 3.11166 -0.555347
3.86809 -6.4641 -32.8086
8.35736 -3.65182 6.05414
0.363976 2.86663 0.457003
4.25516 -4.70714 -5.53751
0.486557 -0.101968 4.31669
-3.47657 -0.568226 17.7625
0.590296 3.3372 -3.2192
-13.5281 14.0669 -2.99662
1.30897 -5.18696 -4.36575
-0.746225 4.44653 0.667385
0.844509 -4.78188 0.276649
19.0383 -2.40623 -9.26066
-5.62533 -12.589 5.01764
0.099377 -0.113958 -0.849504
5.7903 -0.204516 4.81656
5.03594 -5.956 6.96022
5.82558 -0.149223 -1.82832
-0.104626 1.7504 -0.626003
-1.26441 0.893913 -9.77448
-4.47715 -3.35809 0.613624
-7.70905 5.53268 -23.9506
-5.73363 1.99758 -0.536121
-2.105 1.71795 11.6611
2.26158 -10.3073 -14.2659
2.84165 7.77133 -9.62519
-12.2303 -1.40067 -24.741
8.85735 -21.0448 6.95762
-0.846706 1.00242 -6.70089
0.701929 -0.901094 -6.35111
2.02065 4.07486 -2.42259
-1.02583 3.83567 0.653726
2.98314 2.38374 1.32644
5.61999 9.23056 -7.32387
-1.48114 -3.46866 6.30417
2.54794 -5.33263 3.78064
2.89742 -7.90989 4.98412
5.02758 -0.588477 0.51079
-3.49512 3.77477 -2.32839
7.12159 -1.55149 -13.4881
-9.40688 247.992 1.49857
-0.896636 -1.88781 1.4746
1.15415 -7.83058 0.781528
-2.09231 -2.10578 1.34074
2.92907 -4.19646 -1.07266
-6.10286 1.23426 0.200468
-3.82006 0.545354 -3.51038
3.52011 1.09797 -2.53981
-1.91193 4.19274 -0.120131
-2.02042 8.76231 -0.753659
-2.59669 -0.499328 0.0499733
-2.91385 -4.18022 0.0650259
-2.32821 10.1169 -2.67621
3.54175 -2.28948 0.378903
1.69989 -7.05434 1.81656
-4.69663 -2.42922 -3.97993
-2.68095 4.52846 22.4428
8.74223 2.6043 -4.70331
1.08651 -0.732363 -2.22693
0.859221 -3.08528 -5.9819
-2.90334 0.876054 40.2545
-3.72827 -156.206 9.76599
3.31875 -9.35574 6.59371
1.14184 4.84535 -11.6351
-2.30735 -0.0918903 4.07609
-20.6901 0.380498 -10.7071
-0.408385 0.797725 -0.727915
1.00628 3.50559 -1.11153
-15.0423 2.66367 -1.83232
4.51583 0.711259 -33.071
3.95149 -1.71362 2.0968
-2.36026 8.59092 6.39214
-1.19409 -1.10539 -1.44993
5.96715 1.02551 5.37131
-8.4576 3.37574 3.71853
3.66879 0.72372 -2.00913
-0.0294725 -2.6106 0.437349
-3.16467 2.00014 2.23926
5.29812 1.46928 0.325905
1.98686 -2.40801 -4.37044
2.20287 2.73746 8.87879
1.30242 -2.2848 13.2501
-4.78264 3.37931 -4.26136
-1.99959 0.900342 -4.0173
-1.15231 -0.340895 -0.0596373
0.94506 0.0125639 -0.444182
4.14338 2.00551 3.67621
5.70645 2.72235 -2.68475
15.4887 -3.43244 3.47159
-3.14673 6.96745 0.647188
-1.20282 7.71597 1.33631
-28.0142 -4.32842 21.0818
7.18209 -0.605626 3.16755
-0.801788 -9.05863 3.29909
-7.69661 -2.59487 -8.83378
