-11.0229 5.43743 7.64089
9.21917 2.20668 8.98233
-3.06765 -2.66994 3.49063
-9.6409 -3.91176 -2.0282
2.00563 2.17738 -4.16428
3.51481 3.13451 -0.563137
3.94383 -6.46393 -32.8185
8.35236 -3.59374 5.93129
0.374475 2.88965 0.443935
4.28127 -4.76607 -5.5474
0.583051 -0.127257 4.33775
-3.41813 -0.60216 17.7578
0.621344 3.42971 -3.1701
-13.5235 14.0942 -3.04952
1.31166 -5.19541 -4.36367
-0.68768 4.45985 0.695087
0.84615 -4.79041 0.284254
19.0406 -2.40655 -9.23003
-5.61676 -12.586 4.98655
0.0969172 -0.136391 -0.878775
5.77951 -0.219483 4.76101
5.10251 -5.93075 6.94629
5.84234 -0.188957 -1.82266
-0.119281 1.71394 -0.629026
-1.1961 1.11622 -9.81115
-4.51957 -3.37676 0.640592
-7.73643 5.62385 -23.956
-5.45645 2.20906 -1.39623
-1.99127 1.71229 11.6466
2.25659 -10.2842 -14.2257
2.83196 7.7511 -9.64863
-12.1911 -1.4102 -24.7113
8.98601 -21.0443 6.90136
-0.840196 0.956626 -6.64883
0.712372 -0.879544 -6.34579
1.96625 4.09815 -2.40699
-1.09761 3.90848 0.660188
2.91226 2.38824 1.37998
4.92463 11.2792 -7.43513
-1.46606 -3.5318 6.31953
2.91178 -5.29514 3.79854
2.86533 -7.69883 4.97928
5.07689 -0.471293 1.13924
-3.84733 3.83041 -2.26346
7.12476 -1.514 -13.4722
-9.46886 247.98 1.50051
-0.861226 -1.89907 1.5144
1.394 -7.73904 0.786545
-2.41267 -2.11338 1.36247
2.8526 -4.39934 -1.12143
-6.10102 1.23994 0.204837
-3.82504 0.546058 -3.5078
3.3379 1.00851 -2.5691
-1.90142 4.24488 -0.10218
-2.0118 8.76424 -0.793788
-2.66827 -0.509354 0.106214
-2.91584 -4.13843 0.0777394
-2.33929 10.1133 -2.67822
3.52166 -2.33314 0.410479
1.67497 -6.9619 1.85238
-4.6453 -2.44486 -4.04369
-2.70466 4.39979 22.4447
8.7282 2.58771 -4.71481
1.25382 -0.665795 -2.33878
0.871992 -3.09243 -6.0005
-2.90093 0.783598 40.2556
-3.83065 -156.208 9.79035
3.37624 -9.17542 6.5833
1.14375 4.83701 -11.5969
-2.36031 -0.0813565 4.15261
-20.6457 0.367851 -10.6956
-0.28989 0.721581 -0.690048
1.03858 3.50785 -1.06326
-15.1098 2.57188 -1.78029
4.39675 0.773659 -33.1168
3.8894 -1.78488 2.10162
-2.43343 8.65943 6.48329
-1.19699 -1.14231 -1.47007
6.074 0.850772 5.51718
-9.01168 1.26728 3.43471
3.66717 0.74568 -2.01208
-0.0772985 -2.6208 0.434457
-3.15365 2.03003 2.22412
5.20606 1.46926 0.284293
2.05927 -2.39741 -4.32293
2.25246 2.7718 8.84677
1.29964 -2.34621 13.275
-4.84428 3.36663 -4.28625
-2.01783 0.893894 -3.93562
-1.15919 -0.346673 -0.0633816
0.874231 0.00765426 -0.450823
4.20703 1.99185 3.66361
5.70904 2.77089 -2.55781
15.55 -3.37209 3.50481
-3.12205 6.90856 0.647307
-1.32343 7.71928 1.22497
-28.0529 -4.33304 21.1067
7.41301 -0.207471 3.24134
-0.870157 -8.95034 3.21773
-7.78944 -2.56163 -8.92726
