-10.3526 5.41829 7.70044
9.35398 2.23301 9.00628
-3.03731 -2.93734 3.42693
-9.63179 -4.01957 -2.04698
1.91949 2.22749 -4.17478
3.49014 3.15985 -0.57462
4.01407 -6.46325 -32.8269
8.34844 -3.53564 5.81504
0.384817 2.91241 0.431625
4.30875 -4.82405 -5.557
0.678843 -0.151632 4.3636
-3.35984 -0.636128 17.7513
0.656364 3.52625 -3.11857
-13.5204 14.1227 -3.10134
1.31382 -5.20347 -4.36143
-0.630045 4.47374 0.731432
0.847624 -4.79878 0.292338
19.0435 -2.40644 -9.19999
-5.60993 -12.5842 4.95731
0.0932637 -0.159028 -0.90651
5.76946 -0.2335 4.70985
5.17205 -5.90495 6.93283
5.86038 -0.227487 -1.81718
-0.134287 1.67832 -0.631853
-1.12946 1.35457 -9.84773
-4.55979 -3.39467 0.667287
-7.76645 5.70476 -23.9637
-5.16615 2.45987 -3.05812
-1.88791 1.70716 11.5317
2.25068 -10.2622 -14.1875
2.8227 7.73244 -9.67141
-12.1571 -1.42061 -24.6791
9.11567 -21.0457 6.85664
-0.833179 0.912012 -6.59613
0.723646 -0.856742 -6.33998
1.91285 4.12209 -2.38673
-1.16959 3.98646 0.666437
2.83983 2.38865 1.44075
4.3449 12.434 -7.48484
-1.45423 -3.59304 6.33364
3.32019 -5.30459 3.81214
2.8274 -7.47704 4.9946
5.12285 -0.328858 2.35773
-4.21614 3.88004 -2.22572
7.12666 -1.47138 -13.4567
-9.543 247.995 1.51009
-0.826256 -1.90924 1.56022
1.66116 -7.64983 0.792527
-2.6845 -2.11086 1.39046
2.81164 -4.5017 -1.16518
-6.09972 1.24513 0.209285
-3.83255 0.545417 -3.50206
3.16182 0.925895 -2.59836
-1.89014 4.30038 -0.0820643
-2.00356 8.7672 -0.832141
-2.73909 -0.517355 0.167097
-2.91724 -4.0959 0.0912254
-2.35102 10.1112 -2.67842
3.50317 -2.37501 0.441722
1.65098 -6.87209 1.89029
-4.59236 -2.45921 -4.10823
-2.72721 4.27914 22.4478
8.7141 2.57173 -4.72572
1.41204 -0.576457 -2.44305
0.884412 -3.09911 -6.01977
-2.90006 0.69861 40.2574
-3.92188 -156.232 9.82159
3.43747 -9.01287 6.57254
1.14492 4.82905 -11.5606
-2.41564 -0.0710854 4.24307
-20.6104 0.353052 -10.6841
-0.163711 0.647986 -0.64784
1.06985 3.51039 -1.00569
-15.19 2.47695 -1.72614
4.27535 0.842668 -33.1684
3.82932 -1.85839 2.1064
-2.51152 8.73364 6.58732
-1.1998 -1.17917 -1.48963
6.20553 0.679862 5.68477
-9.66399 -0.355902 3.05438
3.66667 0.767864 -2.01434
-0.125711 -2.63051 0.431664
-3.13756 2.03666 2.2004
5.11155 1.47153 0.258098
2.13846 -2.41529 -4.26823
2.30269 2.82339 8.80988
1.29687 -2.40714 13.3026
-4.90961 3.35297 -4.30909
-2.03622 0.887592 -3.85572
-1.16531 -0.353647 -0.0673914
0.800458 0.00263557 -0.455989
4.27017 1.97921 3.65259
5.71196 2.82179 -2.43514
15.6228 -3.30566 3.54326
-3.09788 6.85398 0.646748
-1.45136 7.72278 1.14081
-28.0954 -4.3387 21.1286
7.56948 -0.0280095 3.30689
-0.939966 -8.83649 3.13809
-7.88053 -2.53455 -9.00875
