-9.8373 5.40269 7.76841
9.51409 2.26455 8.88403
-3.02093 -3.13479 3.37466
-9.62427 -4.11526 -2.0649
1.8341 2.28016 -4.18532
3.46265 3.18636 -0.587859
4.07705 -6.46214 -32.835
8.34535 -3.47657 5.70489
0.394815 2.93537 0.419771
4.34051 -4.88082 -5.56662
0.771029 -0.173476 4.39252
-3.29411 -0.668355 17.7412
0.695056 3.63041 -3.06521
-13.5195 14.1528 -3.15256
1.31539 -5.21088 -4.35926
-0.573163 4.4896 0.773447
0.848981 -4.80684 0.300651
19.0469 -2.40552 -9.17099
-5.60138 -12.5842 4.92935
0.0884059 -0.181251 -0.932839
5.76004 -0.246458 4.66258
5.2449 -5.87825 6.92
5.88072 -0.26436 -1.81158
-0.148171 1.64407 -0.63495
-1.07141 1.6116 -9.88574
-4.60182 -3.41032 0.694827
-7.79919 5.78193 -23.9733
-4.87219 2.74331 -8.05579
-1.79175 1.70237 11.4313
2.24376 -10.241 -14.1515
2.81444 7.71579 -9.69434
-12.1277 -1.43126 -24.6506
9.24943 -21.0484 6.81675
-0.82633 0.868942 -6.5435
0.735672 -0.832415 -6.33447
1.8593 4.14897 -2.36509
-1.24199 4.09674 0.671871
2.76968 2.38935 1.50482
-0.383146 11.9796 -7.55832
-1.444 -3.65275 6.34606
3.69085 -5.36497 3.81155
2.78621 -7.22167 5.05817
5.11507 -0.148797 5.97751
-4.60766 3.92595 -2.20543
7.12773 -1.4214 -13.4419
-9.66219 247.9 1.51042
-0.794106 -1.91866 1.6065
1.95692 -7.55856 0.799665
-2.91488 -2.11364 1.41773
2.79771 -4.56237 -1.19828
-6.0991 1.25013 0.213485
-3.8425 0.544191 -3.49491
2.99602 0.850978 -2.62879
-1.8783 4.361 -0.060292
-1.99579 8.77125 -0.869078
-2.80942 -0.52551 0.224398
-2.91836 -4.05114 0.105315
-2.36418 10.1116 -2.6766
3.48501 -2.41379 0.473087
1.62736 -6.78119 1.92989
-4.54114 -2.47196 -4.17325
-2.74687 4.16498 22.4516
8.70101 2.55666 -4.7364
1.55074 -0.466893 -2.54046
0.896301 -3.1053 -6.03966
-2.90019 0.614824 40.2598
-4.0328 -156.271 9.86562
3.50225 -8.86324 6.56127
1.14523 4.82167 -11.5263
-2.4742 -0.060397 4.34697
-20.5788 0.336769 -10.6726
-0.0231064 0.578996 -0.598704
1.10068 3.51364 -0.946555
-15.2871 2.36422 -1.66685
4.14252 0.918175 -33.23
3.79172 -1.91418 2.11837
-2.59689 8.81895 6.70358
-1.20252 -1.21589 -1.5089
6.35815 0.516181 5.87986
-5.85041 -0.786133 2.63875
3.66748 0.790229 -2.01643
-0.174463 -2.63927 0.429244
-3.11866 2.01416 2.15369
5.01295 1.47806 0.243492
2.222 -2.46456 -4.22639
2.3523 2.89567 8.78159
1.29391 -2.46725 13.3331
-4.9782 3.3393 -4.33076
-2.05485 0.88138 -3.77875
-1.17024 -0.361488 -0.0716232
0.726823 -0.00190674 -0.459142
4.24647 1.96797 3.64222
5.71494 2.87654 -2.31721
15.7149 -3.22349 3.58596
-3.07134 6.80368 0.645433
-1.59065 7.72644 1.07247
-28.1491 -4.34477 21.1466
7.70028 0.0630157 3.34947
-1.01909 -8.7131 3.05799
-7.9728 -2.50947 -9.0837
