-9.3976 5.39092 7.84139
9.74928 2.29671 8.75802
-2.99919 -3.30995 3.33196
-9.61655 -4.20269 -2.0823
1.75195 2.33188 -4.19425
3.43626 3.21251 -0.602509
4.14048 -6.46055 -32.8441
8.34413 -3.41783 5.60049
0.405755 2.9582 0.407946
4.37716 -4.93802 -5.57633
0.864729 -0.192887 4.42243
-3.22082 -0.698957 17.7236
0.74658 3.73685 -3.01217
-13.5191 14.1839 -3.20393
1.31725 -5.21785 -4.35735
-0.501739 4.50532 0.813932
0.850768 -4.815 0.309121
19.0513 -2.40401 -9.14336
-5.58885 -12.5874 4.90269
0.0836329 -0.202904 -0.958187
5.75212 -0.259263 4.61856
5.3248 -5.85256 6.90763
5.90097 -0.302869 -1.80396
-0.160166 1.60999 -0.638215
-1.01297 1.8779 -9.92711
-4.64618 -3.42865 0.724132
-7.83322 5.85643 -23.984
-4.54276 3.0079 -4.70702
-1.69214 1.69741 11.3377
2.23753 -10.2214 -14.1179
2.80846 7.70071 -9.71807
-12.0976 -1.44221 -24.6284
9.25528 -21.0538 6.77701
-0.818189 0.825768 -6.49122
0.75033 -0.807942 -6.3301
1.81109 4.17617 -2.34613
-1.31041 4.20865 0.6764
2.70678 2.39043 1.57054
-9.78652 11.6791 -7.7766
-1.43405 -3.71274 6.35662
4.00445 -5.48229 3.79797
2.76633 -6.93734 5.21888
5.08608 0.0508271 3.6506
-5.03448 3.96743 -2.19548
7.12997 -1.36467 -13.4291
-9.7732 247.779 1.50404
-0.761295 -1.92862 1.65311
2.28518 -7.47047 0.808659
-3.10987 -2.11851 1.44401
2.8024 -4.6042 -1.22412
-6.09845 1.25478 0.217154
-3.8526 0.542855 -3.48738
2.84345 0.776327 -2.66058
-1.86332 4.42567 -0.0379684
-1.98764 8.7761 -0.905062
-2.87729 -0.534368 0.280653
-2.91904 -4.00377 0.119723
-2.37613 10.1148 -2.67399
3.46746 -2.4524 0.50439
1.60703 -6.69391 1.96963
-4.49052 -2.48547 -4.23831
-2.76439 4.05558 22.4567
8.69085 2.54195 -4.74737
1.48269 -0.36328 -2.65195
0.908442 -3.11132 -6.06041
-2.90041 0.526176 40.263
-4.15347 -156.246 9.93409
3.57371 -8.72742 6.54911
1.14583 4.81438 -11.4939
-2.5307 -0.0512241 4.46002
-20.5463 0.317882 -10.6612
0.124574 0.509699 -0.539448
1.13587 3.51686 -0.889873
-15.3905 2.22168 -1.60722
4.01752 0.989813 -33.314
3.75828 -1.97236 2.13008
-2.67363 8.9068 6.82889
-1.20467 -1.25309 -1.52803
6.528 0.345308 6.10193
3.00038 -1.35457 2.28606
3.67095 0.812277 -2.01916
-0.218272 -2.64761 0.426009
-3.10979 1.96733 2.05854
4.91345 1.48827 0.237562
2.3104 -2.52409 -4.21663
2.4048 2.97313 8.77432
1.29129 -2.52764 13.366
-5.03651 3.32535 -4.35256
-2.07155 0.874513 -3.70456
-1.17354 -0.370461 -0.0760118
0.658542 -0.00570007 -0.461421
4.13945 1.95657 3.63206
5.71911 2.93424 -2.20458
15.7032 -3.13336 3.62485
-3.04201 6.75643 0.643656
-1.73833 7.72867 1.00165
-28.2108 -4.35006 21.1639
7.82979 0.112527 3.37541
-1.09602 -8.59536 2.9749
-8.05736 -2.48683 -9.15822
