-7.20941 5.31408 8.47866
8.95249 2.5613 8.04794
3.07071 -8.81381 3.06279
-9.52992 -4.12305 -2.19567
1.17743 2.68681 -4.25032
3.28874 3.3726 -0.709135
4.63931 -6.42504 -32.9754
8.37369 -2.99301 4.98259
0.492916 3.10449 0.320011
4.75909 -5.61792 -5.64005
1.53904 -0.280019 4.62232
-2.9414 -0.416463 17.8087
1.1395 4.08029 -2.68629
-13.5421 14.4534 -3.58437
1.32436 -5.26513 -4.34612
0.130568 4.6496 1.09632
0.870397 -4.87681 0.36952
19.0968 -2.38451 -8.98669
-5.49958 -12.7438 4.74952
0.0401803 -0.32063 -1.10578
5.72103 -0.346252 4.36737
5.69982 -5.73666 6.82062
6.10104 -0.941995 -1.99678
-0.240273 1.37276 -0.653688
-0.238807 3.55447 -10.2945
-4.97553 -3.59347 0.941368
-8.10398 6.45865 -24.1245
-2.87607 5.82172 77.1144
-1.01177 1.64025 10.8081
2.23872 -10.103 -13.8393
2.83457 7.61576 -9.92008
-11.8921 -1.49475 -24.602
8.49511 -21.1633 6.54407
-0.739303 0.527516 -6.1391
0.899876 -0.668387 -6.31711
1.53211 4.38692 -2.21256
-1.78703 4.69872 0.691787
2.39377 2.39561 2.16293
-11.3755 10.3171 -11.07
-1.40049 -4.238 6.41371
-5.27107 -1.24485 3.73583
3.10298 -6.34131 6.04445
5.78478 1.06377 -54.5597
-3.35833 4.22997 -2.36069
7.14172 -0.993565 -13.385
-10.6459 247.372 1.57624
-0.472357 -2.00932 2.00939
1.99588 -6.92636 0.979916
-4.04479 -2.19367 1.59928
2.96179 -4.78903 -1.334
-6.10453 1.26744 0.190579
-3.93099 0.521396 -3.4382
2.15525 0.188635 -2.91736
-1.76001 5.01991 0.10733
-1.93166 8.82677 -1.13913
-3.31738 -0.614836 0.6869
-2.91765 -3.65484 0.213742
-2.46952 10.1876 -2.65194
3.37046 -2.71628 0.720055
1.51501 -6.18385 2.28114
-4.07343 -2.59243 -4.79439
-2.90773 3.30543 22.5643
8.65002 2.44139 -4.82684
0.496015 0.275235 -3.39724
0.987812 -3.14919 -6.22384
-2.87494 -0.318634 40.3926
-4.89084 -156.057 10.6005
4.30246 -8.07932 6.43615
1.14733 4.76177 -11.3035
-2.86532 -0.0165995 4.32697
-20.3571 0.196624 -10.578
1.46517 -0.0763112 0.0587387
1.46863 3.5548 -0.515922
-15.4421 1.19203 -1.20741
3.52247 1.39393 -33.255
3.45636 -2.52828 2.15074
-3.02987 9.77033 8.15808
-1.20859 -1.54145 -1.67137
6.18598 -0.6641 8.13313
3.73599 -3.34373 0.684528
3.73505 0.943252 -2.06279
-0.472353 -2.71829 0.394857
-3.29948 2.23872 1.57837
3.9316 1.60181 0.236488
2.96891 -2.61114 -4.32021
2.83782 3.24978 8.8863
1.27644 -2.96363 13.6776
-5.38271 3.26256 -4.5126
-2.16374 0.817176 -3.22913
-1.19439 -0.462403 -0.120656
0.216845 -0.0368708 -0.476485
3.4518 1.85651 3.57973
5.75922 3.76194 -1.54203
14.9967 -2.57941 3.93266
-2.83111 6.46394 0.637305
-1.56833 7.74817 0.532916
-28.6012 -4.31055 21.5237
8.71823 0.110681 3.39527
-1.41779 -7.95572 2.37561
-8.65019 -2.38075 -9.66938
