-7.09116 5.25598 8.57127
8.77394 2.5927 7.9662
3.03914 -7.27558 2.95412
-9.52007 -4.07294 -2.21428
1.10718 2.74388 -4.25885
3.27119 3.39379 -0.725475
4.73312 -6.41621 -33.0434
8.37867 -2.9147 4.89057
0.504138 3.12709 0.305036
4.80363 -5.74724 -5.65155
1.62668 -0.284083 4.64666
-2.89812 -0.446306 17.8496
1.1864 3.89554 -2.64559
-13.5509 14.5031 -3.64717
1.32433 -5.27135 -4.34423
0.21553 4.67974 1.13754
0.873344 -4.8854 0.376923
19.1036 -2.38079 -8.96917
-5.4906 -12.7827 4.72692
0.0317178 -0.331645 -1.12361
5.71696 -0.35876 4.33714
5.58938 -5.72589 6.80717
6.176 -0.981117 -2.02195
-0.253282 1.34062 -0.655286
-0.134235 3.69562 -10.369
-5.03275 -3.61881 0.977041
-8.15821 6.56687 -24.1614
-2.80565 5.79012 77.1074
-0.935998 1.61986 10.7529
2.27565 -10.1006 -13.7638
2.84592 7.60353 -9.95521
-11.8678 -1.49672 -24.6091
8.4159 -21.1799 6.51544
-0.731703 0.488188 -6.09149
0.926855 -0.651023 -6.3141
1.49295 4.42508 -2.2012
-1.88612 4.58006 0.691771
2.34218 2.39359 2.25392
-11.1885 10.1892 -10.7903
-1.39233 -4.31978 6.42591
-4.88542 -3.70229 3.84067
3.11291 -6.2882 6.05609
5.91066 1.23054 -54.5495
-2.5866 4.31076 -2.38622
7.14036 -0.935886 -13.3844
-10.8613 247.286 1.58114
-0.433956 -2.02108 2.06628
1.39063 -6.8638 1.01072
-4.16741 -2.20118 1.6222
2.98779 -4.81409 -1.34761
-6.12526 1.27562 0.163641
-3.94398 0.518166 -3.43229
2.05698 0.0768863 -2.95831
-1.75167 5.1473 0.126925
-1.92573 8.83694 -1.17353
-3.38907 -0.625029 0.740939
-2.91584 -3.6202 0.226671
-2.48561 10.2049 -2.64989
3.35938 -2.75089 0.751866
1.50522 -6.12601 2.32884
-4.02221 -2.60928 -4.89197
-2.93495 3.19375 22.5943
8.64583 2.42786 -4.83878
0.374542 0.332473 -3.51571
0.996678 -3.15312 -6.25009
-2.86675 -0.500593 40.4481
-5.03558 -156.042 10.79
4.45721 -8.004 6.40811
1.1453 4.75411 -11.2801
-2.94202 -0.0138168 4.20227
-20.3449 0.181656 -10.5535
1.62912 -0.132983 0.107568
1.51223 3.56504 -0.462664
-15.3718 1.11657 -1.15678
3.47114 1.43688 -33.1671
3.41724 -2.58319 2.15453
-3.09125 9.92011 8.39377
-1.20942 -1.58595 -1.69707
6.03488 -0.860035 7.9801
3.49489 -2.99944 0.549753
3.74494 0.957999 -2.07252
-0.50548 -2.72934 0.389178
-3.30977 2.28998 1.56663
3.83807 1.62868 0.239077
3.08039 -2.60845 -4.32403
2.90442 3.28522 8.90274
1.2726 -3.0276 13.7355
-5.44674 3.25556 -4.53949
-2.18022 0.808193 -3.16753
-1.19948 -0.477278 -0.139305
0.16806 -0.0426194 -0.478499
3.34508 1.83929 3.57441
5.76266 4.01257 -1.47297
14.9251 -2.50878 3.98152
-2.80304 6.42905 0.636852
-1.35643 7.75889 0.451095
-28.4044 -4.27625 21.6412
8.86827 0.0912404 3.38868
-1.46933 -7.90005 2.29005
-8.77953 -2.37962 -9.75146
