-6.94688 5.16714 8.6154
8.62132 2.62115 7.90492
2.98077 -2.0592 2.62426
-9.51035 -4.02511 -2.23135
1.03598 2.79851 -4.26715
3.25447 3.41495 -0.74124
4.84282 -6.412 -33.1476
8.3836 -2.81681 4.81834
0.515064 3.15095 0.290707
4.84783 -5.92858 -5.66198
1.72382 -0.284885 4.67176
-2.85131 -0.475971 17.8828
1.22838 3.7223 -2.6063
-13.559 14.5568 -3.7065
1.32472 -5.27739 -4.34206
0.288714 4.71171 1.18185
0.876471 -4.89414 0.383863
19.1114 -2.37699 -8.95229
-5.48151 -12.8253 4.70487
0.023097 -0.341317 -1.14066
5.7133 -0.371405 4.30929
5.48048 -5.71586 6.79407
6.23993 -1.0179 -2.04339
-0.266768 1.30824 -0.656099
-0.0297611 3.81601 -10.4438
-5.09242 -3.64547 1.01195
-8.21691 6.68305 -24.2034
-2.74192 5.58099 77.1069
-0.852046 1.60863 10.6971
2.33345 -10.1183 -13.7006
2.85906 7.59096 -9.99217
-11.8441 -1.49808 -24.6175
8.34133 -21.1959 6.48356
-0.725037 0.448178 -6.0413
0.954464 -0.634209 -6.30911
1.4553 4.46224 -2.19448
-2.00163 4.46769 0.695172
2.29334 2.39315 2.34698
-11.0521 10.0739 -10.5818
-1.38411 -4.39809 6.43795
-4.46504 -11.7176 4.2992
3.11914 -6.23348 6.06551
6.02306 1.41799 -54.5478
-1.94225 4.40036 -2.40536
7.13907 -0.875158 -13.3858
-10.974 247.278 1.58606
-0.390535 -2.0334 2.11159
0.867531 -6.80776 1.03862
-4.27718 -2.20858 1.64256
3.01416 -4.83985 -1.36116
-6.15699 1.29463 0.143886
-3.95675 0.51495 -3.42663
1.96269 -0.0419504 -2.99909
-1.74541 5.27598 0.148587
-1.92023 8.84816 -1.20625
-3.45871 -0.63823 0.789763
-2.91375 -3.58826 0.243091
-2.50232 10.2233 -2.64808
3.35008 -2.785 0.787961
1.49605 -6.07363 2.38334
-3.96965 -2.62704 -4.91835
-2.96412 3.07746 22.6362
8.64229 2.41461 -4.85073
0.250894 0.383928 -3.60571
1.00506 -3.15654 -6.27691
-2.85939 -0.653293 40.4349
-5.18656 -156.042 10.9247
4.61485 -7.93103 6.37731
1.1434 4.74623 -11.2567
-3.02196 -0.00927339 4.0864
-20.3435 0.165082 -10.5122
1.75886 -0.182815 0.157875
1.55702 3.57711 -0.407125
-15.3136 1.04664 -1.10996
3.41366 1.48753 -33.1017
3.377 -2.63934 2.15937
-3.15802 10.0744 8.64952
-1.21036 -1.63088 -1.71821
5.90932 -1.06981 7.85473
3.26637 -2.67045 0.42629
3.75461 0.971842 -2.08236
-0.537856 -2.74065 0.382607
-3.31868 2.34033 1.55807
3.74942 1.65633 0.241918
3.20236 -2.60476 -4.32587
2.96955 3.3238 8.92021
1.2684 -3.09218 13.734
-5.51357 3.2474 -4.56896
-2.19573 0.799073 -3.10693
-1.19956 -0.492782 -0.167598
0.119718 -0.0490913 -0.481295
3.23334 1.82141 3.56987
5.76814 4.19383 -1.36105
14.8634 -2.44381 4.04055
-2.7768 6.39958 0.636312
-1.16766 7.77192 0.382442
-28.2259 -4.2201 21.8178
9.03114 0.0694184 3.38097
-1.52225 -7.85069 2.21212
-8.92072 -2.38223 -9.83428
