-6.77315 5.10272 8.65175
8.48919 2.64374 7.85343
3.01987 -1.90148 2.19045
-9.50045 -3.9788 -2.24659
0.961017 2.84821 -4.27562
3.23843 3.43555 -0.756243
4.94542 -6.41 -33.2652
8.38888 -2.68256 4.77213
0.525884 3.17514 0.277349
4.89298 -6.17931 -5.67278
1.83265 -0.28689 4.69866
-2.80212 -0.504983 17.9105
1.26775 3.55382 -2.56762
-13.5665 14.6151 -3.76249
1.32544 -5.28343 -4.33964
0.361104 4.74509 1.22937
0.879546 -4.90321 0.389959
19.1203 -2.3737 -8.93595
-5.47218 -12.8733 4.68401
0.0142256 -0.349966 -1.15678
5.70997 -0.384259 4.28386
5.37333 -5.70823 6.78123
6.30226 -1.05115 -2.06265
-0.280822 1.27527 -0.656059
0.0760341 3.92626 -10.5222
-5.15481 -3.67373 1.04511
-8.28073 6.80799 -24.2582
-2.67569 5.403 77.1155
-0.767071 1.60309 10.6423
2.38732 -10.1442 -13.6678
2.87364 7.5777 -10.0312
-11.8215 -1.50011 -24.627
8.27032 -21.214 6.4489
-0.71935 0.407155 -5.98926
0.984038 -0.620067 -6.30199
1.42493 4.49418 -2.20288
-2.10819 4.36883 0.698803
2.24389 2.39307 2.44353
-10.9397 9.96584 -10.4249
-1.37615 -4.47661 6.44885
-4.20053 -11.5213 4.92268
3.12319 -6.17847 6.07423
6.12556 1.56239 -54.5524
-1.37474 4.48545 -2.42046
7.14026 -0.814547 -13.3898
-11.1542 247.291 1.61019
-0.339881 -2.04512 2.14355
0.418097 -6.75829 1.04941
-4.3805 -2.21439 1.66112
3.04091 -4.8685 -1.37472
-6.18605 1.31743 0.141198
-3.96964 0.511134 -3.42103
1.87201 -0.171719 -3.0412
-1.74004 5.40779 0.171512
-1.91527 8.8605 -1.23701
-3.52461 -0.645202 0.831064
-2.91127 -3.55838 0.262394
-2.51953 10.2421 -2.64652
3.34259 -2.81998 0.826892
1.48736 -6.02646 2.44423
-3.90108 -2.64667 -4.86969
-2.9943 2.95627 22.6922
8.63921 2.40155 -4.86246
0.123321 0.431972 -3.69461
1.01284 -3.1596 -6.30424
-2.85263 -0.799657 40.3582
-5.31609 -156.054 10.9988
4.78379 -7.8756 6.34374
1.14133 4.73791 -11.2334
-3.10569 -0.00527666 3.99602
-20.3642 0.146925 -10.4615
1.87141 -0.226124 0.205182
1.59823 3.58926 -0.347658
-15.2621 0.977637 -1.06507
3.33761 1.56203 -33.0242
3.33841 -2.69756 2.16507
-3.22804 10.2398 8.93153
-1.21143 -1.67642 -1.73352
5.797 -1.2977 7.73996
3.04541 -2.34895 0.302743
3.76388 0.984653 -2.0921
-0.56993 -2.75305 0.375697
-3.32649 2.39009 1.55205
3.66582 1.68281 0.244001
3.34898 -2.60537 -4.32687
3.05429 3.36483 8.93972
1.26428 -3.15803 13.6721
-5.58356 3.23815 -4.59942
-2.21118 0.790123 -3.04745
-1.18729 -0.509786 -0.200777
0.0714775 -0.0577782 -0.484626
3.11439 1.80265 3.56693
5.77452 4.31721 -1.22314
14.8151 -2.38836 4.10244
-2.75221 6.37049 0.636018
-1.00019 7.78354 0.328813
-28.1216 -4.18034 22.0264
9.20719 0.0427377 3.37329
-1.57555 -7.80761 2.13953
-9.07471 -2.39098 -9.9093
