-6.62211 5.08238 8.71365
8.37159 2.66255 7.80373
3.18732 -1.61986 1.96982
-9.49024 -3.93013 -2.26195
0.87655 2.89767 -4.28424
3.22253 3.45666 -0.771937
5.03805 -6.40927 -33.2825
8.39531 -2.50163 4.72565
0.536023 3.201 0.263827
4.93993 -6.47026 -5.68567
1.93137 -0.288854 4.72294
-2.74664 -0.532266 17.9361
1.29728 3.39019 -2.5331
-13.5745 14.6827 -3.82221
1.32628 -5.28901 -4.33739
0.431608 4.78213 1.27701
0.882441 -4.91225 0.394427
19.1294 -2.37075 -8.9217
-5.46283 -12.9251 4.66384
0.00489078 -0.357445 -1.17259
5.70666 -0.396896 4.25888
5.26741 -5.70069 6.76933
6.36893 -1.07905 -2.08011
-0.295897 1.24266 -0.655941
0.185037 4.04435 -10.6093
-5.22156 -3.70195 1.07735
-8.34977 6.95254 -24.3441
-2.60284 5.29269 77.1298
-0.68458 1.59917 10.5862
2.42269 -10.1634 -13.656
2.88896 7.56469 -10.0742
-11.801 -1.50185 -24.638
8.2009 -21.2344 6.4128
-0.715106 0.366254 -5.93824
1.0124 -0.607341 -6.29325
1.46824 4.45765 -2.26902
-2.25594 4.28486 0.700234
2.19289 2.3931 2.53701
-10.8226 9.8667 -10.2897
-1.3691 -4.55527 6.45733
-4.13811 -11.4684 5.20607
3.12534 -6.12255 6.08187
6.21445 1.64384 -54.5568
-0.889253 4.57541 -2.42906
7.14322 -0.753464 -13.3975
-11.1415 247.247 1.63353
-0.289509 -2.05446 2.17344
0.0221525 -6.71237 1.05784
-4.48241 -2.21797 1.67825
3.06811 -4.89789 -1.38846
-6.20516 1.33626 0.148663
-3.98352 0.507275 -3.41565
1.78296 -0.302519 -3.08794
-1.73607 5.54528 0.192539
-1.91106 8.87449 -1.26872
-3.59143 -0.647859 0.86976
-2.90871 -3.52963 0.280855
-2.53849 10.2626 -2.64577
3.33569 -2.85646 0.862715
1.47784 -5.9829 2.50508
-3.81579 -2.66374 -4.82279
-3.0253 2.8314 22.7586
8.63627 2.38905 -4.87458
-0.0100148 0.48167 -3.78801
1.01983 -3.16208 -6.33282
-2.84714 -0.96808 40.3051
-5.44241 -156.085 11.0715
4.95671 -7.82902 6.30953
1.13875 4.72949 -11.211
-3.18897 5.02817e-05 3.9012
-20.4031 0.127469 -10.424
1.98211 -0.262703 0.249215
1.63668 3.60159 -0.292815
-15.2154 0.909434 -1.01866
3.14289 1.75554 -32.8654
3.29758 -2.75703 2.17086
-3.30226 10.4267 9.24449
-1.21291 -1.72178 -1.74898
5.69134 -1.54415 7.61545
2.82736 -2.0085 0.167903
3.77243 0.996879 -2.10254
-0.602593 -2.76546 0.367977
-3.33386 2.4406 1.54713
3.58384 1.71063 0.24623
3.49689 -2.60805 -4.32643
3.13632 3.40867 8.95816
1.26048 -3.22499 13.612
-5.6578 3.22866 -4.63152
-2.22786 0.781696 -2.99095
-1.16481 -0.52669 -0.226229
0.0224199 -0.0679106 -0.488097
2.98491 1.78624 3.56495
5.78051 4.4143 -1.11689
14.7742 -2.33709 4.16103
-2.7287 6.34368 0.635572
-0.838074 7.79576 0.272336
-28.0803 -4.17332 22.1868
9.4012 0.0148681 3.36542
-1.62752 -7.76418 2.06811
-9.24081 -2.40527 -9.99439
