-7.02014 -1.02052 -2.6535
-1.31975 0.814227 0.697737
-0.305134 -0.962139 0.136653
-0.790037 -0.875354 0.00619358
2.68928 -1.64074 2.8591
1.84458 0.260841 1.78214
0.188084 -1.92149 0.152521
1.11285 2.70519 2.02851
0.136911 2.05754 -2.44047
1.18246 -1.09439 -0.613282
1.24888 0.157722 0.730653
-1.44247 0.896301 3.91915
-0.150791 2.29589 -0.546593
-2.16738 -0.803259 -4.91534
3.51866 2.02059 2.88312
0.229718 0.50796 -0.979917
-0.013493 -1.23436 -1.08997
-1.82703 -0.168875 -0.923961
-2.9352 0.155269 -0.789407
-2.21327 1.65926 1.23939
-3.09222 0.793937 0.690858
0.375655 1.37721 0.0144322
2.80084 -1.41293 -1.09879
0.112089 0.784627 3.42054
3.83708 -1.82312 -0.119786
-0.592951 -1.68581 -3.06989
0.230747 5.8553 -0.580864
-0.181126 1.16996 1.31284
3.33885 0.921934 2.30103
-3.25431 2.3606 -3.82788
-1.33332 0.734965 -0.925994
2.80244 2.42302 -5.65528
-0.926586 2.46399 0.573937
1.05554 0.283515 -1.05164
-3.76557 -0.291637 2.08498
-2.39837 0.921483 -5.31791
-0.320473 -2.22916 -0.0318448
-0.731571 0.433168 0.407842
-4.52499 -1.93055 0.840349
2.40451 0.0805375 3.41125
-1.40827 -0.492579 -4.15684
-0.102434 -1.61456 -2.07543
-0.410076 -2.83967 3.0403
-5.9775 1.01916 -2.13249
-4.54908 5.62342 -0.959951
-0.708982 3.23704 2.41818
-1.25277 0.784997 3.67323
5.26457 -0.432556 0.341153
2.60673 2.20096 -0.404191
0.683219 -0.49754 1.70488
1.30541 -1.08954 1.75078
-1.8045 -0.0115868 -0.207112
-1.64315 0.850005 4.26598
2.18519 3.33675 0.105011
1.19208 1.30019 0.0539598
0.438361 -0.0750607 0.0585121
-0.168564 1.0767 -0.0162877
-1.57636 7.88171 -7.19185
2.43392 -0.984253 5.17719
-0.894979 -1.3024 -0.182889
-0.500321 -0.644387 1.45827
-2.38716 0.625501 -4.4097
1.69192 -0.352973 -2.42282
1.12805 -1.00695 0.00450379
0.93144 -2.60983 2.69721
2.66859 -1.29359 -0.0237027
0.583817 -1.83374 -2.25135
-1.40394 0.53885 -0.135406
-1.11691 1.07649 -1.93194
2.04994 0.0266298 -1.54957
4.39666 -9.11746 6.57872
5.22093 -3.05905 -0.574648
-2.30915 2.8397 -3.60355
-1.13894 -1.48421 -2.28186
0.974023 2.52747 3.35549
1.78788 0.568618 -0.0431751
0.383127 -4.07463 -1.13015
-3.46428 1.43823 0.733935
0.272118 -1.00024 0.818565
-9.02881 -0.837293 3.14271
0.218539 1.09102 -1.07399
0.372834 -1.89402 0.247582
-0.597966 -1.56361 -0.658434
-0.567423 -0.0848232 -0.435088
-1.41929 -1.07302 -3.09337
1.28061 -0.207848 0.339881
-4.89438 -0.00954829 -5.61295
-0.231835 -0.368792 -0.0901078
-2.15101 -0.559309 -0.468796
0.152034 0.279651 -0.0304791
0.856199 -1.01891 0.450071
-0.206487 -1.78604 0.651163
5.29874 1.2024 -0.343421
-0.103284 -2.92068 0.914042
-0.730996 0.464645 0.80383
1.12076 -1.00491 0.763126
3.70507 1.30234 4.78058
4.72191 4.19786 1.39145
1.85425 0.593859 0.596739
2.19464 -0.411554 -5.55315
