-5.64822 5.10625 9.21253
7.54065 3.0801 7.73182
10.706 0.97541 1.68392
-9.38815 -3.19134 -2.40596
0.0444953 3.64136 -4.33241
3.08821 3.7959 -0.961536
4.61307 -6.45404 -32.9312
8.58206 -1.48736 4.10244
0.656501 3.70095 0.153468
7.56093 -8.32767 -5.98231
3.12501 -0.0967378 5.20558
-1.93217 -0.970273 18.2037
2.05479 2.21992 -2.26341
-14.1525 14.3502 -4.57358
1.37066 -5.35208 -4.30346
1.26195 5.47538 1.92564
1.01041 -5.07097 0.307726
19.5535 -2.39059 -8.81022
-5.29407 -14.0972 4.5387
-0.126223 -0.391338 -1.3355
5.68084 -0.540402 4.02868
3.90821 -5.58988 6.77709
4.95647 -1.32705 -2.16251
-0.460432 0.844853 -0.578689
1.58439 2.53771 -11.1921
-6.1537 -4.02386 1.63712
-10.0437 5.6063 -22.5875
-1.52019 3.93017 77.7418
0.637584 1.5737 10.2813
2.52749 -10.1655 -13.6229
3.168 7.29178 -10.7606
-11.5918 -1.32967 -24.9039
7.53783 -22.1254 6.26365
-0.877685 0.23992 -5.11016
1.26731 -0.370124 -6.16586
1.17058 5.07472 -1.90972
-3.12508 3.53038 0.742277
1.58742 2.47626 3.69469
-10.2878 9.40157 -9.3353
-1.27336 -5.4017 6.45836
-1.74076 -9.93097 5.12907
3.17546 -5.44522 6.22089
-2.59235 2.98034 -54.6571
2.20656 5.89756 -2.44487
7.46951 -0.066234 -13.5534
-9.65727 246.988 1.74422
0.136062 -2.06963 2.71927
-2.12553 -6.27347 1.43623
-3.32393 -2.24591 1.97787
3.53986 -5.28967 -1.52095
-6.28131 1.45361 0.272563
-4.20108 0.471914 -3.3528
0.915553 -1.64209 -3.52131
-1.65092 4.97473 0.416464
-1.8995 9.20471 -1.71432
-4.3559 -0.713767 1.53547
-2.86987 -3.17515 0.502994
-2.72887 10.7109 -2.65436
3.25434 -3.32533 1.37458
1.34946 -5.61075 3.25512
-3.2233 -2.8016 -4.18167
-3.13659 1.62667 22.8011
8.56466 2.25788 -5.0267
-11.2727 1.61325 -3.12535
1.03771 -3.1869 -6.77364
-2.8248 -1.19477 40.2054
5.23461 -156.411 10.1938
8.06134 -7.16615 6.00012
1.12574 4.66496 -10.9755
-4.0483 0.188884 2.97661
-20.5097 -0.194765 -10.4607
4.26775 -0.678087 0.678232
2.09779 3.79166 0.44307
-14.9872 0.296095 -0.552395
2.2416 2.96238 -32.9068
3.02034 -3.59422 2.30155
-3.46945 8.65028 6.48672
-1.19914 -2.21912 -1.95587
4.44566 -5.63137 6.79476
0.0533755 5.67605 -1.84717
3.83065 1.14793 -2.2383
-1.00048 -2.90084 0.250891
-3.4015 3.21267 1.5541
2.65513 2.09479 0.325833
5.58556 -2.81886 -4.3239
3.83504 3.99563 9.1589
1.22775 -4.14788 13.1478
-7.12606 3.12996 -5.06563
-2.513 0.691176 -2.36038
-1.04358 -0.711825 -0.264622
-0.818295 -0.206606 -0.633026
1.74379 1.82782 3.46703
5.80667 5.40079 -0.230831
14.5346 -1.75403 4.8634
-2.38466 6.16349 0.624977
0.974807 8.1755 -0.71352
-27.7595 -4.14195 21.3354
10.4822 -0.537757 3.40457
-2.30925 -7.16084 1.02912
-10.5754 -2.60606 -10.626
