-5.59336 5.11752 9.08314
7.5079 3.1337 7.70061
10.6257 1.14878 1.67265
-9.38482 -3.13148 -2.42211
-0.0235513 3.74409 -4.3307
3.08322 3.83208 -0.978463
4.53931 -6.46468 -32.927
8.60715 -1.4345 4.06048
0.667035 3.75298 0.14598
7.59137 -8.20953 -6.01393
3.21137 -0.0798202 5.23981
-1.86375 -1.00052 18.0718
2.12023 2.13204 -2.24523
-14.3008 14.2954 -4.68037
1.37617 -5.35909 -4.30033
1.33987 5.584 1.98691
1.02936 -5.09811 0.30429
19.5195 -2.39158 -8.79541
-5.28151 -14.1209 4.53298
-0.137447 -0.390679 -1.34886
5.68167 -0.552647 4.01265
3.76049 -5.58464 6.78232
4.91406 -1.33868 -2.17151
-0.467381 0.810636 -0.567169
1.68578 2.41769 -11.0752
-6.25335 -4.04089 1.69863
-10.2401 5.49815 -22.5031
-1.40173 3.899 77.7628
0.737958 1.5718 10.2663
2.53325 -10.1617 -13.6206
3.19012 7.28761 -10.8323
-11.6041 -1.28672 -24.968
7.50171 -22.3506 6.26567
-0.912725 0.27579 -5.06407
1.28811 -0.344824 -6.16128
1.13322 5.18277 -1.8926
-3.20389 3.47278 0.743305
1.53558 2.49008 3.78177
-10.2581 9.3993 -9.28245
-1.27346 -5.48887 6.44156
-1.61352 -9.88026 5.10691
3.1842 -5.39607 6.23223
-2.5765 2.89828 -54.6392
2.3998 6.02147 -2.44375
7.51178 -0.0181789 -13.5679
-9.57567 246.928 1.74029
0.16277 -2.0676 2.77585
-1.92532 -6.23137 1.50281
-3.27418 -2.24171 2.00151
3.58952 -5.32565 -1.53023
-6.29052 1.46353 0.282408
-4.2238 0.471174 -3.34911
0.835314 -1.70076 -3.55227
-1.63773 4.91477 0.438199
-1.89855 9.25347 -1.76131
-4.3009 -0.713964 1.58727
-2.86893 -3.14378 0.520042
-2.74817 10.7948 -2.64258
3.2469 -3.3627 1.41494
1.33411 -5.58704 3.31529
-3.18209 -2.813 -4.11535
-3.12069 1.52606 22.7735
8.57057 2.25389 -5.04786
-11.2296 1.70452 -3.031
1.04294 -3.2015 -6.82077
-2.8253 -1.12414 40.2109
5.17161 -156.418 10.1593
8.40347 -7.08038 5.97423
1.1274 4.66519 -10.9638
-4.13434 0.199713 2.90227
-20.518 -0.223533 -10.474
4.10574 -0.698465 0.70568
2.12839 3.81437 0.493139
-14.9751 0.260831 -0.523697
2.19804 3.07037 -32.9271
3.00122 -3.68866 2.31251
-3.50094 8.52777 6.32153
-1.19559 -2.26055 -1.98332
4.38437 -5.80637 6.76046
-0.146912 5.43169 -2.00638
3.835 1.16098 -2.25061
-1.03534 -2.90933 0.237155
-3.40279 3.29372 1.55586
2.58175 2.14107 0.334187
5.78605 -2.84448 -4.35337
3.89644 4.05095 9.16463
1.22613 -4.25174 13.1319
-7.26132 3.12614 -5.1186
-2.54365 0.686131 -2.31426
-1.03623 -0.731672 -0.268668
-0.928558 -0.207188 -0.650296
1.70108 1.84462 3.45468
5.80063 5.31444 -0.158894
14.5274 -1.711 4.91459
-2.35618 6.1548 0.621142
1.0814 8.23862 -0.796712
-27.7544 -4.15683 21.347
10.422 -0.603445 3.41317
-2.37407 -7.12659 0.972733
-10.4218 -2.59591 -10.4532
