-5.49764 5.13926 8.84956
7.45644 3.21958 7.63151
10.5225 1.58007 1.6555
-9.3731 -3.02423 -2.45757
-0.150871 3.96196 -4.32401
3.07899 3.89998 -1.01117
4.42515 -6.48778 -32.9237
8.65477 -1.33713 3.98003
0.692947 3.82155 0.130388
7.33587 -7.90164 -6.07337
3.41357 -0.0503702 5.30635
-1.72348 -1.0631 17.8695
2.27708 1.9678 -2.23699
-14.5895 14.2009 -4.9063
1.38789 -5.37633 -4.29386
1.48 5.81588 2.11241
1.06346 -5.15073 0.307183
19.2854 -2.39763 -8.76092
-5.257 -13.9593 4.52886
-0.157821 -0.390096 -1.37726
5.68509 -0.579237 3.98137
3.54999 -5.57655 6.79287
4.82702 -1.36865 -2.1906
-0.477652 0.736551 -0.548349
1.89931 2.1557 -10.8757
-6.48088 -4.08618 1.82327
-10.6896 5.27761 -22.375
-1.23395 3.80807 77.8728
0.899546 1.56538 10.2359
2.54792 -10.1557 -13.6176
3.22603 7.27862 -10.989
-11.65 -1.2224 -25.1386
7.43866 -22.7301 6.2785
-0.967359 0.326828 -5.00841
1.33985 -0.30149 -6.15406
1.05932 5.43973 -1.85766
-3.49046 3.37031 0.743067
1.43509 2.51614 3.96434
-10.2046 9.39928 -9.18802
-1.27669 -5.69842 6.39236
-1.33626 -9.78874 5.06668
3.20584 -5.31201 6.25519
-2.15313 2.75188 -54.6244
2.81723 6.27473 -2.43866
7.60997 0.0700054 -13.5981
-9.46808 246.937 1.75959
0.211831 -2.06785 2.88533
0.118386 -6.15505 1.64035
-3.17936 -2.23524 2.04601
3.69581 -5.40301 -1.54795
-6.3073 1.48206 0.30254
-4.25942 0.469606 -3.34377
0.711648 -1.85613 -3.66219
-1.59808 4.79288 0.487652
-1.89518 9.3513 -1.86388
-4.20587 -0.715763 1.68262
-2.86839 -3.08544 0.554816
-2.78865 11.0034 -2.62581
3.23089 -3.44569 1.49569
1.30444 -5.54432 3.44246
-3.10346 -2.83622 -4.01281
-3.11466 1.28598 22.7596
8.5861 2.24483 -5.07662
-11.1546 1.87809 -2.86232
1.05822 -3.23146 -6.902
-2.82873 -0.97834 40.2244
4.99803 -156.613 10.0986
5.24356 -6.94557 5.93154
1.13253 4.66541 -10.9436
-4.3206 0.219047 2.76733
-20.5421 -0.291648 -10.5006
3.79141 -0.737755 0.758457
2.19368 3.8608 0.593562
-14.9513 0.189586 -0.478518
2.13202 3.34627 -32.959
2.96266 -3.92101 2.33613
-3.61939 8.30834 6.04211
-1.18952 -2.40114 -2.04137
4.31528 -6.21841 6.68105
-0.507285 4.96351 -2.33637
3.8449 1.18213 -2.27731
-1.1055 -2.9274 0.207612
-3.40064 3.45069 1.56298
2.4623 2.23511 0.350365
7.10622 -2.86824 -4.41675
4.01621 4.11837 9.18472
1.227 -4.35974 13.1069
-7.15391 3.11585 -5.22507
-2.6064 0.674152 -2.22379
-1.02084 -0.777771 -0.276716
-1.14563 -0.204548 -0.683939
1.60865 1.86247 3.43411
5.78182 5.12734 0.00498645
14.5178 -1.63203 5.02251
-2.30033 6.13506 0.614593
1.34605 8.38385 -0.957304
-27.7589 -4.17854 21.3357
10.324 -0.724967 3.42544
-2.49924 -7.06771 0.864069
-10.177 -2.58346 -10.1566
