-5.35544 5.16813 8.55898
7.39276 3.2927 7.57655
10.3828 2.10863 1.62301
-9.35198 -2.92144 -2.51987
-0.362442 4.2093 -4.31674
3.07716 3.97139 -1.06297
4.2685 -6.51671 -32.9316
8.71795 -1.20197 3.86466
0.742342 3.91568 0.0957324
6.95804 -7.63977 -6.16889
3.68942 -0.0146811 5.40417
-1.51297 -1.14021 17.6945
2.60372 1.63157 -2.17556
-14.9264 14.0661 -5.24598
1.40563 -5.40208 -4.28421
1.67884 6.18769 2.26728
1.10594 -5.21386 0.324793
19.0585 -2.41558 -8.69251
-5.23287 -13.743 4.5443
-0.180017 -0.394245 -1.42989
5.69219 -0.623062 3.93492
3.29678 -5.57076 6.80212
4.70372 -1.44303 -2.20965
-0.490595 0.620425 -0.527295
2.24972 1.7627 -10.5951
-6.85097 -4.19346 2.02407
-11.2514 4.92299 -22.2087
-1.01723 3.58683 77.6483
1.19636 1.55267 10.1938
2.57668 -10.1516 -13.6287
3.27538 7.26723 -11.272
-11.698 -1.20405 -24.9595
7.30591 -22.1535 6.51902
-1.01284 0.348236 -4.96817
1.42082 -0.239373 -6.14437
0.953798 6.02956 -1.8053
-3.87601 3.22842 0.744675
1.29356 2.5481 4.25601
-10.1379 9.40875 -9.05776
-1.29563 -6.08822 6.3133
-0.946546 -9.6827 5.02096
3.24426 -5.19233 6.29555
-1.67674 2.4381 -54.6268
3.4574 6.91243 -2.44099
7.77023 0.210739 -13.6568
-9.31072 247.187 1.77839
0.288474 -2.08018 3.06286
5.01896 -6.06165 1.86006
-3.04049 -2.22929 2.11742
3.85595 -5.53931 -1.57121
-6.33268 1.51004 0.33278
-4.31175 0.467523 -3.34405
0.587093 -2.34968 -3.80797
-1.51702 4.6191 0.580952
-1.88768 9.49581 -2.04291
-4.06215 -0.720812 1.8393
-2.87185 -3.00549 0.60632
-2.83386 11.1005 -2.8225
3.20353 -3.60414 1.6187
1.26346 -5.4911 3.63755
-2.9849 -2.8807 -3.86874
-3.19361 0.766702 22.7377
8.60545 2.23248 -5.13416
-11.0651 2.10226 -2.64102
1.06939 -3.25829 -7.09011
-2.83882 -0.708509 40.2664
4.75966 -156.602 10.0165
-1.84963 -6.82587 5.86515
1.14313 4.66757 -10.9207
-4.61683 0.243897 2.57612
-20.5991 -0.419197 -10.5493
3.46128 -0.78786 0.849965
2.30088 3.9298 0.746632
-14.9444 0.0598785 -0.441591
2.03307 3.71529 -33.1293
2.91858 -4.4729 2.37781
-3.97368 7.91818 5.69306
-1.18456 -2.75027 -2.12946
4.15596 -6.33339 6.55248
-1.06588 4.19476 -2.76239
3.86031 1.20157 -2.32748
-1.20713 -2.95187 0.160029
-3.39426 3.34701 1.57932
2.29936 2.36643 0.376698
8.67631 -2.85985 -4.47708
4.23376 4.15298 9.30264
1.23349 -4.06946 13.0784
-6.68288 3.09576 -5.38862
-2.70159 0.652049 -2.09125
-0.997756 -0.848866 -0.287976
-1.53916 -0.196564 -0.730743
1.46422 1.85301 3.41944
5.81033 4.81196 0.325897
14.5114 -1.5337 5.20025
-2.22007 6.10889 0.606951
1.64726 8.59733 -1.18299
-27.7724 -4.21414 21.3114
10.194 -0.884824 3.44418
-2.66948 -7.00187 0.700375
-9.89823 -2.58462 -9.78891
