-5.08683 5.22689 7.97339
7.29214 3.61468 7.46188
10.2347 1.32882 1.52952
-9.3156 -2.689 -2.70602
-0.806279 5.22418 -4.32285
3.08432 4.15016 -1.20132
4.01368 -6.55188 -33.0443
8.85913 -0.909796 3.63322
0.874311 4.20331 0.00355624
6.50484 -7.30339 -6.44774
4.29771 0.0542687 5.63035
-1.22826 -1.34793 17.4703
3.06657 1.11535 -2.08364
-14.1801 13.8432 -6.46878
1.42863 -5.43311 -4.28157
2.08158 6.85095 2.51273
1.19285 -5.24211 0.300211
18.9922 -2.45044 -8.5702
-5.20211 -13.426 4.59956
-0.209199 -0.405396 -1.55184
5.70294 -0.708008 3.82905
2.95408 -5.5701 6.83034
4.28738 -1.68637 -2.20999
-0.50743 0.414836 -0.502337
2.7515 0.990172 -10.2898
-6.65363 -4.52829 2.43873
5.97198 4.38353 -22.3535
-0.728409 3.27474 77.5929
2.18187 1.5175 10.1191
2.6222 -10.1578 -13.7142
3.37212 7.27399 -10.9272
-11.7557 -1.25941 -24.4122
7.25359 -21.793 6.66025
-1.0421 0.291981 -4.93321
1.61253 -0.1016 -6.13753
0.656734 6.47577 -1.75625
-10.6647 2.97473 0.838963
1.03948 2.61155 4.87026
-10.0794 9.43127 -8.88787
-1.29599 -6.89562 6.3204
-0.100346 -9.48751 4.9473
3.33171 -4.9735 6.38435
-0.864802 1.70671 -54.6984
2.25506 8.42523 -2.38964
8.28943 0.559827 -13.8484
-9.11047 247.502 1.82327
0.392477 -2.12765 3.60347
3.79329 -5.80834 2.50948
-2.80322 -2.22507 2.27252
4.27128 -5.8722 -1.61935
-6.38156 1.57272 0.395225
-4.40987 0.483678 -3.38171
0.278843 -3.45736 -4.23525
-1.47046 4.23532 0.795202
-1.81461 5.82128 -2.54526
-3.8119 -0.719831 2.21808
-2.88435 -2.86606 0.70833
-3.0257 12.2168 -2.91146
3.13026 -4.06696 1.8932
1.20644 -5.39891 4.01795
-2.84019 -2.98855 -3.63982
-3.45078 -0.201265 22.7322
8.63799 2.21281 -5.34817
-10.9255 2.49405 -2.32654
1.06449 -3.29241 -7.30053
-2.90355 4.22742 40.4077
4.43301 -156.736 9.90759
0.235166 -6.89523 5.39147
1.17455 4.68197 -10.905
-5.2559 0.303505 2.24425
-20.8966 -0.644341 -10.7012
1.92242 -1.04854 1.0922
2.56651 4.07315 1.04406
-14.9735 -0.282427 -0.305947
1.81536 4.29305 -33.3862
2.91 -4.15627 2.51789
-4.94519 7.35867 5.13404
-1.1854 -3.42259 -2.31781
3.86406 -5.05252 6.2984
-2.10775 2.55828 -3.693
3.8889 1.23378 -2.45947
-1.36027 -2.97656 0.0232904
-3.38653 2.56248 1.61818
2.05591 2.65267 0.440637
7.56542 -2.78002 -4.32213
4.85603 4.38014 9.82639
1.26597 -3.6328 13.0323
-5.80956 3.06287 -5.76574
-2.91288 0.603696 -1.8579
-0.953084 -0.992679 -0.307191
-2.10339 -0.172837 -0.912432
1.16935 1.79796 3.41522
5.93353 4.21067 0.776928
14.523 -1.36785 5.61571
-2.07932 6.07724 0.596973
1.0299 9.20055 -1.68549
-27.8615 -4.3012 21.3342
9.95011 -1.13022 3.48501
-3.0008 -6.94568 0.368027
-9.52787 -2.58301 -9.33217
