-5.04867 5.24209 7.89263
7.27664 3.70902 7.44812
10.2208 1.12021 1.50916
-9.31207 -2.62978 -2.74122
-0.870646 5.2623 -4.33103
3.0837 4.19731 -1.22577
3.97152 -6.55239 -33.0844
8.88456 -0.855733 3.59884
0.89363 4.26245 -0.00753116
6.42741 -7.25069 -6.50662
4.4009 0.0677568 5.67698
-1.18097 -1.3802 17.4489
3.14115 1.00461 -2.06089
-14.0919 13.7986 -7.16037
1.43133 -5.43458 -4.28469
2.21895 6.96924 2.56663
1.22228 -5.24384 0.271762
18.9873 -2.45085 -8.56509
-5.19369 -13.385 4.60364
-0.214 -0.405245 -1.57427
5.70397 -0.722644 3.80803
2.90849 -5.57255 6.84331
4.22475 -1.72916 -2.20472
-0.506917 0.388972 -0.500922
2.83459 0.869493 -10.2492
-6.55551 -4.60622 2.52036
5.97098 4.30018 -22.375
-0.687212 3.2566 77.5885
2.40643 1.51135 10.1103
2.63057 -10.1546 -13.7333
3.38676 7.28171 -10.8427
-11.7689 -1.26629 -24.3756
7.24316 -21.7427 6.65738
-1.04742 0.280141 -4.92815
1.64155 -0.0766461 -6.13826
0.605579 6.56345 -1.75548
-10.537 2.9425 0.845368
0.996634 2.62851 4.97585
-10.0754 9.43627 -8.86914
-1.29393 -7.0387 6.34025
0.0364998 -9.45396 4.93286
3.34685 -4.93761 6.3991
-0.658427 1.57048 -54.7385
2.08912 8.67772 -2.38968
8.38767 0.624752 -13.8908
-9.08236 247.59 1.82582
0.400928 -2.12863 3.96704
2.86363 -5.7815 2.53897
-2.76382 -2.2229 2.30961
4.35263 -5.93371 -1.62849
-6.39265 1.58805 0.406269
-4.43293 0.489607 -3.38651
0.21086 -3.59488 -4.31982
-1.50316 4.16019 0.869028
-1.7625 1.25224 -2.62328
-3.76728 -0.715165 2.31256
-2.88686 -2.84072 0.725515
-3.0522 12.0074 -2.90776
3.11872 -4.1342 1.94519
1.19915 -5.38168 4.08
-2.81936 -3.00613 -3.6
-3.4946 -0.282531 22.7329
8.64287 2.21082 -5.39926
-10.908 2.56923 -2.28002
1.06276 -3.2962 -7.25203
-2.95102 9.20243 40.3472
4.41388 -156.737 9.90376
1.51895 -6.89189 5.40465
1.18074 4.68668 -10.9052
-5.24823 0.318477 2.19347
-20.9948 -0.68268 -10.7359
1.71203 -1.10384 1.12615
2.61939 4.10149 1.09407
-14.9764 -0.322574 -0.279198
1.76803 4.39858 -33.2819
2.91261 -4.08865 2.54591
-5.09393 7.29404 5.04704
-1.19013 -3.56909 -2.34364
3.81617 -4.82635 6.2601
-2.3975 2.22896 -3.8827
3.89275 1.24183 -2.48496
-1.38443 -2.98179 0.00142503
-3.38682 2.4605 1.62411
2.01745 2.72034 0.447551
7.41098 -2.76793 -4.269
4.79242 4.44454 9.95085
1.27216 -3.55539 13.0274
-5.69558 3.06122 -5.83612
-2.9506 0.59746 -1.81861
-0.945147 -1.01718 -0.309996
-2.26251 -0.160618 -0.956703
1.12105 1.78707 3.41164
5.94743 4.11757 0.849089
14.527 -1.32593 5.68736
-2.05724 6.07505 0.594849
0.861634 9.41175 -1.79178
-27.9049 -4.30972 21.3459
9.91663 -1.15739 3.48826
-3.10458 -6.93631 0.312893
-9.47829 -2.57457 -9.28152
