-5.01456 5.26027 7.81959
7.26258 3.81221 7.43718
10.2109 0.956243 1.48902
-9.30943 -2.55212 -2.77812
-0.932804 5.13653 -4.33926
3.08311 4.25438 -1.24873
3.93116 -6.55321 -33.1186
8.91193 -0.798334 3.56631
0.913394 4.32521 -0.0170094
6.34758 -7.19745 -6.5681
4.50602 0.0826309 5.72817
-1.12886 -1.40849 17.4316
3.22254 0.903688 -2.05007
-13.9707 13.7277 -7.74199
1.43435 -5.43507 -4.28861
2.41007 7.1011 2.6322
1.25915 -5.26378 0.238031
18.9829 -2.45105 -8.56153
-5.18357 -13.3455 4.60736
-0.219314 -0.404446 -1.59645
5.70445 -0.738882 3.78674
2.86563 -5.57418 6.85537
4.18834 -1.76851 -2.19676
-0.503682 0.365994 -0.500018
2.93324 0.75359 -10.2072
-6.45066 -4.69394 2.61699
5.74123 4.23711 -22.3844
-0.644301 3.24439 77.6043
2.65194 1.50601 10.104
2.6404 -10.1455 -13.7513
3.4004 7.29176 -10.7585
-11.7837 -1.27196 -24.341
7.23328 -21.6977 6.65413
-1.05058 0.265286 -4.92203
1.67062 -0.04919 -6.13906
0.562895 6.66196 -1.75242
-10.4058 2.91673 0.845931
0.952853 2.64826 5.0852
-10.0743 9.43906 -8.84955
-1.28704 -6.96345 6.36106
0.175275 -9.41759 4.91812
3.36265 -4.90303 6.41445
-0.22909 1.29655 -54.8086
1.93991 8.7569 -2.38906
8.48671 0.69496 -13.9373
-9.0549 247.59 1.83235
0.38469 -2.11191 4.11798
1.98956 -5.75305 2.56508
-2.72313 -2.21995 2.37397
4.44485 -5.98608 -1.63883
-6.40468 1.60497 0.417712
-4.45547 0.496215 -3.38977
0.146835 -3.71921 -4.40579
-1.54629 4.08586 0.951235
-1.75262 0.726466 -2.71641
-3.72078 -0.708517 2.46047
-2.88897 -2.81555 0.743059
-3.07678 11.8596 -2.90315
3.10773 -4.19985 1.99801
1.19218 -5.36432 4.14289
-2.79769 -3.02254 -3.55187
-3.53017 -0.34502 22.733
8.64758 2.20943 -5.44835
-10.8902 2.64618 -2.2342
1.06077 -3.29945 -7.20519
-2.94357 9.72361 40.3193
4.38696 -156.75 9.89435
2.72362 -6.88755 5.42138
1.18726 4.69201 -10.9063
-5.11605 0.334854 2.14502
-21.1031 -0.706883 -10.7681
1.53114 -1.15821 1.15963
2.67939 4.13214 1.1459
-14.9776 -0.36592 -0.253715
1.72421 4.50835 -33.1942
2.91319 -4.02322 2.5717
-5.2291 7.23853 4.9587
-1.2019 -3.68589 -2.36929
3.77243 -4.58499 6.22463
-2.8843 1.84849 -4.08
3.89631 1.25139 -2.5106
-1.41129 -2.98747 -0.0214033
-3.3861 2.36171 1.63019
1.98228 2.7949 0.453428
7.26668 -2.75687 -4.22907
4.55093 4.52259 10.0991
1.27898 -3.47577 13.0241
-5.62389 3.06083 -5.90656
-2.9888 0.592232 -1.77721
-0.936233 -1.04169 -0.311868
-2.4462 -0.144942 -0.995006
1.07701 1.77799 3.40606
5.96227 4.01716 0.923031
14.5311 -1.28227 5.7539
-2.03417 6.07326 0.59242
0.57567 9.78309 -1.90354
-27.96 -4.31635 21.3605
9.88888 -1.17736 3.49154
-3.24917 -6.92686 0.259305
-9.42914 -2.56315 -9.23112
