-4.97972 5.27987 7.75817
7.25068 3.91788 7.43002
10.2048 0.786274 1.46991
-9.30746 -2.46079 -2.81271
-0.997966 4.81716 -4.3417
3.0833 4.32091 -1.26727
3.89071 -6.55498 -33.152
8.94232 -0.739279 3.53615
0.933412 4.39102 -0.0244857
6.27198 -7.14806 -6.63002
4.48807 0.0975361 5.78945
-1.07445 -1.43565 17.418
3.29389 0.827912 -2.04754
-13.2423 13.5756 -7.86321
1.43789 -5.43552 -4.29241
2.58316 7.26588 2.69986
1.29786 -5.30665 0.207337
18.9792 -2.45196 -8.55829
-5.17251 -13.3084 4.61149
-0.224354 -0.403613 -1.61602
5.70383 -0.759633 3.76624
2.82526 -5.57584 6.86757
4.15395 -1.80677 -2.18501
-0.498839 0.343151 -0.499621
3.03711 0.641823 -10.1693
-6.34211 -4.79586 2.71478
5.5771 4.19208 -22.3879
-0.600259 3.20128 77.6469
2.9197 1.50038 10.1017
2.65292 -10.1266 -13.7675
3.41668 7.30184 -10.6675
-11.7979 -1.27809 -24.3025
7.2242 -21.6586 6.65165
-1.04701 0.244969 -4.91362
1.70048 -0.0208399 -6.13989
0.525728 6.76856 -1.74632
-10.3092 2.89472 0.845139
0.913513 2.66925 5.08221
-10.0724 9.43834 -8.8284
-1.2793 -6.70848 6.38781
0.32181 -9.38166 4.90385
3.3749 -4.87211 6.43304
0.249344 0.969956 -54.6778
1.79086 8.6241 -2.38741
8.59411 0.76626 -13.9897
-9.03023 247.603 1.84436
-0.0245088 -2.04412 3.91826
1.08755 -5.72391 2.59001
-2.67952 -2.2172 2.52256
4.54556 -6.03905 -1.65058
-6.41725 1.6226 0.430939
-4.47566 0.502662 -3.39047
0.0859724 -3.84732 -4.49511
-1.58963 4.01544 1.02912
-1.74771 0.656985 -2.78754
-3.67062 -0.701061 2.49498
-2.89079 -2.79137 0.764768
-3.1016 11.7156 -2.89743
3.096 -4.26564 2.05526
1.18645 -5.34802 4.22622
-2.77937 -3.03531 -3.49768
-3.56246 -0.40377 22.7298
8.65285 2.20812 -5.4932
-10.8736 2.72302 -2.1846
1.05894 -3.30278 -7.15792
-2.92353 9.61388 40.299
4.33854 -156.501 9.87912
3.97154 -6.88603 5.4434
1.19426 4.69685 -10.9077
-4.98844 0.351085 2.10118
-21.2068 -0.71352 -10.7876
1.3617 -1.21424 1.19308
2.75219 4.16413 1.20102
-14.9769 -0.414066 -0.226944
1.68074 4.61947 -33.116
2.91083 -3.95908 2.59531
-5.34711 7.18133 4.87328
-1.21903 -3.73748 -2.40322
3.73796 -4.36193 6.18604
-3.43671 1.36731 -4.44313
3.89985 1.26187 -2.53306
-1.43878 -2.99471 -0.0422187
-3.38531 2.26214 1.63674
1.94911 2.87178 0.459421
7.12503 -2.74749 -4.20581
4.32918 4.61785 10.2615
1.28619 -3.39524 13.023
-5.5516 3.06058 -5.97239
-3.02381 0.587298 -1.72747
-0.926599 -1.06704 -0.311878
-2.64995 -0.128291 -1.02479
1.03625 1.76948 3.40002
5.97648 3.90571 1.00094
14.5355 -1.23924 5.75504
-2.01109 6.07081 0.591375
0.267164 10.2199 -2.09086
-28.0282 -4.32451 21.3776
9.86171 -1.19497 3.49503
-3.3848 -6.91898 0.214593
-9.36739 -2.55306 -9.17512
