-4.74473 5.45214 7.46295
7.19363 4.72744 7.40711
10.1476 -0.123336 1.35174
-9.32783 -1.98012 -3.04511
-1.54476 3.98062 -4.45584
3.11226 4.90024 -1.37669
3.61571 -6.57859 -33.0665
9.21842 -0.275237 3.36363
1.07034 4.93978 -0.0713888
5.8312 -6.8309 -7.02551
3.63696 0.246873 6.36197
-0.695501 -1.67761 17.4043
3.75261 0.450947 -1.96661
-12.5142 13.8758 13.0132
1.4704 -5.43443 -4.35098
2.97056 8.02125 3.44545
1.43524 -5.68437 0.180576
19.0143 -2.50158 -8.56624
-5.08598 -13.0807 4.66442
-0.255319 -0.394566 -1.74483
5.70513 -0.907675 3.73668
2.64795 -5.57883 6.95529
2.8101 -2.02779 -1.60379
-0.420338 0.18496 -0.571652
3.89204 0.184494 -9.8975
-5.3445 -5.27433 3.43635
4.65154 4.00621 -22.4338
-0.169419 3.02713 77.4223
4.94756 1.5092 10.1701
2.72946 -9.98645 -14.1832
3.58472 7.44888 -10.0564
-11.8908 -1.31161 -24.0978
7.10033 -21.4101 6.68969
-1.03208 0.124217 -4.86566
1.92044 0.189677 -6.14889
0.308586 4.73667 -1.65608
-9.94523 2.82009 0.804243
0.702206 2.85859 4.33767
-10.049 9.44367 -8.70821
-1.23181 -5.39059 6.66244
1.85643 -9.18698 4.80117
3.4656 -4.64506 6.60287
1.20828 -0.163217 -54.2467
0.619599 7.8719 -2.36609
9.6051 1.38505 -14.5069
-8.85834 247.866 1.91289
-0.167918 -2.36837 -9.07911
-0.699761 -5.24606 2.52486
-2.33244 -2.17949 3.77938
5.32655 -6.31124 -1.74851
-6.51738 1.79175 0.530224
-4.55467 0.782439 -3.0679
-0.329862 -4.55442 -5.15788
-1.69761 3.76833 1.31884
-1.71906 0.238848 -3.26788
-3.31966 -0.653367 1.09068
-2.90411 -2.60881 0.946747
-3.33464 11.1443 -2.94264
3.00901 -4.70438 2.6392
1.15969 -5.24139 4.92308
-2.61089 -3.1271 -3.2449
-2.04523 -0.769726 21.8145
8.69941 2.21437 -5.7883
-10.7858 3.27672 -1.76866
1.04855 -3.31834 -6.8693
-2.86426 9.05563 40.247
4.08573 -156.246 9.79377
4.86303 -7.23735 5.91619
1.24706 4.76546 -10.9627
-4.26556 0.474886 1.85819
-19.9313 -0.787321 -11.1521
0.0435724 -1.46347 1.44405
3.33312 4.49002 1.6789
-14.9617 -0.70143 -0.0926712
1.32855 7.57434 -32.7978
2.94477 -3.01398 2.74913
-7.30883 6.97827 4.39693
-1.24321 -4.21725 -2.63458
3.48579 -3.17422 6.01761
-4.76812 0.177946 4.54476
3.91916 1.34072 -2.6773
-1.63155 -3.04238 -0.178722
-3.41193 1.59202 1.67175
1.7329 3.48931 0.484977
6.13055 -3.04331 -4.79444
3.35868 5.97686 10.5074
1.33586 -2.80855 13.0458
-5.0765 3.10251 -6.47444
-3.23035 0.590606 -1.37796
-0.861522 -1.24616 -0.28757
-4.27364 -0.0205804 -1.14097
0.732314 1.73474 3.38547
6.11571 3.2446 1.57416
14.5815 -0.991722 5.31813
-1.86052 6.07099 0.585507
-0.7402 9.77002 -7.42126
-27.6867 -4.36236 21.511
9.60599 -1.25849 3.6075
-4.15999 -6.8802 -0.0528233
-8.92384 -2.48589 -8.8764
