-4.71294 5.47716 7.43233
7.19107 4.84234 7.40366
10.1412 -0.246714 1.33683
-9.33428 -1.92071 -3.07637
-1.63386 3.85514 -4.47364
3.11944 4.99425 -1.39518
3.58575 -6.5849 -33.0398
9.26889 -0.218534 3.34298
1.08846 5.02173 -0.0791697
5.7759 -6.79664 -7.08003
3.52635 0.266978 6.46582
-0.65478 -1.77714 17.4094
3.82641 0.413651 -1.94271
-12.4867 13.8737 12.9385
1.47664 -5.43943 -4.36372
2.85321 7.95831 3.66466
1.44601 -5.72823 0.187497
19.0218 -2.50163 -8.57318
-5.07583 -13.0556 4.67202
-0.259478 -0.394189 -1.76426
5.70956 -0.913409 3.7248
2.63001 -5.5795 6.9711
2.76908 -2.07542 -1.6073
-0.410143 0.155324 -0.605092
4.07633 0.116239 -9.86255
-5.14891 -5.33515 3.56676
4.52702 3.95652 -22.4533
-0.0935562 3.07713 77.4054
5.19105 1.51888 10.1821
2.73333 -10.0041 -14.2391
3.62142 7.48026 -9.97418
-11.9211 -1.31429 -24.0899
7.08417 -21.4081 6.70517
-1.02458 0.10367 -4.85447
1.95341 0.216824 -6.15079
0.285275 4.50912 -1.62844
-9.91599 2.81087 0.80524
0.679897 2.88335 4.24495
-10.0466 9.44189 -8.69304
-1.22188 -5.24625 6.70328
2.20702 -9.17732 4.79154
3.44275 -4.6175 6.64629
1.30541 -0.203685 -54.2471
0.406087 7.75242 -2.36477
9.81007 1.46864 -14.6069
-8.8237 247.882 1.91902
-0.135919 -2.3867 -8.96444
-0.79472 -5.14868 2.47295
-2.28089 -2.17167 3.98271
5.45448 -6.18515 -1.76101
-6.53542 1.81695 0.544895
-4.63698 0.824648 -3.03465
-0.378559 -4.68316 -5.24349
-1.6981 3.7412 1.34519
-1.71433 0.183688 -3.35086
-3.27714 -0.650332 0.889558
-2.90713 -2.58407 0.973963
-3.37048 11.0806 -2.95736
3.01176 -4.77139 2.74018
1.15627 -5.2302 5.02289
-2.58165 -3.14161 -3.2156
-2.12632 -0.830079 21.8398
8.70719 2.21772 -5.83053
-10.7766 3.35286 -1.70895
1.0471 -3.32073 -6.8326
-2.85689 8.98973 40.2477
4.05234 -156.205 9.78743
4.68734 -7.33849 6.0433
1.25314 4.78158 -10.9734
-4.18477 0.489512 1.82992
-19.8229 -0.815451 -11.2261
-0.142485 -1.49404 1.49459
3.41549 4.54071 1.76672
-14.9698 -0.742502 -0.069109
1.30601 8.03804 -32.7917
2.93564 -2.90952 2.77521
-7.46102 6.95505 4.34592
-1.2443 -4.2957 -2.66681
3.45331 -3.06435 5.999
-4.85033 -0.935459 -0.0992601
3.92132 1.35186 -2.69982
-1.66178 -3.05198 -0.201584
-3.42075 1.46619 1.67159
1.69992 3.57671 0.488266
6.11127 -3.09515 -4.86499
3.25424 6.16211 10.4332
1.34334 -2.73373 13.0504
-5.01434 3.11159 -6.55194
-3.2589 0.593709 -1.33021
-0.853264 -1.27202 -0.281256
-4.51989 -0.00807051 -1.15375
0.689425 1.72782 3.38464
6.14575 3.17037 1.66229
14.5925 -0.961323 5.26386
-1.84047 6.07147 0.584094
-0.863884 10.1247 -5.71157
-27.6097 -4.36308 21.5391
9.57033 -1.2675 3.65156
-4.25179 -6.87984 -0.0897413
-8.87312 -2.48251 -8.84176
