-4.67998 5.50357 7.40317
7.18973 4.96031 7.39953
10.1357 -0.365535 1.32196
-9.3413 -1.86152 -3.10759
-1.69727 3.73559 -4.49332
3.1265 5.09522 -1.41476
3.55841 -6.59035 -33.0176
9.33028 -0.16119 3.32161
1.10729 5.10447 -0.0881091
5.72065 -6.76323 -7.13899
3.41694 0.286801 6.57557
-0.602406 -1.81241 17.3907
3.90434 0.377626 -1.91654
-12.4587 13.8705 12.8762
1.48404 -5.44663 -4.3772
2.68937 7.89939 3.86212
1.4565 -5.78266 0.195235
19.0271 -2.50104 -8.57881
-5.06631 -13.0303 4.67922
-0.262963 -0.393496 -1.78441
5.71484 -0.918664 3.71081
2.61686 -5.57946 6.98615
2.72835 -2.11334 -1.60843
-0.405508 0.128376 -0.643261
4.26762 0.047765 -9.84015
-4.98584 -5.40026 3.68163
4.42329 3.90903 -22.4784
-0.0384064 3.06408 77.4107
5.25937 1.53166 10.193
2.73758 -10.0234 -14.2956
3.66278 7.51212 -9.89667
-11.9484 -1.31482 -24.0802
7.0759 -21.4089 6.71675
-1.01629 0.0833307 -4.84351
1.98956 0.244017 -6.15352
0.264411 4.39006 -1.60546
-9.88872 2.7993 0.810326
0.660447 2.90844 4.15474
-10.0395 9.43939 -8.67608
-1.21223 -5.10898 6.74783
2.6402 -9.17182 4.78515
3.41915 -4.59172 6.69066
1.42535 -0.245161 -54.2452
0.147274 7.65277 -2.37283
10.019 1.55483 -14.7292
-8.7896 247.96 1.9199
-0.103568 -2.40462 -8.86429
-0.885856 -5.06611 2.43008
-2.22981 -2.16328 4.2046
5.4857 -6.06142 -1.77446
-6.55273 1.84426 0.559143
-4.70264 0.855424 -3.01745
-0.436759 -4.82258 -5.34761
-1.69826 3.71159 1.37095
-1.70987 0.128731 -3.44144
-3.23574 -0.647186 0.68036
-2.91038 -2.55902 1.00103
-3.40253 11.0276 -2.97375
3.01314 -4.83963 2.84439
1.15318 -5.21958 5.12318
-2.55349 -3.1573 -3.18877
-2.1989 -0.881253 21.8642
8.71572 2.22211 -5.87377
-10.7688 3.43111 -1.64963
1.04604 -3.32289 -6.79724
-2.85014 8.93375 40.2513
4.03159 -156.195 9.76947
4.56242 -7.42178 6.161
1.25898 4.79938 -10.9836
-4.10712 0.504497 1.80138
-19.7334 -0.843748 -11.3112
-0.333712 -1.51912 1.54283
3.49537 4.59291 1.85961
-14.9787 -0.785663 -0.0416406
1.27806 8.15551 -32.7831
2.92578 -2.80224 2.7993
-7.59894 6.93492 4.29115
-1.24565 -4.37599 -2.70079
3.42294 -2.9631 5.98446
0.171131 -1.79415 -5.48474
3.92371 1.36339 -2.72318
-1.68527 -3.06854 -0.225986
-3.42689 1.35592 1.66726
1.66828 3.68888 0.490518
6.09335 -3.11069 -4.89913
3.13076 6.34373 10.3512
1.35056 -2.66203 13.0544
-4.9528 3.12189 -6.63148
-3.28739 0.595854 -1.28196
-0.84491 -1.29746 -0.275224
-4.75396 0.00675292 -1.16638
0.649328 1.7206 3.38409
6.17534 3.09871 1.75155
14.6045 -0.931001 5.21197
-1.81939 6.07234 0.583286
-3.04555 10.3793 -3.58862
-27.5463 -4.36214 21.5703
9.54489 -1.27453 3.7
-4.33907 -6.87922 -0.127831
-8.82492 -2.48173 -8.80926
