-4.55439 5.61423 7.2978
7.20091 5.45046 7.3842
10.1245 -0.898566 1.25964
-9.36886 -1.69478 -3.24004
-1.93615 3.26903 -4.60029
3.15624 5.46757 -1.50472
3.46283 -6.61123 -32.9607
9.664 0.0865296 3.22421
1.18421 5.4347 -0.12719
5.55623 -6.65644 -7.46477
3.03377 0.356829 7.06015
-0.408246 -1.92348 17.3616
4.30818 0.220512 -1.81714
-12.3736 13.8547 12.6971
1.51545 -5.50956 -4.4342
1.96925 7.72654 4.02027
1.49609 -5.98484 0.222539
19.045 -2.49778 -8.60265
-5.0485 -12.9344 4.70159
-0.278634 -0.392722 -1.87205
5.74062 -0.939189 3.64143
2.58059 -5.57358 7.03795
2.58526 -2.23382 -1.60469
-0.436047 0.0379224 -0.770444
5.02447 -0.207246 -9.85059
-4.4627 -5.699 3.93543
3.8969 3.72213 -22.6748
0.272148 3.0453 77.4218
4.86156 1.60267 10.2214
2.74765 -10.1353 -14.565
3.86742 7.65646 -9.65057
-12.1243 -1.33263 -24.034
7.03891 -21.422 6.73457
-0.980363 0.0040949 -4.82629
2.13438 0.349008 -6.17385
0.18121 4.137 -1.5388
-9.84329 2.72129 0.833128
0.622997 3.00402 3.81636
-9.99994 9.44431 -8.60358
-1.14432 -4.65994 6.92558
3.78647 -9.18805 4.78346
3.46322 -4.50999 6.91905
2.34656 -0.588481 -54.2626
-1.38214 7.37462 -2.3914
9.4465 1.93956 -14.934
-8.76403 248.107 1.90541
0.0408186 -2.4571 -8.57307
-1.22036 -4.87999 2.36642
-2.03921 -2.14243 5.44507
5.09278 -5.47808 -1.84949
-6.62407 1.9544 0.608037
-5.07511 0.938356 -3.01272
-0.64667 -5.59153 -6.00372
-1.69631 3.58336 1.48403
-1.69232 -0.486315 -3.93251
-3.09018 -0.629132 -0.400436
-2.92195 -2.47339 1.10588
-3.55968 10.857 -3.06725
3.00445 -4.48324 3.38099
1.14354 -5.19482 5.53134
-2.45835 -3.23373 -3.103
-2.44136 -1.08468 22.002
8.76117 2.24166 -6.06966
-10.7478 3.74467 -1.42312
1.03871 -3.33172 -6.664
-2.83846 8.77005 40.2881
3.92496 -156.206 9.73502
4.24606 -7.58777 6.48787
1.27206 4.86995 -11.0227
-3.80703 0.56362 1.67264
-19.5337 -0.958819 -11.7844
-1.14488 -1.61213 1.6451
4.04406 4.8212 2.20533
-15.0133 -1.04989 0.0832911
1.11295 7.46012 -32.8098
2.89156 -2.40752 2.88253
-6.98747 6.87364 4.0447
-1.25104 -3.97299 -2.86046
3.32352 -2.60752 5.92056
3.06285 -2.78516 -9.93692
3.93507 1.40264 -2.82593
-1.79153 -3.09009 -0.344521
-3.4015 1.02189 1.67749
1.55352 4.19764 0.506765
5.95292 -3.06881 -5.00454
2.82171 7.05976 9.90065
1.37665 -2.42035 13.072
-4.69951 3.17385 -6.98088
-3.40415 0.595167 -1.09339
-0.814972 -1.39913 -0.256411
-4.67823 0.0787259 -1.22016
0.486385 1.69371 3.38322
6.31207 2.83754 2.11598
14.6722 -0.812266 5.01524
-1.73554 6.07547 0.576539
-4.08665 10.3891 -1.06695
-27.4018 -4.35081 21.7485
9.52766 -1.32816 3.85208
-4.66486 -6.87809 -0.291516
-8.64841 -2.46983 -8.70212
