-6.78326 -0.954309 -2.71438
-1.43351 1.08756 0.730567
-0.530532 -1.00512 0.139383
-0.55303 -0.66784 0.0201675
2.38601 -1.70158 3.45129
1.92651 0.282831 1.45827
0.191577 -1.73425 0.159523
1.18208 2.37772 2.12493
0.429637 2.17725 -2.56603
1.26427 -1.3208 -0.645464
1.66928 0.2172 0.817824
-1.10702 0.94728 4.21335
-0.162921 2.41879 -0.565789
-2.29288 -0.851713 -4.95505
2.88936 1.08629 4.00935
0.23758 0.522372 -1.01473
-0.0155552 -1.28744 -0.803437
-1.53667 -0.172398 -0.956957
-3.44638 0.168691 -0.817936
-2.11619 1.73679 1.3086
-3.42852 1.00377 0.730802
0.3925 1.43474 0.0353493
2.98346 -1.50301 -1.14733
0.105231 0.832696 3.66516
4.10251 -1.94119 -0.129804
-0.614698 -1.75496 -3.42118
0.214872 6.99985 -0.114326
-0.192384 0.970539 1.37503
3.1814 0.967348 2.56774
-3.5146 2.50661 -3.43689
-1.45579 1.08025 -0.977194
3.01951 2.1394 -6.2105
-1.00414 2.06594 0.616494
1.11872 0.275014 -1.09377
-4.22523 -0.301326 2.30574
-2.63253 0.941191 -4.88312
-0.331884 -2.35524 -0.0383882
-0.742647 0.447526 0.232719
-5.14678 -2.05179 0.904354
2.52154 0.113146 3.74063
-1.45185 -0.525778 -4.49436
0.419245 -1.69485 -1.55925
-0.433646 -3.02905 3.26951
-7.01699 1.74668 -2.30175
-5.28777 4.62912 -0.963722
-0.740607 3.51422 2.05407
-1.34096 0.8362 3.37272
5.05166 -0.448695 0.360681
2.80321 2.29501 -0.41476
0.715082 -0.509607 1.81968
1.36272 -1.35723 1.48941
-1.85011 -0.00961637 -0.20772
-1.69331 0.896056 3.95275
2.29046 3.61138 0.137429
1.2448 1.38258 -0.244847
0.438209 -0.074285 0.266445
-0.173421 1.11824 -0.0022283
-1.07318 3.30381 -9.56411
-1.48306 -1.39788 4.71525
-0.928233 -1.36435 -0.189344
-0.522525 -0.655668 1.54828
-2.5944 1.49425 -5.22502
1.74272 0.367439 -2.20808
1.18302 -1.05036 0.00124888
0.973959 -2.79499 2.90495
2.82895 -0.849451 0.540333
0.598922 -1.92543 -2.42101
-1.48845 0.216798 -0.755696
-1.18943 1.13427 -2.0115
2.1533 0.0254922 -1.61019
5.35448 -4.75409 7.52654
6.21064 -2.45627 -0.606073
-2.54692 3.05634 -3.89194
-1.20079 -1.57586 -2.03273
1.00593 2.66282 3.63393
1.8861 0.5928 -0.0331234
0.396926 -4.31597 -1.23516
-3.72957 1.50629 0.748985
0.282889 -1.04082 0.860313
-3.2822 -0.909324 2.36871
0.224604 1.14902 -1.12047
0.38538 -1.99276 0.247212
-0.619754 -1.64034 -0.700619
-0.585517 -0.0914946 -0.457182
-1.08022 -1.14353 -3.27068
1.33587 -0.20745 0.373375
-4.4262 0.35718 -5.89685
-0.236401 -0.376158 -0.0709482
-2.18723 -1.76212 -0.100981
0.137093 0.291082 -0.032246
1.2004 -1.08713 0.478222
-0.544606 -1.91079 0.358235
5.0755 1.26759 -0.373255
0.200744 -3.2189 0.970448
-0.753911 0.485088 0.862629
1.16852 -1.05332 0.809696
3.49705 1.30443 4.26802
4.64048 4.46857 1.53586
1.63953 0.618915 0.624451
2.25947 -0.452553 -6.08906
