-4.46819 5.71927 7.23074
7.21606 5.79322 7.38066
10.1243 -1.34284 1.21715
-9.3931 -1.56533 -3.3638
-2.16362 2.98782 -4.66773
3.17981 5.83987 -1.58918
3.4041 -6.63516 -32.9358
9.99442 0.294807 3.15635
1.24397 5.70137 -0.15773
5.46811 -6.59859 -7.37826
2.76223 0.409535 7.39527
-0.26947 -2.00631 17.338
4.81024 0.100778 -1.74916
-12.3271 13.8513 12.5872
1.53718 -5.59237 -4.47764
1.38716 7.70749 4.16896
1.5295 -6.13124 0.243446
19.0602 -2.49257 -8.61781
-5.03366 -12.8113 4.68551
-0.290367 -0.392466 -1.94907
5.76902 -0.948822 3.58614
2.5576 -5.57181 7.07401
2.49247 -2.34573 -1.60811
-0.472213 -0.0282705 -0.823204
5.29763 -0.370951 -9.88326
-4.18261 -5.94897 4.13654
3.55658 3.61572 -22.9186
0.49011 2.98177 77.2445
4.64118 1.6642 10.2355
2.74107 -10.2475 -14.8614
4.03296 7.78256 -9.53733
-12.4573 -1.39979 -24.0685
7.02719 -21.4429 6.75279
-0.942345 -0.0654646 -4.81371
2.24075 0.427909 -6.20215
0.1188 3.97221 -1.49472
-9.77764 2.68241 0.838644
0.573947 3.09981 3.32215
-10.0042 9.38002 -8.54299
-1.07707 -4.37431 7.1022
4.31018 -9.20983 4.78994
3.49904 -4.43026 7.06109
2.60435 -0.922347 -54.382
-1.76602 7.17828 -2.41357
8.71628 2.30362 -14.5638
-8.76047 248.143 1.92915
0.166209 -2.46689 -8.41362
-1.47927 -4.83001 2.38207
-1.90027 -2.16426 7.56361
4.76676 -5.02381 -1.89382
-6.68597 2.03526 0.638151
-5.46352 0.987823 -3.02178
-0.80908 -6.1483 -6.63711
-1.67907 3.49199 1.57682
-1.68132 -1.30718 -4.39769
-2.98598 -0.590077 -2.12211
-2.93138 -2.41855 1.17905
-3.68579 10.7689 -3.13205
2.98391 -3.66391 3.98026
1.137 -5.1839 5.74427
-2.38766 -3.2999 -3.04542
-2.63116 -1.22885 22.1373
8.81047 2.25047 -6.28546
-10.7344 4.00421 -1.26221
1.02846 -3.33373 -6.57197
-2.84544 8.66367 40.3444
3.86773 -156.093 9.75088
4.02383 -7.63315 6.63852
1.27289 4.92627 -11.0604
-3.61539 0.610153 1.54422
-19.4512 -1.03355 -12.2574
-1.66873 -1.71315 1.70009
4.63754 5.03736 2.3695
-15.0445 -1.24016 0.180309
1.04334 7.04069 -32.8674
2.87133 -2.15646 2.93894
-6.50146 6.83886 3.88144
-1.25754 -3.6247 -3.03344
3.25936 -2.36157 5.87461
2.14484 -3.38594 -9.44459
3.94706 1.4336 -2.9155
-1.87872 -3.14822 -0.44282
-3.41666 0.746448 1.68517
1.47914 4.53177 0.51928
5.85699 -3.01347 -5.09651
2.61367 7.2174 9.6387
1.39165 -2.27889 13.0863
-4.52524 3.22862 -6.89981
-3.49641 0.593151 -0.957479
-0.795171 -1.4762 -0.247916
-4.22273 0.126589 -1.25245
0.359109 1.67988 3.37427
6.43837 2.6649 2.49652
14.7405 -0.709702 4.85394
-1.67489 6.07603 0.572797
-3.3544 10.3523 -0.806164
-27.3609 -4.35504 21.9945
9.5392 -1.40987 3.90405
-4.90597 -6.87612 -0.442493
-8.54112 -2.45608 -8.64943
