-4.43929 5.76001 7.21121
7.22099 5.89784 7.37952
10.1257 -1.50366 1.20374
-9.40169 -1.51642 -3.4121
-2.20446 2.91853 -4.68963
3.18823 5.99508 -1.62593
3.38819 -6.64638 -32.9273
10.1243 0.362952 3.13598
1.26589 5.79744 -0.169187
5.44659 -6.58082 -7.24125
2.67531 0.429508 7.49226
-0.207736 -2.03407 17.3306
5.17151 0.0589039 -1.72885
-12.3118 13.851 12.5527
1.54478 -5.62584 -4.49377
1.21898 7.69174 4.2525
1.54355 -6.18342 0.250409
19.0657 -2.49055 -8.62191
-4.92413 -12.6578 4.70063
-0.293948 -0.391582 -1.96858
5.78102 -0.951136 3.56888
2.55165 -5.5717 7.08608
2.46994 -2.38614 -1.61009
-0.478324 -0.0522986 -0.835929
5.04257 -0.422685 -9.89298
-4.09381 -6.03238 4.21064
3.46188 3.59408 -23.0288
0.557644 2.9575 77.1688
4.58255 1.68569 10.2393
2.73615 -10.296 -14.9976
4.09178 7.82821 -9.51145
-12.5871 -1.40015 -24.1079
7.0294 -21.4464 6.76313
-0.926853 -0.0912602 -4.80535
2.27761 0.455323 -6.21445
0.104868 3.92187 -1.47987
-9.75512 2.66962 0.841285
0.552631 3.13444 3.12575
-10.1396 9.21346 -8.55338
-1.05274 -4.28128 7.16305
4.48781 -9.2133 4.79202
3.52241 -4.41112 7.11968
2.51686 -0.975643 -54.4911
-1.87153 7.12152 -2.42375
8.49554 2.44151 -14.4669
-8.75747 248.2 1.93779
0.212577 -2.4695 -8.36953
-1.56365 -4.82024 2.39109
-1.84936 -2.19733 9.16802
4.69911 -4.91684 -1.90907
-6.70638 2.06328 0.64607
-5.59622 1.00435 -3.02474
-0.856605 -6.30313 -6.87976
-1.67337 3.46292 1.60348
-1.67791 -1.71881 -4.28689
-2.95257 -0.558585 -3.40565
-2.9343 -2.40099 1.20319
-3.72636 10.7443 -3.15849
2.97575 -3.23205 4.03
1.1356 -5.18064 5.65014
-2.36004 -3.32273 -3.02435
-2.68615 -1.27501 22.1958
8.83057 2.2524 -6.38229
-10.7265 4.10142 -1.22686
1.02608 -3.33323 -6.54309
-2.84835 8.62866 40.3704
3.85443 -156.097 9.75008
3.95114 -7.64256 6.67943
1.27188 4.94736 -11.0757
-3.55481 0.626127 1.49692
-19.4214 -1.05706 -12.427
-1.80171 -1.74953 1.72322
4.8426 5.12414 2.42954
-15.0542 -1.29754 0.210288
1.02694 6.9317 -32.894
2.8664 -2.08157 2.95562
-6.34692 6.83114 3.83042
-1.25955 -3.51256 -3.1376
3.24108 -2.28707 5.86268
1.93987 -3.53191 -9.29675
3.95225 1.44486 -2.94663
-1.90727 -3.1625 -0.479197
-3.42014 0.655441 1.68252
1.45864 4.64692 0.520301
5.83325 -2.98945 -5.10912
2.56699 7.12396 9.57358
1.39527 -2.23581 13.0894
-4.46962 3.25081 -6.74784
-3.52719 0.593671 -0.911269
-0.787909 -1.50272 -0.246433
-4.07495 0.141041 -1.26079
0.312863 1.68151 3.37611
6.50269 2.61785 2.61386
14.7691 -0.671687 4.79428
-1.65449 6.07595 0.572424
-3.14996 10.3463 -0.718961
-27.3517 -4.3595 22.1112
9.54469 -1.4434 3.91608
-4.98634 -6.874 -0.497226
-8.50975 -2.45296 -8.63464
