-4.35963 5.91627 7.16057
7.23659 6.20447 7.37555
10.1302 -1.90734 1.16753
-9.43633 -1.38674 -3.56596
-2.33752 2.72564 -4.76157
3.21164 6.4899 -1.75659
3.33567 -6.67423 -32.9261
10.5806 0.552229 3.07634
1.3327 5.62009 -0.211809
5.39371 -6.54515 -6.93676
2.42199 0.47811 7.80889
-0.0267456 -2.11943 17.3151
6.13063 -0.087114 -1.68441
-12.2717 13.8516 12.4499
1.56646 -5.7184 -4.55904
0.776472 7.60344 4.55281
1.58603 -6.33515 0.267491
19.0869 -2.48468 -8.63519
-4.65838 -12.6118 4.88367
-0.305066 -0.390603 -2.02972
5.81992 -0.954777 3.51475
2.53645 -5.57501 7.11975
2.39832 -2.56852 -1.61022
-0.492974 -0.125517 -0.870163
4.46022 -0.590186 -9.91969
-3.84358 -5.69849 4.41759
3.18051 3.49427 -23.5623
0.760154 2.88297 77.0923
4.43101 1.74254 10.2515
2.72306 -10.532 -15.1218
4.26323 7.97156 -9.45506
-12.952 -1.39727 -24.2408
7.03459 -21.4527 6.80021
-0.874587 -0.160961 -4.79084
2.38803 0.541163 -6.25983
0.0609009 3.76579 -1.4314
-9.69584 2.63102 0.844577
0.48358 3.20078 2.67007
-10.4772 9.2232 -8.76747
-0.983123 -4.02484 7.34663
4.99225 -9.21885 4.79449
3.58353 -4.35024 7.26951
2.13989 -1.23161 -54.7506
-2.25054 6.95285 -2.46535
8.00627 2.82981 -14.2196
-8.75147 248.216 1.97091
0.358792 -2.48402 -8.26932
-1.81785 -4.80334 2.41806
-1.66781 -2.44032 9.86808
4.46358 -4.64914 -1.96573
-6.77239 2.1461 0.667302
-6.02072 1.04465 -3.03507
-1.01181 -5.56487 -7.78713
-1.64566 3.37872 1.68008
-1.67918 -2.4164 -3.94442
-2.87416 -0.366215 -4.03404
-2.94201 -2.35619 1.27156
-3.86101 10.6707 -3.25619
2.95901 -2.20421 4.16551
1.13311 -5.17732 5.36748
-2.27576 -3.41168 -2.97222
-2.83396 -1.53931 22.5107
8.90397 2.25273 -6.62709
-10.6943 4.2125 -1.14315
1.02437 -3.33358 -6.46344
-2.86275 8.5099 40.4868
3.79832 -155.926 9.72292
3.73 -7.67114 6.77794
1.26779 5.01591 -11.1372
-3.38238 0.662108 1.36093
-19.3197 -1.11341 -12.5758
-2.25607 -1.88931 1.7944
5.41783 5.38178 2.62747
-15.0883 -1.50401 0.304244
0.983756 6.60804 -33.0308
2.85358 -1.89036 3.00703
-5.9057 6.80239 3.66037
-1.26693 -3.26165 -3.47361
3.19004 -2.10494 5.82342
1.60731 -4.11328 -8.81726
3.97129 1.47726 -3.04898
-2.00898 -3.18391 -0.54396
-3.41955 0.290792 1.67092
1.40264 5.03204 0.530105
5.75725 -2.94699 -5.14515
2.41385 6.79612 9.37127
1.40821 -2.10846 13.1007
-4.31628 3.31647 -6.32676
-3.62494 0.59717 -0.772408
-0.767805 -1.57007 -0.252321
-3.62112 0.176371 -1.28098
0.180535 1.6796 3.38774
6.7332 2.38537 2.88624
14.87 -0.572379 4.61015
-1.5951 6.07833 0.570357
-2.6103 10.3106 -0.489856
-27.347 -4.37867 22.2992
9.54325 -1.56196 3.92966
-5.23423 -6.87078 -0.671623
-8.43397 -2.42259 -8.59616
