-4.33604 5.96591 7.14421
7.24071 6.28785 7.37377
10.1317 -1.83808 1.15745
-9.45345 -1.3446 -3.62366
-2.38402 2.67843 -4.78279
3.21728 6.55174 -1.80576
3.31831 -6.68487 -32.9282
10.7613 0.611448 3.05763
1.35556 5.51742 -0.22825
5.37699 -6.53622 -6.84624
2.33371 0.493065 7.7872
0.0308272 -2.15595 17.3127
6.44314 -0.14055 -1.67911
-12.2629 13.8522 12.4186
1.57395 -5.75446 -4.58398
0.643526 7.57099 4.64292
1.60091 -6.31858 0.27194
19.0968 -2.48433 -8.64117
-4.65284 -12.6196 4.89666
-0.309508 -0.390939 -2.04964
5.83348 -0.958285 3.49786
2.53175 -5.57736 7.1325
2.37326 -2.62527 -1.61231
-0.499845 -0.153125 -0.879481
4.30772 -0.647593 -9.92974
-3.77648 -5.57549 4.47562
3.08501 3.46336 -23.8508
0.831136 2.86301 77.0838
4.38483 1.75824 10.2572
2.73251 -10.6297 -15.0301
4.32253 8.0193 -9.44367
-13.1273 -1.39619 -24.2877
7.039 -21.4583 6.82291
-0.856768 -0.187881 -4.78553
2.42401 0.568437 -6.2783
0.0447303 3.71723 -1.41658
-9.67916 2.61326 0.844669
0.460599 3.2134 2.54796
-10.4876 9.2469 -8.78008
-0.960634 -3.92874 7.41033
5.15534 -9.22004 4.79366
3.608 -4.33629 7.314
1.96865 -1.3016 -54.752
-2.3867 6.90061 -2.48483
7.8925 2.97139 -14.1596
-8.74312 248.26 1.98514
0.40829 -2.49007 -8.24641
-1.90522 -4.80016 2.42729
-1.61587 -2.47637 8.69747
4.37083 -4.57345 -1.98835
-6.79717 2.17478 0.674229
-6.17865 1.0555 -3.03963
-1.07324 -5.23691 -7.87289
-1.63949 3.3501 1.69844
-1.69156 -2.2487 -3.82363
-2.8461 -0.34063 -3.14374
-2.94528 -2.34263 1.29448
-3.91207 10.6454 -3.29546
2.96691 -2.06729 4.21289
1.13221 -5.17839 5.27752
-2.24818 -3.45135 -2.95841
-2.88942 -1.66887 22.6474
8.93107 2.2514 -6.56873
-10.6829 3.96091 -1.12014
1.02545 -3.33484 -6.43501
-2.86773 8.47294 40.477
3.7808 -155.904 9.72113
3.65318 -7.68258 6.80682
1.26647 5.03521 -11.164
-3.33091 0.670919 1.31565
-19.2993 -1.12358 -12.4692
-2.43198 -1.93877 1.81271
5.59392 5.47305 2.69133
-15.1028 -1.58261 0.330773
0.969016 6.49558 -33.1018
2.84841 -1.83189 3.02446
-5.76982 6.78841 3.60344
-1.27034 -3.20305 -3.59406
3.17346 -2.05628 5.80898
1.62971 -4.33166 -8.68218
3.97867 1.4862 -3.0875
-2.05067 -3.18851 -0.564071
-3.42083 0.184141 1.66255
1.38391 5.18316 0.531793
5.72965 -2.9383 -5.15983
2.36751 6.68447 9.29617
1.40936 -2.06974 13.1019
-4.27138 3.33896 -6.25255
-3.66192 0.599804 -0.721838
-0.761931 -1.59604 -0.256747
-3.45943 0.185648 -1.28703
0.134714 1.67454 3.39052
6.81604 2.30809 2.95954
14.9085 -0.540988 4.54704
-1.57647 6.07876 0.569442
-2.45841 10.2987 -0.420332
-27.3478 -4.38902 22.1406
9.53443 -1.61158 3.92403
-5.20912 -6.87048 -0.734278
-8.41357 -2.41467 -8.58527
