-4.31379 6.01972 7.13008
7.24417 6.28873 7.372
10.1337 -1.76333 1.14885
-9.47257 -1.30122 -3.6854
-2.436 2.65013 -4.80201
3.22163 6.61901 -1.85525
3.30445 -6.69717 -32.9297
10.9593 0.670083 3.04152
1.37944 5.41948 -0.244512
5.36151 -6.52764 -6.7527
2.24601 0.508165 7.64029
0.0908851 -2.20019 17.3122
6.78225 -0.195491 -1.67918
-12.256 13.8542 12.3933
1.58234 -5.78946 -4.60892
0.518132 7.53835 4.74946
1.61686 -6.23611 0.276744
19.1079 -2.48385 -8.64802
-4.65017 -12.6213 4.90633
-0.314401 -0.390643 -2.06848
5.84752 -0.961958 3.48247
2.52713 -5.57955 7.14752
2.34733 -2.68393 -1.6143
-0.507379 -0.17763 -0.88787
4.16962 -0.705074 -9.94057
-3.70955 -5.46709 4.53411
2.99275 3.43777 -24.2128
0.897044 2.84619 77.0763
4.3409 1.77352 10.2646
2.75084 -10.7277 -14.9436
4.38329 8.06538 -9.43289
-13.4142 -1.39326 -24.3312
7.04449 -21.4645 6.85267
-0.837143 -0.21244 -4.78284
2.45963 0.595906 -6.29653
0.0279199 3.67217 -1.40212
-9.66274 2.59202 0.844809
0.441189 3.22482 2.43972
-10.492 9.26774 -8.78569
-0.93779 -3.84585 7.47833
5.32111 -9.21992 4.79259
3.62937 -4.32257 7.35653
1.88113 -1.36776 -54.748
-2.50777 6.85185 -2.50514
7.81749 3.1212 -14.1107
-8.73745 248.273 2.0003
0.458642 -2.49686 -8.22508
-1.99426 -4.79643 2.43846
-1.56922 -2.49813 8.05278
4.26987 -4.50288 -2.01224
-6.82193 2.20557 0.680723
-6.34876 1.06667 -3.04404
-1.12609 -4.9098 -7.69191
-1.62971 3.32091 1.71956
-1.71507 -2.05527 -3.70483
-2.81809 -0.326957 -2.66893
-2.94766 -2.32896 1.31765
-3.97191 10.6233 -3.34046
2.99025 -1.93906 4.27403
1.13172 -5.17921 5.19183
-2.22004 -3.50035 -2.94366
-2.94737 -1.8101 22.7864
8.95905 2.25024 -6.5099
-10.6725 3.69016 -1.09641
1.02666 -3.33498 -6.40907
-2.87191 8.43881 40.4099
3.76379 -155.895 9.72195
3.57463 -7.69446 6.83807
1.26528 5.05643 -11.1931
-3.28254 0.678729 1.27443
-19.2887 -1.1398 -12.3685
-2.61909 -1.98349 1.82996
5.63919 5.56397 2.75566
-15.1172 -1.66723 0.352458
0.953883 6.3865 -33.1908
2.84368 -1.77394 3.04191
-5.64108 6.77407 3.55058
-1.27391 -3.14373 -3.71759
3.15648 -2.00743 5.79732
1.48727 -4.54009 -8.59083
3.98663 1.4949 -3.12627
-2.09727 -3.19137 -0.58363
-3.42112 0.0815712 1.65279
1.36473 5.35091 0.530665
5.70101 -2.92843 -5.17626
2.33019 6.56529 9.2164
1.41058 -2.02883 13.1034
-4.22793 3.36155 -6.18008
-3.70161 0.604213 -0.666114
-0.755921 -1.62011 -0.262609
-3.28935 0.194628 -1.29216
0.0850161 1.66846 3.39338
6.90245 2.23233 3.0346
14.9537 -0.509514 4.4867
-1.55832 6.08001 0.568688
-2.31772 10.2875 -0.349564
-27.3468 -4.40035 22.0214
9.51995 -1.65698 3.90857
-5.04285 -6.87027 -0.795802
-8.39681 -2.40328 -8.57268
