-6.71406 -0.930633 -2.73599
-1.47242 1.20022 0.739942
-0.604941 -1.01738 0.139698
-0.47219 -0.591788 0.0240461
2.28678 -1.71984 3.48207
1.94808 0.290431 1.34668
0.192833 -1.67357 0.161428
1.20723 2.27088 2.15482
0.529659 2.21764 -2.61276
1.29792 -1.39686 -0.657832
1.80379 0.24056 0.844873
-1.04413 0.964484 4.31511
-0.166964 2.46188 -0.57298
-2.3376 -0.867291 -4.79719
2.73276 0.688482 4.30583
0.240021 0.527097 -1.02692
-0.0159816 -1.30554 -0.704996
-1.44008 -0.17336 -0.968021
-3.62301 0.173745 -0.825991
-2.08507 1.7655 1.33017
-3.56024 0.912513 0.741431
0.397954 1.4545 0.0418978
2.97718 -1.53411 -1.16615
0.10212 0.849181 3.74678
4.21419 -1.97971 -0.134612
-0.622094 -1.77833 -3.55012
0.213509 7.6144 0.039299
-0.196086 0.905713 1.39485
3.09841 0.979923 2.65611
-3.61515 2.55829 -3.32675
-1.49684 1.19687 -0.997269
3.10308 2.04238 -6.43381
-1.03028 1.94205 0.628504
1.14074 0.27199 -1.10872
-4.67697 -0.301014 2.37361
-2.21075 0.947748 -4.74926
-0.335625 -2.39739 -0.0409643
-0.747206 0.450855 0.172091
-5.41857 -2.08525 0.924043
2.55387 0.124945 3.85612
-1.46673 -0.535903 -4.61618
0.56874 -1.71974 -1.38968
-0.441369 -3.09726 3.34915
-7.40066 1.98478 -2.36786
-5.54978 4.30992 -0.968042
-0.750829 3.61712 1.92598
-1.377 0.854081 3.27685
4.98633 -0.453477 0.365678
2.87305 2.32845 -0.419421
0.724698 -0.513202 1.86119
1.38657 -1.44579 1.39897
-1.86515 -0.00852206 -0.208192
-1.71218 0.911779 3.85042
2.32801 3.71464 0.146343
1.26177 1.4109 -0.350401
0.437394 -0.0734372 0.336819
-0.175248 1.13235 0.00203052
-0.759085 2.71672 -9.04412
-3.53577 -1.43894 4.63607
-0.938927 -1.38452 -0.192198
-0.53042 -0.658919 1.5781
-2.65118 1.87545 -5.2688
1.76027 0.588874 -2.14056
1.2033 -1.0645 -0.000463914
0.989292 -2.86363 2.97793
2.91841 -0.708603 0.671611
0.605349 -1.95786 -2.48226
-1.51577 0.109172 -0.979601
-1.21527 1.15427 -2.0405
2.18797 0.0250183 -1.63061
5.26738 -4.17643 6.83479
6.59167 -2.25169 -0.617053
-2.62211 3.13426 -4.06641
-1.22053 -1.60712 -1.96155
1.01505 2.71029 3.73168
1.91884 0.601852 -0.0301859
0.403917 -4.39971 -1.274
-3.82445 1.53319 0.7534
0.286274 -1.05398 0.873878
-2.54326 -0.955374 2.18499
0.226563 1.16904 -1.13693
0.38983 -2.0257 0.246141
-0.626442 -1.66602 -0.715963
-0.59151 -0.0936317 -0.46529
-0.963303 -1.16815 -3.32987
1.35282 -0.206851 0.384686
-3.00378 0.409406 -6.04757
-0.238275 -0.378171 -0.0648909
-2.20072 -2.29356 0.0192013
0.13193 0.295145 -0.0330998
1.34401 -1.10673 0.486805
-0.649861 -1.95401 0.257154
5.0059 1.29039 -0.383646
0.322178 -3.27642 0.987201
-0.762068 0.492247 0.881479
1.18437 -1.06898 0.824987
3.41022 1.30529 4.11299
4.61498 4.57393 1.57886
1.56976 0.628011 0.632646
2.2797 -0.467076 -6.28743
