-4.213 6.26581 7.0806
7.26423 5.9836 7.36467
10.1522 -1.44813 1.11298
-9.56054 -1.13655 -3.94511
-2.72248 2.61362 -5.00389
3.23548 6.92542 -2.05774
3.27454 -6.76687 -32.988
10.7896 0.913083 3.0037
1.49881 5.04222 -0.307308
5.31281 -6.49763 -6.45261
1.91608 0.568968 7.14206
0.423397 -2.40457 17.3164
7.16681 -0.365985 -1.69379
-12.2264 13.8733 12.3252
1.63084 -5.92983 -4.71103
0.0844829 7.42023 5.13698
1.68966 -5.91702 0.295427
19.1703 -2.47912 -8.68378
-4.65149 -12.6076 4.92577
-0.331999 -0.384589 -2.14458
5.91378 -0.979218 3.42929
2.51523 -5.58578 7.21094
2.21602 -3.02571 -1.59038
-0.520304 -0.258589 -0.92443
3.86452 -0.927295 -10.0115
-3.45048 -5.1063 4.78133
2.68236 3.33616 -24.0032
1.2228 2.75944 77.0982
4.20294 1.82809 10.2993
2.8429 -11.1139 -14.678
4.66901 8.28363 -9.40414
-15.6293 -1.11011 -24.5245
7.07212 -21.6056 6.985
-0.735369 -0.28206 -4.78136
2.64634 0.710992 -6.37322
-0.0178756 3.50549 -1.33925
-9.59485 2.51766 0.842966
0.408003 3.28694 2.07888
-10.5058 9.34596 -8.79546
-0.840469 -3.56093 7.79116
5.38551 -9.20554 4.78022
3.72876 -4.27436 7.53279
1.56859 -1.61245 -54.7299
-2.75448 6.68619 -2.58077
7.67079 3.7746 -13.9481
-8.6801 248.364 2.07478
0.669298 -2.48758 -8.15551
-2.29915 -4.77389 2.47849
-1.39363 -2.54555 6.88612
4.12059 -4.26108 -2.11135
-6.91659 2.3415 0.699629
-7.19755 1.1111 -3.06145
-1.27693 -3.74372 -6.85546
-1.58555 3.2259 1.79511
-1.84123 -1.15482 -3.34572
-2.70169 -0.305312 -1.90082
-2.95251 -2.27276 1.4073
-4.25658 10.5861 -3.4886
3.15883 -1.49675 4.7196
1.14185 -5.18548 4.85642
-2.11082 -3.69733 -2.88368
-3.16847 -2.29717 21.9893
9.1048 2.25387 -6.28249
-10.6449 2.54887 -1.00732
1.03645 -3.3354 -6.31978
-2.87401 8.32269 40.2646
3.68367 -155.937 9.68606
3.27797 -7.74628 6.95233
1.26811 5.14878 -11.3457
-3.08211 0.70725 1.11793
-19.2772 -1.26081 -12.0678
-3.15543 -2.18282 1.94645
5.3416 5.96209 3.05714
-15.1662 -2.0609 0.464919
0.904981 5.97628 -33.5909
2.83109 -1.54418 3.11775
-5.14449 6.72432 3.36629
-1.28859 -2.91703 -4.26254
3.11763 -1.80703 5.75381
0.959001 -5.42181 -8.29598
4.027 1.52638 -3.28999
-2.265 -3.17943 -0.647084
-3.29033 -0.434568 1.60043
1.32465 6.42164 0.527046
5.61125 -2.88788 -5.23401
2.32104 6.09481 9.09226
1.40372 -1.87695 13.1088
-4.05367 3.45584 -5.92441
-3.87242 0.637656 -0.458399
-0.724628 -1.70577 -0.29645
-2.39327 0.226496 -1.30669
-0.0604354 1.65137 3.40286
7.29973 1.95771 3.3628
15.2337 -0.381858 4.269
-1.47523 6.0899 0.562715
-1.84507 10.2528 -0.0927926
-27.338 -4.44427 21.6776
9.46827 -1.75199 3.82353
-3.54488 -7.01431 -1.1
-8.33673 -2.35157 -8.53673
