-4.18932 6.33572 7.07005
7.26886 5.91469 7.36207
10.157 -1.33808 1.10152
-9.58917 -1.10116 -4.01558
-2.78918 2.57193 -5.06207
3.23708 6.87784 -2.10978
3.25561 -6.78254 -33.0157
10.7137 0.979267 2.99916
1.52936 4.94721 -0.321657
5.30069 -6.49222 -6.39118
1.82316 0.582192 7.03532
0.509085 -2.46078 17.3232
7.07242 -0.431686 -1.69515
-12.221 13.8824 12.3121
1.64272 -5.96536 -4.73766
-0.0193422 7.3931 5.09874
1.70813 -5.84183 0.301412
19.1858 -2.47736 -8.69334
-4.65506 -12.6033 4.92841
-0.337663 -0.382052 -2.16423
5.92929 -0.984087 3.41764
2.51143 -5.58726 7.22841
2.18465 -3.15952 -1.58771
-0.529019 -0.278898 -0.931635
3.83289 -0.957663 -10.0295
-3.39547 -5.02886 4.75998
2.60861 3.3012 -23.9207
1.2962 2.7435 77.1501
4.17038 1.83903 10.3112
2.86392 -11.2179 -14.6213
4.74439 8.34335 -9.39854
-15.4884 -0.999335 -24.704
7.0724 -21.6641 6.9957
-0.708479 -0.29461 -4.7826
2.68834 0.741873 -6.39235
-0.028962 3.4608 -1.32629
-9.57743 2.50108 0.843398
0.397916 3.31104 1.99767
-10.5107 9.36252 -8.79779
-0.818032 -3.49599 7.88891
5.30299 -9.20149 4.77556
3.75093 -4.2649 7.58123
1.51325 -1.68241 -54.7294
-2.55885 6.65011 -2.59744
7.64111 3.91556 -13.9189
-8.68512 248.346 2.09159
0.72542 -2.49339 -8.14672
-2.37163 -4.76889 2.48903
-1.35632 -2.55461 6.70646
4.08664 -4.20813 -2.13748
-6.94574 2.37402 0.704577
-7.29866 1.12224 -3.06655
-1.31533 -3.50984 -6.68847
-1.57183 3.20694 1.81623
-1.85949 -0.916608 -3.27083
-2.67631 -0.302079 -1.79777
-2.95395 -2.25915 1.42899
-4.34421 10.5738 -3.5189
3.19043 -1.39693 4.85743
1.14534 -5.18878 4.77549
-2.08623 -3.74678 -2.86908
-3.2261 -2.4036 21.8452
9.14495 2.25725 -6.22378
-10.6426 2.26363 -0.98596
1.04331 -3.33633 -6.29932
-2.87254 8.30268 40.2459
3.67107 -155.892 9.68539
3.20291 -7.76201 6.98363
1.2693 5.17668 -11.3958
-3.04015 0.714936 1.08087
-19.278 -1.29672 -12.0094
-3.25469 -2.2815 1.97235
5.2692 6.05944 3.1445
-15.1712 -2.60514 0.499121
0.890339 5.88359 -33.4872
2.82793 -1.48767 3.13658
-5.05044 6.71337 3.32733
-1.29487 -2.85898 -4.41868
3.10864 -1.75672 5.7416
0.793267 -4.39827 -8.25368
4.03683 1.53429 -3.33299
-2.31398 -3.17634 -0.6573
-3.26939 -0.613261 1.58363
1.32076 6.81691 0.527386
5.58654 -2.8806 -5.2485
2.29737 6.02574 9.08448
1.41058 -1.83183 13.1161
-4.01493 3.47927 -5.86347
-3.92264 0.647382 -0.409262
-0.71777 -1.72708 -0.307418
-2.23644 0.23275 -1.30818
-0.0866233 1.64571 3.40522
7.40996 1.87163 3.47909
15.3202 -0.351194 4.22296
-1.45553 6.09351 0.561471
-1.74666 10.247 -0.00764515
-27.3429 -4.45882 21.6049
9.45916 -1.76819 3.8148
-3.47315 -7.07157 -1.12821
-8.32709 -2.33846 -8.53044
