-4.14429 6.48997 7.05329
7.27713 5.78499 7.35699
10.1657 -1.07182 1.07827
-9.65565 -1.03644 -4.15876
-2.92405 2.49625 -5.13748
3.23914 6.56226 -2.20838
3.21626 -6.81599 -33.0826
10.5688 1.13481 2.99675
1.59143 4.75897 -0.343927
5.27722 -6.48494 -6.27725
1.63221 0.604811 6.84183
0.679166 -2.58328 17.3607
6.90965 -0.588454 -1.69804
-12.2127 13.9096 12.2888
1.66591 -6.03484 -4.78907
-0.227568 7.34056 4.83756
1.74565 -5.69794 0.318432
19.2172 -2.4718 -8.71173
-4.65932 -12.5986 4.9382
-0.349716 -0.375539 -2.20377
5.96048 -0.993788 3.39841
2.50297 -5.59031 7.27037
2.10383 -3.54844 -1.57745
-0.548069 -0.3206 -0.940117
3.75145 -1.05017 -10.0154
-3.29337 -4.8861 4.56292
2.47701 3.22104 -23.7559
1.43458 2.69739 76.7664
4.1032 1.86086 10.3409
2.90307 -11.4436 -14.5057
4.89769 8.46726 -9.38631
-15.2577 -0.941821 -25.0817
7.07566 -21.8072 7.02956
-0.654357 -0.315786 -4.7806
2.76655 0.808787 -6.42668
-0.0518345 3.37079 -1.30016
-9.54533 2.46978 0.849299
0.370099 3.369 1.84395
-10.5275 9.40669 -8.80584
-0.773976 -3.37031 8.13175
5.13084 -9.19363 4.76489
3.79579 -4.25253 7.69552
1.41617 -1.80857 -54.7517
-2.16514 6.58515 -2.62156
7.5865 4.14773 -13.866
-8.68792 248.425 2.09509
0.840021 -2.51323 -8.11386
-2.52351 -4.75951 2.51668
-1.28459 -2.5674 6.4254
4.00662 -4.10442 -2.18547
-7.01146 2.43536 0.715163
-7.1439 1.14852 -3.07835
-1.39005 -3.12016 -6.36875
-1.54707 3.16963 1.8676
-1.87931 -0.442818 -3.11249
-2.62856 -0.298402 -1.60278
-2.96008 -2.23125 1.4737
-4.53183 10.5501 -3.57963
3.23907 -1.21368 5.15396
1.15465 -5.19918 4.62098
-2.03859 -3.84611 -2.83498
-3.33548 -2.6366 21.6411
9.23282 2.26735 -6.08983
-10.6431 1.70566 -0.935616
1.05385 -3.33657 -6.2626
-2.86998 8.27649 40.2187
3.6479 -155.875 9.68905
3.05065 -7.79454 7.06675
1.2719 5.24102 -11.5146
-2.96227 0.730967 1.0116
-19.2795 -1.37127 -11.9025
-3.45887 -2.57848 2.03318
5.12755 6.24363 3.34384
-15.1933 -5.76973 0.631936
0.859773 5.71193 -33.3227
2.8179 -1.37566 3.17783
-4.87282 6.69175 3.26485
-1.31058 -2.73878 -4.74596
3.08908 -1.65094 5.72433
0.467887 2.95084 -8.29248
4.05591 1.55115 -3.42203
-2.41809 -3.16984 -0.671124
-3.20914 -1.08006 1.5486
1.31561 7.95674 0.528918
5.53595 -2.86672 -5.27794
2.23345 5.91427 9.07061
1.431 -1.75667 13.1524
-3.93996 3.52565 -5.73667
-4.03144 0.66522 -0.307535
-0.705246 -1.76973 -0.329728
-2.1937 0.243063 -1.30555
-0.139279 1.63242 3.41495
7.65161 1.70372 4.06454
15.5216 -0.291266 4.14447
-1.41883 6.10138 0.560717
-1.56658 10.2372 0.253823
-27.3562 -4.48862 21.4954
9.4445 -1.80815 3.81854
-3.31467 -7.09085 -1.2162
-8.31061 -2.3172 -8.52101
