-4.09768 6.6549 7.03957
7.28716 5.66217 7.34844
10.1754 -0.831347 1.05292
-9.70926 -0.97878 -4.311
-3.06534 2.4428 -5.2306
3.24183 6.30495 -2.30046
3.18505 -6.85519 -33.1759
10.4647 1.34116 2.99622
1.65741 4.56332 -0.362236
5.25908 -6.48142 -6.17749
1.47428 0.622161 6.66432
0.853844 -2.72111 17.4153
6.76508 -0.766935 -1.70111
-12.2056 13.9472 12.2697
1.68915 -6.11385 -4.84328
-0.418598 7.29197 4.60806
1.7861 -5.55477 0.335782
19.2608 -2.46081 -8.73429
-4.66406 -12.5869 4.94921
-0.360501 -0.36746 -2.24434
5.99264 -1.00376 3.38153
2.49219 -5.59041 7.31799
1.9816 -4.12321 -1.57042
-0.574693 -0.371464 -0.950008
3.64148 -1.18489 -10.0181
-3.18985 -4.75664 4.37885
2.35809 3.13602 -23.6486
1.57038 2.64424 76.6565
4.03513 1.88367 10.3733
2.945 -11.6984 -14.3987
5.0596 8.60193 -9.37916
-15.0373 -0.923546 -25.3581
7.09099 -21.9913 7.05555
-0.596417 -0.329736 -4.78176
2.87434 0.88309 -6.46395
-0.0822121 3.28145 -1.26496
-9.51301 2.442 0.857322
0.349025 3.43379 1.6971
-10.557 9.45382 -8.80748
-0.727371 -3.25169 8.45915
4.94758 -9.18437 4.74734
3.83907 -4.24357 7.82289
1.33242 -1.95154 -54.7631
-1.76135 6.5282 -2.64027
7.53848 4.37467 -13.8225
-8.69856 248.45 2.10834
0.95673 -2.53812 -8.08768
-2.55778 -4.74807 2.54483
-1.21107 -2.58415 6.19209
3.95023 -3.99528 -2.23112
-7.08293 2.49323 0.725191
-6.98028 1.18345 -3.09754
-1.45177 -2.8323 -6.08194
-1.51767 3.13552 1.92699
-1.8829 0.000385969 -2.89568
-2.58316 -0.30095 -1.44438
-2.96619 -2.20167 1.5174
-4.74008 10.537 -3.64898
3.27711 -1.05084 5.27562
1.16906 -5.2135 4.47756
-1.98639 -3.94648 -2.80727
-3.42869 -2.90253 21.5067
9.33547 2.28431 -5.9469
-10.6496 1.18911 -0.865216
1.06604 -3.3313 -6.2311
-2.86103 8.26671 40.1922
3.63301 -155.888 9.68731
2.88575 -7.82106 7.16532
1.27603 5.3029 -11.6676
-2.86312 0.745586 0.941741
-19.2787 -1.44292 -11.7949
-3.67391 -3.00561 2.08602
5.00756 6.40288 3.55427
-15.2965 -6.395 0.765713
0.828267 5.55729 -33.2049
2.80743 -1.25925 3.22504
-4.70513 6.66826 3.2096
-1.32746 -2.62814 -5.05794
3.07376 -1.536 5.71073
0.302788 4.99053 -8.35151
4.0764 1.56702 -3.52053
-2.52402 -3.16025 -0.680178
-3.12311 -1.66618 1.50756
1.34753 9.42456 0.536299
5.49489 -2.85331 -5.30625
2.16671 5.82696 9.0517
1.45296 -1.67722 13.2005
-3.8651 3.57253 -5.61713
-4.15782 0.681332 -0.211925
-0.693156 -1.81524 -0.356392
-2.16897 0.247192 -1.29286
-0.194232 1.62663 3.43012
7.92746 1.56594 4.38937
15.4737 -0.231335 4.07121
-1.38535 6.11158 0.561508
-1.40776 10.2232 0.45772
-27.3901 -4.52525 21.4154
9.43615 -1.85128 3.82779
-3.15476 -7.0877 -1.35006
-8.29853 -2.29325 -8.51507
