-4.05188 6.83381 7.03162
7.29788 5.54807 7.34311
10.1862 -0.602045 1.03128
-9.76306 -0.919785 -4.47359
-3.18764 2.37146 -5.3455
3.24387 6.08854 -2.36881
3.15724 -6.89986 -33.2971
10.381 1.55143 2.99596
1.72269 4.36408 -0.374105
5.24139 -6.48081 -6.08642
1.32958 0.638675 6.49655
1.0209 -2.86127 17.4888
6.62085 -0.920134 -1.69855
-12.1986 13.9997 12.2558
1.71133 -6.20689 -4.89746
-0.607344 7.25371 4.38952
1.8281 -5.40315 0.358008
19.3252 -2.44652 -8.76574
-4.67596 -12.5762 4.9635
-0.371502 -0.358215 -2.28553
6.02285 -1.01332 3.36561
2.47481 -5.58919 7.37153
1.79839 -4.36842 -1.59173
-0.606866 -0.422089 -0.973856
3.52555 -1.31652 -10.0277
-3.09219 -4.63122 4.21708
2.23377 3.07316 -23.5761
1.68901 2.60373 76.6302
3.9529 1.91061 10.4095
2.98482 -11.9907 -14.2849
5.22913 8.75962 -9.37447
-14.8523 -0.917436 -25.0738
7.10504 -22.2218 7.09613
-0.543595 -0.337384 -4.78311
2.98978 0.967194 -6.50234
-0.116515 3.20971 -1.23301
-9.48393 2.41638 0.871961
0.328648 3.50756 1.56056
-10.5977 9.50523 -8.81319
-0.677982 -3.13766 8.36589
4.72578 -9.18394 4.72051
3.87861 -4.23518 7.96586
1.23417 -2.13459 -54.7959
-1.34627 6.48272 -2.66273
7.48546 4.6713 -13.7741
-8.69449 248.519 2.14604
1.06737 -2.56283 -8.06597
-2.2367 -4.73551 2.56968
-1.13567 -2.60782 5.99098
3.9065 -3.87644 -2.27053
-7.16814 2.55906 0.7372
-6.80811 1.23326 -3.1335
-1.53402 -2.53571 -5.81397
-1.49256 3.10078 1.99299
-1.87808 0.386261 -2.55979
-2.54305 -0.307276 -1.32683
-2.9789 -2.16744 1.56758
-4.9711 10.538 -3.72548
3.30769 -0.901103 4.91663
1.18472 -5.23198 4.34737
-1.93189 -4.04369 -2.7783
-3.5209 -3.10021 21.4224
9.45225 2.30928 -5.86088
-10.6614 0.73917 -0.761211
1.0773 -3.32644 -6.2007
-2.85354 8.26969 40.1822
3.62942 -155.316 9.70984
2.68868 -7.84373 7.27908
1.27823 5.36267 -11.775
-2.76925 0.75763 0.872655
-19.2746 -1.51645 -11.6871
-3.93726 -3.25136 2.13789
4.88714 6.5828 3.78024
-15.2947 -5.83306 0.846097
0.797587 5.43116 -33.1144
2.79442 -1.13685 3.29285
-4.56329 6.64673 3.15676
-1.34574 -2.52319 -5.27108
3.06033 -1.40087 5.6978
0.0658867 3.77552 -8.28757
4.097 1.5823 -3.59334
-2.63924 -3.15061 -0.687173
-3.06424 -1.66094 1.46631
1.49736 8.65142 0.553295
5.45916 -2.8435 -5.33427
2.09953 5.75792 9.03355
1.472 -1.57925 13.2738
-3.79502 3.62348 -5.49226
-4.32705 0.694568 -0.130483
-0.685211 -1.86424 -0.385038
-2.16602 0.238754 -1.26289
-0.26699 1.63144 3.45143
8.23953 1.43938 4.71596
15.3533 -0.165997 4.00322
-1.35729 6.12318 0.562955
-1.26437 10.2116 0.632057
-27.4586 -4.56816 21.3491
9.42515 -1.89835 3.84473
-2.994 -7.08169 -1.52849
-8.28945 -2.27127 -8.51515
