-6.64873 -0.906643 -2.75873
-1.51145 1.31165 0.748462
-0.678327 -1.02919 0.139759
-0.392446 -0.515809 0.0275911
2.19349 -1.73734 3.3585
1.97049 0.298044 1.23048
0.194241 -1.61383 0.163186
1.23429 2.16404 2.1849
0.625287 2.25841 -2.66205
1.331 -1.47405 -0.670529
1.94053 0.263953 0.870126
-0.980326 0.981549 4.41553
-0.171026 2.50573 -0.580597
-2.38059 -0.882925 -4.61429
2.61834 0.23783 4.50635
0.242627 0.531743 -1.03936
-0.0159945 -1.32407 -0.603907
-1.3419 -0.174341 -0.979518
-3.80242 0.178898 -0.833489
-2.05315 1.79464 1.35113
-3.70579 0.820878 0.750819
0.403683 1.4743 0.0482367
2.89806 -1.56587 -1.18531
0.0992766 0.865786 3.82853
4.34322 -2.01862 -0.139788
-0.629222 -1.8021 -3.68506
0.219116 8.50371 0.192702
-0.199538 0.841128 1.41443
3.01833 0.991472 2.7427
-3.71649 2.6101 -3.22662
-1.54057 1.31343 -1.01868
3.19647 1.94466 -6.66926
-1.05632 1.81866 0.639542
1.16461 0.268656 -1.12448
-5.26959 -0.300093 2.43062
-1.66604 0.954706 -4.62921
-0.339357 -2.44009 -0.0436779
-0.751479 0.453454 0.111215
-5.74343 -2.11868 0.943351
2.5873 0.136947 3.97283
-1.48097 -0.54582 -4.74026
0.718182 -1.74466 -1.23226
-0.448729 -3.16884 3.43079
-7.47518 2.22274 -2.43607
-5.84655 3.99905 -0.973438
-0.760455 3.72648 1.7928
-1.41263 0.872134 3.18121
4.92419 -0.458507 0.370013
2.94203 2.36228 -0.424664
0.734653 -0.516675 1.90455
1.4136 -1.53415 1.30894
-1.87983 -0.007349 -0.208782
-1.73029 0.927482 3.74957
2.36744 3.82126 0.154783
1.27994 1.43961 -0.459312
0.436688 -0.0723574 0.407928
-0.176993 1.1464 0.00608472
-0.370522 2.29004 -8.70521
-4.98159 -1.46721 4.23418
-0.949208 -1.40491 -0.195241
-0.538125 -0.662051 1.60857
-2.69162 2.31785 -5.00108
1.77859 0.804596 -2.0741
1.22518 -1.07872 -0.00245927
1.00604 -2.93717 3.05435
3.03892 -0.566246 0.794496
0.612953 -1.99152 -2.54567
-1.54163 0.000742406 -1.21305
-1.24127 1.17458 -2.07118
2.22574 0.0244179 -1.65305
4.84054 -3.76976 6.30989
6.89831 -2.05157 -0.628712
-2.68275 3.21679 -4.30955
-1.23874 -1.63913 -1.89176
1.02488 2.75879 3.83261
1.95211 0.610915 -0.0275979
0.41213 -4.4855 -1.31429
-3.92339 1.56001 0.757485
0.289956 -1.06723 0.887365
-1.78142 -0.996336 0.880781
0.228616 1.18941 -1.15391
0.394682 -2.05902 0.244742
-0.63262 -1.69198 -0.731662
-0.597099 -0.0958502 -0.473531
-0.834935 -1.19348 -3.39264
1.37002 -0.206164 0.395651
-2.11437 0.448015 -5.19049
-0.23995 -0.380137 -0.0588102
-2.21761 -3.00796 0.139317
0.126892 0.299178 -0.034044
1.51272 -1.1268 0.495135
-0.744714 -1.99801 0.164764
4.93741 1.31303 -0.394376
0.458554 -3.33577 1.00365
-0.770031 0.499411 0.900087
1.20075 -1.08483 0.840257
3.32939 1.30592 3.96269
4.59122 4.68247 1.61851
1.50105 0.636983 0.640217
2.30122 -0.482312 -6.49839
