-4.01072 7.01471 7.02442
7.30899 5.40071 7.33928
10.1987 -0.378192 1.00971
-9.83241 -0.857479 -4.64189
-3.31262 2.29086 -5.44154
3.24409 5.89817 -2.43525
3.12604 -6.9532 -33.2526
10.3076 1.74736 2.98896
1.78683 4.16107 -0.384401
5.22808 -6.48204 -6.00591
1.185 0.653599 6.34602
1.1525 -3.02609 17.6072
6.46778 -1.07333 -1.69037
-12.1905 14.0652 12.2451
1.73426 -6.32145 -4.95216
-0.80529 7.22249 4.21623
1.87009 -5.26301 0.38273
19.4222 -2.4352 -8.79969
-4.68661 -12.5588 4.99273
-0.382572 -0.34871 -2.32961
6.05631 -1.02532 3.34961
2.45566 -5.58773 7.42827
1.63987 -4.61359 -1.63973
-0.624055 -0.461268 -1.00554
3.41121 -1.45609 -10.0376
-3.00652 -4.51115 4.07076
2.09808 3.02606 -23.5249
1.81339 2.56903 76.6292
3.86683 1.93951 10.4544
3.0264 -12.2172 -14.1834
5.40414 8.92938 -9.37297
-14.6975 -0.912654 -24.8908
7.1144 -21.984 7.13506
-0.496284 -0.34782 -4.78827
3.10436 1.05695 -6.54294
-0.155455 3.1432 -1.22394
-9.45165 2.38259 0.897304
0.306099 3.58478 1.42613
-10.6487 9.55847 -8.82582
-0.621474 -3.03712 8.11226
4.49914 -9.20129 4.68779
3.91336 -4.22609 8.12994
1.13867 -2.35212 -54.9305
-0.91137 6.43707 -2.69689
7.43036 5.01786 -13.7311
-8.68561 248.51 2.18872
1.17559 -2.5929 -8.03937
-1.91938 -4.72329 2.59764
-1.0597 -2.63441 5.84059
3.86451 -3.77002 -2.3004
-7.26666 2.62618 0.751375
-6.63543 1.30263 -3.19594
-1.66925 -2.24087 -5.55877
-1.46709 3.05744 2.06489
-1.8713 0.706998 -2.28185
-2.50503 -0.316804 -1.2115
-2.99399 -2.13329 1.62173
-5.23135 10.5439 -3.80174
3.33068 -0.761459 4.65627
1.20037 -5.25339 4.22602
-1.87961 -4.17375 -2.74389
-3.64112 -3.29876 21.3783
9.58985 2.33364 -5.77288
-10.6791 0.351564 -0.661514
1.08784 -3.32026 -6.17244
-2.85701 8.26021 40.1675
3.60927 -155.28 9.71513
2.49252 -7.87129 7.4077
1.27197 5.41676 -11.8804
-2.6883 0.764224 0.810724
-19.2807 -1.59248 -11.5839
-4.30589 -3.46955 2.21007
4.74757 6.83869 4.07861
-14.9886 -5.54545 0.921924
0.768391 5.3252 -33.0513
2.77904 -1.02337 3.36542
-4.4368 6.63726 3.113
-1.36529 -2.42501 -5.50062
3.04761 -1.26755 5.68852
-0.300316 3.20469 -8.20346
4.1174 1.59461 -3.65666
-2.76179 -3.14141 -0.702516
-3.18872 -1.50501 1.44544
1.8185 8.33832 0.625059
5.42771 -2.83801 -5.36395
2.03126 5.6922 9.00832
1.48985 -1.50251 13.3743
-3.73201 3.67172 -5.36517
-4.51657 0.704765 -0.0499352
-0.681393 -1.92256 -0.416562
-2.17433 0.209188 -1.20516
-0.346427 1.652 3.47509
8.59684 1.31587 4.55562
15.2507 -0.10583 3.93934
-1.33215 6.1351 0.565039
-1.1315 10.2023 0.81643
-27.6 -4.61252 21.2967
9.41099 -1.96866 3.84033
-2.82985 -7.07725 -1.70633
-8.27934 -2.2498 -8.5198
