-3.99185 7.10499 7.02034
7.315 5.32172 7.33907
10.206 -0.2668 0.999229
-9.87207 -0.824705 -4.72488
-3.3811 2.24564 -5.48514
3.24372 5.80985 -2.46821
3.10993 -6.98318 -33.2064
10.2752 1.84747 2.98258
1.81885 4.05932 -0.389721
5.22146 -6.48288 -5.96882
1.11246 0.660707 6.27576
1.21822 -3.1183 17.6819
6.39276 -1.15369 -1.6838
-12.1855 14.1033 12.2409
1.74658 -6.38831 -4.9794
-0.908058 7.20869 4.14183
1.89272 -5.21808 0.395646
19.4915 -2.42985 -8.81764
-4.69097 -12.512 5.06546
-0.388033 -0.344133 -2.35317
6.07536 -1.03263 3.34244
2.44541 -5.5874 7.4588
1.59647 -4.74742 -1.66611
-0.629572 -0.480115 -1.02229
3.35797 -1.53192 -10.0414
-2.96543 -4.45433 3.99996
2.02558 3.00487 -23.5033
1.88499 2.5519 76.623
3.82288 1.95474 10.4799
3.04935 -12.0097 -14.1413
5.49715 9.01694 -9.37375
-14.6279 -0.910424 -24.8255
7.11441 -21.8641 7.15646
-0.473935 -0.354602 -4.79143
3.1629 1.10218 -6.56599
-0.181126 3.10342 -1.22277
-9.43528 2.36421 0.918889
0.295484 3.62344 1.359
-10.6776 9.58659 -8.83201
-0.588199 -2.99546 7.99375
4.38956 -9.21504 4.67139
3.93141 -4.22173 8.22081
1.07343 -2.72068 -55.2805
-0.648791 6.41479 -2.71359
7.40744 5.21836 -13.7092
-8.682 248.517 2.21219
1.22853 -2.61163 -8.01829
-1.76017 -4.71692 2.6126
-1.02126 -2.64884 5.77812
3.84462 -3.7207 -2.31091
-7.31781 2.65984 0.758991
-6.55584 1.34448 -3.2382
-1.73347 -2.08399 -5.42536
-1.45492 3.03093 2.10183
-1.86752 0.841916 -2.15608
-2.48595 -0.322544 -1.15521
-3.00347 -2.11618 1.64985
-5.39089 10.5456 -3.83746
3.33954 -0.695651 4.54631
1.20789 -5.2651 4.16751
-1.85388 -4.27404 -2.72544
-3.70496 -3.39754 21.3543
9.66814 2.34457 -5.72897
-10.6878 0.181438 -0.613605
1.09473 -3.31906 -6.15899
-2.85061 8.22665 40.1249
3.59239 -155.273 9.71547
2.39477 -7.88751 7.47834
1.26463 5.44159 -11.9461
-2.65169 0.765517 0.782316
-19.2818 -1.63869 -11.5379
-4.49084 -3.57608 2.25911
4.70081 7.31048 4.57017
-14.8731 -5.42705 0.962656
0.768994 5.28013 -33.0238
2.77301 -0.972387 3.40247
-4.37449 6.63682 3.0919
-1.37471 -2.37929 -5.6224
3.04138 -1.20291 5.68576
-0.419626 2.98549 -8.16551
4.12834 1.5991 -3.68961
-2.82612 -3.1382 -0.714968
-3.29828 -1.49696 1.44717
1.97467 8.2549 0.648251
5.41304 -2.83636 -5.37892
1.9983 5.66007 8.99226
1.49722 -1.47474 13.4353
-3.70093 3.69239 -5.30249
-4.62058 0.709041 -0.009793
-0.680375 -1.95553 -0.432506
-2.17537 0.186233 -1.1652
-0.392471 1.66834 3.48474
8.80361 1.25466 4.39545
15.2056 -0.0841107 3.90524
-1.32006 6.1407 0.565723
-1.06782 10.1985 0.911008
-27.7308 -4.63328 21.2784
9.40344 -2.01581 3.82048
-2.74583 -7.07598 -1.80168
-8.27349 -2.23961 -8.52544
