-3.97384 7.19864 7.01484
7.32184 5.24416 7.33919
10.2141 -0.1543 0.988945
-9.91619 -0.791987 -4.80316
-3.45803 2.1979 -5.52877
3.2429 5.72555 -2.50135
3.09122 -7.01493 -33.1641
10.2447 1.95095 2.97436
1.85043 3.95874 -0.395888
5.21531 -6.4842 -5.93465
1.0385 0.667779 6.20887
1.28079 -3.21131 17.7628
6.30436 -1.23705 -1.6759
-12.179 14.1468 12.2369
1.75934 -6.4616 -5.00666
-1.01514 7.19601 4.07057
1.91576 -5.17426 0.408894
19.5905 -2.42354 -8.83711
-4.86277 -12.577 4.73092
-0.393569 -0.339729 -2.37731
6.0955 -1.04023 3.33584
2.43493 -5.58679 7.4906
1.56975 -4.88054 -1.69085
-0.634306 -0.497849 -1.04074
3.30687 -1.6126 -10.0434
-2.92676 -4.39815 3.92886
1.94706 2.98847 -23.485
1.99244 2.55358 76.6511
3.77732 1.96972 10.5078
3.07331 -11.8109 -14.107
5.59253 9.11057 -9.37559
-14.5656 -0.907679 -24.7733
7.11486 -21.764 7.18055
-0.452507 -0.359817 -4.79454
3.22242 1.14715 -6.59165
-0.221858 3.0517 -1.21979
-9.42346 2.35044 0.947632
0.284651 3.66204 1.29263
-10.709 9.61617 -8.83844
-0.554807 -2.95692 7.88266
4.28628 -9.22831 4.65704
3.95034 -4.21741 8.31711
0.988579 -3.22867 -55.3705
-0.315159 6.39613 -2.73407
7.38317 5.45238 -13.6861
-8.67758 248.557 2.22814
1.24493 -2.64768 -8.0233
-1.60401 -4.7101 2.62768
-0.983196 -2.66353 5.72086
3.82409 -3.66965 -2.3164
-7.3726 2.69423 0.767011
-6.48519 1.38919 -3.28564
-1.80372 -1.90579 -5.26974
-1.44388 3.00645 2.13899
-1.86423 0.966269 -2.03396
-2.46755 -0.328215 -1.10066
-3.01388 -2.10041 1.67867
-5.60422 10.5446 -3.86987
3.34669 -0.629017 4.444
1.21476 -5.27705 4.11178
-1.83045 -4.37237 -2.70688
-3.7713 -3.49358 21.3295
9.75365 2.35537 -5.68572
-10.6977 0.021416 -0.563903
1.09972 -3.31617 -6.14592
-2.73423 8.27115 40.3504
3.52422 -155.187 9.78891
2.29514 -7.90372 7.55382
1.25639 5.46684 -12.029
-2.61762 0.766308 0.755617
-19.2853 -1.68445 -11.4915
-4.24694 -3.68497 2.31518
4.66266 7.95414 4.68563
-14.7793 -5.31349 1.00343
0.881801 5.08995 -33.1315
2.76392 -0.923358 3.44852
-4.3129 6.63815 3.07092
-1.38448 -2.33447 -5.75099
3.03412 -1.13891 5.68296
-0.826375 2.7922 -8.13195
4.13975 1.60302 -3.72402
-2.89421 -3.13632 -0.72915
-3.39073 -1.54111 1.45539
2.07835 8.19377 0.655931
5.39858 -2.8354 -5.39323
1.96567 5.62932 8.97465
1.50513 -1.44838 13.5097
-3.6708 3.71252 -5.24052
-4.73225 0.712723 0.0298819
-0.679873 -1.99004 -0.448307
-2.16984 0.159887 -1.12011
-0.441161 1.68776 3.49269
9.02462 1.19411 4.23537
15.1642 -0.0705053 3.8679
-1.30866 6.14616 0.566328
-1.00666 10.1959 1.00658
-27.9375 -4.65462 21.2671
9.40583 -2.06877 3.78478
-2.66078 -7.07503 -1.90351
-8.26899 -2.23019 -8.5311
