-3.92385 7.49478 6.99254
7.34666 5.01732 7.34122
10.2439 0.18823 0.959627
-10.0718 -0.702083 -5.01906
-3.78565 2.05397 -5.65366
3.23823 5.49198 -2.60752
3.02114 -7.14687 -33.0496
10.1644 2.25165 2.93971
1.94202 3.66428 -0.422303
5.19898 -6.48568 -5.84633
0.834353 0.689769 6.02254
1.4514 -3.49426 18.0326
6.02354 -1.56677 -1.64828
-12.1371 14.3062 12.2308
1.79948 -6.72037 -5.09045
-1.36011 7.16199 3.86256
1.98299 -5.05031 0.450134
19.4756 -2.38935 -8.93493
-5.04658 -12.7211 4.30071
-0.406885 -0.327293 -2.45654
6.16496 -1.06551 3.31783
2.40026 -5.58962 7.59493
1.52838 -2.89133 -1.75857
-0.643581 -0.563199 -1.1062
3.19495 -1.92251 -10.0457
-2.8238 -4.2376 3.71403
1.74489 2.92477 -23.4615
2.22064 2.50622 76.8275
3.62102 2.01012 10.6094
3.13319 -11.2977 -14.0547
5.886 9.4211 -9.3859
-14.4186 -0.895801 -24.6663
7.1169 -21.556 7.27382
-0.391001 -0.373736 -4.80468
3.41512 1.27455 -6.68521
-0.317702 2.88966 -1.18515
-9.42909 2.31661 1.01604
0.257643 3.78134 1.08293
-10.8136 9.70161 -8.8579
-0.4922 -2.85093 7.52529
4.00213 -9.26054 4.63213
4.02519 -4.20711 8.62507
0.618469 -2.98538 -54.9994
0.781374 6.35377 -2.82443
7.30988 6.36522 -13.612
-8.64366 248.554 2.30445
1.36359 -2.72785 -8.02761
-1.15107 -4.69832 2.67396
-0.861111 -2.70977 5.56776
3.72207 -3.4887 -2.30895
-7.34858 2.79182 0.791298
-6.32348 1.51596 -3.42839
-2.04124 -1.42983 -4.8121
-1.41119 2.93988 2.24927
-1.8578 1.28886 -1.7169
-2.41201 -0.344071 -0.94615
-3.04678 -2.06002 1.76609
-5.97444 10.5021 -3.89869
3.35997 -0.426995 4.10195
1.23622 -5.31221 3.95034
-1.76986 -4.64963 -2.65374
-4.02794 -3.79112 21.2527
10.0723 2.38731 -5.56226
-10.7333 -0.39246 -0.414283
1.11683 -3.30452 -6.11361
-2.63888 8.34509 40.6717
3.45261 -155.223 9.89963
1.99427 -7.96909 7.80858
1.25455 5.54551 -12.2135
-2.51909 0.770437 0.683396
-19.3212 -1.78823 -11.3987
-2.38585 -4.3184 2.48604
4.49662 8.14102 4.0813
-14.575 -5.05415 1.11796
0.993202 4.81883 -33.2795
2.74387 -0.785771 3.58091
-4.0935 6.64373 3.00703
-1.41512 -2.20572 -6.05123
3.00085 -0.996604 5.66654
-2.5004 2.03035 -8.07438
4.17831 1.61302 -3.84468
-3.10078 -3.14261 -0.777143
-3.57685 -4.23865 1.47868
2.1864 7.4526 0.633793
5.36656 -2.83765 -5.43643
1.86124 5.53736 8.92145
1.52211 -1.37504 13.8204
-3.58787 3.76673 -5.06217
-5.12766 0.716564 0.145709
-0.68041 -2.10602 -0.492627
-2.09094 0.0836787 -0.987282
-0.597191 1.73952 3.50868
9.8148 1.00782 3.74865
15.1044 -0.083548 3.73785
-1.27719 6.16179 0.567119
-0.824727 10.195 1.30125
-28.5411 -4.74561 21.2654
9.50826 -2.23222 3.71172
-2.33302 -7.07559 -2.25254
-8.25794 -2.20642 -8.5506
