-3.86795 7.95429 6.95596
7.37905 4.73047 7.3532
10.2971 0.644805 0.925046
-10.3195 -0.573907 -5.07366
-4.2854 1.87962 -5.77235
3.23217 5.22243 -2.77414
2.99958 -7.40346 -32.9582
10.0898 2.65614 2.87622
2.04902 3.29758 -0.472431
5.1851 -6.47895 -5.75604
0.575397 0.735277 5.7789
1.70386 -3.79902 17.8606
5.71502 -2.22505 -1.58931
-12.0613 14.6882 12.2517
1.8512 -7.12457 -5.20482
-1.84062 7.13414 3.62934
2.06931 -4.88833 0.503721
19.3361 -2.37887 -9.07795
-4.94774 -12.8084 4.32807
-0.419621 -0.308962 -2.58818
6.25338 -1.10118 3.29619
2.35096 -5.60812 7.75505
1.48638 -0.703209 -1.85916
-0.469102 -0.556419 -1.18119
3.02053 -2.38462 -10.1361
-2.69719 -4.02259 3.4566
1.51335 2.84558 -23.5015
2.63092 2.40694 76.6913
3.45202 2.06757 10.7796
3.204 -10.8318 -14.0489
6.47536 10.0505 -9.40273
-14.2706 -0.878477 -24.5767
7.13152 -21.4091 7.38954
-0.321082 -0.392877 -4.82227
3.71294 1.43688 -6.85573
-0.419584 2.7207 -1.18987
-9.44066 2.2481 1.05039
0.232383 3.97931 0.697034
-11.0138 9.8705 -8.88615
-0.469037 -2.71566 6.87505
3.61667 -9.29298 4.66055
4.16476 -4.19361 9.08419
0.214972 -1.42739 -54.951
1.59456 6.29731 -2.90644
7.33666 8.07366 -13.4851
-8.6411 248.565 2.37362
1.58568 -2.81796 -7.97971
-0.549995 -4.69613 2.75992
-0.713824 -2.75701 5.42906
3.53289 -3.31571 -2.37962
-7.03745 2.92822 0.82659
-6.19447 1.63574 -3.56011
-2.38768 -0.787361 -4.37853
-1.3678 2.8654 2.39543
-1.85438 1.63822 -1.53606
-2.32709 -0.365703 -0.723034
-3.08388 -2.01199 1.86474
-6.49747 10.5147 -3.95303
3.37295 -0.168812 3.33824
1.27014 -5.35428 3.72112
-1.69537 -4.9784 -2.58138
-4.47892 -4.3144 21.2218
10.1225 2.43903 -5.42235
-10.7884 -0.819644 -0.251331
1.1435 -3.28447 -6.07862
-2.6297 8.33481 40.8009
3.37285 -155.222 9.95214
1.66852 -8.08212 8.24904
1.43729 5.81352 -11.3272
-2.39457 0.795824 0.591092
-19.529 -1.87503 -11.2126
-0.840687 -5.12072 2.77347
4.30881 7.8032 3.74551
-14.4148 -4.80788 1.29732
0.751925 4.52196 -33.3651
2.72972 -0.633078 3.68148
-3.86243 6.65165 2.92668
-1.45704 -2.04388 -5.72527
2.96291 -0.870889 5.6272
-3.76764 -0.694264 -7.95562
4.23506 1.63386 -4.0698
-3.48845 -3.14683 -0.850867
-3.79608 -7.747 1.52346
2.20239 6.65016 0.595974
5.33243 -2.84016 -5.50836
1.68475 5.41536 8.85755
1.43091 -1.38678 14.1158
-3.47184 3.83436 -4.84537
-5.58504 0.709044 0.306877
-0.68563 -2.28274 -0.536892
-1.91963 0.0355849 -0.877407
-0.821863 1.78872 3.52569
10.0471 0.841747 3.24606
15.1274 -0.0441872 3.63529
-1.2404 6.18464 0.564442
-0.574358 10.2083 1.60904
-28.0246 -4.87987 21.2599
9.65323 -2.36044 3.75757
-1.8009 -7.06965 -2.68084
-8.24656 -2.17619 -8.58054
