-6.58685 -0.882348 -2.78222
-1.55108 1.42207 0.75832
-0.752173 -1.0406 0.139622
-0.304976 -0.439879 0.0311358
2.08582 -1.75417 3.22632
1.99094 0.305659 1.1091
0.19564 -1.55495 0.165104
1.26124 2.05704 2.2164
0.72014 2.2997 -2.71131
1.36434 -1.55276 -0.682852
2.07809 0.287377 0.894686
-0.918822 0.998459 4.51492
-0.175159 2.55042 -0.588085
-2.4296 -0.898634 -4.4313
2.5059 -0.270062 4.35989
0.245029 0.536314 -1.05203
-0.0160586 -1.34313 -0.499135
-1.24382 -0.175357 -0.991706
-3.9866 0.184222 -0.840539
-2.02163 1.82428 1.3725
-3.8699 0.728551 0.76063
0.409437 1.49418 0.0545859
2.81665 -1.59833 -1.20375
0.0960268 0.882524 3.91065
4.47489 -2.05792 -0.144804
-0.637063 -1.82638 -3.82594
0.238823 9.97823 0.346559
-0.203144 0.776631 1.43458
2.9382 1.00225 2.8278
-3.82323 2.66211 -3.12913
-1.58529 1.43007 -1.03892
3.28726 1.84621 -6.91457
-1.08289 1.69554 0.651255
1.18747 0.265003 -1.1411
-6.12641 -0.299367 2.47277
-0.896942 0.962782 -4.52099
-0.343195 -2.48337 -0.0462413
-0.756499 0.455351 0.0499001
-6.14978 -2.15188 0.96267
2.61914 0.149182 4.09094
-1.49609 -0.555598 -4.86689
0.854041 -1.7697 -1.09592
-0.45645 -3.24426 3.5175
-7.16099 2.46175 -2.50008
-6.12101 3.69954 -0.978269
-0.770282 3.84352 1.65624
-1.4499 0.890361 3.08743
4.86333 -0.463862 0.37372
3.02525 2.39662 -0.429965
0.74396 -0.520015 1.95024
1.4401 -1.62256 1.22042
-1.89455 -0.0060688 -0.209491
-1.74948 0.943176 3.65024
2.40831 3.93168 0.163724
1.29781 1.46875 -0.571157
0.435486 -0.0710626 0.479835
-0.178829 1.16041 0.0101812
-0.0654463 1.93648 -8.41885
-5.53474 -1.48945 3.58181
-0.959706 -1.42554 -0.198208
-0.546176 -0.665076 1.63969
-2.73443 2.82537 -4.52008
1.79612 1.01641 -2.00794
1.24681 -1.09306 -0.00463948
1.02223 -3.01649 3.13524
3.15556 -0.423797 0.919275
0.620088 -2.02667 -2.61115
-1.56902 -0.108696 -1.44566
-1.26823 1.19525 -2.10187
2.26023 0.0236749 -1.67822
4.49568 -3.44299 5.92431
6.84771 -1.85932 -0.640063
-2.74647 3.30478 -4.54009
-1.25814 -1.67198 -1.81636
1.03386 2.80849 3.93799
1.98595 0.619997 -0.0251783
0.419809 -4.57353 -1.35542
-4.02358 1.58677 0.761711
0.293357 -1.08059 0.900923
-1.37548 -1.03079 -1.4014
0.230498 1.21016 -1.17115
0.399364 -2.09275 0.24332
-0.639055 -1.71826 -0.747192
-0.602947 -0.0981568 -0.481881
-0.722091 -1.21958 -3.46385
1.38676 -0.205389 0.406146
-1.70733 0.477981 -3.50387
-0.241818 -0.382058 -0.0526733
-2.24513 -4.13105 0.2612
0.121721 0.303184 -0.0350361
1.71816 -1.14751 0.503395
-0.845186 -2.04287 0.0782403
4.87234 1.33554 -0.404792
0.612753 -3.39708 1.02154
-0.778197 0.506586 0.918579
1.21682 -1.10091 0.855648
3.24518 1.30631 3.81233
4.56768 4.79442 1.66008
1.43332 0.645835 0.647247
2.32081 -0.498368 -6.72383
