-3.85388 8.08844 6.94795
7.38283 4.65841 7.35948
10.3129 0.753787 0.917482
-10.317 -0.543409 -4.99396
-4.15743 1.83635 -5.80307
3.23163 5.16062 -2.81562
2.99867 -7.48696 -32.9405
10.0763 2.75365 2.85786
2.07377 3.2105 -0.486665
5.18228 -6.48151 -5.73679
0.507064 0.747247 5.72005
1.76108 -3.87202 17.811
5.64293 -2.42156 -1.56491
-12.0405 14.9961 12.2618
1.86301 -7.22991 -5.23333
-1.96106 7.12731 3.58612
2.08966 -4.84803 0.515333
19.3094 -2.3791 -9.10613
-4.94584 -12.8298 4.35434
-0.422435 -0.30389 -2.62565
6.27681 -1.11075 3.29207
2.34048 -5.6157 7.79553
1.47085 -0.299689 -1.88497
-0.456018 -0.582088 -1.16832
2.9672 -2.51378 -10.1605
-2.66998 -3.97009 3.39342
1.45426 2.8337 -23.5067
2.70257 2.38324 76.6788
3.41739 2.08168 10.8296
3.2244 -10.7446 -14.0498
6.75614 10.3146 -9.41063
-14.2415 -0.874983 -24.558
7.13207 -21.3896 7.42203
-0.306046 -0.399615 -4.82794
3.78515 1.47689 -6.91493
-0.450272 2.69251 -1.18658
-9.4433 2.22951 1.05879
0.220213 4.03497 0.593957
-11.0808 9.9322 -8.89629
-0.465023 -2.68498 6.75205
3.53455 -9.30543 4.67093
4.20206 -4.19049 9.09178
0.151156 -1.05711 -54.9416
1.82084 6.29066 -2.92208
7.35967 7.74054 -13.4761
-8.64551 248.599 2.3904
1.64748 -2.84219 -7.96347
-0.403068 -4.69745 2.78956
-0.676217 -2.77142 5.40069
3.49668 -3.28632 -2.40655
-6.96451 2.96605 0.835916
-6.16699 1.65798 -3.58207
-2.48968 -0.627163 -4.29726
-1.35846 2.84865 2.43278
-1.85434 1.716 -1.49404
-2.30528 -0.372172 -0.654441
-3.09334 -2.00244 1.88805
-6.62644 10.5213 -3.98162
3.37616 -0.105307 3.17747
1.28079 -5.36456 3.65513
-1.67813 -5.05746 -2.56466
-4.65569 -4.9351 21.1987
10.0655 2.45137 -5.39099
-10.805 -0.919123 -0.207612
1.15072 -3.28071 -6.07043
-2.62863 8.33171 40.8597
3.37058 -155.209 9.97403
1.5988 -8.11459 8.3791
1.46571 5.88016 -11.229
-2.3654 0.805043 0.568404
-19.596 -1.91777 -11.1631
-0.6166 -5.24505 2.83667
4.25946 7.73181 3.66621
-14.3858 -4.75566 1.33858
0.729131 4.47751 -33.4263
2.72967 -0.599912 3.70663
-3.81163 6.6524 2.91217
-1.46804 -2.00613 -5.65239
2.96125 -0.835288 5.62041
-3.99512 -0.866032 -7.92361
4.24772 1.6407 -4.12831
-3.61288 -3.14571 -0.87007
-3.85279 -7.97492 1.53807
2.20661 6.47789 0.570939
5.32476 -2.83992 -5.52943
1.6379 5.3784 8.84297
1.42041 -1.3861 14.2533
-3.44158 3.85318 -4.79032
-5.67822 0.706523 0.361599
-0.687045 -2.33004 -0.544664
-1.87388 0.0317615 -0.860147
-0.875301 1.79771 3.53158
9.75328 0.811083 3.13213
15.1278 -0.0253403 3.61753
-1.23155 6.19122 0.56392
-0.512371 10.2111 1.54179
-27.9446 -4.91684 21.2592
9.69159 -2.37653 3.77701
-1.64166 -7.07309 -2.73638
-8.24563 -2.16891 -8.58604
