-3.84018 8.23446 6.94227
7.38188 4.58488 7.36878
10.3291 0.859335 0.910924
-10.2459 -0.513397 -4.91231
-3.83671 1.79487 -5.83798
3.23122 5.10087 -2.85439
2.97517 -7.59133 -32.897
10.0634 2.85074 2.83957
2.09722 3.12572 -0.500785
5.17928 -6.48081 -5.71579
0.434174 0.759107 5.66677
1.80581 -3.94574 17.7674
5.57303 -2.63979 -1.53744
-12.0225 15.5094 12.2854
1.87347 -7.3354 -5.25993
-2.09549 7.12099 3.54586
2.10889 -4.80791 0.527289
19.2841 -2.37927 -9.1333
-4.94786 -12.8573 4.38291
-0.425599 -0.298137 -2.65969
6.29857 -1.12098 3.28842
2.33088 -5.62284 7.85018
1.45351 0.0320592 -1.90707
-0.453619 -0.611889 -1.17086
2.91171 -2.65407 -10.1849
-2.64742 -3.91823 3.33475
1.39291 2.82418 -23.5082
2.77535 2.36071 76.6715
3.37963 2.09537 10.8861
3.24489 -10.6652 -14.0496
7.11978 10.6402 -9.42139
-14.2171 -0.871572 -24.5399
7.13045 -21.3779 7.46317
-0.292587 -0.407228 -4.83385
3.84707 1.5173 -6.97798
-0.47581 2.65828 -1.17338
-9.44605 2.21167 1.06829
0.202386 4.09308 0.495536
-11.1559 10.0029 -8.90775
-0.461838 -2.65532 6.66282
3.45307 -9.31755 4.68102
4.23746 -4.18748 8.9704
0.0845339 -0.56135 -54.943
2.05427 6.28426 -2.94173
7.38415 6.65245 -13.4861
-8.65226 248.591 2.42203
1.71324 -2.86716 -7.94652
-0.259525 -4.69933 2.82223
-0.640979 -2.78708 5.3771
3.46203 -3.25913 -2.43259
-6.89574 3.0055 0.845965
-6.14051 1.67807 -3.60006
-2.60622 -0.465254 -4.21789
-1.35017 2.8328 2.47279
-1.85529 1.79377 -1.44766
-2.28505 -0.378645 -0.581891
-3.1027 -1.99524 1.91277
-6.75824 10.5267 -4.00965
3.3789 -0.0407469 3.05711
1.29293 -5.37462 3.60043
-1.66214 -5.13644 -2.54761
-4.87939 -5.8533 21.1952
10.0087 2.46278 -5.3598
-10.825 -1.01687 -0.16119
1.15777 -3.27801 -6.06178
-2.63109 8.32726 40.8584
3.36154 -155.152 9.9862
1.52569 -8.1479 8.52451
1.48095 5.93362 -11.0599
-2.33863 0.815139 0.548026
-19.6705 -1.96683 -11.1165
-0.417377 -5.37009 2.89865
4.19883 7.66313 3.58874
-14.3625 -4.7055 1.38134
0.716068 4.4391 -33.4687
2.73001 -0.568148 3.73975
-3.76415 6.65196 2.90098
-1.48014 -1.96896 -5.57162
2.96017 -0.79391 5.61587
-4.20721 -1.01976 -7.89314
4.2584 1.64806 -4.1819
-3.75382 -3.14396 -0.889501
-3.90862 -7.65674 1.55376
2.2403 6.34891 0.504618
5.31668 -2.83859 -5.54639
1.58844 5.33737 8.82979
1.41772 -1.37414 14.2292
-3.41415 3.87525 -4.73179
-5.7757 0.704859 0.420745
-0.688657 -2.37792 -0.550898
-1.82847 0.0300574 -0.84501
-0.929083 1.80577 3.53858
9.29497 0.779625 3.02279
15.1267 -0.00607033 3.6019
-1.2231 6.19834 0.564219
-0.452307 10.2136 1.48178
-27.8841 -4.95354 21.2602
9.73422 -2.3852 3.79855
-1.47455 -7.07853 -2.78923
-8.24574 -2.16152 -8.58927
