-3.82704 8.38995 6.94011
7.3745 4.5096 7.38206
10.3466 0.960096 0.905238
-10.1789 -0.483734 -4.82831
-3.56696 1.75536 -5.87764
3.2317 5.04318 -2.89039
2.9207 -7.74533 -32.88
10.0522 2.94761 2.82198
2.12101 3.0426 -0.514736
5.17742 -6.47934 -5.69218
0.36279 0.770704 5.61801
1.8508 -4.02097 17.7291
5.50813 -2.86587 -1.50763
-12.0112 15.988 12.3231
1.88397 -7.44133 -5.28446
-2.23604 7.1155 3.5077
2.12824 -4.76855 0.5392
19.2604 -2.37925 -9.15999
-4.95186 -12.891 4.41456
-0.428456 -0.291318 -2.69034
6.32156 -1.13295 3.28308
2.32229 -5.63004 7.91575
1.43614 0.323533 -1.92457
-0.453221 -0.642265 -1.17897
2.85847 -2.81652 -10.2099
-2.62504 -3.86711 3.27999
1.33231 2.81592 -23.5104
2.85642 2.34 76.6697
3.34287 2.10989 10.9488
3.26578 -10.5939 -14.0486
7.50583 10.8973 -9.43384
-14.1957 -0.868259 -24.5251
7.13063 -21.3726 7.51192
-0.279752 -0.416374 -4.84051
3.9104 1.55807 -7.04683
-0.497832 2.62069 -1.15837
-9.44842 2.1947 1.07853
0.183619 4.15335 0.40346
-11.236 10.0808 -8.92143
-0.457821 -2.62632 6.60612
3.37066 -9.32914 4.68999
4.27428 -4.18466 8.85349
0.0101166 -0.30702 -54.9559
2.29813 6.27387 -2.96189
7.41202 5.76913 -13.5065
-8.65815 248.552 2.45867
1.7823 -2.89516 -7.93129
-0.11648 -4.70203 2.85652
-0.605286 -2.80365 5.35569
3.4309 -3.23388 -2.4574
-6.82877 3.04472 0.856334
-6.1138 1.69606 -3.61522
-2.72324 -0.30042 -4.14161
-1.34199 2.81754 2.51417
-1.85712 1.86893 -1.39923
-2.26491 -0.385166 -0.511089
-3.11315 -1.98696 1.9409
-6.89215 10.5312 -4.03813
3.38164 0.0253004 2.97929
1.30899 -5.38489 3.5597
-1.6467 -5.21591 -2.53048
-5.10038 -6.18593 21.2127
9.95491 2.47368 -5.32959
-10.8456 -1.10469 -0.113597
1.16502 -3.27687 -6.05338
-2.63609 8.3207 40.7956
3.3544 -155.136 9.99554
1.45349 -8.1822 8.687
1.49221 5.98436 -10.8619
-2.31126 0.825816 0.528218
-19.7547 -2.02172 -11.0725
-0.232241 -5.49809 2.95972
4.14122 7.59733 3.51309
-14.3414 -4.65714 1.42564
0.704105 4.40161 -33.5045
2.72839 -0.537132 3.77539
-3.71793 6.64981 2.89093
-1.49261 -1.93241 -5.48603
2.95929 -0.752606 5.61437
-4.40584 -1.18541 -7.86264
4.26861 1.6559 -4.23322
-3.90937 -3.14251 -0.909572
-3.96265 -7.39056 1.56906
2.31367 6.29356 0.477455
5.30935 -2.83549 -5.55816
1.53884 5.29245 8.81911
1.41614 -1.3583 14.0727
-3.38991 3.90047 -4.67334
-5.87605 0.70445 0.482482
-0.690008 -2.42643 -0.555798
-1.78283 0.0296928 -0.831922
-0.98384 1.81291 3.54578
8.91854 0.746258 2.91606
15.1261 0.0132831 3.58783
-1.21452 6.20574 0.56503
-0.392034 10.2157 1.42398
-27.8358 -4.99117 21.2646
9.78387 -2.38753 3.82066
-1.29705 -7.08615 -2.84278
-8.24608 -2.15395 -8.59142
