-3.8155 8.55606 6.94028
7.35728 4.43382 7.40032
10.364 1.05918 0.899703
-10.1177 -0.454067 -4.74144
-3.34779 1.71805 -5.92203
3.23237 4.98913 -2.92626
2.87898 -7.90993 -32.9063
10.0402 3.04816 2.80446
2.1436 2.96413 -0.528856
5.18141 -6.47704 -5.66544
0.279551 0.783059 5.5717
1.89604 -4.09746 17.6946
5.43647 -3.111 -1.47723
-12.0093 16.3698 12.3638
1.89374 -7.54665 -5.30864
-2.38292 7.11139 3.47079
2.1466 -4.72937 0.550382
19.2342 -2.37875 -9.18934
-4.95872 -12.9338 4.45052
-0.43228 -0.283297 -2.72291
6.3471 -1.14495 3.27718
2.31297 -5.63725 7.97687
1.41685 0.576537 -1.93809
-0.455221 -0.672152 -1.1896
2.80618 -3.01814 -10.2358
-2.60411 -3.81568 3.22661
1.27151 2.80586 -23.5173
2.93852 2.32659 76.6695
3.30236 2.12581 11.0159
3.28426 -10.5271 -14.0482
7.78049 10.8371 -9.44597
-14.1793 -0.86462 -24.5148
7.13304 -21.3699 7.5636
-0.268616 -0.426337 -4.84854
3.97238 1.60014 -7.1234
-0.521108 2.58076 -1.14366
-9.45128 2.17864 1.08903
0.162386 4.21849 0.31419
-11.326 10.1704 -8.93898
-0.454289 -2.59598 6.5543
3.28327 -9.33873 4.69774
4.30495 -4.1819 8.7386
-0.0673167 -0.193493 -54.9629
2.54972 6.26392 -2.98079
7.43805 5.13188 -13.5271
-8.66661 248.556 2.48501
1.84712 -2.92671 -7.91753
0.011394 -4.70496 2.89164
-0.571503 -2.82015 5.33536
3.40069 -3.20925 -2.48172
-6.76757 3.08471 0.866584
-6.09152 1.71308 -3.62835
-2.84709 -0.130148 -4.06894
-1.33541 2.80342 2.55494
-1.86017 1.83746 -1.35335
-2.24742 -0.391502 -0.442218
-3.12903 -1.97581 1.9706
-6.90114 10.5354 -4.06811
3.38398 0.0969914 2.90876
1.32876 -5.3959 3.51774
-1.63298 -5.29544 -2.5142
-5.10074 -5.98607 21.2192
9.88588 2.4846 -5.3011
-10.8679 -1.18368 -0.0661044
1.17111 -3.27715 -6.04576
-2.64502 8.31189 40.7468
3.34119 -155.135 10.0013
1.37848 -8.21665 8.86316
1.50135 6.04518 -10.7298
-2.28663 0.837718 0.508119
-19.8601 -2.08501 -11.0316
-0.0604238 -5.63088 3.01962
4.08573 7.53481 3.4373
-14.3235 -4.60966 1.47075
0.689762 4.36503 -33.5397
2.72672 -0.489835 3.80899
-3.68095 6.64668 2.88149
-1.50639 -1.8742 -5.40578
2.9566 -0.711727 5.61489
-4.63773 -1.38154 -7.83157
4.27729 1.66478 -4.28722
-4.08742 -3.14022 -0.930511
-4.02418 -7.16445 1.58145
2.35766 6.24351 0.513278
5.30163 -2.82889 -5.56871
1.48791 5.2487 8.8118
1.41375 -1.33781 13.9639
-3.37257 3.92823 -4.61847
-5.87286 0.70535 0.545415
-0.691646 -2.47498 -0.559945
-1.74217 0.0310166 -0.820734
-1.04383 1.8194 3.5525
8.61776 0.712039 2.80721
15.1246 0.0337435 3.57353
-1.20701 6.21365 0.566067
-0.341178 10.2178 1.36719
-27.7921 -5.02546 21.2684
9.83886 -2.38555 3.84242
-1.11979 -7.09569 -2.89803
-8.2483 -2.14615 -8.59362
