-3.78341 9.14251 6.94868
7.2551 4.16687 7.52114
10.4183 1.34276 0.884518
-9.96209 -0.374559 -4.45516
-2.88368 1.60335 -6.08149
3.23796 4.83275 -3.03725
2.82503 -8.23351 -32.9593
10.0028 3.43833 2.75062
2.20897 2.74826 -0.569691
5.17356 -6.46438 -5.6034
-0.00710871 0.824999 5.44908
2.06081 -4.36604 17.6082
5.151 -3.77709 -1.39942
-12.0457 15.8685 12.4538
1.92244 -7.77424 -5.38078
-2.8025 7.10659 3.36655
2.19792 -4.63992 0.582656
19.1607 -2.37682 -9.29814
-5.0213 -13.0674 4.51343
-0.446395 -0.256232 -2.82522
6.43459 -1.17758 3.26682
2.28211 -5.65435 8.17128
1.35566 1.26428 -1.95813
-0.471359 -0.742695 -1.22566
2.6594 -3.75896 -10.297
-2.54554 -3.669 3.07455
1.1081 2.75287 -23.566
3.16915 2.29339 76.7257
3.17715 2.1737 11.239
3.3296 -10.3594 -14.0486
8.26562 10.2577 -9.47746
-14.1512 -0.849985 -24.4998
7.14881 -21.3671 7.72982
-0.238349 -0.462411 -4.87881
4.16378 1.72633 -7.40532
-0.605525 2.49683 -1.11096
-9.45678 2.14183 1.11844
0.0931648 4.44098 0.057735
-11.6496 10.5296 -9.0008
-0.442887 -2.50853 6.41959
3.01477 -9.36103 4.73196
4.38064 -4.17712 8.4089
-0.281008 0.256214 -55.0046
3.17351 6.25528 -3.03595
7.49752 4.09642 -13.5575
-8.72517 248.563 2.6044
2.03294 -3.02323 -7.90409
0.344858 -4.70328 2.99905
-0.470673 -2.87074 5.27837
3.31544 -3.13587 -2.55302
-6.61885 3.19934 0.896721
-6.03956 1.7604 -3.65841
-3.29358 0.378808 -3.86237
-1.32128 2.76648 2.67591
-1.8703 1.44896 -1.21774
-2.20462 -0.410587 -0.245394
-3.17966 -1.94702 2.05287
-6.55655 10.5494 -4.16447
3.39036 0.327196 2.71821
1.39215 -5.4385 3.37784
-1.60068 -5.30533 -2.47135
-4.57552 -4.90294 21.2049
9.66988 2.51497 -5.22572
-10.9597 -1.42185 0.0855343
1.18277 -3.28133 -6.02747
-2.69813 8.27948 40.6819
3.32393 -155.172 10.0659
1.139 -8.31732 9.56149
1.5237 6.26515 -10.479
-2.22092 0.877776 0.446398
-20.3893 -2.27682 -10.9543
0.393966 -5.62106 3.19861
3.93076 7.34513 3.18451
-14.2849 -4.49312 1.61375
0.640185 4.26304 -33.6856
2.73308 -0.295004 3.91047
-3.59708 6.63359 2.85952
-1.55611 -1.63636 -5.18713
2.94052 -0.567447 5.62174
-4.81644 -2.66848 -7.72665
4.29832 1.69208 -4.46829
-4.68333 -3.12934 -0.976407
-4.23483 -6.45814 1.59723
2.34441 6.03604 0.534065
5.30877 -2.76902 -5.61754
1.34049 5.16151 8.79939
1.4006 -1.26637 13.7478
-3.35448 3.9954 -4.47147
-5.59792 0.714497 0.738647
-0.694362 -2.62163 -0.570162
-1.63777 0.04272 -0.794538
-1.23418 1.84208 3.57239
8.0059 0.600033 2.40757
15.1169 0.102813 3.52933
-1.19042 6.23462 0.57232
-0.221453 10.2238 1.20014
-27.7246 -4.9879 21.1053
10.1138 -2.5418 3.9961
-0.64145 -7.13625 -3.07562
-8.26323 -2.11759 -8.59151
