-3.77329 9.16871 6.95452
7.2464 4.07044 7.57953
10.4384 1.41718 0.88017
-9.91571 -0.354849 -4.34999
-2.76216 1.55518 -6.14408
3.24148 4.76829 -3.07531
2.80884 -8.33147 -32.977
9.99263 3.60817 2.7338
2.23263 2.67138 -0.582246
5.17031 -6.46144 -5.58615
-0.100308 0.837846 5.41256
2.13004 -4.38655 17.5853
5.0416 -3.99921 -1.38376
-12.0573 15.6912 12.4809
1.93332 -7.69842 -5.4051
-2.91796 7.10482 3.33241
2.21542 -4.62159 0.594206
19.1442 -2.37854 -9.33991
-5.03942 -13.117 4.55249
-0.450636 -0.247601 -2.86106
6.47121 -1.19005 3.2645
2.27241 -5.66179 8.25385
1.33682 1.42922 -1.96069
-0.47747 -0.766386 -1.23703
2.60731 -3.9441 -10.3151
-2.52574 -3.63531 3.02642
1.07433 2.72973 -23.5926
3.22817 2.27118 76.7743
3.1379 2.1881 11.323
3.34537 -10.3141 -14.049
8.42481 10.1127 -9.48733
-14.1426 -0.846424 -24.4975
7.15736 -21.3685 7.78771
-0.227152 -0.479538 -4.88944
4.23599 1.75936 -7.51599
-0.631968 2.47369 -1.10103
-9.45894 2.13083 1.1286
0.0709043 4.51939 -0.0251081
-11.7793 10.6741 -9.0212
-0.436637 -2.49328 6.37925
2.92765 -9.38111 4.75187
4.41264 -4.17953 8.30276
-0.351813 0.354678 -55.0339
3.02098 6.25642 -3.05533
7.50994 3.85079 -13.5597
-8.74016 248.563 2.6305
2.11226 -3.05423 -7.9008
0.454268 -4.70547 3.03129
-0.429811 -2.89319 5.25988
3.28975 -3.11323 -2.57736
-6.57586 3.23134 0.906661
-6.02173 1.77261 -3.66625
-3.46759 0.532531 -3.79579
-1.31741 2.75266 2.71624
-1.87397 1.32541 -1.17314
-2.19079 -0.418099 -0.1828
-3.19931 -1.93737 2.08519
-6.43828 10.5525 -4.19952
3.39247 0.388851 2.65821
1.41057 -5.45747 3.33145
-1.59127 -5.235 -2.45901
-4.46616 -4.18939 21.2039
9.60964 2.52329 -5.20338
-10.9974 -1.51123 0.138197
1.18586 -3.28453 -6.02295
-2.71251 8.278 40.6769
3.31359 -155.184 10.0835
1.06073 -8.35754 9.90346
1.52959 6.33744 -10.4188
-2.19788 0.887858 0.425217
-20.6174 -2.33671 -10.9402
0.543827 -5.48443 3.26032
3.8854 7.27156 3.0855
-14.2754 -4.46524 1.66456
0.62726 4.22898 -33.7769
2.73986 -0.233753 3.94658
-3.56451 6.6258 2.85457
-1.57533 -1.56213 -5.12095
2.93455 -0.522041 5.62457
-4.61595 -3.63486 -7.70086
4.30598 1.69743 -4.53619
-4.76535 -3.1358 -0.981622
-4.30323 -6.2666 1.59858
2.33961 5.97822 0.533556
5.30994 -2.75616 -5.64794
1.2983 5.14026 8.79552
1.39495 -1.24711 13.6948
-3.35357 4.00977 -4.42776
-5.51999 0.717187 0.803996
-0.693522 -2.6687 -0.572651
-1.602 0.0464749 -0.787658
-1.29358 1.84754 3.57898
7.85778 0.554347 2.22427
15.1144 0.125835 3.51456
-1.18537 6.23876 0.57548
-0.181385 10.2252 1.14364
-27.7809 -4.98472 21.085
10.2459 -2.6083 3.9916
-0.504963 -7.15612 -3.14162
-8.26542 -2.10805 -8.58593
