-6.52455 -0.857935 -2.80316
-1.58882 1.53302 0.770053
-0.818912 -1.05152 0.139802
-0.204223 -0.363833 0.034964
1.96667 -1.7693 3.09749
2.01103 0.313025 0.997895
0.197669 -1.49741 0.167455
1.2895 1.94747 2.25057
0.825626 2.34258 -2.75605
1.40568 -1.63361 -0.69416
2.08483 0.311535 0.92338
-0.856463 1.01544 4.50171
-0.178054 2.59576 -0.595066
-2.48283 -0.912971 -4.24383
2.39888 -0.622676 3.84005
0.247617 0.540703 -1.0644
-0.0157949 -1.36578 -0.389651
-1.14378 -0.17638 -1.00302
-4.17264 0.189862 -0.845473
-1.985 1.85448 1.39644
-4.05581 0.636228 0.771245
0.416372 1.51363 0.0616662
2.74635 -1.63082 -1.22051
0.093125 0.898768 3.99476
4.50085 -2.09734 -0.148829
-0.644998 -1.85382 -3.97321
0.300316 10.9642 0.500027
-0.206377 0.709372 1.45572
2.86331 1.01311 2.91792
-3.92015 2.71857 -3.02836
-1.6224 1.54769 -1.05719
3.37989 1.74523 -7.16782
-1.10762 1.57303 0.664221
1.21216 0.260792 -1.15672
-7.56413 -0.300528 2.51278
0.399878 0.974112 -4.38549
-0.346316 -2.52731 -0.0484918
-0.761476 0.456347 -0.0108936
-6.68094 -2.18371 0.983524
2.65303 0.161257 4.22574
-1.51121 -0.565697 -4.99519
0.980567 -1.79428 -0.95703
-0.463927 -3.33011 3.61025
-6.77142 2.70476 -2.55755
-6.31909 3.41461 -0.981758
-0.779234 3.95951 1.51557
-1.48676 0.90997 2.99856
4.80782 -0.469505 0.377717
3.12914 2.43166 -0.434641
0.753224 -0.523466 2.00061
1.46831 -1.7145 1.13426
-1.90794 -0.00462912 -0.209922
-1.76815 0.958849 3.55443
2.45375 4.0463 0.174004
1.31706 1.49735 -0.679875
0.434215 -0.0697899 0.553542
-0.180204 1.17417 0.0147361
0.197295 1.6334 -8.1495
-5.38899 -1.50866 3.08785
-0.968912 -1.44653 -0.200742
-0.554109 -0.668095 1.67215
-2.77741 2.94798 -3.79477
1.81372 1.1958 -1.94101
1.27234 -1.1076 -0.00643524
1.03893 -3.10711 3.22181
3.27277 -0.278854 1.04953
0.627948 -2.06889 -2.67838
-1.59571 -0.218282 -1.67648
-1.29409 1.21696 -2.13088
2.29283 0.0228048 -1.70184
4.20157 -3.13392 5.64142
6.54546 -1.67728 -0.650639
-2.81036 3.46212 -4.75438
-1.27771 -1.70081 -1.73419
1.04419 2.85625 4.05235
2.02486 0.629091 -0.0219213
0.429886 -4.668 -1.39646
-4.11997 1.61374 0.766632
0.297238 -1.09465 0.915238
-1.35304 -1.06307 -3.46706
0.232852 1.23057 -1.18797
0.405195 -2.12733 0.242426
-0.644507 -1.74518 -0.76221
-0.608231 -0.100628 -0.48982
-0.622868 -1.24606 -3.53281
1.40459 -0.204596 0.417837
-1.5985 0.50478 -2.05682
-0.24303 -0.383995 -0.0459238
-2.30119 -4.7305 0.387764
0.117298 0.307164 -0.0357808
1.98667 -1.16879 0.512272
-0.947851 -2.0851 0.000981299
4.81476 1.3582 -0.413695
0.792731 -3.45956 1.0417
-0.785823 0.513695 0.937507
1.23332 -1.11761 0.872001
3.16012 1.30682 3.67211
4.54666 4.91235 1.70446
1.37066 0.654679 0.654557
2.33993 -0.516618 -6.96217
