-3.74613 8.58704 6.99758
7.22414 3.88657 7.72271
10.5227 1.69431 0.870929
-9.75396 -0.289377 -3.9079
-2.37024 1.3271 -6.39253
3.25559 4.53519 -3.22212
2.75458 -8.72646 -33.037
9.9553 4.38326 2.69645
2.31516 2.38598 -0.622624
5.16077 -6.45009 -5.51094
-0.473362 0.877889 5.32042
2.42603 -4.11791 17.5202
4.71597 -4.90522 -1.35343
-12.2546 15.2615 12.629
1.98076 -7.44014 -5.50669
-2.74309 7.10219 3.22543
2.28312 -4.56364 0.651849
19.0976 -2.38974 -9.48231
-5.11017 -13.3942 4.73627
-0.479525 -0.213031 -2.98113
6.60602 -1.23996 3.25822
2.06487 -5.58381 7.64404
1.26067 1.90478 -1.96686
-0.525749 -0.880223 -1.27659
2.38096 -3.6176 -10.3898
-2.4542 -3.52811 2.81758
0.845624 2.63902 -23.685
3.53637 2.17906 76.8441
2.98386 2.23641 11.2577
3.41373 -10.1526 -14.0539
8.88484 9.5141 -9.51813
-14.1156 -0.834368 -24.4912
7.19192 -21.3703 8.03967
-0.193871 -0.554142 -4.92485
4.55635 1.86931 -7.9924
-0.748558 2.3928 -1.06464
-9.46809 2.0939 1.17747
-0.0266784 4.82933 -0.311403
-12.5074 11.0528 -9.13596
-0.406322 -2.45192 6.23426
2.46028 -9.50656 4.86455
4.51967 -4.19827 7.92373
-0.687409 0.691624 -55.0299
2.331 6.28059 -3.10813
7.51926 2.92804 -13.5771
-8.84947 248.582 2.83092
2.23487 -3.17877 -7.92341
0.843918 -4.73988 3.2021
-0.300475 -2.99729 5.20058
3.19115 -3.04588 -2.65948
-6.4189 3.36228 0.948009
-5.95931 1.8088 -3.68939
-4.3501 1.16942 -3.5088
-1.30319 2.70259 2.8994
-1.89303 0.86669 -0.97902
-2.15095 -0.449329 0.0713548
-3.28467 -1.90733 2.28994
-6.02634 10.5629 -4.33447
3.39488 0.622101 2.43125
1.46157 -5.54682 3.2088
-1.56022 -4.98265 -2.41399
-4.05402 -2.58853 21.2959
9.40416 2.55645 -5.10689
-11.1916 -2.01024 0.40001
1.20129 -3.30437 -6.00362
-2.80085 8.28802 40.685
3.28567 -155.151 10.1992
0.747521 -8.55436 9.5275
1.53883 6.65296 -10.227
-2.11027 0.921788 0.336543
-20.1534 -2.57061 -10.8153
1.37379 -4.96273 3.55614
3.71499 6.91033 2.86016
-14.2525 -4.36808 1.87516
0.868899 3.88938 -32.9823
2.77474 -0.014764 4.12198
-3.46445 6.58703 2.85504
-1.65856 -1.29731 -4.88019
2.90754 -0.357845 5.64191
-4.00679 -5.90668 -7.6992
4.33951 1.71953 -4.74373
-5.16747 -3.22083 -0.971247
-4.56936 -5.67875 1.60461
2.31407 5.77853 0.53684
5.28764 -2.71616 -5.73433
1.10165 5.06905 8.78465
1.36751 -1.16391 13.539
-3.35663 4.08161 -4.27752
-5.26815 0.723353 1.08746
-0.688366 -2.83523 -0.575508
-1.46702 0.0595002 -0.76366
-1.53496 1.86442 3.62159
7.2767 0.368192 1.955
15.0998 0.213341 3.46897
-1.17385 6.25185 0.599316
-0.0535924 10.23 0.929108
-27.8332 -5.21668 21.2177
10.5422 -2.911 3.99221
-0.300204 -7.24486 -3.42322
-8.21553 -2.07257 -8.58977
