-3.72705 8.17394 7.02642
7.23352 3.78016 7.80929
10.5858 1.72644 0.866015
-9.65947 -0.243202 -3.65624
-2.13981 1.17814 -6.48833
3.27016 4.38523 -3.35265
2.72785 -9.06313 -33.1031
9.9342 4.95112 2.68409
2.37694 2.19526 -0.6542
5.1542 -6.43779 -5.45849
-0.745122 0.913853 5.27576
2.61908 -3.81627 17.4854
4.57521 -5.53198 -1.33062
-12.4546 15.0155 12.7924
2.02242 -7.26525 -5.61749
-2.55075 7.09758 3.144
2.33201 -4.54093 0.692087
19.0882 -2.39462 -9.61265
-5.18284 -13.7477 4.84441
-0.508443 -0.193857 -3.06938
6.72814 -1.2766 3.2538
2.03062 -5.61881 6.89117
1.21042 2.10563 -1.97741
-0.56848 -0.976736 -1.31282
2.16309 -3.25009 -10.4616
-2.41467 -3.45771 2.53669
0.633487 2.60369 -23.7981
3.93399 2.12191 76.8099
2.87252 2.26935 11.0512
3.46537 -10.0699 -14.0554
8.28755 9.08611 -9.553
-14.0956 -0.826255 -24.5055
7.22245 -21.3647 8.22839
-0.174631 -0.624332 -4.9552
4.77947 1.96295 -8.36434
-0.828523 2.32711 -1.04846
-9.47265 2.06874 1.20993
-0.121193 5.21935 -0.524579
-12.2354 11.3862 -9.28214
-0.379419 -2.43287 6.10353
2.16276 -9.67 4.87828
4.62323 -4.21814 7.66083
-1.53059 1.14004 -54.9194
1.74969 6.31761 -3.15044
7.51273 2.27187 -13.6232
-8.94167 248.587 2.98045
2.44987 -3.2881 -8.29544
1.14288 -4.77744 3.32789
-0.207547 -3.07859 5.14901
3.11747 -2.99216 -2.7163
-6.29748 3.44551 0.965066
-5.92101 1.82805 -3.71069
-5.34643 1.63567 -3.34575
-1.28887 2.66614 3.03591
-1.9032 0.479129 -0.828946
-2.11663 -0.477485 0.237901
-3.35597 -1.89198 2.4546
-5.76295 10.5781 -4.46293
3.39049 0.795748 2.24884
1.47898 -5.61475 3.12509
-1.5361 -4.83006 -2.39261
-3.47453 -2.30112 21.3497
9.28988 2.58248 -5.05581
-11.4148 -2.67566 0.596478
1.21621 -3.33113 -5.98938
-2.83219 8.30286 40.6967
3.25717 -155.054 10.2914
0.58349 -8.7326 8.51835
1.54756 6.933 -10.132
-2.05208 0.951453 0.241353
-19.9961 -2.85564 -10.1398
3.19781 -4.56465 3.82044
3.65794 6.54372 2.91339
-14.2455 -4.30843 1.99285
0.827021 3.83116 -31.3995
2.79895 0.144108 4.27402
-3.40712 6.55249 2.86031
-1.71061 -1.11055 -4.7261
2.88972 -0.243821 5.65121
-3.57546 -5.63186 -7.6989
4.36501 1.7425 -4.42304
-5.70353 -3.29131 -0.982656
-4.75511 -5.36705 1.60126
2.30212 5.65412 0.536065
5.27203 -2.69083 -5.82315
0.965475 5.02988 8.77471
1.34871 -1.08384 13.4468
-3.35181 4.148 -4.2068
-5.10874 0.723636 1.2819
-0.680926 -2.96566 -0.577293
-1.369 0.0676552 -0.754824
-1.70873 1.87489 3.65433
6.81064 0.429875 1.84901
15.0814 0.280726 3.44355
-1.16768 6.26873 0.619023
0.0374938 10.2319 0.763865
-27.8149 -5.43975 21.3649
10.6997 -3.18881 4.03714
-0.132616 -7.318 -3.64648
-8.2748 -2.05813 -8.60983
