-3.7182 7.91188 7.04952
7.25183 3.71183 7.86115
10.6217 1.03046 0.849311
-9.60448 -0.209597 -3.52761
-2.00187 1.08451 -6.18928
3.28098 4.29457 -3.44821
2.71676 -9.01786 -33.1902
9.92384 5.30002 2.68023
2.41567 2.09898 -0.67964
5.15618 -6.43313 -5.43054
-0.914955 0.942552 5.24734
2.74257 -3.12529 17.4724
4.50019 -5.29732 -1.31788
-12.624 14.8977 12.9088
2.05134 -7.14954 -5.70739
-2.42151 7.09334 3.08631
2.3644 -4.53066 0.718371
19.0897 -2.39814 -9.64639
-5.24662 -14.0563 4.92225
-0.527347 -0.185396 -3.14666
6.81003 -1.30218 3.24272
2.02114 -5.65046 6.79238
1.17796 1.92832 -1.9866
-0.600188 -1.03754 -1.33797
2.02745 -3.03759 -10.5204
-2.39354 -3.40997 2.37417
0.493721 2.59743 -23.9186
4.14023 2.11611 76.8164
2.80112 2.28576 10.9241
3.49335 -10.0135 -14.0443
7.93946 8.87413 -9.5917
-14.0817 -0.814729 -24.5281
7.2457 -21.3472 8.35158
-0.165058 -0.671764 -4.97895
4.93188 2.03571 -8.49969
-0.887827 2.27066 -1.0357
-9.47669 2.04809 1.23145
-0.192575 5.42436 -0.655227
-11.995 11.5149 -9.41209
-0.361418 -2.42303 6.01765
2.00591 -9.87957 4.88883
4.70776 -4.23114 7.49444
-1.78519 1.30117 -54.9081
1.42149 6.33227 -3.18507
7.50348 1.9311 -13.6645
-9.01509 248.608 3.05605
2.60524 -3.39559 -8.29725
1.35771 -4.80491 3.40675
-0.138216 -3.12169 5.10805
3.07232 -2.95692 -2.7537
-6.21375 3.50774 0.975406
-5.89799 1.84091 -3.72723
-6.26363 1.98348 -3.25296
-1.28002 2.63794 3.12894
-1.91493 0.267552 -0.728801
-2.08959 -0.504075 0.342809
-3.41717 -1.87466 2.56996
-5.60073 10.5988 -4.56931
3.38422 0.910944 2.13163
1.48255 -5.66105 3.06475
-1.52011 -4.7382 -2.38197
-3.09973 -2.10865 21.4048
9.22507 2.61113 -5.03627
-11.6703 -3.06272 0.716058
1.22553 -3.35186 -5.98053
-2.85229 8.31203 40.7005
3.24838 -155.041 10.3666
0.267347 -9.42087 7.72677
1.55177 7.11829 -10.0794
-2.01367 0.978302 0.175647
-19.9693 -3.00634 -10.1078
4.08802 -4.19354 4.02286
3.78094 6.44177 3.08409
-14.242 -4.2726 2.06774
0.782053 3.79088 -31.213
2.8062 0.243146 4.3834
-3.37171 6.52429 2.86314
-1.7404 -0.986962 -4.63671
2.87896 -0.168331 5.6556
-3.22373 -5.34638 -7.70748
4.37942 1.76151 -4.23513
-6.00462 -3.33282 -1.01219
-4.87783 -5.22941 1.59537
2.29339 5.58471 0.534892
5.26241 -2.68211 -5.92612
0.864675 5.01112 8.76633
1.34373 -1.02386 13.3942
-3.34737 4.19622 -4.16217
-5.00658 0.723587 1.4004
-0.675908 -3.05453 -0.578324
-1.30236 0.0738421 -0.753268
-1.83028 1.88151 3.67416
6.47094 0.660814 1.71675
15.0596 0.32161 3.43625
-1.16172 6.28613 0.627936
0.100218 10.2331 0.648911
-27.8105 -5.59245 21.5112
10.8064 -3.38336 4.07684
-0.0230266 -7.36575 -3.96118
-8.32722 -2.04958 -8.62322
