-3.7131 7.78784 7.06069
7.26483 3.68054 7.88571
10.6466 0.685371 0.832662
-9.57455 -0.189896 -3.48386
-1.93038 1.04099 -6.0263
3.28747 4.25262 -3.50213
2.71089 -8.93649 -33.2624
9.91985 5.45204 2.67768
2.43556 2.05444 -0.694107
5.15868 -6.43016 -5.42158
-0.995495 0.95894 5.23099
2.80257 -2.77149 17.471
4.4682 -5.1074 -1.31349
-12.7284 14.846 12.9555
2.06647 -7.09053 -5.75945
-2.35577 7.09209 3.05706
2.38238 -4.52525 0.729456
19.0918 -2.39834 -9.57212
-5.2787 -14.0431 4.9583
-0.536518 -0.180962 -3.1916
6.86084 -1.3108 3.23706
2.01847 -5.66735 6.74225
1.16271 1.83804 -1.99218
-0.615895 -1.06934 -1.35146
1.96387 -2.9277 -10.5579
-2.38359 -3.38456 2.29595
0.424456 2.59837 -24.0044
4.22433 2.10651 76.8233
2.76776 2.29029 10.862
3.50582 -9.9809 -14.0368
7.78996 8.78801 -9.61425
-14.0754 -0.804173 -24.5502
7.25464 -21.319 8.39615
-0.160302 -0.696314 -4.9932
5.02578 2.07923 -8.40099
-0.918844 2.23754 -1.03047
-9.47843 2.03668 1.23905
-0.223663 5.50811 -0.719226
-11.8864 11.3599 -9.49229
-0.35272 -2.41856 5.97251
1.932 -10.0085 4.90189
4.75478 -4.23623 7.41322
-1.91973 1.37233 -54.9044
1.26224 6.33824 -3.20237
7.49861 1.78628 -13.6881
-9.06081 248.58 3.1094
2.67166 -3.45334 -8.29641
1.47549 -4.81662 3.44829
-0.101648 -3.14018 5.08721
3.05201 -2.93703 -2.77242
-6.17007 3.54284 0.979843
-5.88681 1.84727 -3.73765
-6.61747 2.1697 -3.23206
-1.27466 2.6247 3.17004
-1.91842 0.152166 -0.674153
-2.07249 -0.52598 0.401539
-3.44589 -1.87025 2.61603
-5.5212 10.615 -4.63711
3.38115 0.971052 2.07364
1.48366 -5.68405 3.02457
-1.51109 -4.6869 -2.37811
-2.70365 -1.99215 21.4389
9.19973 2.62111 -5.02411
-11.7954 -3.30662 0.771123
1.23056 -3.36211 -5.97712
-2.86258 8.31694 40.7049
3.24292 -155.043 10.4126
0.150853 -9.70866 7.57867
1.55464 7.10402 -10.0558
-1.99342 0.994374 0.14002
-19.941 -3.07649 -10.1031
3.98356 -3.9419 4.10272
3.87392 6.30001 3.07777
-14.2394 -4.25221 2.10331
0.755156 3.77207 -31.1551
2.80807 0.292203 4.44127
-3.35352 6.50395 2.86404
-1.75193 -0.929991 -4.59276
2.87441 -0.134287 5.65719
-2.94703 -5.21443 -7.71425
4.38654 1.77309 -4.14972
-6.13658 -3.35046 -1.02733
-4.93669 -5.17982 1.59192
2.28938 5.55055 0.532288
5.25784 -2.67944 -6.01947
0.814112 5.00327 8.76058
1.34752 -0.990655 13.3651
-3.34458 4.22944 -4.14101
-4.95789 0.724568 1.45511
-0.673038 -3.10132 -0.579353
-1.2681 0.0768581 -0.754131
-1.89421 1.88632 3.68359
6.23359 0.862585 1.58989
15.0425 0.340603 3.43913
-1.15802 6.29639 0.630856
0.132375 10.2343 0.587346
-27.8107 -5.6755 21.6108
10.8667 -3.48041 4.09744
0.0332363 -7.38708 -4.14928
-8.35527 -2.04527 -8.63448
