-3.70775 7.67524 7.07272
7.28029 3.65061 7.91031
10.6801 0.398276 0.813422
-9.54225 -0.170056 -3.44283
-1.85574 0.99281 -5.84942
3.29472 4.21269 -3.55878
2.70272 -8.84829 -33.3625
9.91635 5.59424 2.67498
2.45594 2.01085 -0.709015
5.16188 -6.42656 -5.41287
-1.07327 0.974888 5.21597
2.86296 -2.48397 17.4711
4.43889 -4.94011 -1.30833
-12.8591 14.7907 13.0015
2.082 -7.03256 -5.81524
-2.2883 7.09098 3.02757
2.40208 -4.52012 0.740418
19.0936 -2.39755 -9.50563
-5.31055 -13.8692 4.99607
-0.545296 -0.176855 -3.23295
6.91526 -1.31966 3.23434
2.01702 -5.68436 6.68994
1.14819 1.75012 -1.99773
-0.631307 -1.10174 -1.36468
1.90196 -2.81818 -10.5993
-2.37385 -3.36034 2.22204
0.356325 2.5978 -24.1106
4.31512 2.0913 76.8273
2.73562 2.28925 10.8019
3.51824 -9.94259 -14.0301
7.65283 8.70612 -9.63766
-14.0712 -0.789885 -24.5739
7.26173 -21.2487 8.37229
-0.155415 -0.721539 -5.00809
5.13952 2.11609 -8.30394
-0.949489 2.20208 -1.02601
-9.47831 2.02402 1.24361
-0.248623 5.59983 -0.78472
-11.7826 11.2126 -9.57654
-0.344484 -2.41511 5.92768
1.86073 -10.1504 4.91751
4.8056 -4.24148 7.33537
-2.07551 1.44188 -54.9048
1.10119 6.34301 -3.21898
7.49402 1.6559 -13.713
-9.11055 248.513 3.17142
2.73809 -3.51441 -8.29547
1.61472 -4.82655 3.49786
-0.063647 -3.15893 5.0666
3.03359 -2.91421 -2.78865
-6.12534 3.57895 0.985145
-5.87582 1.85282 -3.74851
-6.81861 2.30469 -3.21706
-1.269 2.61269 3.21209
-1.91995 0.0251434 -0.611404
-2.05273 -0.568808 0.495725
-3.47458 -1.86574 2.66207
-5.44158 10.6323 -4.70815
3.37858 1.03327 2.01671
1.48516 -5.70635 2.98792
-1.50106 -4.62983 -2.37465
-2.11586 -1.89366 21.4874
9.17718 2.63167 -5.0115
-11.8933 -3.39729 0.825865
1.236 -3.37187 -5.97379
-2.87208 8.32122 40.7133
3.24484 -155.054 10.4605
0.0513493 -9.94191 7.45913
1.55839 6.98514 -10.0331
-1.97208 1.0102 0.105321
-19.9106 -3.14379 -10.0988
3.33355 -3.7731 4.17371
4.05295 6.05574 3.12998
-14.2357 -4.23003 2.13864
0.727673 3.75603 -31.1032
2.80894 0.342273 4.50367
-3.3352 6.47418 2.86942
-1.76308 -0.877028 -4.54593
2.87021 -0.101692 5.65921
-2.62213 -5.09145 -7.7132
4.39414 1.78423 -4.06381
-6.2709 -3.3675 -1.04266
-4.99445 -5.13712 1.59123
2.28589 5.51787 0.528865
5.25414 -2.67895 -6.11093
0.76654 4.99638 8.75458
1.36049 -0.952513 13.3269
-3.34138 4.27075 -4.11881
-4.90871 0.725944 1.50876
-0.669934 -3.15011 -0.580308
-1.23302 0.0792825 -0.755188
-1.96033 1.89219 3.69203
5.86172 1.16271 1.34904
15.017 0.356664 3.45401
-1.1538 6.30755 0.633384
0.165805 10.2353 0.525329
-27.8244 -5.79045 21.7573
10.9329 -3.57937 4.11863
0.0914408 -7.41117 -4.3622
-8.38398 -2.04115 -8.64602
