-3.70352 7.5662 7.0852
7.2967 3.61968 7.93465
10.7235 0.17257 0.793413
-9.51102 -0.150444 -3.40601
-1.78149 0.939572 -5.65685
3.30185 4.17401 -3.61822
2.68977 -8.70825 -33.3777
9.91283 5.73004 2.6715
2.47655 1.96765 -0.724734
5.16528 -6.42374 -5.40436
-1.14945 0.990482 5.20051
2.93489 -2.26866 17.4695
4.40992 -4.78253 -1.30387
-13.0434 14.7334 13.0495
2.09713 -6.97602 -5.87615
-2.2191 7.08985 2.99746
2.42236 -4.51606 0.750996
19.0951 -2.39685 -9.44556
-5.34703 -13.7314 5.03077
-0.553815 -0.173313 -3.275
6.97161 -1.32966 3.23365
2.01666 -5.70147 6.63834
1.13393 1.66525 -2.00327
-0.646868 -1.13466 -1.37769
1.8392 -2.70678 -10.6518
-2.365 -3.33771 2.15101
0.288829 2.59336 -24.2297
4.38129 2.01034 76.8227
2.70278 2.27909 10.738
3.53265 -9.89836 -14.0319
7.52573 8.62718 -9.66275
-14.0728 -0.772027 -24.5983
7.37653 -21.2801 8.1607
-0.150784 -0.748112 -5.02396
5.26987 2.14479 -8.20905
-0.979724 2.16588 -1.02176
-9.47242 2.00525 1.24268
-0.269574 5.70191 -0.874258
-11.6852 11.0686 -9.66683
-0.337325 -2.41313 5.88129
1.79177 -10.2943 4.93554
4.85988 -4.24774 7.2603
-2.22116 1.51299 -54.9083
0.936086 6.3464 -3.2355
7.48954 1.53648 -13.7407
-9.16515 248.506 3.21291
2.80464 -3.57931 -8.29436
1.83282 -4.74796 3.57163
-0.024414 -3.17835 5.04604
3.01703 -2.88504 -2.80523
-6.08249 3.61485 0.990875
-5.86532 1.85768 -3.76029
-7.01162 2.39407 -3.20678
-1.26444 2.5999 3.2546
-1.90483 -0.0230658 -0.679977
-2.0853 -0.563119 0.684184
-3.50299 -1.85672 2.71588
-5.36197 10.651 -4.78432
3.37644 1.09718 1.95879
1.48675 -5.72767 2.95474
-1.49079 -4.57433 -2.37202
-1.63223 -1.82026 21.548
9.15701 2.64391 -5.00234
-12.0121 -3.30888 0.878129
1.24146 -3.38216 -5.97044
-2.87962 8.32252 40.726
3.23252 -155.256 10.625
-0.0421299 -10.1567 7.34074
1.5626 6.87048 -10.0128
-1.94983 1.02552 0.0710729
-19.8809 -3.20988 -10.0934
2.80218 -3.71768 4.23592
4.35329 5.77301 3.33777
-14.2307 -4.2089 2.17219
0.688838 3.75334 -31.0411
2.80971 0.398845 4.56328
-3.31905 6.43324 2.88646
-1.77367 -0.816156 -4.50685
2.86618 -0.0699051 5.66039
-2.35433 -4.97409 -7.70348
4.40187 1.79387 -3.97582
-6.4104 -3.38445 -1.05851
-5.05435 -5.09725 1.59159
2.28228 5.48704 0.525138
5.25323 -2.68318 -6.20292
0.721419 4.99069 8.74948
1.3913 -0.897731 13.2535
-3.33897 4.31183 -4.09623
-4.85863 0.72679 1.56107
-0.66685 -3.20246 -0.581389
-1.19713 0.0811022 -0.756495
-2.02553 1.89698 3.69943
5.30713 1.49593 0.867976
14.975 0.358939 3.5029
-1.14932 6.31887 0.635332
0.200879 10.2358 0.461313
-27.8478 -5.91717 21.9277
11.0024 -3.68283 4.13941
0.14967 -7.43924 -4.60413
-8.41349 -2.03779 -8.65852
