-3.69603 7.28567 7.13143
7.35528 3.52824 8.00773
10.9997 -0.399858 0.738768
-9.43909 -0.0866323 -3.32264
-1.55069 0.7727 -4.95418
3.32065 4.06733 -3.81187
2.64521 -8.24108 -33.1979
9.89859 5.607 2.65848
2.53999 1.85032 -0.775756
5.17562 -6.41612 -5.38112
-1.37265 1.04155 5.15146
3.19492 -1.88165 17.446
4.32567 -4.3295 -1.29946
-14.3374 14.587 13.1965
2.1385 -6.81183 -6.08876
-2.00136 7.09026 2.89728
2.48767 -4.50503 0.780986
19.1006 -2.38984 -9.29653
-5.47054 -13.3632 5.11661
-0.581419 -0.163024 -3.45193
7.14072 -1.36323 3.23871
2.02395 -5.75546 6.47741
1.0902 1.45699 -2.01951
-0.697607 -1.21452 -1.41615
1.64316 -2.32558 -10.8685
-2.34486 -3.27529 1.95217
0.0706843 2.56883 -23.9158
4.68368 1.9106 76.907
2.5777 2.1382 10.5868
3.60096 -9.82867 -14.0985
7.15832 8.41111 -9.75469
-14.1444 -0.71323 -24.7559
7.65833 -21.571 8.2101
-0.139803 -0.8148 -5.07782
5.61357 2.2142 -7.93525
-1.07263 2.06263 -1.01669
-9.43751 1.89154 1.30463
-0.312794 6.09254 -1.16912
-11.4241 10.6498 -9.99051
-0.330412 -2.4096 5.73732
1.59705 -10.7311 4.97993
5.04095 -4.26923 7.04476
-2.64685 1.83452 -54.9317
0.384629 6.35485 -3.29794
7.47738 1.27905 -13.8368
-9.34867 248.417 3.33993
2.99236 -3.77523 -8.29217
3.04773 -4.67363 3.65841
0.0964301 -3.23878 4.98264
2.99407 -2.71293 -2.89623
-5.95954 3.73058 1.01085
-5.83891 1.87379 -3.79996
-7.60786 2.71088 -3.18006
-1.2551 2.5524 3.38558
-1.88541 -0.486378 -0.684549
-2.14987 -0.455223 0.936544
-3.60474 -1.83886 2.85417
-5.1201 10.7245 -5.04691
3.37296 1.29837 1.78923
1.48934 -5.77545 2.86034
-1.45688 -4.41559 -2.36951
-0.629019 -1.58143 21.8075
9.10363 2.67116 -4.98386
-12.2339 -3.02025 1.01984
1.25777 -3.40927 -5.95999
-2.91 8.31896 40.809
3.21381 -155.416 10.9298
-0.312885 -10.8427 6.94855
1.57657 6.5532 -9.96002
-1.87515 1.07118 -0.0288356
-19.8035 -3.39524 -10.0712
1.53421 -3.5531 4.40689
4.92532 5.60609 4.07093
-14.2081 -4.16229 2.26265
0.526984 3.89796 -31.0192
2.81472 0.555482 4.73993
-3.29367 6.36313 3.00414
-1.80514 -0.670656 -4.44361
2.85499 0.0321468 5.66008
-1.90489 -4.62607 -7.63979
4.44771 1.81904 -3.69127
-6.71099 -3.43474 -1.11497
-5.24778 -4.97996 1.58939
2.27134 5.41477 0.506804
5.2912 -2.71824 -6.47645
0.589172 4.98597 8.7397
1.07412 -0.446481 12.8246
-3.34135 4.43613 -4.02208
-4.71417 0.728861 1.7055
-0.657891 -3.32537 -0.585378
-1.0865 0.0867526 -0.759915
-2.19972 1.90957 3.7197
4.10649 1.47869 -0.88851
15.2334 0.130857 3.85454
-1.13495 6.35881 0.638625
0.316156 10.2376 0.258492
-27.9277 -6.31607 22.4059
11.249 -4.0084 4.19987
0.328379 -7.54788 -5.58417
-8.51239 -2.02737 -8.72073
