-3.69571 7.20047 7.15473
7.38209 3.49849 8.037
11.117 -0.576949 0.728652
-9.42587 -0.0663795 -3.29482
-1.47023 0.718578 -4.65698
3.32599 4.03415 -3.88081
2.63338 -8.11577 -33.1641
9.89082 5.53275 2.6552
2.55822 1.81366 -0.79017
5.1796 -6.4141 -5.37268
-1.446 1.06019 5.13784
3.24926 -1.78456 17.4012
4.29722 -4.18982 -1.29661
-14.8246 14.5463 13.2981
2.15069 -6.75987 -6.16745
-1.92544 7.09242 2.86575
2.51161 -4.50153 0.79157
19.1054 -2.38474 -9.25406
-5.52118 -13.2673 5.15464
-0.590101 -0.156261 -3.54119
7.188 -1.37541 3.24252
2.02784 -5.7772 6.4435
1.07413 1.39569 -2.02361
-0.718667 -1.23995 -1.42631
1.57808 -2.1748 -10.9432
-2.34061 -3.2561 1.89147
0.00684 2.55565 -23.7841
4.77886 1.89995 76.8131
2.53335 2.09115 10.5927
3.62576 -9.83552 -14.1175
6.99726 8.34645 -9.77996
-14.1699 -0.708203 -24.8745
7.69867 -21.6089 8.35008
-0.138195 -0.836385 -5.09636
5.40864 2.23233 -7.84476
-1.10644 2.02876 -1.01549
-9.44562 1.87893 1.32781
-0.322508 6.26659 -1.23782
-11.3506 10.5099 -10.1113
-0.33648 -2.40939 5.69363
1.53305 -10.8802 5.00173
5.10228 -4.27736 6.98416
-2.77165 1.96161 -54.9471
0.161353 6.35824 -3.31647
7.47334 1.19698 -13.8681
-9.4178 248.413 3.37537
3.04263 -3.83557 -8.29124
3.40112 -4.68027 3.6642
0.127753 -3.26046 4.96383
2.99306 -2.65315 -2.95976
-5.92099 3.77093 1.01991
-5.83229 1.87957 -3.81214
-7.85569 2.82461 -3.1612
-1.25317 2.53317 3.43529
-1.88713 -0.645686 -0.633353
-2.14033 -0.451857 0.982543
-3.63589 -1.82875 2.90377
-5.03403 10.7556 -5.14488
3.37256 1.36822 1.73788
1.48879 -5.78769 2.83069
-1.44412 -4.36666 -2.36982
-0.405102 -1.49732 21.9301
9.08994 2.67913 -4.97657
-11.9058 -2.92929 1.06805
1.263 -3.41811 -5.95552
-2.92142 8.32148 40.8762
3.21193 -155.42 11.0217
-0.407144 -11.1272 6.87731
1.58153 6.45641 -9.94259
-1.84656 1.08615 -0.0598971
-19.7834 -3.4556 -10.0632
1.01519 -3.4896 4.47099
4.93637 5.62904 4.14848
-14.2027 -4.15159 2.29242
0.514473 3.90715 -31.0185
2.8136 0.605488 4.80557
-3.2835 6.36688 3.03299
-1.81038 -0.642797 -4.41117
2.85127 0.0651479 5.6612
-1.79468 -4.52767 -7.55339
4.47789 1.82906 -3.59467
-6.55679 -3.45309 -1.1299
-5.31691 -4.94372 1.58999
2.26809 5.39043 0.498622
5.30651 -2.72548 -6.56489
0.544734 4.98632 8.74008
1.00581 -0.397864 12.8331
-3.34765 4.47842 -3.9925
-4.65991 0.729124 1.75482
-0.655402 -3.3645 -0.586093
-1.05009 0.0893797 -0.759549
-2.24984 1.91361 3.72747
3.96154 1.36409 -1.15666
15.2876 0.153087 3.83759
-1.13014 6.37351 0.639701
0.363399 10.2388 0.18818
-27.9773 -6.47829 22.2509
11.3443 -4.12607 4.22546
0.390959 -7.59505 -5.98447
-8.55326 -2.02368 -8.74594
