-3.69708 7.03965 7.20789
7.44809 3.44282 8.09733
11.2649 -0.780364 0.7098
-9.41298 -0.0288845 -3.21814
-1.29092 0.621986 -4.14181
3.33885 3.97386 -4.03179
2.61819 -7.94418 -33.1374
9.86808 5.38369 2.64844
2.59693 1.74616 -0.812281
5.18702 -6.41006 -5.35412
-1.59178 1.10662 5.11625
3.50849 -1.26575 17.1765
4.23633 -3.92008 -1.29392
-14.7154 14.5339 13.5126
2.17281 -6.65715 -6.3323
-1.7503 7.09932 2.80329
2.55725 -4.49442 0.816182
19.1181 -2.37314 -9.18134
-5.63616 -13.0795 5.23732
-0.596154 -0.1443 -3.71851
7.28776 -1.39922 3.25138
2.03793 -5.82605 6.37095
1.04058 1.28145 -2.03133
-0.761006 -1.28865 -1.44546
1.45557 -1.80766 -11.1177
-2.33745 -3.21611 1.77953
-0.0978041 2.53686 -23.5952
4.53923 1.8842 76.7237
2.4687 2.08362 10.6093
3.68019 -9.85872 -14.1543
6.72284 8.25222 -9.82989
-14.2013 -0.728638 -25.1232
7.78381 -21.6787 8.67809
-0.133122 -0.877192 -5.13728
5.02829 2.26456 -7.5931
-1.17649 1.96595 -1.01293
-9.46358 1.86135 1.36441
-0.337811 6.73571 -1.37772
-11.2056 10.2534 -10.4103
-0.361267 -2.4029 5.61847
1.38809 -11.1972 5.04403
5.28168 -4.2912 6.87079
-2.95261 1.90602 -54.9933
-0.293627 6.37122 -3.35256
7.46814 1.02949 -13.9433
-9.58401 248.391 3.47969
3.13941 -3.94246 -8.29
2.90339 -4.73612 3.65374
0.201207 -3.30044 4.92832
2.97741 -2.58799 -3.0819
-5.85762 3.85571 1.04333
-5.82135 1.8907 -3.83147
-7.59371 3.08852 -3.10456
-1.25451 2.49981 3.54756
-1.89539 -0.890004 -0.537724
-2.11168 -0.452734 1.07349
-3.69844 -1.81637 3.01048
-4.86519 10.8377 -5.33708
3.37456 1.51751 1.63789
1.48825 -5.80608 2.77207
-1.41664 -4.27635 -2.3719
-0.0556511 -1.29954 21.6478
9.0643 2.69143 -4.95849
-11.428 -2.74502 1.22232
1.27415 -3.4351 -5.94529
-2.95484 8.3339 41.0441
3.20807 -155.472 11.1828
-0.57434 -11.7991 6.77385
1.59227 6.27357 -9.91016
-1.78465 1.11899 -0.115155
-19.74 -3.57282 -10.0542
0.157004 -3.30466 4.67328
4.91068 5.65246 4.18184
-14.1973 -4.13009 2.35581
0.482002 3.94442 -31.0132
2.81684 0.709011 4.94146
-3.25445 6.38409 3.07259
-1.82343 -0.575455 -4.32588
2.8444 0.130149 5.66339
-1.87885 -4.94599 -7.14371
4.54449 1.85671 -3.3973
-6.05728 -3.48954 -1.14483
-5.47673 -4.87264 1.59198
2.26851 5.3317 0.487864
5.32413 -2.72951 -6.71831
0.46096 4.98946 8.74766
0.9516 -0.320735 12.8417
-3.37199 4.57024 -3.92575
-4.55236 0.729181 1.85126
-0.649569 -3.44386 -0.587391
-0.978314 0.097675 -0.756521
-2.34094 1.92138 3.74614
3.78452 1.19378 -1.52623
15.3259 0.218865 3.81612
-1.1213 6.40569 0.641861
0.462927 10.2441 0.0502772
-28.1321 -6.83935 21.9679
11.544 -4.38574 4.28198
0.545248 -7.69988 -6.59513
-8.63211 -2.01352 -8.79958
