-3.70737 6.81905 7.31025
7.54396 3.36899 8.21732
11.3587 -1.02474 0.678653
-9.39869 0.0223153 -3.08047
-1.03464 0.505859 -3.94619
3.35247 3.89223 -4.26384
2.59187 -7.79321 -33.1087
9.78235 5.13317 2.64746
2.64295 1.6473 -0.834969
5.1968 -6.40768 -5.32524
-1.81459 1.18219 5.09024
3.74612 -1.00348 17.2834
4.13994 -3.54516 -1.29781
-13.8542 14.5366 13.7341
2.20101 -6.51799 -6.61184
-1.4676 7.10768 2.70985
2.62716 -4.48297 0.85556
19.135 -2.36347 -9.09755
-5.81218 -12.852 5.3882
-0.604392 -0.136978 -3.93234
7.53255 -1.44699 3.26734
2.04464 -5.92015 6.29177
0.988655 1.12027 -2.04186
-0.827724 -1.3683 -1.47344
1.2948 -1.30044 -11.445
-2.34421 -3.15518 1.61629
-0.241619 2.51657 -23.4038
3.51243 1.90098 76.7083
2.39827 2.14525 10.5888
3.77251 -9.89318 -14.2333
6.3797 8.14803 -9.9277
-14.2595 -0.788561 -24.846
7.91417 -21.7983 8.38872
-0.121012 -0.937937 -5.2072
4.59662 2.24913 -7.27872
-1.28696 1.8838 -1.01005
-9.49352 1.8339 1.41164
-0.369017 7.63362 -1.60956
-11.0637 9.88722 -11.0898
-0.412585 -2.37537 5.53044
1.15813 -11.7041 5.11495
5.56968 -4.31928 6.71412
-3.33908 1.50646 -55.1109
-1.05547 6.38594 -3.41813
7.46053 0.757461 -14.0799
-9.87192 248.35 3.63543
3.31044 -4.09025 -8.29115
1.98014 -4.8261 3.73945
0.31984 -3.36602 4.87684
2.93606 -2.52802 -3.22109
-5.77529 3.99131 1.08481
-5.80887 1.89777 -3.85598
-6.97342 3.5763 -3.01106
-1.264 2.46346 3.75318
-1.91414 -1.20235 -0.401597
-2.07202 -0.463831 1.22597
-3.79125 -1.8003 3.19397
-4.62828 10.9952 -5.65332
3.38207 1.75749 1.49151
1.48326 -5.83261 2.69258
-1.36891 -4.16873 -2.37564
0.465639 -0.841838 21.2093
9.02828 2.70705 -4.92888
-10.9476 -2.43719 1.44369
1.2927 -3.46205 -5.9279
-3.01647 8.35311 40.8914
3.19846 -155.412 11.3512
-0.801757 -13.0029 6.62922
1.60772 6.02258 -9.86473
-1.68319 1.16985 -0.190625
-19.6526 -3.7298 -10.0801
-0.776137 -2.79929 5.04026
4.84482 5.65037 4.13534
-14.1942 -4.0901 2.46245
0.421497 3.98773 -31.0432
2.83489 0.848599 5.14883
-3.19793 6.41167 3.11169
-1.85219 -0.432363 -4.21643
2.84577 0.217565 5.66417
-1.69807 -4.72835 -7.33281
4.64586 1.91091 -3.10919
-4.58739 -3.58112 -1.21752
-5.7512 -4.77548 1.5978
2.263 5.2659 0.506718
5.33057 -2.73436 -6.95825
0.342801 4.99314 8.76258
0.917534 -0.213083 12.843
-3.42642 4.73639 -3.82007
-4.4061 0.731729 1.9939
-0.622309 -3.56831 -0.583878
-0.876232 0.111845 -0.752513
-2.49781 1.93427 3.77463
3.60607 0.997987 -1.90589
15.3522 0.320522 3.79798
-1.10766 6.45982 0.642943
0.625501 10.2615 -0.166444
-28.5124 -7.2958 21.6746
11.8759 -4.86487 4.37044
0.809669 -7.90902 -5.92559
-8.76701 -2.00529 -8.90379
