-3.71048 6.74916 7.34993
7.58192 3.3469 8.27068
11.2432 -1.01091 0.669281
-9.39376 0.038651 -3.03261
-0.943811 0.472772 -3.8724
3.35718 3.86673 -4.3423
2.57953 -7.755 -33.1019
9.71304 5.02934 2.66603
2.65757 1.61345 -0.841068
5.20071 -6.4081 -5.31583
-1.88711 1.20464 5.08194
3.82836 -0.946592 17.2885
4.10807 -3.43451 -1.30155
-13.7363 14.5355 13.809
2.20906 -6.4775 -6.7128
-1.36366 7.10959 2.67965
2.652 -4.47947 0.868782
19.1416 -2.36162 -9.07387
-5.86319 -12.7947 5.43761
-0.614399 -0.13544 -4.00795
7.57442 -1.47105 3.26901
2.04392 -5.95379 6.26887
0.974078 1.06506 -2.04522
-0.847661 -1.39938 -1.48192
1.24269 -1.16006 -11.5769
-2.34823 -3.13466 1.5612
-0.291196 2.51489 -23.3504
3.38738 1.90177 76.7095
2.37854 2.17094 10.5782
3.80572 -9.90278 -14.2671
6.27932 8.11438 -9.96421
-14.289 -0.800237 -24.5878
8.00566 -21.8684 7.99694
-0.112426 -0.959606 -5.23102
4.47322 2.26397 -7.22592
-1.3173 1.85665 -1.0101
-9.50155 1.82126 1.42632
-0.384679 7.64009 -1.68782
-11.0747 9.77976 -11.2759
-0.428767 -2.36259 5.50821
1.08357 -11.7291 5.13833
5.66682 -4.33119 6.66903
-3.33031 1.31815 -55.0246
-1.3376 6.38738 -3.44135
7.45803 0.664563 -14.1303
-10.0143 248.307 3.69414
3.4104 -4.15942 -8.29267
1.79632 -4.85122 3.77965
0.364615 -3.39319 4.86236
2.92251 -2.50918 -3.26219
-5.7482 4.03844 1.09968
-5.8055 1.89723 -3.86318
-6.78083 3.7767 -2.98564
-1.2647 2.45338 3.83923
-1.91983 -1.29177 -0.355089
-2.05962 -0.469114 1.28439
-3.82562 -1.79702 3.24754
-4.55493 11.053 -5.77622
3.38572 1.84175 1.44642
1.48173 -5.84247 2.66686
-1.35214 -4.1408 -2.37485
0.596248 -0.720753 21.099
9.01804 2.71054 -4.91932
-10.8222 -2.29149 1.50495
1.3009 -3.47229 -5.92211
-3.03149 8.35376 40.8656
3.20194 -155.407 11.2792
-0.881884 -13.0233 6.57343
1.61398 5.94432 -9.84944
-1.64736 1.18608 -0.21486
-19.6236 -3.77104 -10.1114
-1.09771 -2.58258 5.20159
4.82494 5.6443 4.11032
-14.1955 -4.075 2.50579
0.405776 3.99258 -31.0506
2.83666 0.892212 5.22052
-3.1749 6.4192 3.1227
-1.86091 -0.384151 -4.18439
2.85505 0.241043 5.66896
-1.58459 -4.63743 -7.34436
4.68004 1.93073 -3.01445
-4.45259 -3.60408 -1.2407
-5.84848 -4.75005 1.59911
2.25947 5.25222 0.511782
5.33493 -2.73683 -7.04994
0.31034 4.99342 8.76585
0.910895 -0.178324 12.8428
-3.44391 4.8002 -3.78636
-4.36057 0.733186 2.0414
-0.581303 -3.60674 -0.585604
-0.842487 0.115361 -0.75218
-2.54924 1.93867 3.78608
3.55703 0.940683 -2.01438
15.3614 0.353182 3.794
-1.10182 6.4793 0.642674
0.683592 10.269 -0.246037
-28.6697 -7.4581 21.5937
12.0321 -5.06222 4.39879
0.906339 -7.99313 -5.65672
-8.81832 -2.00496 -8.94705
