-3.71847 6.61386 7.43973
7.66945 3.30582 8.38483
10.9935 -0.784925 0.655975
-9.38739 0.0702006 -2.93643
-0.772655 0.402632 -3.73545
3.3658 3.81798 -4.51101
2.56038 -7.69922 -33.104
9.43128 4.84758 2.92065
2.6759 1.54657 -0.854299
5.20937 -6.41081 -5.29748
-2.04107 1.24243 5.06684
4.00095 -0.840863 17.292
4.03777 -3.23512 -1.30074
-13.5233 14.531 13.9735
2.21936 -6.40681 -6.92477
-1.13101 7.11291 2.61852
2.7014 -4.47252 0.895711
19.1601 -2.36007 -9.03228
-5.98842 -12.7184 5.54889
-0.624207 -0.128322 -4.13243
7.44562 -1.51596 3.26725
2.03361 -6.01853 6.22915
0.943907 0.949272 -2.05099
-0.889544 -1.46666 -1.49444
1.12718 -0.910533 -11.8426
-2.36007 -3.09242 1.44497
-0.376519 2.53684 -23.2444
3.26117 1.8836 76.717
2.33899 2.22457 10.5521
3.87178 -9.91844 -14.3498
6.0728 8.04777 -10.0413
-14.3417 -0.806729 -24.263
8.14214 -22.1123 7.35958
-0.091759 -1.00783 -5.27738
4.2118 2.35794 -7.13921
-1.36919 1.80108 -1.01373
-9.51234 1.78395 1.45722
-0.444678 7.15636 -1.8372
-11.0746 9.62605 -11.6938
-0.460472 -2.3353 5.46912
0.918547 -11.4886 5.19097
5.8648 -4.35604 6.58446
-3.08521 0.910649 -54.9292
-1.9608 6.38767 -3.49383
7.45357 0.471855 -14.2432
-10.2552 248.244 3.8073
3.61579 -4.34396 -8.29501
1.43042 -4.91853 3.86494
0.45168 -3.45765 4.8396
2.89489 -2.47884 -3.34432
-5.70076 4.13538 1.13166
-5.80435 1.89304 -3.87354
-6.47485 4.32479 -2.9403
-1.26345 2.43678 4.05324
-1.935 -1.46945 -0.256339
-2.03756 -0.479681 1.40974
-3.89298 -1.78833 3.35261
-4.43238 11.1822 -6.03745
3.39153 2.01814 1.35879
1.47804 -5.86221 2.61818
-1.32217 -4.0937 -2.368
0.780695 -0.493638 20.9567
8.99872 2.71538 -4.90127
-10.6688 -2.01327 1.63921
1.31807 -3.49473 -5.91149
-3.0591 8.3523 40.8356
3.19433 -155.434 11.1639
-1.08662 -12.4641 6.47117
1.62651 5.79426 -9.81782
-1.5793 1.21781 -0.26203
-19.6109 -3.85985 -10.1989
-1.71598 -2.27579 5.54427
4.78615 5.62942 4.05784
-14.2008 -4.04543 2.59142
0.37426 3.99718 -31.0624
2.83627 0.979302 5.36718
-3.12965 6.43243 3.14315
-1.88214 -0.294225 -4.12471
2.86759 0.290919 5.69304
-1.36595 -4.48795 -7.35495
4.74382 1.97049 -2.8225
-4.21658 -3.66038 -1.28455
-6.05664 -4.71094 1.60208
2.25175 5.22796 0.518103
5.337 -2.73155 -7.26665
0.252176 4.9913 8.75415
0.899981 -0.110408 12.8411
-3.47482 4.9367 -3.72427
-4.26398 0.739108 2.1367
-0.366439 -3.70942 -0.746945
-0.77751 0.120047 -0.752789
-2.65254 1.95017 3.80769
3.45741 0.838173 -2.21421
15.381 0.415843 3.78717
-1.09055 6.52096 0.640823
0.799212 10.2866 -0.412035
-28.5278 -7.8541 21.4784
12.3484 -5.49073 4.45394
1.06354 -8.18143 -5.18865
-8.933 -2.00149 -9.04691
