-3.72532 6.48959 7.53399
7.78806 3.2714 8.48013
10.7463 -0.549892 0.643273
-9.37952 0.100423 -2.83418
-0.561163 0.323299 -3.63613
3.37343 3.7697 -4.74732
2.54751 -7.64826 -33.1126
9.37351 4.86729 3.26483
2.68398 1.48877 -0.877496
5.21853 -6.41638 -5.28086
-2.20461 1.2793 5.04886
4.20189 -0.667463 17.2838
3.97715 -3.04896 -1.28769
-13.3585 14.5228 14.1555
2.23443 -6.34848 -7.14505
-0.852537 7.11642 2.5561
2.75768 -4.46596 0.922684
19.1891 -2.36303 -9.00131
-6.09741 -12.6687 5.64876
-0.632644 -0.127148 -4.2397
7.33157 -1.5573 3.266
2.02054 -6.08842 6.19043
0.913705 0.83176 -2.05588
-0.933203 -1.53288 -1.50439
1.03026 -0.697247 -11.7234
-2.36493 -3.04665 1.31527
-0.251627 2.72678 -23.1438
3.11044 1.87527 76.7534
2.30303 2.27453 10.5166
3.94093 -9.93035 -14.464
5.88039 7.99202 -10.1358
-14.3884 -0.808896 -24.0796
8.27486 -22.4391 6.83164
-0.0685284 -1.0655 -5.32761
3.98784 2.53177 -7.06366
-1.41911 1.75044 -1.01963
-9.52334 1.73584 1.49648
-0.514883 6.78826 -2.02961
-11.0253 9.47408 -11.5209
-0.486518 -2.30811 5.43876
0.769536 -11.2543 5.23728
6.06692 -4.37808 6.50168
-2.61 0.271229 -54.9039
-2.68841 6.38448 -3.55792
7.45299 0.243372 -14.3702
-10.5321 248.154 3.93357
3.81461 -4.53269 -8.29984
1.08444 -4.99973 3.95691
0.535046 -3.52865 4.82297
2.86862 -2.4561 -3.4323
-5.65253 4.23829 1.16518
-5.81022 1.88679 -3.87023
-6.10822 5.61332 -2.89463
-1.26187 2.41756 4.34136
-1.94804 -1.6633 -0.148627
-2.01688 -0.489217 1.53199
-3.9605 -1.78313 3.458
-4.30884 11.3517 -6.33759
3.40075 2.20101 1.27946
1.47339 -5.88631 2.56417
-1.29368 -4.05311 -2.35319
0.953739 -0.224143 20.8475
8.98323 2.71987 -4.88317
-10.5266 -1.81296 1.77998
1.33534 -3.51837 -5.90364
-3.08612 8.35235 40.8252
3.18654 -155.342 11.0504
-1.27258 -12.1038 6.33714
1.64044 5.65292 -9.78528
-1.51229 1.2519 -0.309801
-19.6377 -3.98702 -10.2654
-2.20155 -2.07453 5.865
4.76106 5.61059 4.0024
-14.207 -4.01809 2.70531
0.341491 3.99855 -31.0775
2.83853 1.06416 5.30123
-3.0838 6.44866 3.16181
-1.90068 -0.206956 -4.06719
2.87008 0.348354 5.71972
-1.15455 -4.32961 -7.35956
4.82244 2.00991 -2.62793
-4.01037 -3.71943 -1.33548
-6.26971 -4.66912 1.60143
2.24368 5.20812 0.521521
5.32651 -2.72441 -7.59387
0.0817618 4.90951 8.71131
0.89239 -0.0440631 12.8387
-3.49459 5.08118 -3.66626
-4.16751 0.746498 2.23101
-0.306845 -3.95956 -0.996764
-0.713655 0.123713 -0.755619
-2.75684 1.95923 3.8281
3.37748 0.743401 -2.40671
15.4062 0.477219 3.78016
-1.07773 6.56928 0.637042
0.93978 10.3099 -0.608737
-28.2959 -8.3124 21.3894
11.4228 -5.91564 4.52989
1.25907 -8.39405 -4.87888
-9.06059 -1.99641 -9.16607
