-3.72827 6.43352 7.58081
7.87143 3.25557 8.52693
10.6334 -0.436435 0.636328
-9.37614 0.115594 -2.78262
-0.433147 0.279804 -3.59595
3.37735 3.7464 -4.89456
2.54031 -7.62092 -33.1159
9.4024 4.84613 3.31693
2.68748 1.46399 -0.893301
5.22309 -6.42006 -5.27314
-2.29009 1.29817 5.03835
4.30879 -0.489606 17.2814
3.95099 -2.962 -1.28136
-13.2782 14.5201 14.2625
2.2435 -6.32256 -7.25777
-0.688502 7.11951 2.524
2.78579 -4.46229 0.936516
19.2106 -2.36546 -8.98874
-6.15802 -12.6474 5.69879
-0.637408 -0.127702 -4.23397
7.27729 -1.57766 3.26458
2.01419 -6.1208 6.16993
0.898619 0.77326 -2.05793
-0.955373 -1.56432 -1.50972
0.986345 -0.594304 -11.6163
-2.36065 -3.02209 1.2406
-0.12225 2.85702 -23.2193
3.0272 1.8729 76.8169
2.28554 2.29669 10.4979
3.97873 -9.9342 -14.5417
5.79139 7.96872 -10.1983
-14.4118 -0.804155 -24.0165
8.35518 -22.646 6.61532
-0.0565621 -1.09648 -5.35483
3.88439 2.59446 -7.02423
-1.44328 1.72653 -1.02299
-9.53274 1.71232 1.51688
-0.548548 6.6488 -2.129
-10.9958 9.40115 -11.3489
-0.497077 -2.29388 5.42494
0.703919 -11.1443 5.2585
6.17228 -4.38677 6.45951
-2.49888 -0.0142741 -54.9077
-3.10902 6.3832 -3.59687
7.45057 0.140133 -14.4423
-10.6925 248.094 3.97597
3.9129 -4.62756 -8.3044
0.907971 -5.04847 3.9877
0.575679 -3.56615 4.81748
2.85454 -2.44485 -3.48185
-5.63008 4.29112 1.1828
-5.81816 1.88429 -3.86058
-5.9277 6.08512 -2.85403
-1.2594 2.40555 4.56463
-1.95328 -1.75477 -0.102425
-2.00491 -0.493102 1.59618
-3.9966 -1.7804 3.50745
-4.25132 11.4628 -6.49968
3.40537 2.29399 1.24133
1.47097 -5.89875 2.53515
-1.2803 -4.03416 -2.34316
1.04135 -0.0808102 20.8021
8.97628 2.72263 -4.87492
-10.4665 -1.71886 1.85561
1.34373 -3.52987 -5.90109
-3.10041 8.35524 40.8235
3.18483 -155.326 10.9905
-1.35966 -11.9621 6.26883
1.64737 5.58612 -9.7685
-1.48004 1.27088 -0.334035
-19.6508 -4.05798 -10.289
-2.43443 -1.98535 6.02408
4.75262 5.60049 3.97266
-14.2115 -4.00375 2.76775
0.326251 4.00016 -31.0896
2.83872 1.10943 5.23615
-3.06113 6.46002 3.16997
-1.90964 -0.163677 -4.04127
2.87039 0.378281 5.7328
-1.05191 -4.24244 -7.35997
4.86301 2.03009 -2.53058
-3.91247 -3.74986 -1.36486
-6.37549 -4.64514 1.60133
2.24004 5.19969 0.522413
5.31895 -2.71738 -7.8609
-0.0385937 4.84952 8.7521
0.889346 -0.0113544 12.837
-3.50178 5.15576 -3.63925
-4.12075 0.751928 2.27862
-0.323047 -4.05849 -1.03669
-0.681824 0.125646 -0.757911
-2.81057 1.96354 3.83781
3.34499 0.700445 -2.50672
15.4208 0.508983 3.77608
-1.07114 6.59703 0.634315
1.01474 10.3257 -0.714149
-28.2163 -8.54728 21.355
11.1155 -6.143 4.56463
1.37516 -8.50811 -4.76145
-9.13022 -1.99188 -9.24296
