-3.73648 6.31202 7.68209
8.03222 3.21671 8.65943
10.4257 -0.229081 0.623165
-9.37021 0.141089 -2.682
-0.212167 0.179522 -3.51186
3.38562 3.6916 -5.24862
2.52692 -7.56733 -33.1219
9.44071 4.74407 3.35084
2.69871 1.3968 -0.927389
5.23141 -6.43196 -5.25697
-2.46805 1.3286 5.01726
4.54243 -0.214306 17.2916
3.90306 -2.80567 -1.27086
-13.1293 14.5054 14.0645
2.26653 -6.28819 -7.48841
-0.281395 7.12603 2.4697
2.8503 -4.45677 0.966861
19.2644 -2.37458 -8.95238
-6.28245 -12.6215 5.80284
-0.647599 -0.127947 -4.10509
7.17038 -1.62193 3.26299
1.99938 -6.19086 6.13136
0.868078 0.654503 -2.06014
-1.00134 -1.62941 -1.51856
0.902522 -0.43364 -11.4319
-2.32369 -2.98602 1.06708
-0.16758 2.8793 -23.2978
2.85862 1.8436 76.7326
2.25074 2.33368 10.4616
4.0654 -9.94126 -14.688
5.63015 7.91574 -10.3262
-14.4624 -0.789145 -23.9138
8.5415 -22.5426 6.25949
-0.0315499 -1.17468 -5.40966
3.68433 2.71253 -6.94805
-1.49073 1.67629 -1.02581
-9.56163 1.66181 1.55757
-0.618481 6.39007 -2.31249
-10.9406 9.24619 -10.9832
-0.514671 -2.27121 5.39769
0.583927 -10.9744 5.29976
6.39684 -4.41009 6.39928
-2.36829 -0.293117 -54.9122
-4.12992 6.37432 -3.67113
7.44645 -0.0798994 -14.6028
-10.9624 248.107 4.0934
4.10397 -4.85991 -8.31872
0.535384 -5.13411 4.09085
0.653638 -3.67281 4.81465
2.83062 -2.42586 -3.59758
-5.58908 4.3959 1.22099
-5.85543 1.88085 -3.82154
-5.62344 6.27347 -2.78596
-1.24612 2.35949 5.17428
-1.96329 -1.71788 -0.0143672
-1.97856 -0.503015 1.76076
-4.06523 -1.77848 3.61136
-4.14728 11.6272 -6.86068
3.41419 2.46147 1.16711
1.46552 -5.93299 2.47925
-1.25427 -4.00178 -2.31854
1.21797 0.0872479 20.7293
8.96446 2.72472 -4.86104
-10.3702 -1.56598 2.02709
1.3594 -3.5557 -5.89816
-3.13185 8.3627 40.8226
3.18458 -155.324 10.8704
-1.53246 -11.7439 6.1405
1.65994 5.4547 -9.73064
-1.41804 1.30152 -0.382342
-19.671 -4.21348 -10.3266
-2.96032 -1.83471 6.42057
4.73519 5.56962 3.919
-14.2208 -3.98286 2.87199
0.299964 4.00692 -31.1202
2.8335 1.18622 5.11738
-3.01594 6.48201 3.18387
-1.92617 -0.108607 -3.99594
2.87092 0.430402 5.76001
-0.849413 -4.08564 -7.35605
4.9626 2.06212 -2.33482
-3.7232 -3.83577 -1.41894
-6.57875 -4.59794 1.60345
2.23325 5.18168 0.525691
5.29761 -2.68489 -8.48442
-0.105664 4.85447 8.80055
0.883199 0.0488559 12.8334
-3.513 5.30175 -3.5876
-4.0144 0.757295 2.44353
-0.344585 -4.22492 -1.06999
-0.617412 0.125788 -0.761917
-2.92391 1.96503 3.86481
3.28516 0.603098 -2.69245
15.4535 0.559277 3.76728
-1.0574 6.65778 0.628206
1.21031 10.3506 -0.971732
-28.1111 -8.41799 21.308
10.6839 -6.60262 4.64986
1.57107 -8.79669 -4.55752
-9.28159 -1.98407 -9.40042
