-3.76297 6.14647 7.83648
8.24738 3.1598 8.86832
10.1187 0.115533 0.602206
-9.36975 0.18106 -2.57464
0.100148 0.0492242 -3.40646
3.39447 3.60681 -6.02975
2.51202 -7.49237 -33.1402
9.4751 4.52311 3.35212
2.72999 1.29755 -0.991159
5.23895 -6.45376 -5.23473
-2.78678 1.37625 4.98783
4.79004 0.169114 17.311
3.82763 -2.58558 -1.26141
-13.0124 14.5618 13.5055
2.29293 -6.24724 -7.2288
0.487438 7.14554 2.39468
2.93071 -4.44545 1.00552
19.3701 -2.38757 -8.91206
-6.55512 -12.5826 5.96551
-0.663532 -0.129263 -3.97077
7.01629 -1.68952 3.26159
1.96155 -6.29881 6.07057
0.818241 0.476421 -2.05949
-1.07832 -1.72524 -1.53084
0.731398 -0.186801 -11.1975
-2.18578 -2.99351 0.763717
-0.283302 2.89098 -23.3288
2.51771 1.80403 76.6442
2.17814 2.38609 10.4162
4.22456 -10.0345 -14.8421
5.41139 7.85231 -10.5715
-14.5964 -0.717188 -23.8373
8.79401 -22.2032 5.77412
0.00669146 -1.30692 -5.51013
3.26354 2.94812 -6.84193
-1.5614 1.60724 -1.02222
-9.63717 1.59167 1.60142
-0.753511 6.05379 -2.58345
-10.8812 9.04731 -10.4007
-0.539763 -2.24268 5.34946
0.379158 -10.7538 5.35617
6.92885 -4.42993 6.32626
-2.19989 -0.583948 -54.8986
-5.94878 6.34489 -3.81297
7.44295 -0.41454 -14.7909
-10.6148 247.988 4.29153
4.36862 -5.20222 -8.36646
-0.21871 -5.25299 4.23786
0.757721 -3.8415 4.81671
2.79238 -2.40082 -3.80347
-5.54433 4.58071 1.27607
-5.98321 1.92398 -3.78702
-5.28177 5.42024 -2.72861
-1.25268 1.98196 5.3351
-1.98606 -1.54469 0.116573
-1.93821 -0.510783 2.07653
-4.20717 -1.78181 3.77085
-4.06442 11.9086 -7.63889
3.42546 2.70722 1.03653
1.45038 -5.99031 2.3941
-1.22285 -3.95686 -2.28021
1.46236 0.409286 20.6352
8.94626 2.72817 -4.84634
-10.2989 -1.33825 2.34005
1.37634 -3.59267 -5.90832
-3.1984 8.38189 40.8225
3.17679 -155.385 10.7447
-1.83676 -11.4716 5.95684
1.66894 5.2755 -9.66233
-1.3432 1.34962 -0.487548
-19.6968 -4.47434 -10.3715
-2.66514 -1.58817 7.54269
4.695 5.51553 3.85269
-14.2535 -3.9537 3.0422
0.275381 4.0509 -31.2536
2.82274 1.30909 4.93632
-2.96155 6.53275 3.18908
-1.95963 -0.0373416 -3.93706
2.86599 0.505299 5.80574
-0.5824 -3.81069 -7.33852
5.07525 2.12185 -2.09643
-3.4283 -3.97276 -1.51195
-6.45334 -4.52646 1.60932
2.22166 5.15906 0.531568
5.27931 -2.24991 -8.13208
-0.179917 4.85941 8.84159
0.866506 0.130576 12.8263
-3.53213 5.53564 -3.51948
-3.90253 0.760491 2.70268
-0.3652 -4.46427 -1.09528
-0.531159 0.124926 -0.772759
-3.14947 1.96991 3.91168
3.18438 0.465499 -2.97535
15.5033 0.626521 3.74497
-1.03944 6.77516 0.618636
1.38242 10.3984 -1.63021
-28.0342 -7.96527 21.2626
10.0327 -7.34405 4.76975
1.81629 -9.24544 -4.28881
-9.57398 -1.97209 -9.68944
