-3.84434 5.74264 8.35542
9.09061 2.98565 8.55737
9.69156 1.02315 0.552993
-9.35986 0.296707 -2.34002
1.18358 -0.30675 -3.13898
3.43658 3.26321 -6.35607
2.47583 -7.3538 -33.3613
9.70276 3.82843 3.361
2.91482 1.09126 -1.17777
5.24276 -6.54972 -5.16632
-3.94109 1.49537 4.9512
3.35983 0.935137 17.5578
3.66 -2.10455 -1.26149
-12.8769 14.5612 12.831
2.39856 -6.13518 -6.5634
0.684086 7.26502 2.3168
3.19431 -4.41701 1.09287
19.7849 -2.40947 -8.85079
-7.52887 -12.4529 6.45689
-0.712801 -0.129598 -3.57235
6.70695 -1.94108 3.25464
1.93927 -6.59262 5.87336
0.723764 -0.0989153 -2.0472
-1.26235 -2.0175 -1.58054
0.448125 0.368859 -10.7821
-1.98581 -3.04836 0.365515
-0.612433 2.8924 -23.4222
1.76042 1.74271 76.8234
2.00946 2.56076 10.3676
4.78577 -10.1691 -15.2437
4.96638 7.72901 -11.7674
-15.2531 -0.651077 -23.8559
9.6554 -21.7362 4.74554
0.125515 -1.66994 -5.9296
2.55448 3.4516 -6.73115
-1.69591 1.48657 -1.0006
-9.95157 1.40576 1.69901
-1.10674 5.31592 -3.321
-10.8011 8.6839 -9.76429
-0.575824 -2.18983 5.24062
-0.130531 -10.4428 5.5777
7.62255 -4.51586 6.10579
-1.30544 -2.05244 -55.1277
-4.67496 6.05886 -4.7576
7.44313 -1.29973 -14.1492
-9.66946 247.618 5.15721
3.28996 -5.93189 -8.5254
-2.39438 -5.75145 4.85096
1.05256 -4.23948 4.81483
2.68577 -2.34682 -4.43093
-5.43709 4.83782 1.40317
-6.17797 2.12959 -4.0054
-4.45917 4.00854 -2.63126
-1.43735 1.74243 5.21539
-2.03541 -1.11908 0.449238
-1.78894 -0.469346 2.56762
-4.67909 -1.83882 4.33974
-3.79809 11.5435 -7.87114
3.48338 2.74843 0.581953
1.38194 -6.25076 2.16334
-1.11898 -3.86232 -2.1966
2.21175 1.42414 20.6133
8.90141 2.73862 -4.82718
-10.2037 -0.578754 2.98799
1.40359 -3.81108 -6.05519
-3.36815 8.38093 40.9564
3.15268 -155.287 10.4997
-2.7437 -10.9342 5.56008
1.61101 4.87759 -9.51711
-1.19116 1.53669 -0.78225
-20.0183 -5.47828 -10.5781
-1.29594 -1.00327 8.63035
4.59468 5.4539 3.66267
-14.4727 -3.87717 3.58499
0.18775 4.02724 -30.9684
2.79622 1.66015 4.4558
-2.78896 6.75492 3.11486
-2.03044 0.143615 -3.83418
2.84077 0.687216 5.95311
0.310393 -2.51737 -7.79945
5.45435 2.38273 -1.61164
-2.6902 -4.32078 -1.84904
-5.92767 -4.39192 1.62456
2.1949 5.10576 0.548638
5.42714 -2.00414 -7.55
-0.388942 4.8601 9.02395
0.81908 0.270805 12.8277
-3.57808 6.2952 -3.36923
-3.64137 0.762268 3.29198
-0.404791 -4.82501 -1.17418
-0.348352 0.122044 -0.813133
-3.36889 1.98549 4.06613
2.97737 0.120895 -3.80635
15.7604 0.453439 3.87141
-0.937736 7.19942 0.631
1.72911 11.1397 -3.06166
-27.9836 -6.86495 21.1314
9.07499 -7.43023 5.27154
2.93216 -9.57434 -3.65237
-10.9245 -2.03565 -11.017
