-3.85134 5.6919 8.44849
9.13985 2.95727 8.44851
9.65696 0.957041 0.54357
-9.35554 0.315606 -2.3086
1.33514 -0.356177 -3.1112
3.45579 3.22437 -5.78292
2.47944 -7.33874 -33.4265
9.73194 3.76766 3.36666
2.95193 1.0722 -1.1966
5.24269 -6.56446 -5.1543
-4.14307 1.51143 4.95104
3.03459 1.01871 17.6067
3.63686 -2.04428 -1.26168
-12.8493 14.5401 12.7864
2.41666 -6.11998 -6.5066
0.759057 7.27287 2.30412
3.22911 -4.41282 1.1016
19.7466 -2.40339 -8.85519
-7.69688 -12.4374 6.51803
-0.718334 -0.129546 -3.51825
6.67817 -1.9754 3.25539
1.93547 -6.6342 5.8558
0.716377 -0.144066 -2.04485
-1.28104 -2.04206 -1.58945
0.421145 0.418554 -10.777
-1.98251 -3.03285 0.322271
-0.646293 2.89118 -23.4395
1.69611 1.72505 76.857
1.99115 2.59139 10.3617
4.90427 -10.1842 -15.1131
4.93625 7.71704 -11.7769
-15.3451 -0.6506 -23.8585
9.54442 -21.7 4.6138
0.140095 -1.70984 -5.98482
2.46516 3.49865 -6.73368
-1.7123 1.4825 -1.00062
-9.9964 1.38057 1.72008
-1.14348 5.23446 -3.42058
-10.796 8.65079 -9.71768
-0.575146 -2.1826 5.23041
-0.193481 -10.4306 5.6038
7.50197 -4.53173 6.08343
-1.18345 -2.31148 -55.0907
-4.47066 6.03552 -4.90439
7.44649 -1.39982 -14.0968
-9.58194 247.629 5.24865
3.20697 -6.00852 -8.55493
-2.65843 -5.8436 4.94404
1.092 -4.2855 4.81263
2.6705 -2.34174 -4.5081
-5.42558 4.73726 1.41708
-6.18551 2.15239 -4.04001
-4.38264 3.8734 -2.62297
-1.44006 1.73868 5.10106
-2.04083 -1.06726 0.491369
-1.77191 -0.465214 2.15264
-4.73785 -1.84792 4.4349
-3.75755 11.3571 -7.78396
3.49599 2.66309 0.52699
1.37415 -6.29157 2.138
-1.1019 -3.84523 -2.18963
2.28816 1.50104 20.6162
8.89306 2.74127 -4.82533
-10.1942 -0.479829 3.03818
1.41059 -3.85513 -6.07663
-3.3971 8.4001 41.0223
3.14999 -155.285 10.482
-2.85653 -10.8784 5.51477
1.60939 4.84061 -9.51476
-1.17036 1.56558 -0.82102
-20.0651 -5.57832 -10.6372
-1.14694 -0.936064 8.33536
4.58742 5.44821 3.63687
-14.5173 -3.86996 3.65016
0.178137 4.02354 -30.9079
2.79342 1.71139 4.40309
-2.76448 6.8014 3.09798
-2.04275 0.163827 -3.82582
2.83325 0.717807 5.97469
0.395309 -2.44324 -7.84669
5.51907 2.41377 -1.58091
-2.58175 -4.36597 -1.89525
-5.87339 -4.37696 1.62562
2.19192 5.10094 0.550502
5.43011 -1.99957 -7.43084
-0.421435 4.85798 9.05241
0.819962 0.296623 12.8344
-3.58293 6.24137 -3.35315
-3.6109 0.761777 3.35587
-0.405694 -4.73845 -1.18477
-0.320101 0.122493 -0.818809
-3.24632 1.98443 4.08638
2.96324 0.0809148 -3.92682
15.8658 0.485653 3.87524
-0.922401 7.29426 0.62861
1.82166 11.2533 -2.9505
-28.001 -6.76118 21.1221
8.96936 -7.31471 5.36539
3.15614 -9.21413 -3.62169
-11.1491 -2.03167 -11.3258
