-6.3634 -0.758348 -2.89875
-1.75707 1.97694 0.811077
-1.07247 -1.09144 0.136054
0.0887496 -0.0580252 0.0456621
1.53738 -1.82254 2.55013
2.08675 0.341449 0.526045
0.203656 -1.27717 0.17403
1.40642 1.50246 2.36757
1.23165 2.52788 -2.95249
1.54304 -1.98471 -0.747604
1.53374 0.410662 1.02891
-0.616055 1.0839 3.99076
-0.195603 2.78846 -0.627571
-2.70483 -0.968721 -3.52219
2.01278 -1.35309 1.22891
0.25535 0.556759 -1.12362
-0.0122308 -1.47889 0.0829029
-0.957114 -0.180977 -1.05539
-3.7707 0.215771 -0.862021
-1.83676 1.98273 1.48792
-5.32375 0.249765 0.789521
0.440708 1.5904 0.0864544
2.47747 -1.76509 -1.30053
0.0800351 0.960337 4.31577
4.08022 -2.25706 -0.173287
-0.683122 -1.99479 -4.68762
0.703411 8.63981 1.12233
-0.220309 0.418444 1.53371
2.56977 1.05468 3.28196
-4.30473 2.96256 -2.69431
-1.80077 1.90514 -1.14046
3.76254 1.34318 -7.57303
-1.21328 1.07839 0.705903
1.29696 0.240148 -1.24318
-6.1701 -0.521092 2.3347
-0.772019 1.22645 -3.56114
-0.361423 -2.70905 -0.0594552
-0.785367 0.452843 -0.288986
-9.41197 -2.20935 1.07668
2.78858 0.211265 4.81245
-1.57409 -0.610539 -5.58004
1.49607 -1.89132 -0.533118
-0.496023 -3.23723 4.03975
-5.69389 3.73609 -2.7956
-6.07187 2.43058 -1.00862
-0.815513 4.32777 0.84198
-1.64465 0.991594 2.63995
4.51646 -0.497068 0.38737
3.43704 2.58096 -0.459455
0.789849 -0.535551 2.11126
1.58138 -2.0852 0.754823
-1.98099 0.00304852 -0.214219
-1.84608 1.01784 3.17216
2.64286 4.5605 0.204545
1.39624 1.61501 -1.04425
0.427269 -0.0640339 0.766072
-0.188248 1.22724 0.0294091
1.06809 0.658364 -7.41476
-4.92594 -1.56842 0.772592
-1.00751 -1.53283 -0.216317
-0.58645 -0.680271 1.79969
-2.99102 1.67931 -0.879488
1.87116 1.9742 -1.69418
1.37596 -1.16719 -0.0214866
1.10953 -3.55907 3.54476
3.75604 0.297286 1.51224
0.659213 -2.26355 -3.01823
-1.70867 -0.872974 -2.66786
-1.41123 1.30818 -2.26073
2.41391 0.0181649 -1.83029
3.23265 -1.99707 4.37991
5.38346 -1.06631 -0.713373
-3.11179 4.479 -4.52713
-1.35858 -1.81111 -1.41076
1.07998 3.05308 4.52971
2.15817 0.666022 -0.0127813
0.462669 -5.08377 -1.59211
-3.92092 1.72409 0.783646
0.312217 -1.15515 0.957293
-1.26401 -1.25506 -4.72456
0.237649 1.31352 -1.26245
0.426463 -2.27262 0.228848
-0.667705 -1.85711 -0.83039
-0.632951 -0.111972 -0.529041
-0.237873 -1.35694 -3.93535
1.47341 -0.200777 0.452234
-1.15861 0.632574 0.763801
-0.250377 -0.39188 -0.0250801
-2.63251 -2.49351 0.891839
0.0941994 0.322876 -0.0411049
3.14442 -1.30547 0.528168
-1.37004 -2.24957 -0.350029
4.52565 1.45038 -0.451428
2.02274 -3.72378 1.12579
-0.817826 0.540924 1.00669
1.30295 -1.18796 0.921492
2.84463 1.30601 3.14344
4.45971 5.40769 1.8663
0.990632 0.689671 0.677246
2.41382 -0.605132 -6.56711
