-3.88113 5.55731 8.75193
8.84785 2.87603 8.05524
9.55687 0.738423 0.502554
-9.33031 0.364887 -2.21433
1.75511 -0.512954 -3.04692
3.52393 3.13788 -4.58274
2.48512 -7.30896 -33.2469
9.81349 3.6151 3.37845
3.06926 1.01305 -1.25194
5.24257 -6.61487 -5.11852
-4.68259 1.53843 4.9583
2.20451 1.18474 17.8137
3.557 -1.85457 -1.27803
-12.778 14.4935 12.7628
2.48103 -6.07644 -6.36204
1.09654 7.29361 2.25419
3.33493 -4.40102 1.12719
19.6608 -2.41239 -8.85718
-8.23452 -12.4395 7.02562
-0.73535 -0.130788 -3.38565
6.59721 -2.08498 3.26013
1.92076 -6.77364 5.8011
0.701083 -0.278954 -2.03192
-1.34204 -2.12381 -1.62121
0.304595 0.579203 -10.7462
-1.97469 -2.9874 0.138336
-0.769432 2.88902 -23.5205
1.55892 1.69247 76.6308
1.93825 2.68223 10.3407
5.25434 -10.2206 -14.8805
4.85077 7.68156 -11.3607
-15.0318 -0.653153 -23.8715
8.36416 -21.6432 4.21449
0.186752 -1.83213 -6.16474
2.17556 3.63456 -6.73349
-1.78356 1.46667 -1.00922
-10.1677 1.33501 1.75488
-1.24985 4.98522 -3.73204
-10.8025 8.57297 -9.62172
-0.572451 -2.16119 5.19526
-0.369676 -10.3997 5.73403
7.09735 -4.60227 6.02617
-0.935891 -2.04559 -55.0732
-3.49172 5.99868 -5.34729
7.46414 -1.69093 -13.9571
-9.34795 247.391 5.51418
2.96988 -5.79602 -8.65155
-3.41244 -6.15761 5.20022
1.21223 -4.43516 4.80222
2.64063 -2.32428 -4.84511
-5.39725 4.47333 1.4495
-6.2026 2.21346 -4.15315
-4.1798 3.40913 -2.6045
-1.44383 1.73012 4.81566
-2.05738 -0.914536 0.616668
-1.73274 -0.468111 1.2388
-4.89683 -1.85355 4.39476
-3.64557 10.9382 -7.54791
3.54269 2.40699 0.363329
1.38024 -6.44588 2.08169
-1.05101 -3.79294 -2.17772
2.53862 1.71255 20.615
8.87388 2.75714 -4.83215
-10.1657 -0.235339 3.19829
1.43663 -3.99384 -6.13399
-3.4928 8.4793 40.9744
3.13678 -155.325 10.4166
-3.1535 -10.7635 5.38963
1.61399 4.76611 -9.52167
-1.10233 1.64812 -0.934795
-20.2275 -6.06887 -10.8557
-0.655842 -0.76889 7.70311
4.56525 5.43523 3.55409
-14.6592 -3.84598 3.87392
0.147266 4.01106 -30.8393
2.78626 1.87077 4.24169
-2.69035 6.97758 3.0436
-2.08565 0.22196 -3.80248
2.79884 0.832621 6.02727
0.839318 -2.26053 -7.94842
5.71195 2.47462 -1.48579
-2.26488 -4.54314 -2.04421
-5.72052 -4.33894 1.62799
2.18106 5.08895 0.550323
5.45176 -1.99202 -7.1531
-0.53625 4.84847 9.12307
0.828928 0.405904 12.8611
-3.60146 5.58021 -3.31862
-3.5115 0.760732 3.54057
-0.405831 -4.47387 -1.21395
-0.226663 0.122874 -0.837687
-2.90219 1.97912 4.13411
2.92803 -0.0443812 -4.32567
15.9066 0.58559 3.86598
-0.883346 7.67978 0.620611
2.19336 11.4585 -2.71405
-28.0327 -6.45599 21.1344
8.72502 -7.06288 5.63735
3.73257 -8.98589 -3.49655
-10.9942 -2.0598 -10.9054
