-3.91443 5.47573 8.97464
8.67508 2.83307 7.87129
9.48566 0.568573 0.46079
-9.29992 0.365394 -2.13415
1.95686 -0.605332 -3.00602
3.56716 3.09508 -4.07736
2.47877 -7.30168 -33.1612
9.86501 3.52234 3.38438
3.15031 0.972496 -1.28495
5.24328 -6.66491 -5.09963
-4.9381 1.55242 4.97036
1.79399 1.32143 17.8605
3.51848 -1.72678 -1.29817
-12.7643 14.5221 12.7474
2.51627 -6.05168 -6.2754
1.28427 7.30768 2.2175
3.39682 -4.3931 1.15032
19.6077 -2.42345 -8.84757
-7.45171 -12.473 8.26058
-0.75236 -0.132035 -3.29092
6.54704 -2.16123 3.26665
1.9108 -6.89224 5.76552
0.697645 -0.367026 -2.0104
-1.38462 -2.18873 -1.64626
0.217358 0.687722 -10.7047
-1.95525 -2.98935 0.032189
-0.858258 2.88108 -23.6041
1.45489 1.68946 76.5954
1.90167 2.7401 10.329
5.42062 -10.2632 -14.777
4.78004 7.65662 -11.132
-14.7445 -0.660439 -23.8898
7.85499 -21.6495 4.02827
0.204452 -1.91943 -6.28595
1.97509 3.7308 -6.72088
-1.84409 1.44613 -1.01689
-10.2463 1.31218 1.7694
-1.33109 4.8083 -3.98752
-10.8154 8.5385 -9.56812
-0.56788 -2.15406 5.17934
-0.499535 -10.3795 5.86386
6.83478 -4.69601 6.00944
-0.836779 -1.89833 -55.0626
-3.02652 6.00437 -5.61935
7.49585 -1.87164 -13.8615
-9.23334 247.359 5.70952
2.80036 -5.64413 -8.71225
-3.7028 -6.37643 5.3714
1.2926 -4.54701 4.79324
2.6226 -2.31211 -5.00918
-5.39347 4.29758 1.46246
-6.211 2.24735 -4.23215
-4.06607 3.0856 -2.5798
-1.44711 1.72178 4.66224
-2.07195 -0.817262 0.702447
-1.7167 -0.479344 0.8394
-5.49688 -1.84588 3.49671
-3.58 10.7455 -7.40293
3.57644 2.23476 0.258487
1.36687 -6.55238 2.03012
-1.02116 -3.76331 -2.17177
2.73052 1.82516 20.6034
8.86495 2.77773 -4.83904
-10.1509 -0.102841 3.31634
1.45416 -4.09303 -6.1656
-3.56204 8.53122 40.8557
3.13044 -155.305 10.3841
-3.35138 -10.7221 5.3334
1.6196 4.73125 -9.53506
-1.06103 1.69975 -1.0117
-20.3835 -6.00393 -11.0476
-0.304375 -0.664056 7.39392
4.55533 5.42443 3.50805
-14.8019 -3.82614 3.98987
0.117139 4.00331 -30.8113
2.78157 1.9789 4.13594
-2.64 7.11637 3.01233
-2.12489 0.257686 -3.78021
2.76048 0.947334 6.04753
1.14663 -2.14921 -8.00346
5.82474 2.50797 -1.41092
-2.07277 -4.68266 -2.143
-5.62674 -4.31767 1.63252
2.17608 5.0788 0.545878
5.46475 -2.0014 -7.01559
-0.639925 4.83878 9.18272
0.836648 0.477121 12.8848
-3.62083 5.18307 -3.29919
-3.47065 0.756412 3.67665
-0.40497 -4.30371 -1.22977
-0.163501 0.122226 -0.849194
-2.72571 1.97298 4.18535
2.90198 -0.137312 -4.43391
15.7662 0.651435 3.85795
-0.860769 7.95645 0.618314
2.44234 11.4853 -2.56722
-28.0563 -6.3325 21.1667
8.5836 -6.93802 5.82128
4.00772 -8.81452 -3.4083
-10.6094 -2.104 -10.608
