-4.07379 5.26873 9.62958
8.24516 2.70968 7.5136
9.35811 -0.555254 0.208785
-9.36761 0.284691 -1.98334
2.2313 -0.846721 -2.8596
3.65376 3.0197 -3.10713
2.44883 -7.29762 -33.0778
10.0124 3.33241 3.39856
3.38957 0.850593 -1.37039
5.25579 -6.82922 -5.07612
-4.57533 1.65297 5.00383
0.702771 1.78673 17.109
3.45656 -1.32854 -1.28829
-12.7459 14.7063 12.6294
2.60836 -5.97142 -6.0073
1.68576 7.33492 2.13315
3.57133 -4.35283 1.25576
19.4967 -2.46569 -8.80846
-5.59848 -12.5761 8.26742
-0.807796 -0.11264 -3.03708
6.3992 -2.39101 3.29225
1.89653 -6.14785 5.64735
0.597753 -0.707346 -1.84161
-1.55423 -2.46595 -1.74264
-0.0645022 1.04868 -10.5959
-1.92613 -2.97852 -0.192618
-1.20764 2.82194 -24.0855
1.00057 1.66822 76.6499
1.76322 2.89822 10.2989
5.72609 -10.4886 -14.502
4.58628 7.57433 -10.6495
-14.2196 -0.717134 -24.0454
7.08827 -21.6631 3.74067
0.21597 -2.23151 -6.68528
1.29455 4.09158 -6.67212
-2.07223 1.35105 -1.03236
-9.92787 1.30307 1.79606
-1.65982 4.35787 -5.20551
-10.8352 8.47538 -9.42089
-0.557591 -2.13764 5.13227
-0.949259 -10.3107 6.36138
6.20855 -4.90595 5.89069
-0.569438 -1.49214 -55.0846
-2.15456 6.08368 -6.21237
7.64822 -2.37121 -13.6627
-9.00776 247.147 5.50194
2.05638 -5.3052 -8.80405
-3.08715 -6.74674 6.07881
1.49983 -4.97739 4.7717
2.56731 -2.27249 -5.16401
-5.44622 3.90114 1.56185
-6.23729 2.33357 -4.48415
-3.77419 2.46369 -2.48737
-1.46294 1.69905 4.26653
-2.15574 -0.512272 0.933756
-1.70244 -0.51914 0.0599578
-6.93699 -1.82535 2.66579
-3.48518 10.3781 -6.96179
3.6676 1.73324 -0.0174876
1.37576 -7.04647 1.79778
-0.945434 -3.66601 -2.13781
3.37958 2.25178 20.66
8.83371 2.90323 -4.84692
-10.1266 0.231235 3.73835
1.50545 -4.39586 -6.24176
-3.80327 8.776 40.7353
3.06707 -155.298 10.3484
-4.12745 -10.6858 5.24204
1.64286 4.65885 -9.58561
-0.97391 1.85406 -1.20859
-20.4471 -5.13568 -11.7901
0.952083 -0.366721 6.90819
4.51052 5.39616 3.38039
-14.9083 -3.76009 3.55855
-0.0285931 4.02536 -30.8092
2.76259 2.30876 3.81605
-2.51002 7.87792 2.95641
-2.35152 0.449922 -3.8237
2.80985 1.4058 6.22399
1.77879 -1.80969 -8.12283
5.87209 2.64548 -0.94408
-1.62496 -5.17872 -2.4102
-5.42543 -4.24752 1.662
2.19455 5.04405 0.535461
5.45982 -2.03972 -6.7255
-0.997544 4.81378 9.48491
0.875056 0.693777 12.9661
-3.70466 4.4893 -3.24161
-3.39905 0.781525 4.45133
-0.404665 -3.80665 -1.27304
-0.0212733 0.125346 -0.872297
-2.26802 1.95373 4.50748
2.81006 -0.433556 -3.38202
15.3658 0.79889 3.86592
-0.811466 7.78319 0.626615
2.87562 10.7635 -2.09851
-28.1436 -6.26177 21.5083
8.20142 -6.65237 6.40293
4.94104 -8.31293 -3.31398
-9.97995 -2.19864 -9.76903
