-6.32979 -0.731639 -2.9292
-1.80027 2.09031 0.819717
-1.12768 -1.09981 0.134052
0.152763 0.0206451 0.0468957
1.44099 -1.8346 2.41038
2.10719 0.349114 0.383319
0.205239 -1.22226 0.174515
1.43807 1.39377 2.38701
1.33655 2.57992 -3.01234
1.57204 -2.08007 -0.763933
1.40324 0.436231 1.04895
-0.552085 1.10187 3.85475
-0.199881 2.84583 -0.637246
-2.76102 -0.982066 -3.35074
1.92685 -1.55406 0.448827
0.257246 0.560976 -1.14029
-0.0100561 -1.50533 0.220072
-0.919167 -0.181931 -1.07046
-3.64395 0.223784 -0.866214
-1.80038 2.01754 1.50323
-5.93688 0.143949 0.782424
0.446978 1.61069 0.0900592
2.4075 -1.79838 -1.32367
0.0771106 0.976516 4.39239
3.96556 -2.29434 -0.181282
-0.694471 -2.03039 -4.90438
0.725905 7.62239 1.29055
-0.223493 0.347169 1.55187
2.51493 1.06522 3.37216
-4.4032 3.02655 -2.62785
-1.84784 1.79008 -1.16371
3.86434 1.24909 -7.37834
-1.23878 0.956984 0.714142
1.3179 0.235197 -1.269
-3.62268 -0.540551 2.40991
-3.14979 1.25872 -3.49343
-0.365192 -2.75277 -0.0626084
-0.791314 0.451717 -0.362188
-8.80778 -1.67216 1.30549
2.82601 0.225622 4.95477
-1.58951 -0.620722 -5.73858
1.63739 -1.91474 -0.45202
-0.504392 -3.13691 4.17057
-5.4974 4.01997 -2.8616
-5.87408 2.22367 -1.01882
-0.823775 4.41586 0.629031
-1.68386 1.0129 2.54786
4.45189 -0.504591 0.388397
3.51072 2.62269 -0.467967
0.799684 -0.536856 2.13174
1.61012 -2.17262 0.645537
-1.99877 0.00610968 -0.216015
-1.86398 1.03351 3.07727
2.69866 4.7076 0.20763
1.41786 1.64738 -0.97469
0.425628 -0.061733 0.814732
-0.190187 1.24118 0.031859
1.27117 0.445071 -7.29523
-4.83 -1.58033 0.191874
-1.01641 -1.55165 -0.221222
-0.594018 -0.682615 1.83401
-3.05671 1.31786 -0.117803
1.88192 2.23928 -1.64273
1.40183 -1.18172 -0.0268376
1.12969 -3.69092 3.60896
3.88818 0.437276 1.61154
0.667574 -2.30651 -3.12444
-1.7377 -1.06848 -2.93212
-1.44076 1.33464 -2.29684
2.44489 0.0172053 -1.86872
3.01772 -1.73827 4.04308
5.12759 -0.928173 -0.733903
-3.20451 4.794 -4.30063
-1.37893 -1.84003 -1.33032
1.0884 3.11037 4.58701
2.19115 0.675974 -0.0123944
0.470138 -5.18823 -1.65043
-3.85417 1.75386 0.786611
0.316731 -1.16971 0.965639
-1.22542 -1.313 -4.13225
0.238558 1.33685 -1.28476
0.432465 -2.30827 0.223466
-0.673184 -1.88064 -0.848919
-0.638747 -0.114174 -0.540162
-0.142195 -1.38531 -4.06119
1.49179 -0.199273 0.457986
-1.04593 0.668827 1.04619
-0.251652 -0.393153 -0.020992
-2.65545 -1.82238 1.00902
0.088758 0.327426 -0.042947
2.74617 -1.59561 0.43135
-1.47824 -2.29165 -0.449074
4.45809 1.47763 -0.461983
2.63112 -3.79086 1.15197
-0.825277 0.548125 1.02268
1.32278 -1.20544 0.93031
2.77683 1.30578 3.01612
4.43915 5.54061 1.90413
0.897949 0.699174 0.681059
2.43322 -0.628647 -6.43304
