-4.16054 5.18947 10.0896
8.0746 2.63596 7.36534
9.36877 -1.53638 0.148135
-9.40073 0.325295 -1.94052
2.37762 -0.980594 -2.78033
3.68768 2.99209 -2.77217
2.43311 -7.29113 -33.07
10.1027 3.26777 3.39565
3.51688 0.785654 -1.41038
5.2734 -6.9278 -5.08114
-4.31263 1.72373 5.01146
0.153617 2.20641 16.903
3.45012 -1.12959 -1.27751
-12.745 14.8493 12.5507
2.64665 -5.94127 -5.87066
1.85105 7.33321 2.10963
3.66301 -4.33088 1.30186
19.4654 -2.49525 -8.79873
-5.25487 -12.6189 7.9125
-0.8388 -0.0942372 -2.94247
6.33604 -2.51002 3.30718
1.89891 -5.27989 5.58314
0.485365 -0.951517 -1.81553
-1.65054 -2.62047 -1.80263
-0.171457 1.22471 -10.572
-1.92435 -2.96639 -0.298054
-1.45892 2.7942 -24.6164
0.708567 1.61541 76.5841
1.69202 2.97244 10.2954
5.94627 -10.6417 -14.4634
4.51355 7.50363 -10.5239
-14.0798 -0.746784 -24.2244
6.81799 -21.6581 3.61557
0.206441 -2.41911 -6.90306
1.00378 4.30538 -6.65253
-2.19187 1.31304 -1.02448
-9.83758 1.31461 1.82955
-1.84226 4.16386 -5.36725
-10.8378 8.44913 -9.34716
-0.540046 -2.128 5.10881
-1.20204 -10.2762 6.59534
5.93649 -5.01366 5.83762
-0.332153 -1.29085 -55.1527
-1.94843 6.18853 -6.47942
7.6852 -2.65519 -13.5907
-8.94723 247.021 4.90619
1.54493 -5.38345 -8.9033
-3.01361 -7.08123 6.83971
1.60488 -5.15006 4.76196
2.54252 -2.25318 -5.04042
-5.45336 3.73949 1.62837
-6.25219 2.37581 -4.64038
-3.61131 2.24597 -2.44028
-1.47206 1.68651 4.09113
-2.21729 -0.366557 1.02904
-1.70184 -0.542557 -0.203534
-6.84467 -1.82521 2.40892
-3.45469 10.2332 -6.76404
3.7066 1.46839 -0.139334
1.34629 -7.37221 1.71498
-0.908567 -3.63087 -2.10751
3.63705 2.51737 20.716
8.8275 2.98792 -4.85299
-10.1242 0.381145 3.99396
1.52849 -4.55349 -6.27848
-3.94613 8.95202 40.7285
3.05312 -155.294 10.3207
-4.5013 -10.6814 5.20551
1.65536 4.6213 -9.61845
-0.948693 1.93418 -1.29372
-19.9573 -4.71379 -12.3177
1.557 -0.231007 6.71684
4.48922 5.38352 3.31496
-14.7656 -3.75352 3.3479
-0.0981789 4.02376 -30.8394
2.75402 2.49205 3.64595
-2.44964 8.41234 2.95369
-2.41092 0.508797 -3.79151
2.81044 1.52222 6.34132
1.99218 -1.63776 -8.19234
8.11057 2.83671 -0.72887
-1.44425 -5.48148 -2.52309
-5.33933 -4.21539 1.678
2.18822 5.03774 0.534115
5.44724 -2.05924 -6.62083
-1.1856 4.81716 9.80275
0.902077 0.783473 13.0205
-3.74691 4.23542 -3.21419
-3.38147 0.796722 5.03711
-0.40081 -3.55511 -1.29212
0.0370905 0.127901 -0.883286
-2.06615 1.93489 4.72337
2.77009 -0.585781 -3.05262
15.2554 0.844769 3.84389
-0.795224 7.55847 0.639334
3.12737 10.5292 -2.07843
-28.4944 -6.17914 21.6704
8.07049 -6.53655 6.66012
1.79864 -8.3227 -3.25636
-9.78291 -2.23218 -9.43989
