-4.18851 5.16505 10.2184
8.04088 2.59124 7.3019
9.36426 -1.94909 0.137652
-9.40784 0.340245 -1.92692
2.43491 -1.02712 -2.75472
3.69773 2.9839 -2.65723
2.42793 -7.28854 -33.0706
10.1395 3.24711 3.39281
3.56425 0.764441 -1.42508
5.28325 -6.96655 -5.08436
-4.23248 1.75003 5.01176
0.012044 2.28076 16.8805
3.45117 -1.06487 -1.2755
-12.7589 14.9055 12.5231
2.66256 -5.93203 -5.82895
1.90738 7.33386 2.1072
3.69874 -4.32474 1.31353
19.4577 -2.5061 -8.79752
-5.15672 -12.6335 7.80532
-0.849325 -0.0893866 -2.9158
6.31793 -2.55217 3.31199
1.89884 -4.91173 5.56195
0.454772 -1.03876 -1.81719
-1.68306 -2.67289 -1.82539
-0.1928 1.28507 -10.5638
-1.92384 -2.96081 -0.334079
-1.54293 2.74953 -24.4519
0.605318 1.61082 76.4856
1.67264 2.99726 10.296
6.02967 -10.6788 -14.4555
4.49463 7.4816 -10.5058
-14.0413 -0.757925 -24.3137
6.76175 -21.6361 3.59354
0.204045 -2.48774 -6.98204
0.936596 4.38359 -6.64148
-2.23135 1.30164 -1.02072
-9.81051 1.30951 1.83829
-1.90183 4.10343 -5.28493
-10.8402 8.44258 -9.32223
-0.533833 -2.12392 5.09728
-1.28064 -10.2629 6.666
5.8512 -5.0539 5.81796
-0.241672 -1.20381 -55.226
-1.86657 6.23896 -6.58618
7.70293 -2.76077 -13.5726
-8.93173 246.995 4.60769
1.38649 -5.34714 -8.97995
-2.92186 -7.29383 7.05846
1.64337 -5.20762 4.75783
2.53641 -2.24687 -5.00352
-5.45364 3.68719 1.65022
-6.25623 2.39002 -4.69966
-3.55046 2.18722 -2.41907
-1.47551 1.6829 4.03301
-2.23574 -0.320275 1.05825
-1.70364 -0.550091 -0.283802
-6.77029 -1.82612 2.31725
-3.44395 10.1858 -6.69743
3.72214 1.37987 -0.180964
1.33902 -7.49924 1.68354
-0.897279 -3.62141 -2.09685
3.47362 2.61714 20.7434
8.83067 3.0191 -4.85681
-10.1228 0.427648 4.07999
1.53806 -4.60868 -6.29245
-3.98933 8.99436 40.7213
3.05041 -155.31 10.3152
-4.61393 -10.6788 5.19265
1.66286 4.60882 -9.63178
-0.939457 1.96042 -1.32338
-19.871 -4.5938 -12.5031
1.76134 -0.175366 6.65557
4.48419 5.38124 3.29103
-14.7323 -3.75711 3.27875
-0.119542 4.02455 -30.8515
2.7532 2.55626 3.58821
-2.42949 8.61516 2.95595
-2.4276 0.528401 -3.77836
2.80637 1.55823 6.37999
2.05851 -1.58753 -8.22969
8.3423 2.88767 -0.67094
-1.38092 -5.57546 -2.56101
-5.30855 -4.20522 1.68285
2.18464 5.0384 0.53033
5.44307 -2.06504 -6.58827
-1.25127 4.83276 9.85249
0.913621 0.809704 13.0406
-3.759 4.15141 -3.20476
-3.37442 0.810945 5.34064
-0.390173 -3.46302 -1.2973
0.0572638 0.129596 -0.887997
-2.00057 1.9285 4.79926
2.7583 -0.635833 -2.99223
15.2262 0.873202 3.83494
-0.78977 7.48854 0.645274
3.19092 10.4813 -2.03487
-28.617 -6.15721 21.7573
8.03788 -6.49909 6.74327
1.40924 -8.31553 -3.22694
-9.73133 -2.24013 -9.3405
