-4.21706 5.14081 10.1603
8.01554 2.53749 7.2186
9.35507 -2.00257 0.129203
-9.41398 0.355165 -1.91041
2.49425 -1.07493 -2.72444
3.70715 2.97424 -2.55062
2.42241 -7.2865 -33.072
10.1789 3.22595 3.3904
3.6137 0.74286 -1.43799
5.29471 -7.00912 -5.0873
-4.15552 1.7773 5.0129
-0.105721 2.34699 16.8581
3.45174 -1.00323 -1.27128
-12.7835 14.9953 12.5032
2.68025 -5.92413 -5.77887
1.96409 7.33689 2.10891
3.73773 -4.32004 1.32662
19.4519 -2.51778 -8.79645
-5.07126 -12.6501 7.71293
-0.859935 -0.0862255 -2.88548
6.30074 -2.59703 3.31816
1.89529 -4.67284 5.54241
0.426668 -1.21063 -1.82028
-1.71569 -2.73704 -1.84652
-0.205027 1.34744 -10.5514
-1.92367 -2.95607 -0.362769
-1.62453 2.68749 -24.3348
0.508461 1.61202 76.4514
1.65526 3.02084 10.2987
6.11781 -10.717 -14.4446
4.47843 7.4622 -10.4829
-14.0074 -0.77201 -24.403
6.7197 -21.6067 3.59
0.203212 -2.55941 -7.05481
0.871249 4.47017 -6.62244
-2.27139 1.29022 -1.01539
-9.78218 1.30204 1.84609
-1.96095 4.04461 -5.1957
-10.8448 8.43612 -9.29352
-0.526132 -2.11988 5.08868
-1.35626 -10.2482 6.74154
5.76863 -5.09955 5.80078
-0.15692 -1.08648 -55.3165
-1.76715 6.28673 -6.69847
7.72537 -2.87144 -13.556
-8.92038 246.997 4.33351
1.24732 -5.30381 -9.0475
-2.81457 -7.56403 7.04536
1.68293 -5.26638 4.75428
2.53108 -2.24108 -4.9644
-5.45349 3.63502 1.67529
-6.26049 2.40412 -4.75411
-3.49406 2.13168 -2.38976
-1.47855 1.67819 3.98282
-2.25321 -0.275317 1.09116
-1.70325 -0.560723 -0.356135
-6.69934 -1.82854 2.23055
-3.43361 10.1386 -6.63401
3.73921 1.2923 -0.216929
1.33402 -7.64442 1.64898
-0.887006 -3.61257 -2.08493
3.34517 2.72394 20.792
8.8368 3.05206 -4.85948
-10.1221 0.474083 4.0875
1.54862 -4.66615 -6.30548
-4.03777 9.0284 40.708
3.04789 -155.429 10.3133
-4.72193 -10.6765 5.18277
1.66961 4.59634 -9.64365
-0.929274 1.98823 -1.34646
-19.7933 -4.48176 -12.6583
1.96302 -0.110999 6.60009
4.48155 5.37742 3.27068
-14.7016 -3.76102 3.21913
-0.140612 4.02513 -30.863
2.75303 2.6236 3.54581
-2.40886 8.8387 2.96336
-2.44374 0.547507 -3.76263
2.80038 1.59386 6.43295
2.12665 -1.54682 -8.27096
8.25825 2.93176 -0.608188
-1.31615 -5.66765 -2.59357
-5.27735 -4.19548 1.69
2.18117 5.03876 0.525854
5.43899 -2.07095 -6.55635
-1.31667 4.85383 9.91857
0.926096 0.834415 13.0709
-3.77023 4.0646 -3.19293
-3.36724 0.823546 5.54465
-0.369505 -3.34159 -1.30339
0.0781939 0.131342 -0.89125
-1.93401 1.92226 4.88219
2.74709 -0.686169 -2.92073
15.1987 0.900643 3.82746
-0.784237 7.41978 0.653383
3.25287 10.4308 -1.94454
-28.7338 -6.13888 21.8837
8.00877 -6.4628 6.83545
1.30516 -8.3042 -3.19322
-9.68578 -2.24733 -9.24214
