-0.710715 -1.34491 -0.192395
-0.069397 -0.490133 0.0757795
0.632288 -0.117557 0.0298372
-0.323974 -0.34812 -0.0173816
-1.03481 -0.15372 -0.89576
0.213047 -0.00122078 0.553771
0.0273528 -0.45679 0.0326088
0.0915183 0.525694 0.258129
-0.662568 0.18728 -0.247447
0.164462 0.565949 -0.0545176
1.27337 0.0353979 0.0906168
-0.651696 0.0845362 0.350415
-0.0076229 0.235198 -0.0749902
-0.224274 -0.107537 -0.451109
0.394315 0.364268 -0.6624
0.0353446 0.0717577 -0.127922
0.00382697 -0.203089 -0.426556
-0.420542 -0.0160946 -0.0695436
1.46761 0.0702417 -0.137154
-1.2579 0.208171 0.115505
-0.244408 -0.439276 0.0805057
0.0430293 0.175002 -0.0377344
0.318406 -0.167357 -0.138861
0.0465081 0.0718805 0.391356
0.419366 -0.203844 -0.00218498
-0.0906767 -0.26933 -0.253157
0.0185038 0.234281 -1.84528
-0.0155634 0.574694 0.107174
0.64103 0.0090254 0.26135
-0.261984 0.101176 -0.728915
-0.0967122 1.35504 -0.100659
0.255307 0.66511 -0.481284
-0.114032 0.687809 0.0568993
0.0869442 0.0543646 -0.126988
-0.31271 0.0279229 0.183178
1.3556 0.118241 -0.362922
-0.0416275 -0.260557 -0.00113456
-0.047668 -0.105646 1.65094
-0.317325 -0.185025 0.0764914
0.288321 -0.116986 0.349287
-0.266085 0.00201561 -0.402877
2.10516 -0.159313 -0.886501
-0.0410226 -0.348744 0.229329
-0.415679 -1.19584 -0.175384
-0.148128 1.4922 -0.341332
-0.076321 0.21439 0.638108
-0.148696 0.133199 0.354377
0.54498 -0.0678446 0.0599499
0.245688 0.311927 -0.053262
0.0853581 -0.090064 0.202666
0.169634 0.46956 0.487275
-0.313374 -0.013109 -0.0452132
-0.280755 0.0892713 0.691872
0.28958 0.234219 -0.0696065
0.136091 0.0818722 0.595686
0.0340449 9.57029e-05 -0.96211
-0.0290205 0.135153 -0.0238868
0.765366 0.433801 0.617587
-0.343003 -0.0688287 0.86738
-0.121815 -0.185276 -0.0334004
-0.0645587 -0.125228 0.160206
-0.192999 0.558259 -0.351648
-0.0150694 0.40446 0.679484
0.143637 -0.157891 0.0151258
0.119931 -0.338169 0.252435
0.264736 -0.546355 -0.51129
0.0933775 -0.301247 -0.250273
-0.15607 0.786504 0.716595
-0.0985633 0.09706 -0.190011
0.22339 -0.00175487 -0.174617
-1.3946 -0.46932 0.818629
0.395609 -0.769754 -0.0474127
-0.210423 0.218999 -0.294833
-0.113213 -0.198657 -0.294347
0.114623 0.28607 0.38662
0.21705 0.0597978 -0.0201936
0.0615949 -0.566245 -0.101949
-0.327645 0.166261 0.246036
0.039547 -0.14909 0.0916829
-0.445504 -0.199964 0.412812
0.0290359 0.0950236 -0.125102
0.0643183 -0.253315 0.0452766
-0.0803278 -0.229539 -0.0739915
-0.0815635 -0.0203053 -0.0358053
-0.689371 -0.147761 -0.259452
0.169935 -0.0531779 0.0294055
0.890028 -0.0402666 0.689135
-0.0352519 -0.0768319 -0.0529678
0.00370664 0.542256 -0.677088
0.137462 0.0340231 0.0142401
-0.438845 -0.0869325 0.0409263
1.0148 -0.18392 0.616689
0.699116 -0.0378182 -0.133468
-0.327466 -0.212968 0.101867
-0.111241 0.0530359 0.073641
0.151189 -0.134398 0.0760152
-2.78186 0.0613419 -1.44987
1.42187 0.379268 0.130262
-1.35287 0.0530086 0.0393838
0.402102 -0.0443153 -0.411647
