-4.41098 5.0085 9.02474
7.86278 2.5449 6.82398
9.30591 -0.742873 0.0366923
-9.45266 0.449098 -1.78128
3.00779 -1.3801 -2.5652
3.79557 2.92525 -1.91682
2.38628 -7.26736 -33.1036
10.4664 3.096 3.36039
3.93165 0.606726 -1.52113
5.37036 -7.35393 -5.11559
-3.75228 1.9838 5.0155
-0.699697 2.74663 16.7487
3.44465 -0.707931 -1.2169
-12.8458 15.7893 12.565
2.79064 -5.88336 -5.51763
2.2723 7.39659 2.12956
4.01322 -4.31009 1.4192
19.4384 -2.58251 -8.7878
-4.67101 -12.7478 7.29526
-0.929707 -0.0919727 -2.68326
6.21043 -2.86752 3.36412
1.81872 -4.30216 5.44652
0.29335 -2.24759 -1.85954
-1.91372 -3.18161 -1.97095
-0.356743 2.4172 -10.5818
-1.9201 -2.92442 -0.516789
-2.13592 2.55723 -23.9264
0.196796 1.60996 76.4518
1.59237 3.18224 10.336
6.85194 -11.027 -14.3657
4.40173 7.41735 -10.3143
-13.8734 -0.836403 -24.1306
6.31071 -21.899 3.58666
0.196557 -3.07956 -7.50436
0.464768 3.67768 -6.58578
-2.54253 1.22049 -0.986037
-9.47409 1.23857 1.88285
-2.23851 3.72852 -4.67851
-10.9677 8.40956 -9.13279
-0.479301 -2.0989 5.08174
-1.77801 -10.1147 8.77411
5.29673 -5.45185 5.70614
0.632968 -0.611461 -55.1358
-1.3951 4.66721 -8.55354
7.90685 -3.53934 -13.4939
-8.85314 246.973 3.85996
0.60246 -5.03367 -9.5383
-1.82222 -8.82079 5.7984
1.93995 -5.66154 4.72126
2.50255 -2.21143 -4.69788
-5.45454 3.32863 1.83866
-6.2815 2.48584 -5.12361
-3.2576 1.72486 -2.20562
-1.4932 1.64189 3.72572
-2.35138 -0.011761 1.32845
-1.70206 -0.626716 -0.804217
-6.35593 -1.85048 1.76249
-3.41338 9.83217 -6.24387
3.86261 0.769838 -0.447765
1.32389 -8.96281 1.48419
-0.844573 -3.55914 -2.02327
2.06016 3.48666 21.4016
8.90401 3.26139 -4.86631
-10.1346 0.767945 3.60054
1.60166 -5.08789 -6.38134
-4.35645 9.39376 40.8168
3.05992 -155.614 10.2833
-5.31523 -10.6583 5.13049
1.71018 4.4991 -9.72318
-0.867231 2.17133 -1.51448
-19.4587 -3.87841 -11.8022
2.93997 0.358295 6.30049
4.47472 5.33801 3.18835
-14.5832 -3.7515 2.93489
-0.287604 4.03759 -31.0387
2.75394 3.11047 3.36791
-2.31956 10.3979 3.0292
-2.58632 0.720715 -3.67159
2.73657 1.81918 6.91461
2.61127 -1.37601 -8.67622
7.72809 3.12382 -0.33956
-0.90302 -6.24802 -2.78069
-5.11314 -4.13571 1.73636
2.18991 5.02653 0.494375
5.42119 -2.08084 -6.44436
-1.67624 4.80948 9.06939
1.01536 0.960305 13.3757
-3.82736 3.47227 -3.12574
-3.32912 0.854642 5.00159
-0.281428 -2.86317 -1.36418
0.205337 0.148644 -0.915717
-1.55695 1.91389 5.43909
2.69 -0.988592 -2.46489
15.0588 1.06321 3.7944
-0.753802 7.00699 0.70474
2.78173 10.1858 -1.55342
-28.1946 -4.32777 22.9843
7.83482 -6.26286 7.13346
0.62374 -8.20753 -2.96317
-9.69731 -2.25697 -8.7412
