-4.49148 4.95414 8.75743
7.80839 2.5294 6.78306
9.29467 -0.418594 0.000521477
-9.46952 0.487056 -1.72245
3.19817 -1.46278 -2.51752
3.85213 2.91194 -1.73395
2.37904 -7.252 -33.1255
10.7773 3.05942 3.3576
4.0466 0.556738 -1.54821
5.4017 -7.47661 -5.12599
-3.62435 2.0666 5.01924
-0.875029 2.89747 16.7278
3.44409 -0.590068 -1.18391
-12.8773 15.9653 12.5951
2.83982 -5.8693 -5.4498
2.70488 7.41976 2.15632
4.13046 -4.30768 1.46122
19.439 -2.59792 -8.78882
-4.55284 -12.7827 7.18336
-0.953993 -0.0966768 -2.60678
6.18655 -2.95051 3.3847
1.79393 -4.17171 5.42411
0.256275 -2.49358 -1.87833
-1.9804 -3.33476 -2.01061
-0.436388 2.89284 -10.5905
-1.91967 -2.91094 -0.564771
-2.2885 2.56048 -23.8528
0.0714218 1.58512 76.5002
1.58387 3.26017 10.3621
6.4531 -11.1869 -14.3466
4.38118 7.42193 -10.2467
-13.8727 -0.828925 -23.688
6.21317 -21.9941 3.50251
0.200182 -3.26437 -7.67607
0.327112 3.20264 -6.56127
-2.63473 1.20911 -0.983899
-9.34709 1.23181 1.94172
-2.31729 3.64155 -4.52213
-11.0268 8.40555 -9.11768
-0.474677 -2.0932 5.07747
-1.87205 -10.0954 10.5819
5.1615 -5.57913 5.6858
0.756746 -0.408093 -55.1156
-1.15145 4.75727 -8.6703
7.95119 -4.05566 -13.4742
-8.84141 246.955 3.70719
0.433684 -4.94191 -9.74516
-1.41787 -9.09851 5.48166
2.0572 -5.5971 4.70656
2.49515 -2.20075 -4.58396
-5.45442 3.23771 1.89558
-6.28243 2.51791 -5.25994
-3.17393 1.57483 -2.15281
-1.49694 1.62461 3.6472
-2.37757 0.105192 1.42799
-1.69664 -0.650019 -0.956722
-6.25836 -1.8567 1.62131
-3.45709 9.73617 -6.10664
3.90663 0.613132 -0.526877
1.33284 -9.35866 1.42294
-0.831199 -3.53528 -2.00613
1.71455 3.90694 21.599
8.93262 3.35406 -4.86471
-10.1428 0.869655 3.43762
1.61999 -5.28545 -6.4085
-4.44323 9.08817 40.9571
3.06643 -155.565 10.2896
-5.49787 -10.6555 5.11882
1.72584 4.46505 -9.75463
-0.846117 2.24311 -1.57253
-19.3908 -3.72264 -11.5667
2.41625 0.528342 6.18034
4.46616 5.31955 3.17941
-14.5478 -3.74103 2.85901
-0.320085 4.04697 -31.155
2.75576 3.32496 3.30601
-2.28886 10.236 3.06076
-2.64929 0.803452 -3.6455
2.71349 1.90502 7.12713
2.87222 -1.29554 -8.81885
7.62489 3.30042 -0.244429
-0.753335 -6.47313 -2.83604
-5.06398 -4.11288 1.75331
2.19842 5.01764 0.494918
5.42577 -2.09675 -6.47605
-1.80792 4.80337 7.87259
1.04736 0.999762 13.5346
-3.84158 3.28501 -3.10187
-3.31961 0.853418 4.83679
-0.265281 -2.70694 -1.38709
0.250135 0.156931 -0.923234
-1.43052 1.92193 5.64334
2.67253 -1.08539 -2.31694
15.0182 1.12844 3.79023
-0.740787 6.92285 0.722435
2.65232 10.1329 -1.46616
-28.1184 -4.25728 22.8299
7.76667 -6.20477 6.85415
0.437774 -8.16065 -2.87471
-9.70977 -2.27906 -8.71065
