-4.57126 4.89733 8.57252
7.76229 2.50994 6.75392
9.28242 -0.178939 -0.0196608
-9.49074 0.524539 -1.65919
3.37482 -1.5416 -2.46477
3.91738 2.90166 -1.55687
2.3709 -7.24261 -33.1598
11.0941 3.01209 3.3688
4.17438 0.493659 -1.57126
5.4339 -7.62579 -5.1341
-3.49062 2.13458 5.03037
-1.04549 3.05842 16.7105
3.4567 -0.449954 -1.14364
-12.9072 15.5562 12.6099
2.89681 -5.85864 -5.3913
5.11483 7.43982 2.22063
4.24956 -4.30752 1.50888
19.4426 -2.61451 -8.79132
-4.43354 -12.829 7.08477
-0.979314 -0.101973 -2.51587
6.16512 -3.02737 3.41042
1.77558 -4.03638 5.40463
0.226461 -2.69686 -1.89666
-2.04189 -3.4934 -2.04343
-0.514494 3.3594 -10.597
-1.9186 -2.90238 -0.612734
-2.43949 2.5533 -23.7986
-0.0494118 1.56154 76.5632
1.57773 3.35169 10.3948
5.93793 -11.3979 -14.3322
4.36024 7.42987 -10.1727
-13.8827 -0.820188 -23.4195
6.12222 -22.1089 3.41573
0.206221 -3.49645 -7.86214
0.203656 2.76749 -6.53014
-2.73071 1.19628 -0.980159
-9.26027 1.22511 2.00659
-2.39039 3.55826 -4.35447
-11.0866 8.40145 -9.10992
-0.416665 -2.05329 5.11296
-1.96066 -10.1378 10.2712
5.03924 -5.71552 5.67701
0.90431 -0.238685 -55.1172
-0.93179 4.83736 -8.16153
7.99093 -5.56795 -13.4778
-8.81985 247.079 3.55203
0.283913 -4.84773 -9.93444
-0.916481 -8.76368 5.30103
2.18711 -4.59695 4.73575
2.48946 -2.19028 -4.46175
-5.45409 3.15071 1.95517
-6.27896 2.55681 -5.4173
-3.08651 1.40898 -2.10123
-1.49604 1.6002 3.57577
-2.40338 0.220542 1.54018
-1.68794 -0.672573 -1.08346
-6.16346 -1.86322 1.47943
-3.52782 9.66803 -5.98239
3.95968 0.420208 -0.604249
1.34878 -9.06648 1.36482
-0.814864 -3.51017 -1.98938
1.30255 4.16697 21.1561
8.96226 3.44423 -4.86099
-10.1549 0.968915 3.28055
1.64218 -5.59406 -6.43189
-4.5282 8.65794 41.2214
3.04244 -155.572 10.2672
-5.67669 -10.6546 5.1093
1.74411 4.42608 -9.78765
-0.820231 2.31833 -1.63994
-19.3264 -3.58759 -11.3692
-2.24659 0.696624 5.98315
4.45805 5.30906 3.17415
-14.5043 -3.72582 2.78473
-0.341598 4.05235 -31.3229
2.7531 3.57922 3.24736
-2.26352 9.89619 3.08531
-2.7091 0.889456 -3.62263
2.69309 1.99193 7.36091
3.24168 -1.22522 -9.0183
7.53873 3.42391 -0.126562
-0.579074 -6.76868 -2.88298
-5.01637 -4.09198 1.77061
2.1975 5.00648 0.504801
5.41702 -2.18466 -6.57043
-1.93305 4.84145 7.82422
1.07648 1.03567 13.7318
-3.84904 3.15405 -3.08375
-3.32355 0.822574 4.68678
-0.250146 -2.61555 -1.39625
0.302765 0.162997 -0.931842
-1.30248 1.93072 5.85079
2.65525 -1.18385 -2.16146
14.9819 1.20711 3.79073
-0.728059 6.86467 0.739226
2.53573 10.0864 -1.37221
-28.0258 -4.20866 22.656
7.68956 -6.17179 6.61634
0.25988 -8.1203 -2.79218
-9.57932 -2.25282 -8.61189
