-4.6334 4.86106 8.42147
7.72492 2.49039 6.73337
9.26583 0.0191259 -0.0322408
-9.51803 0.559715 -1.59957
3.46566 -1.61635 -2.41175
3.99135 2.89591 -1.38085
2.36027 -7.2355 -33.2179
11.3663 2.95744 3.3867
4.31876 0.426644 -1.58952
5.4696 -7.83131 -5.14067
-3.35159 2.19299 5.04683
-1.28918 3.24449 16.6975
3.48664 -0.334955 -1.08411
-12.9391 15.2653 12.6185
2.96041 -5.84958 -5.33784
3.11088 7.49888 2.35719
4.36196 -4.30904 1.55926
19.4612 -2.63237 -8.80139
-4.31147 -12.8797 6.99863
-1.00761 -0.106268 -2.42206
6.14431 -3.10562 3.44166
1.75658 -3.92887 5.3806
0.201715 -2.79458 -1.91406
-2.10169 -3.68945 -2.06088
-0.587704 3.81972 -10.6031
-1.92178 -2.89249 -0.655881
-2.5795 2.54756 -23.7582
-0.158451 1.53565 76.4608
1.57367 3.44679 10.4303
5.55415 -11.662 -14.3197
4.33899 7.44218 -10.104
-13.9006 -0.805955 -23.2206
6.03305 -22.2561 3.31534
0.217222 -3.69863 -8.06292
0.0927446 2.35676 -6.49594
-2.84035 1.18037 -0.976502
-9.20154 1.21505 2.07026
-2.4615 3.48752 -4.18196
-11.1441 8.40143 -9.10782
-0.413633 -2.04714 5.10896
-2.07005 -10.1781 10.0571
4.91977 -5.86953 5.67715
1.12285 -0.107171 -55.1245
-0.725127 4.93262 -7.76999
8.09091 -5.70313 -13.4949
-8.80796 247.06 3.43205
0.133909 -4.74225 -9.81185
-0.431734 -8.23352 5.12173
2.32637 -4.24445 4.78251
2.48477 -2.1778 -4.33948
-5.45324 3.06647 2.01691
-6.28242 2.60604 -5.59563
-2.99495 1.22791 -2.05127
-1.49806 1.57001 3.51624
-2.43072 0.32761 1.65207
-1.67782 -0.695006 -1.19643
-6.07301 -1.86777 1.3387
-3.60354 9.62946 -5.87351
4.01438 0.251198 -0.684917
1.37083 -8.8141 1.29633
-0.798503 -3.48732 -1.97566
0.881518 3.67978 20.9959
8.99378 3.52447 -4.85547
-10.1676 1.06951 3.1339
1.6723 -6.04069 -6.45846
-4.60963 8.50156 41.0924
3.0332 -155.599 10.268
-5.86076 -10.653 5.10051
1.76448 4.3874 -9.82276
-0.787847 2.40476 -1.71896
-19.2733 -3.45761 -11.2217
1.31121 0.827909 5.63542
4.45014 5.30576 3.16687
-14.4445 -3.68025 2.72919
-0.372383 4.04437 -31.439
2.74617 3.98346 3.1791
-2.23368 9.57041 3.11076
-2.76386 0.97517 -3.6046
2.67834 2.08373 7.59685
3.56939 -1.13548 -9.26332
7.46116 3.5216 -0.0371661
-0.389539 -7.1045 -2.92912
-4.97163 -4.07124 1.78878
2.19264 4.99842 0.514811
5.49276 -2.36367 -6.74083
-2.03735 4.88411 7.75405
1.10492 1.07882 13.9501
-3.85927 3.01906 -3.06735
-3.34521 0.753147 4.53017
-0.234531 -2.54395 -1.40223
0.360327 0.170062 -0.940653
-1.17975 1.94101 6.06362
2.63649 -1.27948 -2.00246
14.9465 1.27194 3.79175
-0.71214 6.80768 0.759429
2.43359 10.0538 -1.2757
-27.9626 -4.15908 22.5716
7.62665 -6.1557 6.41014
0.0838184 -8.0838 -2.72258
-9.49401 -2.12946 -8.37597
