-4.69203 4.832 8.25579
7.69642 2.46883 6.71045
9.24951 0.186738 -0.042345
-9.5497 0.592222 -1.54916
3.36446 -1.69224 -2.36583
4.07665 2.88882 -1.2273
2.35426 -7.23774 -33.3203
11.3286 2.90295 3.40681
4.48637 0.362059 -1.60826
5.51653 -8.07649 -5.14538
-3.20242 2.25586 5.06622
-1.46526 3.10149 16.6874
3.53213 -0.251854 -0.970606
-12.9647 15.0196 12.6241
3.03192 -5.84354 -5.29249
2.96088 7.6659 2.49726
4.47399 -4.31207 1.60397
19.4748 -2.6527 -8.80772
-4.18998 -12.9423 6.91537
-1.04056 -0.105169 -2.37765
6.13088 -3.19093 3.47717
1.73067 -3.85566 5.35161
0.184275 -2.60471 -1.93038
-2.1577 -3.95551 -2.05797
-0.644075 4.30797 -10.6102
-1.92881 -2.88951 -0.695921
-2.71153 2.54481 -23.7365
-0.264424 1.52175 76.4249
1.57203 3.54117 10.4705
5.28623 -11.9322 -14.3063
4.31732 7.45488 -10.0497
-13.9244 -0.793688 -23.089
5.96029 -22.5029 3.18351
0.234828 -3.93456 -8.1285
0.00658286 1.9741 -6.45929
-2.92592 1.1634 -0.97482
-9.15806 1.20117 2.13191
-2.51853 3.41837 -4.04647
-11.2015 8.40325 -9.1118
-0.410124 -2.05224 5.1049
-2.18727 -10.2082 9.86
4.83134 -6.03866 5.68033
1.43566 0.10256 -55.1401
-0.519909 5.02591 -7.42452
8.27505 -5.37491 -13.5024
-8.7957 247.185 3.27117
-0.0122778 -4.67288 -9.62839
-0.02464 -7.80753 4.93166
2.47236 -4.0797 4.82021
2.48273 -2.16439 -4.2412
-5.45054 2.97934 2.07893
-6.29709 2.65009 -5.64825
-2.88308 1.04575 -2.00434
-1.50054 1.54435 3.4589
-2.45573 0.424943 1.75357
-1.66616 -0.717303 -1.3045
-5.99329 -1.87367 1.19434
-3.65887 9.61887 -5.78038
4.08032 0.0704776 -0.768425
1.39424 -8.60683 1.21627
-0.778194 -3.46747 -1.96288
0.527989 3.26845 20.8413
9.03538 3.60827 -4.84877
-10.1827 1.16585 2.98853
1.72494 -6.87236 -6.4838
-4.71405 8.3677 41.0306
3.047 -155.447 10.2746
-5.70927 -10.6506 5.09149
1.78707 4.34984 -9.86549
-0.746074 2.48849 -1.78881
-19.2312 -3.33978 -11.0476
0.812564 0.820491 5.28808
4.44417 5.30092 3.15631
-14.3948 -3.54685 2.71901
-0.408667 4.01293 -31.1703
2.72362 4.73014 3.12111
-2.19098 9.08248 3.14088
-2.81197 1.06195 -3.59054
2.66998 2.17615 8.06194
3.91634 -1.05139 -9.54022
7.39548 3.60741 0.0269476
-0.169124 -7.56256 -2.97854
-4.92853 -4.05183 1.80893
2.18739 4.98472 0.520246
5.6679 -2.48442 -6.81215
-2.12973 4.91049 7.66511
1.13168 1.12481 13.7272
-3.86701 2.85618 -3.05817
-3.35085 0.527718 4.32243
-0.218828 -2.49367 -1.40677
0.421131 0.178089 -0.951267
-1.06103 1.94993 6.27211
2.61977 -1.37986 -1.85422
14.9067 1.32885 3.77063
-0.693974 6.74807 0.778305
2.35407 10.0255 -1.19802
-27.9191 -4.10738 22.5261
7.59016 -6.13947 6.1613
-0.0909273 -8.05317 -2.66454
-9.50041 -2.11368 -8.26742
