-4.72218 4.81997 8.1841
7.68286 2.45847 6.69689
9.24397 0.267685 -0.0473594
-9.56656 0.608895 -1.52981
3.31834 -1.73048 -2.34478
4.12524 2.88411 -1.15818
2.35194 -7.24082 -33.3133
11.2608 2.87645 3.41801
4.57705 0.332083 -1.62021
5.54178 -8.20813 -5.14842
-3.12635 2.29014 5.07637
-1.54203 2.9683 16.6767
3.55348 -0.223523 -0.87149
-12.9743 14.9255 12.6273
3.0782 -5.84097 -5.27259
2.89644 7.77285 2.53414
4.47232 -4.31374 1.62526
19.4835 -2.66388 -8.81159
-4.13062 -12.9804 6.87404
-1.06964 -0.0868599 -2.3768
6.12712 -3.2344 3.49439
1.71529 -3.82066 5.33689
0.177942 -2.5022 -1.93865
-2.18769 -4.07765 -2.05934
-0.667987 4.57496 -10.6149
-1.93347 -2.88479 -0.719361
-2.77563 2.54556 -23.7288
-0.334263 1.51759 76.4141
1.57106 3.58881 10.489
5.16306 -12.0639 -14.2937
4.30497 7.46336 -10.027
-13.9373 -0.790992 -23.0436
5.93143 -22.6744 3.11382
0.244845 -4.04484 -7.97294
-0.0329465 1.79407 -6.44018
-2.9652 1.15468 -0.974192
-9.13971 1.19354 2.16284
-2.54535 3.3843 -3.98691
-11.2305 8.40689 -9.11513
-0.403163 -2.0776 5.09949
-2.24462 -10.2206 9.77299
4.79031 -6.12489 5.67998
1.60285 0.260707 -55.1566
-0.420591 5.0721 -7.26661
8.39057 -5.19823 -13.5041
-8.79096 247.158 3.19777
-0.0873905 -4.64505 -9.54719
0.141 -7.6348 4.83137
2.54606 -3.99572 4.83581
2.4826 -2.15678 -4.20059
-5.44877 2.93791 2.10314
-6.30522 2.67014 -5.51245
-2.82774 0.960891 -1.98475
-1.50624 1.5334 3.4219
-2.46851 0.471954 1.79867
-1.65956 -0.728926 -1.36461
-5.95515 -1.87666 1.1207
-3.67218 9.62318 -5.73939
4.11342 -0.0307616 -0.814649
1.40448 -8.51772 1.16878
-0.762114 -3.45685 -1.95673
0.326354 3.04105 20.7739
9.05884 3.65528 -4.84618
-10.1897 1.21238 2.88932
1.75994 -7.09198 -6.50713
-4.78455 8.29378 41.0109
3.05103 -155.422 10.2804
-5.52962 -10.6479 5.08714
1.8 4.33043 -9.89204
-0.726626 2.5263 -1.82475
-19.215 -3.28327 -10.9843
0.578754 0.80368 5.18475
4.44092 5.29818 3.1489
-14.4198 -3.45259 2.72384
-0.402934 3.96098 -31.0462
2.70323 5.0147 3.08643
-2.17674 8.93828 3.14771
-2.8347 1.10755 -3.58524
2.66926 2.2229 8.27667
4.08305 -1.01393 -9.68804
7.36357 3.64919 0.055056
-0.0595383 -7.85346 -3.00536
-4.90521 -4.04203 1.81957
2.18305 4.97598 0.52178
5.74333 -2.51963 -6.81722
-2.17323 4.91985 7.62181
1.14367 1.14908 13.5506
-3.86681 2.78729 -3.05867
-3.26831 0.375753 4.19797
-0.211763 -2.47414 -1.4088
0.451464 0.182862 -0.958008
-0.993272 1.9545 6.37719
2.61107 -1.43025 -1.78917
14.8899 1.3689 3.73435
-0.686332 6.72444 0.784422
2.31653 10.0127 -1.16263
-27.9052 -4.08513 22.5036
7.57706 -6.12743 5.95938
-0.171907 -8.03925 -2.63819
-9.48753 -2.14414 -8.25222
