-6.27085 -0.67959 -2.99205
-1.90126 2.32082 0.837134
-1.24763 -1.11548 0.129492
0.273335 0.179465 0.0487305
1.25228 -1.85727 2.13512
2.13889 0.36443 0.0803848
0.207366 -1.11334 0.175889
1.49802 1.18117 2.42987
1.54967 2.7051 -3.13478
1.62672 -1.94196 -0.795936
1.1137 0.488863 1.08778
-0.453571 1.13912 3.58839
-0.209319 2.96363 -0.656865
-2.88541 -1.00785 -3.02959
1.76221 -1.98075 -1.40667
0.260219 0.569032 -1.17703
-0.00418385 -1.55831 0.524719
-0.846795 -0.183872 -1.10119
-3.411 0.24102 -0.873357
-1.73437 2.09375 1.5341
-7.35788 -0.0814722 0.736133
0.457773 1.65269 0.0975284
2.26694 -1.85407 -1.37063
0.0693943 1.0088 4.54194
3.73349 -2.36516 -0.197573
-0.722082 -2.10436 -5.42243
0.74453 6.36915 1.8013
-0.230711 0.20419 1.59044
2.37193 1.08691 3.55572
-4.63259 3.1623 -2.50036
-1.94414 1.56229 -1.21103
4.06902 1.06578 -7.01135
-1.29641 0.712403 0.72909
1.3568 0.223984 -1.32298
-2.49726 -0.580428 2.59868
-3.95419 1.32658 -3.40372
-0.373874 -2.84261 -0.0688326
-0.805153 0.448203 -0.550782
1.11003 0.488299 2.42203
2.88028 0.25623 5.27035
-1.62316 -0.641303 -5.64148
1.90119 -1.95958 -0.292303
-0.523334 -2.93722 4.49551
-5.13477 3.78665 -2.99488
-5.50824 1.87932 -1.03971
-0.83993 4.59806 0.132376
-1.7735 1.05693 2.36374
4.32564 -0.521482 0.389653
3.66016 2.70877 -0.485653
0.816814 -0.53641 2.16678
1.66671 -2.35021 0.432614
-2.03549 0.0133913 -0.220439
-1.90367 1.06512 2.88043
2.80378 4.89718 0.213392
1.4587 1.71428 -0.834203
0.420889 -0.0566485 0.894351
-0.195052 1.26909 0.0364117
1.66649 0.0450302 -7.08086
-4.66721 -1.60278 -0.877429
-1.03573 -1.59022 -0.232356
-0.610449 -0.686609 1.87973
-3.20952 0.480917 1.71447
1.89651 2.80152 -1.52735
1.45129 -1.21299 -0.0380671
1.17191 -4.001 3.7512
4.17231 0.716658 1.81423
0.684364 -2.39687 -3.35385
-1.79961 -1.47149 -3.4796
-1.5036 1.3902 -2.37144
2.50472 0.0151517 -1.94717
2.59846 -1.21944 3.42172
4.66605 -0.636584 -0.775916
-3.42838 5.55553 -3.84804
-1.42251 -1.89853 -1.16959
1.09855 3.23156 4.71082
2.25384 0.696754 -0.0118586
0.483162 -5.42749 -1.7678
-3.73057 1.81628 0.79221
0.323661 -1.19872 0.980053
-1.15233 -1.41636 -3.1089
0.239307 1.38367 -1.33
0.442275 -2.38125 0.21106
-0.684688 -1.9291 -0.888239
-0.651135 -0.118942 -0.565716
0.0436513 -1.44309 -4.32202
1.52408 -0.195789 0.468301
-0.861968 0.735801 1.60766
-0.255707 -0.395521 -0.0153016
-2.68231 -1.01037 0.998644
0.0768923 0.336641 -0.0472268
-2.10808 -2.68642 -0.0747895
-1.70157 -2.37425 -0.652211
4.32888 1.53408 -0.482947
4.10719 -3.90456 1.23519
-0.841868 0.562661 1.05166
1.35945 -1.23941 0.947425
2.6325 1.30507 2.76233
4.39367 5.82106 1.98221
0.715591 0.718596 0.687528
2.46663 -0.681679 -6.18268
