-4.75076 4.8096 8.11628
7.66965 2.44798 6.68246
9.2405 0.346997 -0.052353
-9.58361 0.625862 -1.5123
3.27344 -1.76987 -2.32456
4.17862 2.87789 -1.0985
2.35048 -7.24539 -33.2507
11.1972 2.84889 3.43017
4.67111 0.301587 -1.63518
5.56843 -8.23758 -5.15181
-3.04935 2.32301 5.08703
-1.62688 2.80748 16.6638
3.55671 -0.217186 -0.737471
-12.9817 14.8461 12.6355
3.13377 -5.83897 -5.25503
2.84185 7.87911 2.55039
4.41466 -4.31561 1.64579
19.494 -2.6769 -8.81648
-4.0723 -13.0254 6.8327
-1.13065 -0.0348184 -2.35824
6.12494 -3.27969 3.5102
1.6998 -3.78755 5.32426
0.173221 -2.3912 -1.94628
-2.21746 -4.20029 -2.06909
-0.689495 4.8565 -10.6201
-1.93892 -2.88284 -0.742301
-2.83833 2.54917 -23.7216
-0.420267 1.51448 76.4042
1.56974 3.63611 10.5078
5.0511 -12.1766 -14.2774
4.29202 7.47487 -10.0071
-13.9484 -0.794341 -23.0114
5.9052 -22.8836 3.04977
0.255878 -4.15383 -7.8518
-0.0711262 1.61872 -6.42058
-3.00603 1.14314 -0.973147
-9.12233 1.18521 2.1904
-2.57039 3.34995 -3.93153
-11.2587 8.41321 -9.11926
-0.394598 -2.09381 5.09269
-2.29929 -10.233 9.68975
4.74781 -6.21673 5.6754
1.75014 0.42538 -55.1782
-0.321752 5.11737 -7.11347
8.52192 -5.03845 -13.5053
-8.78617 247.162 3.13117
-0.164546 -4.62038 -9.46855
0.27836 -7.5047 4.72148
2.6206 -3.91542 4.85018
2.48269 -2.14929 -4.16531
-5.44658 2.89694 2.12478
-6.31338 2.68959 -5.39921
-2.77294 0.874389 -1.96728
-1.51235 1.52148 3.37652
-2.48158 0.518152 1.8442
-1.65313 -0.742408 -1.36427
-5.91694 -1.88038 1.0451
-3.67512 9.62951 -5.70546
4.14686 -0.142671 -0.86121
1.41333 -8.43025 1.11873
-0.745128 -3.44478 -1.95153
0.115778 2.80338 20.7187
9.08369 3.6938 -4.84342
-10.1968 1.25825 2.79355
1.79747 -6.72721 -6.5367
-4.85372 8.2229 40.9951
3.05073 -155.414 10.28
-5.30437 -10.646 5.07826
1.81261 4.30823 -9.93771
-0.706611 2.56233 -1.86109
-19.201 -3.22852 -10.9304
0.384972 0.804384 5.11919
4.43761 5.29459 3.13959
-14.4685 -3.39296 2.71183
-0.330288 3.84204 -30.9885
2.68039 4.71844 3.0566
-2.16367 8.80012 3.15245
-2.85651 1.1542 -3.58039
2.6696 2.27093 8.47985
4.24931 -0.98095 -9.84207
7.33186 3.69062 0.0823977
0.0515129 -8.15828 -3.03219
-4.87991 -4.03237 1.83039
2.17356 4.96765 0.523435
5.81185 -2.54935 -6.81644
-2.2149 4.9275 7.57949
1.15423 1.17627 13.3906
-3.86678 2.71942 -3.0611
-3.1422 0.274595 4.09174
-0.205566 -2.45914 -1.40743
0.482284 0.18713 -0.965544
-0.917712 1.95863 6.48278
2.60299 -1.48119 -1.73005
14.8928 1.42081 3.6778
-0.678587 6.70146 0.789201
2.28114 10.0002 -1.12897
-27.8947 -4.06782 22.4834
7.56293 -6.11355 5.79373
-0.245829 -8.02655 -2.61283
-9.46749 -2.18396 -8.24566
