-4.77937 4.80133 8.05486
7.65698 2.43738 6.66833
9.23882 0.426674 -0.0573543
-9.60142 0.643615 -1.49579
3.2284 -1.81034 -2.30447
4.23219 2.87076 -1.04697
2.35036 -7.25069 -33.2052
11.1362 2.82097 3.44344
4.76826 0.268643 -1.65311
5.59682 -8.16316 -5.1554
-2.97282 2.3546 5.09835
-1.72879 2.64312 16.6794
3.51535 -0.225273 -0.602275
-12.9879 14.7846 12.6518
3.19017 -5.83722 -5.23967
2.78754 7.979 2.5537
4.36026 -4.31755 1.66579
19.5063 -2.69144 -8.82222
-4.01437 -13.0843 6.79241
-1.18761 0.00707244 -2.30671
6.12309 -3.32592 3.52427
1.68422 -3.75536 5.3137
0.16972 -2.28758 -1.95306
-2.24623 -4.39226 -2.08711
-0.709545 4.93312 -10.6258
-1.94609 -2.88153 -0.762029
-2.90365 2.56017 -23.7179
-0.495566 1.5132 76.4005
1.56733 3.6838 10.5275
4.96414 -12.2608 -14.3077
4.27934 7.48966 -9.98988
-13.9579 -0.799607 -22.9859
5.87803 -22.8532 2.99125
0.26749 -4.27075 -7.73262
-0.108238 1.49091 -6.40082
-3.05018 1.12744 -0.97457
-9.10667 1.17671 2.21464
-2.59575 3.31462 -3.87821
-11.2872 8.42262 -9.12403
-0.389786 -2.08746 5.08842
-2.35363 -10.2468 9.61087
4.70395 -6.30079 5.66456
1.85204 0.537973 -55.2203
-0.22551 5.15994 -6.96223
8.67032 -4.8985 -13.5064
-8.78574 247.244 3.03679
-0.245548 -4.59902 -9.39006
0.399467 -7.41855 4.63377
2.69635 -3.83743 4.8639
2.48255 -2.14234 -4.13131
-5.44427 2.85583 2.14549
-6.32151 2.70809 -5.30039
-2.71865 0.78515 -1.95096
-1.51636 1.50986 3.33291
-2.49554 0.563049 1.8916
-1.6472 -0.755531 -1.30112
-5.88106 -1.88477 0.96831
-3.67063 9.63704 -5.67689
4.18187 -0.31715 -0.90754
1.42114 -8.33639 1.0655
-0.731611 -3.43361 -1.94793
-0.0474739 2.59869 20.673
9.11033 3.72166 -4.84036
-10.2051 1.30274 2.70132
1.83346 -6.15598 -6.57039
-4.91868 8.15385 40.9812
3.05464 -155.424 10.2754
-5.08724 -10.6467 5.06373
1.82488 4.28754 -10.0026
-0.685747 2.59682 -1.89767
-19.1889 -3.17513 -10.8815
0.214503 0.818583 5.07506
4.43467 5.29064 3.12982
-14.5072 -3.37136 2.68262
-0.265495 3.74557 -31.0103
2.6619 4.09131 3.03399
-2.15194 8.66459 3.15597
-2.87814 1.20585 -3.57557
2.66962 2.31928 8.68988
4.41545 -0.954906 -10.0022
7.29943 3.73179 0.109883
0.164531 -8.13751 -3.0618
-4.8552 -4.02288 1.84122
2.16345 4.96166 0.524047
5.87567 -2.57622 -6.81272
-2.25644 4.93355 7.53894
1.16347 1.20291 13.2446
-3.86761 2.65273 -3.06485
-3.03445 0.229723 4.01102
-0.200667 -2.44752 -1.40236
0.512893 0.190348 -0.973653
-0.8456 1.96211 6.58849
2.5944 -1.53358 -1.67267
14.9242 1.481 3.62031
-0.67056 6.67808 0.79313
2.24598 9.98802 -1.09619
-27.8876 -4.05539 22.4647
7.54889 -6.10035 5.65545
-0.319609 -8.01496 -2.58807
-9.44449 -2.22576 -8.24058
