-4.87575 4.79037 7.89451
7.62301 2.40696 6.63049
9.24307 0.665349 -0.0752546
-9.66068 0.700949 -1.4498
3.08762 -1.94136 -2.2458
4.39891 2.84742 -0.900794
2.35084 -7.26447 -33.1097
10.9695 2.74193 3.4824
5.06942 0.170158 -1.72029
5.69257 -7.9527 -5.16997
-2.74598 2.45302 5.13562
-2.0074 2.31759 16.748
3.34688 -0.175681 -0.417221
-13.0268 14.6673 12.7208
3.36613 -5.83239 -5.20097
2.59092 8.30012 2.52803
4.21122 -4.32031 1.72697
19.5532 -2.73454 -8.83871
-3.84088 -13.3151 6.68931
-1.2405 0.0110237 -2.20266
6.11412 -3.46949 3.55993
1.63841 -3.65929 5.28962
0.163879 -2.00532 -1.97124
-2.32925 -4.98909 -2.1706
-0.766209 4.52812 -10.6438
-1.9717 -2.85374 -0.779983
-3.1148 2.57738 -23.7359
-0.623182 1.50616 76.4281
1.55281 3.83208 10.5955
4.64659 -12.7882 -14.4073
4.24034 7.54656 -9.94488
-13.9731 -0.836857 -22.9507
5.79192 -22.2827 2.83469
0.306022 -4.61407 -7.37323
-0.211549 1.24564 -6.3496
-3.20722 1.09684 -0.992783
-9.06643 1.15265 2.28758
-2.67373 3.20573 -3.7253
-11.3831 8.46006 -9.13803
-0.368147 -2.09304 5.08627
-2.51027 -10.2953 9.39766
4.60587 -6.55721 5.63196
2.03802 0.681697 -55.2395
0.0645946 5.27955 -6.54864
9.25593 -4.45412 -13.5109
-8.78082 247.262 2.80185
-0.497911 -4.54592 -9.16173
0.780118 -7.18716 4.40025
2.93711 -3.59551 4.90299
2.48092 -2.12513 -4.03242
-5.43657 2.73682 2.21261
-6.34109 2.76152 -5.05276
-2.55413 0.522298 -1.90259
-1.53805 1.47561 3.22963
-2.54164 0.693995 2.04511
-1.62918 -0.795261 -1.07179
-5.7801 -1.89822 0.740726
-3.63729 9.65721 -5.60687
4.29498 -0.954098 -1.04853
1.45704 -8.04205 0.856084
-0.687547 -3.4033 -1.94026
-0.393322 2.04667 20.5492
9.20621 3.80911 -4.82936
-10.2283 1.42606 2.4573
1.90384 -5.13791 -6.67764
-5.11561 7.98568 40.9474
3.04681 -155.501 10.2816
-4.56619 -10.6568 5.02493
1.86993 4.22977 -10.2373
-0.623491 2.68567 -2.00364
-19.1562 -3.01343 -10.7431
-0.274178 0.939301 4.98705
4.42855 5.27686 3.1061
-14.5424 -3.37376 2.55478
-0.299905 3.71606 -31.0125
2.63997 2.91776 2.97976
-2.11218 8.31818 3.16043
-2.94462 1.37826 -3.56069
2.67099 2.46834 8.84703
4.7584 -0.892418 -10.5485
7.197 3.85789 0.18693
0.49092 -7.22164 -3.18031
-4.78288 -3.9962 1.87748
2.14428 4.94325 0.522239
6.05396 -2.6445 -6.79086
-2.37819 4.94775 7.42613
1.18051 1.28537 12.9941
-3.87952 2.46615 -3.08245
-2.84765 0.205866 3.83197
-0.19871 -2.43363 -1.35471
0.60556 0.198619 -0.999289
-0.637738 1.97219 6.91121
2.56642 -1.69309 -1.49177
15.0488 1.63395 3.56988
-0.624561 6.61385 0.810438
2.14163 9.95414 -0.998563
-27.8864 -4.03279 22.4134
7.50907 -6.05895 5.35516
-0.538032 -7.98402 -2.51741
-9.3755 -2.32612 -8.21307
