-4.91033 4.78708 7.84314
7.61375 2.39602 6.61853
9.24698 0.739538 -0.0802513
-9.68199 0.719708 -1.43519
3.03683 -1.99204 -2.22785
4.45861 2.83858 -0.855204
2.3504 -7.26938 -33.0877
10.9195 2.71851 3.49424
5.16986 0.135256 -1.74599
5.72832 -7.8861 -5.17595
-2.67043 2.48325 5.14845
-2.09174 2.20698 16.7604
3.31998 -0.140569 -0.393678
-13.0447 14.6311 12.7391
3.42666 -5.83214 -5.19057
2.50519 8.42683 2.51334
4.16437 -4.31791 1.7463
19.5724 -2.74978 -8.84407
-3.78321 -13.4083 6.66147
-1.2523 0.00921479 -2.17865
6.11137 -3.52149 3.57004
1.62327 -3.62992 5.28299
0.162378 -1.91189 -1.97795
-2.35577 -5.16193 -2.20332
-0.786044 4.35276 -10.6496
-1.97253 -2.84239 -0.769804
-3.18403 2.57636 -23.7443
-0.655624 1.49831 76.4453
1.54658 3.88121 10.622
4.52638 -12.7129 -14.4152
4.22413 7.56595 -9.93028
-13.9759 -0.860298 -22.9502
5.76571 -22.1793 2.79052
0.320791 -4.73239 -7.25753
-0.243948 1.14589 -6.3385
-3.26911 1.08895 -0.997474
-9.05458 1.14436 2.3108
-2.69858 3.16675 -3.67726
-11.4208 8.472 -9.14139
-0.356081 -2.09977 5.08808
-2.5583 -10.3139 9.33248
4.58483 -6.6594 5.63306
2.10431 0.722424 -55.208
0.187357 5.31965 -6.42832
9.5329 -4.31302 -13.5116
-8.78365 247.32 2.75257
-0.55554 -4.5299 -9.08745
0.925688 -7.1201 4.32509
3.02397 -3.51587 4.91491
2.48068 -2.12159 -4.00031
-5.433 2.69698 2.23452
-6.34595 2.77866 -4.97785
-2.50237 0.432107 -1.88815
-1.54257 1.4621 3.19768
-2.55639 0.736534 2.10088
-1.62412 -0.809645 -0.993099
-5.74633 -1.90336 0.666495
-3.62207 9.65816 -5.58781
4.33654 -1.14105 -1.09522
1.48267 -7.94169 0.759196
-0.669623 -3.39653 -1.94026
-0.50692 1.8061 20.5124
9.24553 3.83808 -4.82393
-10.2357 1.46482 2.38396
1.92222 -4.94949 -6.70924
-5.17999 7.93218 40.9426
3.05838 -155.471 10.2976
-4.39421 -10.6632 5.01499
1.88511 4.21143 -10.3342
-0.599081 2.71359 -2.03708
-19.1461 -2.96278 -10.6987
-0.458336 0.991122 4.96229
4.4283 5.2704 3.0981
-14.5465 -3.38673 2.50385
-0.320051 3.71316 -31.0008
2.64142 2.67075 2.96491
-2.10678 8.1994 3.16306
-2.96746 1.43462 -3.55575
2.67197 2.5165 8.76144
4.59842 -0.871932 -10.7521
7.16474 3.901 0.209365
0.597062 -6.96236 -3.22472
-4.75755 -3.98927 1.89123
2.13698 4.93554 0.523582
6.11109 -2.66748 -6.783
-2.41389 4.95166 7.39026
1.18591 1.31076 12.9609
-3.88154 2.40472 -3.08832
-2.80455 0.202113 3.78002
-0.206959 -2.43835 -1.31952
0.638771 0.200442 -1.00815
-0.56246 1.97519 7.01965
2.55813 -1.74839 -1.43186
15.0738 1.6704 3.57092
-0.616317 6.59438 0.811996
2.10728 9.94211 -0.964968
-27.8931 -4.02733 22.3987
7.49249 -6.04544 5.2792
-0.606442 -7.97573 -2.49541
-9.35337 -2.35441 -8.20204
