-4.98751 4.77952 7.73563
7.59569 2.37392 6.59466
9.25657 0.887524 -0.0885342
-9.72974 0.757915 -1.40945
2.92564 -2.10493 -2.19068
4.58263 2.82176 -0.756562
2.34478 -7.27951 -33.0496
10.8221 2.67716 3.51355
5.37441 0.0603501 -1.80046
5.80279 -7.75666 -5.19145
-2.52429 2.54074 5.17315
-2.26477 1.96872 16.7815
3.30752 -0.0537552 -0.350769
-13.0787 14.559 12.7773
3.54667 -5.83226 -5.16917
2.26354 8.7308 2.47217
4.07749 -4.31466 1.78336
19.6178 -2.78091 -8.85521
-3.6697 -13.6265 6.61442
-1.27476 0.00628573 -2.13567
6.1065 -3.62706 3.58844
1.59505 -3.57215 5.27134
0.158669 -1.73018 -1.99439
-2.40938 -5.53015 -2.2764
-0.833396 3.93876 -10.6587
-1.95175 -2.8085 -0.752359
-3.31777 2.571 -23.7634
-0.714542 1.50158 76.5513
1.53551 3.98321 10.6768
4.28552 -11.9627 -14.4089
4.19118 7.6145 -9.90073
-13.9909 -0.913042 -22.9652
5.71688 -22.0385 2.71184
0.351932 -4.96041 -7.03623
-0.314198 0.922508 -6.3276
-3.40981 1.07228 -1.00515
-9.03252 1.1289 2.36024
-2.74977 3.08874 -3.58588
-11.5083 8.49568 -9.14659
-0.341188 -2.07897 5.03369
-2.65395 -10.3529 9.19667
4.543 -6.88238 5.64506
2.24803 0.82114 -55.1695
0.426998 5.4088 -6.23775
10.3821 -4.03561 -13.5145
-8.7871 247.311 2.6351
-0.662028 -4.49782 -8.99916
1.20179 -7.00328 4.16207
3.20666 -3.35685 4.9342
2.48033 -2.11499 -3.94056
-5.42535 2.62121 2.2779
-6.35348 2.81332 -4.84877
-2.40171 0.255419 -1.8608
-1.55685 1.43754 3.14253
-2.58767 0.821235 2.21626
-1.61412 -0.838341 -0.805393
-5.68061 -1.91265 0.56788
-3.58038 9.65433 -5.54198
4.42219 -1.48421 -1.18837
1.58024 -7.75419 0.500317
-0.632084 -3.3769 -1.94382
-0.770921 1.09734 20.45
9.33546 3.89831 -4.80879
-10.2502 1.54216 2.23905
1.95307 -4.66859 -6.7709
-5.30715 7.83172 40.9395
3.08256 -155.475 10.3435
-4.03491 -10.6803 4.99821
1.92136 4.17999 -10.5639
-0.551991 2.7678 -2.10679
-19.1287 -2.86158 -10.6301
-0.97157 1.08203 4.91068
4.43017 5.26087 3.08113
-14.5682 -3.40967 2.40653
-0.367899 3.70876 -30.9798
2.64845 2.28586 2.93444
-2.10118 7.98573 3.16892
-3.01652 1.54629 -3.54685
2.67138 2.61682 8.60937
4.3076 -0.830053 -10.6439
7.1072 3.99116 0.247733
0.796031 -6.49798 -3.32178
-4.70443 -3.97424 1.92308
2.11308 4.92118 0.529133
6.2274 -2.71384 -6.7654
-2.48714 4.95993 7.32032
1.18974 1.36403 12.9045
-3.8862 2.28838 -3.10063
-2.73023 0.201069 3.68675
-0.253511 -2.44511 -1.20575
0.706569 0.203902 -1.02504
-0.412897 1.98231 6.95422
2.54043 -1.85837 -1.30585
15.1147 1.73997 3.5849
-0.599342 6.55541 0.813078
2.03334 9.90805 -0.901978
-27.9159 -4.01113 22.3686
7.47162 -6.01485 5.14452
-0.741698 -7.96195 -2.45257
-9.30528 -2.40071 -8.17334
