-6.245 -0.653637 -3.02256
-1.96654 2.44015 0.846964
-1.31291 -1.12228 0.127282
0.325519 0.263179 0.0497262
1.16019 -1.86817 2.00134
2.15274 0.372172 -0.0810598
0.207638 -1.05698 0.178433
1.52399 1.10148 2.46054
1.65933 2.77014 -3.19628
1.65217 -1.81365 -0.81012
0.96104 0.517672 1.10772
-0.409463 1.1583 3.45863
-0.21473 3.02508 -0.665377
-2.95295 -1.02024 -2.87441
1.68348 -2.21053 -2.6632
0.261392 0.572999 -1.19554
-0.000156085 -1.58335 0.711993
-0.812006 -0.184793 -1.11648
-3.30361 0.250368 -0.875875
-1.70557 2.13999 1.5512
-7.2892 -0.184721 0.6937
0.462087 1.67698 0.102896
2.19651 -1.88087 -1.39382
0.0649666 1.0255 4.61986
3.61639 -2.39996 -0.205186
-0.738957 -2.14174 -5.71451
0.746548 5.96561 1.90148
-0.234922 0.136081 1.61872
2.29879 1.09821 3.65073
-4.76165 3.23613 -2.43748
-1.99438 1.4474 -1.23321
4.17035 0.97703 -6.82934
-1.33078 0.590129 0.738089
1.37496 0.218229 -1.34922
-2.47442 -0.599233 2.70639
-3.81725 1.36115 -3.37379
-0.37909 -2.88825 -0.0711368
-0.812732 0.446158 -0.648604
11.4347 0.807941 2.65379
2.90255 0.27332 5.45082
-1.64109 -0.651331 -5.52533
2.02781 -1.97935 -0.210872
-0.534379 -2.8369 4.71932
-4.96538 3.53099 -3.06054
-5.34093 1.72183 -1.04932
-0.847208 4.69436 -0.145071
-1.82141 1.07945 2.2725
4.26358 -0.530626 0.390534
3.73502 2.75395 -0.494239
0.824447 -0.533499 2.18345
1.69443 -2.32544 0.335651
-2.05444 0.017763 -0.222717
-1.92425 1.08129 2.78448
2.83443 4.80944 0.217723
1.47873 1.74897 -0.7603
0.418063 -0.0536179 0.932382
-0.197957 1.2839 0.039702
1.85464 -0.141557 -6.98081
-4.59559 -1.61378 -1.39005
-1.04642 -1.60939 -0.237224
-0.619061 -0.687936 1.89931
-3.29921 -0.0303081 2.99132
1.89978 2.89317 -1.42584
1.47459 -1.22849 -0.0431349
1.19381 -4.12032 3.8465
4.3279 0.855885 1.92037
0.692807 -2.44871 -3.45216
-1.83296 -1.67861 -3.74928
-1.5362 1.41897 -2.40835
2.53439 0.0139943 -1.98667
2.39065 -0.96422 3.13593
4.45256 -0.496663 -0.796432
-3.56554 6.0305 -3.61847
-1.44614 -1.92821 -1.08657
1.10065 3.30307 4.78766
2.28361 0.709029 -0.0111383
0.488588 -5.56104 -1.81472
-3.67644 1.85154 0.795209
0.325858 -1.21124 0.988868
-1.10904 -1.45892 -2.63903
0.239215 1.40755 -1.35054
0.445655 -2.41592 0.206342
-0.690827 -1.95382 -0.906394
-0.657651 -0.121319 -0.578359
0.135172 -1.47324 -4.45615
1.53883 -0.193328 0.473807
-0.781759 0.765769 1.89036
-0.258311 -0.396177 -0.0121743
-2.69111 -0.711675 0.729566
0.0705456 0.341456 -0.0491426
-7.04525 -2.86882 -0.17389
-1.81711 -2.41686 -0.755333
4.26645 1.56305 -0.492603
4.17623 -3.93986 1.297
-0.850711 0.570358 1.06647
1.37551 -1.25251 0.957547
2.56074 1.30458 2.63864
4.36745 5.97074 2.02762
0.625746 0.728945 0.690633
2.48138 -0.711305 -6.0556
