-5.18508 4.7589 7.48688
7.54898 2.31423 6.53064
9.28251 1.27616 -0.101783
-9.87214 0.870706 -1.35082
2.61136 -2.38988 -2.07031
4.9107 2.78631 -0.50693
2.33015 -7.31026 -33.0048
10.6338 2.57347 3.49448
5.98353 -0.149758 -1.95113
5.98428 -7.4376 -5.24801
-2.19008 2.68979 5.2442
-3.02476 1.10383 16.8229
3.37431 0.203672 -0.266636
-13.2234 14.4457 12.9387
3.8512 -5.83389 -5.12098
1.32465 9.54067 2.36829
3.88769 -4.30707 1.87728
19.7841 -2.86506 -8.88224
-3.40742 -14.4124 6.52746
-1.32683 0.00035478 -2.03632
6.09793 -3.91214 3.6325
1.52297 -3.43646 5.24806
0.139715 -1.29464 -2.04005
-2.58403 -6.62744 -2.49595
-1.01458 3.08288 -10.6657
-1.89351 -2.79238 -0.817087
-3.6875 2.56814 -23.7993
-0.953704 1.48413 76.4524
1.53538 4.26491 10.8299
3.37727 -10.6476 -14.4565
4.1554 7.72869 -9.82866
-14.03 -1.01702 -23.0033
5.59041 -21.8496 2.55818
0.433285 -5.51611 -6.58127
-0.574518 0.380047 -6.30481
-3.85179 1.02629 -1.01353
-8.99122 1.09788 2.49102
-2.90167 2.92232 -3.33948
-11.8383 8.56506 -9.14791
-0.226106 -2.06842 5.10185
-2.92888 -10.5129 8.96207
4.40426 -7.53415 5.69263
3.02095 1.49646 -55.1262
1.00645 5.68149 -5.84195
11.5799 -3.26153 -13.6839
-8.80295 247.325 2.37524
-0.899612 -4.42305 -8.85658
1.82945 -6.76692 3.81158
3.67815 -2.98013 4.98532
2.47952 -2.10316 -3.80417
-5.40872 2.44203 2.37243
-6.37622 2.89374 -4.57979
-2.15844 -0.197145 -1.79881
-1.59266 1.3665 3.03478
-2.69317 1.03064 2.53477
-1.59965 -0.921812 -0.2393
-5.53174 -1.93485 0.37686
-3.48655 9.62519 -5.42987
4.64405 -2.2171 -1.40581
2.01763 -7.66836 -0.134521
-0.549509 -3.3389 -1.95075
-1.65186 -0.806257 20.4329
9.61587 4.1182 -4.75036
-10.2977 1.74211 1.87622
2.00531 -4.18164 -6.92677
-5.48837 7.64525 40.9726
3.08985 -155.455 10.4248
-3.05235 -10.7707 4.96979
2.0282 4.1219 -11.3593
-0.43478 2.87431 -2.29657
-19.1455 -2.6049 -10.5041
-0.0499788 1.31784 4.87546
4.44599 5.2463 3.04704
-14.6262 -3.44807 2.24117
-0.492312 3.67741 -30.9551
2.67115 1.56173 2.85409
-2.12572 7.51275 3.16569
-3.17813 1.84192 -3.52358
2.65879 2.87412 8.29585
3.69914 -0.720011 -10.0387
7.00604 4.2505 0.341177
1.22204 -5.54785 -3.58889
-4.57412 -3.93924 2.01671
2.04847 4.90081 0.571587
6.54659 -2.83393 -6.71734
-2.70365 4.99086 7.17248
1.194 1.52203 12.8099
-3.90894 2.01713 -3.13442
-2.55471 0.199171 3.48669
-0.501716 -2.25094 -0.902661
0.882387 0.212799 -1.06083
-0.0676022 1.99879 6.63026
2.4946 -2.14253 -0.97646
15.1904 1.90126 3.6189
-0.518019 6.38402 0.798659
1.87678 9.86476 -0.714384
-28.0403 -3.92671 22.347
7.41271 -5.9026 4.88178
-1.07453 -7.93523 -2.35231
-9.18255 -2.27217 -8.09983
