-5.2153 4.74506 7.43829
7.53502 2.2985 6.49818
9.28817 1.26736 -0.101861
-9.90642 0.898358 -1.34073
2.45177 -2.44413 -2.05392
4.98241 2.78049 -0.459123
2.32964 -7.31689 -33.0051
10.6031 2.55206 3.49711
6.13522 -0.192408 -1.99194
6.02581 -7.36502 -5.25916
-2.12474 2.7269 5.2596
-3.12329 1.00269 16.8317
3.39517 0.265572 -0.252182
-13.2878 14.4316 12.9565
3.91636 -5.83446 -5.11272
1.20063 9.31854 2.35389
3.84923 -4.3028 1.88949
19.8281 -2.88135 -8.88435
-3.35546 -14.6124 6.51242
-1.33689 -0.000219517 -2.01777
6.09836 -3.96716 3.64099
1.50851 -3.40789 5.24637
0.135406 -1.22356 -2.04854
-2.62378 -6.54882 -2.54076
-1.05848 2.84158 -10.6694
-1.89057 -2.79966 -0.84165
-3.78549 2.56391 -23.8181
-1.00341 1.48128 76.4487
1.54118 4.32704 10.8662
3.21644 -10.446 -14.4867
4.14838 7.74666 -9.81918
-14.0325 -1.03086 -22.9737
5.5681 -21.8259 2.53216
0.44917 -5.62326 -6.50416
-0.633382 0.274234 -6.29662
-3.95215 1.01506 -1.01212
-8.98571 1.09181 2.51913
-2.94599 2.89016 -3.29009
-11.9259 8.58363 -9.14759
-0.205778 -2.06394 5.11511
-3.02019 -10.5347 8.91966
4.37365 -7.67751 5.7033
3.26631 1.72324 -55.1195
1.12086 5.74686 -5.76877
11.1868 -3.05965 -13.7369
-8.8839 247.377 2.31338
-0.946126 -4.41018 -8.83243
1.97823 -6.72108 3.74982
3.78174 -2.90206 4.99554
2.47874 -2.10069 -3.77866
-5.40663 2.40868 2.38545
-6.38412 2.9076 -4.53306
-2.11884 -0.278271 -1.78658
-1.59672 1.34809 3.01129
-2.71939 1.07304 2.6022
-1.59828 -0.939796 -0.124566
-5.50491 -1.9391 0.339502
-3.4412 9.61902 -5.44698
4.69302 -2.3475 -1.44751
2.08043 -7.6771 -0.192085
-0.533171 -3.331 -1.95399
-1.98027 -1.13599 20.44
9.68489 4.1892 -4.73877
-10.3101 1.78334 1.80044
2.00777 -4.08512 -6.96016
-5.28765 7.61932 40.9944
3.07997 -155.454 10.4653
-2.85069 -10.7997 4.96296
2.05069 4.1139 -11.5385
-0.405367 2.88227 -2.33618
-19.1575 -2.55099 -10.4828
0.398262 1.42586 4.87667
4.45099 5.24452 3.0406
-14.6351 -3.45395 2.21241
-0.51351 3.67685 -30.9592
2.67646 1.44501 2.83756
-2.13353 7.42578 3.17772
-3.21316 1.90525 -3.51896
2.65514 2.92928 8.24382
3.59352 -0.696138 -9.93306
6.98877 4.3091 0.362234
1.31284 -5.37768 -3.64704
-4.54342 -3.93238 2.03897
2.0268 4.90177 0.578294
6.60729 -2.85915 -6.70661
-2.75313 4.99934 7.14499
1.19784 1.56456 12.7946
-3.91475 1.96809 -3.14024
-2.51852 0.199496 3.45033
-0.537188 -2.18751 -0.879722
0.921142 0.215433 -1.06779
-0.00221425 2.00183 6.57395
2.48581 -2.20286 -0.907444
15.2039 1.93743 3.62654
-0.48124 6.33983 0.811638
1.84477 9.85678 -0.674051
-28.0745 -3.91137 22.3584
7.4964 -5.89505 4.85476
-1.14354 -7.92952 -2.33454
-9.21684 -2.21471 -8.11482
