-5.24375 4.72992 7.40494
7.56254 2.26381 6.39299
9.29461 1.16866 -0.101024
-9.9436 0.930292 -1.33115
2.36402 -2.49084 -2.03822
5.05946 2.77586 -0.411489
2.33065 -7.32273 -33.0072
10.5768 2.53222 3.50215
5.82321 -0.238733 -2.04261
6.0679 -7.28816 -5.26924
-2.05846 2.76694 5.27487
-3.21404 0.906711 16.841
3.41695 0.332779 -0.238313
-13.3545 14.4186 12.97
3.98698 -5.83444 -5.1048
1.00601 9.04685 2.33949
3.81104 -4.29804 1.89866
20.067 -2.89767 -8.88127
-3.30463 -14.8292 6.4982
-1.34619 0.000163538 -1.99969
6.09952 -4.01883 3.64972
1.49433 -3.37711 5.24653
0.131112 -1.16751 -2.05666
-2.66778 -6.17469 -2.58251
-1.10345 2.48689 -10.6758
-1.89107 -2.80681 -0.868767
-3.8867 2.55508 -23.8497
-1.05012 1.484 76.4468
1.54884 4.41135 10.9068
3.06455 -10.3297 -14.5187
4.14309 7.76128 -9.8102
-14.1172 -1.0049 -22.8013
5.54762 -21.8058 2.5063
0.465803 -5.72803 -6.42932
-0.685928 0.168632 -6.28897
-4.05082 1.00158 -1.01227
-8.98045 1.08703 2.54986
-2.99298 2.85884 -3.24003
-12.0223 8.60174 -9.14677
-0.185884 -2.05204 5.13413
-3.10269 -10.5561 8.87886
4.34594 -7.82137 5.71404
3.55871 1.98916 -55.118
1.23776 5.81837 -5.69692
10.8638 -2.90942 -13.79
-8.89134 247.381 2.26385
-0.992187 -4.39688 -8.80949
2.13485 -6.67874 3.69023
3.88923 -2.82509 5.00462
2.47841 -2.09712 -3.75463
-5.40557 2.37857 2.39731
-6.39289 2.9333 -4.49006
-2.07857 -0.355254 -1.77489
-1.59957 1.3313 2.98813
-2.74624 1.15096 2.67157
-1.59602 -0.956846 -0.0137423
-5.478 -1.94279 0.302441
-3.39487 9.61592 -5.46475
4.74495 -2.47613 -1.4893
2.13064 -7.67497 -0.233947
-0.51734 -3.32233 -1.95586
-2.24185 -1.40105 20.4542
9.75645 4.26921 -4.72672
-10.3235 1.82683 1.7229
2.00318 -3.97595 -6.99747
-5.15976 7.59167 41.0204
3.0688 -155.463 10.5034
-2.64388 -10.8317 4.95315
2.07436 4.10758 -11.7151
-0.36985 2.87871 -2.37329
-19.1707 -2.49298 -10.4631
0.747701 1.52342 4.87674
4.4566 5.24409 3.0341
-14.6435 -3.4559 2.18391
-0.534593 3.67971 -30.9627
2.68283 1.34599 2.82099
-2.1419 7.34107 3.19232
-3.24757 1.97035 -3.51481
2.6512 2.98906 8.19516
3.49271 -0.669184 -9.83099
6.97256 4.2522 0.384251
1.40328 -5.21464 -3.70691
-4.51333 -3.92384 2.06198
2.00556 4.90721 0.584837
6.67228 -2.88421 -6.69454
-2.80471 5.00839 7.11905
1.20261 1.61518 12.7794
-3.9207 1.92102 -3.1457
-2.48258 0.201864 3.41543
-0.565256 -2.12191 -0.865779
0.960987 0.218228 -1.07458
0.0639206 2.00507 6.51974
2.47829 -2.26077 -0.832348
15.2178 1.97742 3.63422
-0.439192 6.30776 0.828981
1.8131 9.85041 -0.629594
-28.109 -3.89862 22.3685
7.49047 -5.86431 4.80842
-1.21357 -7.92289 -2.31727
-9.26261 -2.17908 -8.14995
