-5.45638 4.6709 7.32712
7.67875 2.20114 6.33323
9.33582 0.720811 -0.0947894
-10.1529 1.08036 -1.29197
2.13894 -2.66141 -1.98303
5.4642 2.76001 -0.248029
2.35531 -7.35996 -33.0255
10.5029 2.46178 3.52376
3.36505 -0.449295 -2.50388
6.33002 -7.13476 -5.30319
-1.76207 2.94155 5.3345
-3.42461 0.534639 16.9028
3.50313 0.610276 -0.191675
-13.7164 14.2971 13.0164
4.32497 -5.83833 -5.08766
0.480374 8.29255 2.31555
3.69141 -4.29432 2.02297
21.1875 -2.99385 -8.72803
-3.07862 -14.4298 6.45383
-1.37471 0.0055698 -1.93106
6.10617 -4.21374 3.68365
1.43674 -3.24783 5.27688
0.123196 -0.958712 -2.08818
-2.82607 -4.94352 -2.70743
-1.23229 1.2841 -10.7343
-1.89807 -2.86257 -1.01924
-4.25196 2.50561 -24.0724
-1.23267 1.49953 76.3399
1.58029 4.83651 11.1109
2.65843 -10.1022 -14.6568
4.14009 7.79106 -9.82848
-14.4829 -1.04751 -22.8
5.56034 -21.6811 2.40868
0.53855 -6.16542 -6.16152
-0.836808 -0.227714 -6.27045
-4.40266 0.966493 -1.02545
-8.96485 1.07039 2.6296
-3.16505 2.71208 -3.05735
-12.4568 8.66691 -9.13244
-0.188546 -1.99 5.22251
-3.24722 -10.5967 8.70429
4.26228 -8.41552 5.7533
4.05774 2.59133 -55.1992
1.75806 6.16907 -5.41228
9.9267 -2.50845 -14.0125
-8.91294 247.369 2.05131
-1.17471 -4.3518 -8.72945
2.89927 -6.55624 3.47352
4.38916 -2.53469 5.03329
2.47919 -2.08234 -3.66779
-5.41599 2.28194 2.42512
-6.42767 3.1229 -4.34659
-1.91063 -0.665535 -1.74283
-1.59562 1.27323 2.90204
-2.85126 1.52344 2.98016
-1.57734 -1.02339 0.187155
-5.36486 -1.95997 0.0905349
-3.26044 9.52436 -5.39385
5.04254 -3.08702 -1.66595
2.26104 -7.65696 -0.331202
-0.452898 -3.29606 -1.96414
-2.7058 -1.94665 20.491
10.3917 4.57399 -4.69225
-10.3774 2.02893 1.391
1.86296 -3.40901 -7.44818
-4.82621 7.47422 41.1179
3.1059 -155.485 10.5698
-1.79378 -11.0327 4.85622
2.17958 4.08028 -11.5164
-0.109115 2.68084 -2.2615
-19.2377 -2.25654 -10.405
0.390405 1.87056 4.88716
4.48553 5.24023 3.01217
-14.6729 -3.45802 2.06329
-0.688136 3.63705 -30.9807
2.72085 0.910663 2.7487
-2.16692 7.05011 3.27301
-3.37756 2.24865 -3.50484
2.63297 3.23256 8.0296
3.1308 -0.544151 -9.44478
6.91809 3.62709 0.476135
1.82886 -4.72587 -3.96232
-4.40131 -3.91166 2.14934
1.92851 4.945 0.602886
6.93526 -2.96233 -6.61386
-3.02789 5.03558 7.0352
1.23302 1.82927 12.7192
-3.94038 1.74158 -3.16691
-2.32255 0.208632 3.26659
-0.630642 -1.91655 -0.856916
1.14705 0.220482 -1.10226
0.366306 2.01411 6.30802
2.48126 -2.50034 -0.532437
15.2894 2.13737 3.65866
-0.319004 6.27844 0.87616
1.68935 9.86617 -0.423599
-28.2723 -3.8555 22.3911
7.48929 -5.72643 4.64082
-1.51381 -7.89136 -2.25962
-9.35205 -2.19702 -8.28097
