-5.52572 4.65754 7.31166
7.67401 2.19383 6.33534
9.3498 0.600915 -0.091566
-10.2402 1.11883 -1.27894
2.02152 -2.70955 -1.96943
5.6093 2.7557 -0.205244
2.36287 -7.37348 -33.0332
10.4859 2.44584 3.53047
3.20656 -0.495012 -2.55932
6.41406 -7.10395 -5.3113
-1.6853 2.98709 5.35171
-3.26922 0.439461 16.9299
3.52258 0.677699 -0.179149
-13.8733 14.2531 13.0151
4.41164 -5.84126 -5.08404
0.424076 8.19678 2.31029
3.68527 -4.29896 2.11138
21.1764 -3.08199 -8.72243
-3.01967 -14.2964 6.44759
-1.38101 0.00733201 -1.91463
6.10931 -4.2652 3.69278
1.42357 -3.22126 5.29067
0.122477 -0.9097 -2.09558
-2.85811 -4.71001 -2.72899
-1.25448 1.04594 -10.7553
-1.90292 -2.87944 -1.06387
-4.35526 2.49683 -24.1505
-1.28646 1.48519 76.2965
1.5858 4.93748 11.1699
2.58379 -10.0718 -14.6973
4.13728 7.81018 -9.84537
-14.511 -1.07289 -22.8264
5.58917 -21.6674 2.4235
0.55648 -6.16776 -6.10125
-0.872003 -0.327523 -6.26473
-4.48974 0.960032 -1.02757
-8.96243 1.0646 2.64948
-3.20526 2.6684 -3.01379
-12.5969 8.68343 -9.12585
-0.238035 -1.9689 5.25781
-3.24214 -10.4906 8.67442
4.24211 -8.57051 5.76476
3.96458 2.6754 -55.2414
1.8845 6.27642 -5.33597
9.80424 -2.42088 -14.07
-8.91349 247.329 1.99764
-1.22272 -4.34201 -8.71157
3.11661 -6.52866 3.42662
4.53539 -2.46421 5.03986
2.47794 -2.0789 -3.64694
-5.42288 2.25897 2.43354
-6.43666 3.17968 -4.31365
-1.87487 -0.743865 -1.73296
-1.59062 1.26303 2.88118
-2.8775 1.59921 3.07351
-1.57065 -1.04025 0.231913
-5.33621 -1.96488 0.0362973
-3.18876 9.49316 -5.3957
5.15167 -3.2611 -1.70425
2.28375 -7.64873 -0.349542
-0.4367 -3.29098 -1.96764
-2.81627 -2.07753 20.4972
10.6673 4.66028 -4.69007
-10.3911 2.08618 1.30443
1.84392 -3.33666 -7.63853
-4.75108 7.44345 41.0586
3.11215 -155.473 10.595
-1.57918 -11.1363 4.82612
2.20795 4.07197 -11.4402
-0.0583486 2.68645 -2.16202
-19.2641 -2.20499 -10.3943
0.000866119 1.95113 4.89114
4.49295 5.23882 3.00727
-14.6792 -3.45675 2.03272
-0.748205 3.64226 -31.0262
2.73299 0.807451 2.73146
-2.16878 6.98861 3.30218
-3.41276 2.32227 -3.50354
2.6304 3.29601 7.99438
3.04544 -0.510417 -9.35019
6.90532 3.48886 0.501249
1.95091 -4.61923 -4.02455
-4.36849 -3.91591 2.16807
1.91014 4.9582 0.605342
6.9914 -2.94958 -6.58676
-3.09117 5.03896 7.01867
1.24255 1.88825 12.7066
-3.94581 1.69819 -3.17042
-2.27958 0.208691 3.23136
-0.641231 -1.87573 -0.861054
1.19957 0.219826 -1.10871
0.456843 2.01605 6.25779
2.49111 -2.57113 -0.458217
15.3103 2.17602 3.66414
-0.29882 6.27484 0.88229
1.66046 9.8912 -0.372519
-28.3302 -3.8469 22.3961
7.48617 -5.68646 4.60699
-1.59616 -7.88746 -2.24847
-9.35876 -2.22037 -8.30255
