-6.2204 -0.628529 -3.05236
-2.03303 2.56167 0.858189
-1.37803 -1.12904 0.125214
0.377191 0.346415 0.0508642
1.07037 -1.87934 1.87082
2.1666 0.379533 -0.251887
0.207871 -1.00019 0.182334
1.55014 1.03709 2.49757
1.77245 2.8337 -3.25796
1.67728 -1.68359 -0.823119
0.808775 0.546492 1.12844
-0.36523 1.17732 3.33084
-0.220064 3.088 -0.672704
-3.02242 -1.03293 -2.72069
1.61254 -2.45364 -4.51493
0.262516 0.576836 -1.21375
0.00515334 -1.60731 0.931008
-0.777635 -0.185858 -1.13166
-3.20076 0.259771 -0.877656
-1.67706 2.18795 1.56934
-7.23956 -0.281506 0.651851
0.466418 1.70217 0.109317
2.12661 -1.90891 -1.4166
0.0606107 1.04234 4.70096
3.50128 -2.43608 -0.21222
-0.757954 -2.17948 -6.02908
0.746101 5.66235 1.62447
-0.238986 0.0699956 1.65414
2.22939 1.10945 3.74879
-4.89496 3.31254 -2.37396
-2.04464 1.33016 -1.25342
4.27421 0.887143 -6.64728
-1.36549 0.467014 0.749144
1.39305 0.211927 -1.37463
-2.44114 -0.614651 2.81734
-3.69455 1.39281 -3.34765
-0.384353 -2.93466 -0.0726977
-0.820398 0.443839 -0.743813
8.49651 1.0709 2.85684
2.92452 0.290858 5.6509
-1.65918 -0.661438 -5.41025
2.15775 -1.99891 -0.127512
-0.546525 -2.73645 4.80896
-4.80118 3.26806 -3.12566
-5.18142 1.56533 -1.05816
-0.852731 4.79469 -0.316226
-1.87008 1.1019 2.18228
4.20394 -0.540677 0.391803
3.8117 2.79913 -0.502537
0.831952 -0.528395 2.2
1.72245 -2.18709 0.243643
-2.07334 0.0225018 -0.224943
-1.94444 1.09752 2.69213
2.86472 4.72486 0.222986
1.49945 1.78346 -0.684557
0.415263 -0.0504279 0.971467
-0.200849 1.29902 0.0438833
2.04499 -0.325695 -6.88367
-4.52829 -1.62528 -1.90028
-1.057 -1.62887 -0.241265
-0.627535 -0.688888 1.91974
-3.39936 -0.638595 4.9375
1.90124 2.77951 -1.30171
1.49773 -1.24435 -0.0477235
1.21767 -4.18959 3.95983
4.4987 0.993491 2.03084
0.701794 -2.50652 -3.53391
-1.86685 -1.88984 -3.97236
-1.56897 1.44806 -2.444
2.5645 0.0125314 -2.02643
2.1839 -0.713775 2.86399
4.24895 -0.364084 -0.816165
-3.72188 6.59355 -3.38162
-1.47017 -1.95868 -0.999634
1.10214 3.38205 4.87264
2.31369 0.72143 -0.0100822
0.493992 -5.70476 -1.85404
-3.62395 1.88727 0.798386
0.328002 -1.22311 0.999314
-1.05837 -1.49591 -2.17741
0.23904 1.43163 -1.36974
0.448976 -2.45049 0.203097
-0.696848 -1.9791 -0.922715
-0.664059 -0.123832 -0.590411
0.227211 -1.50512 -4.59314
1.55361 -0.190689 0.479748
-0.705142 0.793295 2.17575
-0.260814 -0.396672 -0.00841516
-2.69767 -0.444004 0.587635
0.0643018 0.346292 -0.0507666
-5.73463 -3.02477 -0.258795
-1.93438 -2.46189 -0.859209
4.20625 1.59179 -0.501406
4.265 -3.9845 1.35918
-0.859459 0.578213 1.08202
1.39156 -1.26475 0.968911
2.49111 1.30366 2.5179
4.3416 6.12688 2.08238
0.537809 0.73922 0.693825
2.49618 -0.745076 -5.92428
