-5.6003 4.64449 7.29736
7.66976 2.18557 6.33689
9.36513 0.479207 -0.0883948
-10.3508 1.15614 -1.26365
1.92331 -2.76122 -1.95583
5.77337 2.75117 -0.163245
2.36938 -7.38861 -33.0427
10.4682 2.42988 3.53735
3.05872 -0.539693 -2.60547
6.5017 -7.07329 -5.32001
-1.60583 3.03221 5.37054
-3.13145 0.338863 16.9616
3.54077 0.742637 -0.1653
-14.0686 14.2319 13.0357
4.49274 -5.84484 -5.08047
0.366501 8.1091 2.30481
3.66395 -4.30936 2.12272
21.1822 -3.17308 -8.74983
-2.96228 -14.1711 6.44235
-1.38931 0.00893085 -1.89819
6.11246 -4.32249 3.70199
1.41194 -3.19804 5.30415
0.121255 -0.862775 -2.10312
-2.89484 -4.50203 -2.74927
-1.27884 0.825884 -10.7793
-1.90783 -2.89713 -1.11066
-4.46999 2.49122 -24.2597
-1.33584 1.4591 76.3951
1.5904 5.03233 11.2306
2.50345 -10.046 -14.7433
4.13062 7.8367 -9.85903
-14.5399 -1.09993 -22.8573
5.58378 -21.6662 2.42932
0.574333 -6.06471 -6.04324
-0.908879 -0.430035 -6.25839
-4.58216 0.953635 -1.02994
-8.96183 1.05753 2.67199
-3.25046 2.62668 -2.97601
-12.7673 8.70088 -9.11886
-0.297819 -1.95884 5.31338
-3.29196 -10.3816 8.69695
4.22268 -8.72816 5.7766
3.88511 2.74648 -55.2995
2.01809 6.39478 -5.25729
9.69176 -2.33657 -14.1329
-8.91681 247.324 1.9474
-1.27405 -4.33177 -8.69491
3.336 -6.5008 3.38049
4.71055 -2.39276 5.04582
2.47612 -2.0752 -3.62602
-5.43139 2.23453 2.44332
-6.44615 3.23766 -4.28067
-1.84066 -0.824779 -1.72386
-1.5857 1.25256 2.86087
-2.90297 1.67028 3.1767
-1.56382 -1.05822 0.276362
-5.30802 -1.97027 -0.0178873
-3.10979 9.47662 -5.41409
5.2504 -3.42244 -1.74176
2.30478 -7.63927 -0.367051
-0.420765 -3.2863 -1.97114
-2.93283 -2.21439 20.5023
10.9881 4.75245 -4.69152
-10.4066 2.14621 1.21628
1.84646 -3.30584 -7.79171
-4.67 7.41331 41.0075
3.11847 -155.473 10.6162
-1.38277 -11.2664 4.81473
2.23683 4.06277 -11.3673
-0.0286852 2.7247 -2.09714
-19.2972 -2.15794 -10.3846
-0.449 2.02731 4.89814
4.50037 5.23691 3.00302
-14.6858 -3.45791 2.00152
-0.78048 3.6573 -31.0638
2.74497 0.706687 2.71419
-2.17133 6.92934 3.32885
-3.44868 2.39694 -3.50266
2.62847 3.35849 7.96082
2.95918 -0.476064 -9.25607
6.89371 3.35673 0.526522
2.06606 -4.51637 -4.08733
-4.33694 -3.91816 2.18579
1.8925 4.97302 0.608785
7.06107 -2.92159 -6.57385
-3.1605 5.04143 7.0034
1.25217 1.94834 12.6956
-3.9522 1.65475 -3.17422
-2.23386 0.205993 3.19586
-0.650662 -1.83824 -0.866817
1.25394 0.218646 -1.11522
0.55272 2.01787 6.20791
2.50299 -2.64823 -0.39038
15.3329 2.21405 3.66918
-0.280695 6.26986 0.885788
1.62811 9.9147 -0.329575
-28.4482 -3.83916 22.4051
7.48433 -5.64626 4.57849
-1.53762 -7.88718 -2.23862
-9.36368 -2.24868 -8.32157
