-5.78891 4.62048 7.2806
7.6616 2.16808 6.33765
9.39792 0.236078 -0.0834274
-10.7067 1.22496 -1.22755
1.76351 -2.87927 -1.93064
5.96956 2.74171 -0.0758467
2.37921 -7.4207 -33.0709
10.4275 2.39433 3.55211
2.73736 -0.613325 -2.70724
6.63948 -7.0099 -5.34164
-1.44262 3.12744 5.41087
-2.83863 0.112093 17.0222
3.56995 0.862636 -0.135993
-13.6717 14.1996 13.1503
4.63556 -5.85278 -5.07198
0.237684 7.94846 2.29325
3.49688 -4.32902 2.17742
21.1819 -3.23884 -8.80856
-2.86658 -13.9489 6.43243
-1.41575 0.011375 -1.864
6.11588 -4.4587 3.7211
1.39059 -3.16163 5.32721
0.112563 -0.772532 -2.11792
-3.00105 -4.14588 -2.79147
-1.34458 0.419102 -10.8373
-1.92441 -2.92907 -1.20572
-4.74573 2.4937 -24.5233
-1.43993 1.4344 76.3515
1.594 5.21666 11.3697
2.30778 -10.0009 -14.8591
4.10289 7.90049 -9.87266
-14.6049 -1.15117 -22.9329
5.54988 -21.6646 2.42548
0.608406 -5.82319 -5.92927
-1.00089 -0.651901 -6.24444
-4.79577 0.940717 -1.03499
-8.96294 1.04704 2.71695
-3.39918 2.54586 -2.90054
-12.5032 8.74089 -9.10431
-0.37232 -1.9859 5.44716
-3.44153 -10.4154 8.76515
4.17865 -8.56987 5.79942
3.70628 2.79598 -55.2434
2.32359 6.69894 -5.11688
9.48097 -2.17935 -14.2933
-8.92227 247.343 1.84072
-1.40768 -4.31375 -8.66983
3.74163 -6.44335 3.28432
5.21622 -2.23918 5.05023
2.47096 -2.06887 -3.5854
-5.45365 2.18132 2.47119
-6.47 3.35251 -4.21646
-1.77908 -0.989288 -1.71043
-1.58288 1.22962 2.81594
-2.95703 1.81282 3.38662
-1.55152 -1.09197 0.365677
-5.25943 -1.98137 -0.120951
-2.99854 9.48565 -5.45041
5.41077 -3.70183 -1.83653
2.33825 -7.61824 -0.403149
-0.391821 -3.28026 -1.97839
-3.20258 -2.52023 20.5094
11.5727 4.95441 -4.70706
-10.4525 2.28691 1.02364
1.8734 -3.26985 -8.00467
-4.46599 7.36229 40.9285
3.13777 -155.527 10.6469
-1.0763 -11.5096 4.84386
2.28593 4.04679 -11.2357
0.00321932 2.82614 -2.06286
-19.4049 -2.08815 -10.3709
-1.17297 2.16961 4.92273
4.51174 5.23064 2.99489
-14.6983 -3.4652 1.9429
-0.8341 3.68732 -31.1379
2.76732 0.509871 2.67948
-2.18359 6.82159 3.37054
-3.53207 2.53532 -3.502
2.62691 3.49458 7.89587
2.76574 -0.404038 -9.08155
6.87098 3.10406 0.577059
2.26387 -4.31363 -4.22915
-4.29549 -3.91955 2.22646
1.85667 5.00255 0.619483
7.26715 -2.89332 -6.58664
-3.38109 5.04526 6.97892
1.26865 2.07129 12.6785
-3.97056 1.55979 -3.18138
-2.13678 0.187782 3.1178
-0.668201 -1.7725 -0.884382
1.34302 0.214956 -1.12764
0.736652 2.02101 6.11657
2.5253 -2.81062 -0.261666
15.3818 2.29385 3.67586
-0.250228 6.26044 0.887951
1.48518 9.92919 -0.221623
-28.6512 -3.82217 22.4515
7.45922 -5.56049 4.54346
-1.21915 -7.89258 -2.22233
-9.37121 -2.31519 -8.35086
