-5.89651 4.61262 7.27771
7.65814 2.15996 6.33861
9.41461 0.119252 -0.0815997
-11.0093 1.26054 -1.20402
1.69533 -2.93815 -1.91827
6.03102 2.73297 -0.0419051
2.38441 -7.43728 -33.0903
10.4071 2.37719 3.5606
2.53859 -0.644454 -2.75665
6.68845 -6.97585 -5.35496
-1.35777 3.18092 5.43325
-2.5053 0.0154031 17.0561
3.58048 0.919979 -0.121723
-13.4084 14.1883 13.2434
4.71076 -5.85668 -5.06649
0.163489 7.87434 2.28843
3.42632 -4.33599 2.2073
21.1665 -3.26301 -8.82874
-2.83099 -13.8539 6.42827
-1.43158 0.0129006 -1.84629
6.11529 -4.54052 3.73262
1.3802 -3.14483 5.33677
0.105614 -0.728226 -2.12516
-3.07355 -3.99013 -2.81147
-1.38651 0.228003 -10.8681
-1.93367 -2.94064 -1.25266
-4.90468 2.49612 -24.7092
-1.49318 1.42791 76.3225
1.59369 5.30724 11.3498
2.20132 -9.97703 -14.9235
4.08259 7.93881 -9.87272
-14.645 -1.17356 -22.9796
5.52926 -21.6635 2.4234
0.61232 -5.65952 -5.83841
-1.06214 -0.770186 -6.23677
-4.92024 0.934942 -1.03739
-8.96313 1.04152 2.7402
-3.47993 2.50735 -2.8661
-12.3137 8.76653 -9.09457
-0.38602 -2.00464 5.50035
-3.5249 -10.4603 8.78155
4.15385 -8.41682 5.81302
3.45347 2.6919 -55.2011
2.51225 6.9153 -5.05122
9.38473 -2.10486 -14.3824
-8.92651 247.301 1.7907
-1.4982 -4.30519 -8.65991
3.93629 -6.4133 3.23631
5.61518 -2.14738 5.04721
2.46742 -2.06586 -3.56481
-5.46528 2.15483 2.49189
-6.48447 3.41213 -4.18019
-1.75175 -1.0724 -1.70404
-1.5809 1.22282 2.79731
-2.98679 1.89226 3.50245
-1.54513 -1.10822 0.413023
-5.23798 -1.98698 -0.170456
-2.96775 9.49539 -5.45372
5.48217 -3.82929 -1.88326
2.35051 -7.60452 -0.422463
-0.378323 -3.27896 -1.98242
-3.36209 -2.69001 20.5125
11.6871 5.06322 -4.71833
-10.4838 2.3721 0.928984
1.88795 -3.24977 -8.08628
-4.32448 7.3429 40.9
3.15324 -155.545 10.6512
-0.946223 -11.6079 4.8638
2.30732 4.03868 -11.1765
0.0137131 2.87704 -2.07155
-19.4853 -2.05537 -10.3666
-1.00968 2.242 4.93895
4.516 5.2272 2.99136
-14.7062 -3.46703 1.91665
-0.859789 3.70654 -31.1848
2.77707 0.414367 2.66296
-2.18957 6.77251 3.39263
-3.58219 2.60327 -3.50138
2.62488 3.56873 7.86615
2.65139 -0.360001 -8.9999
6.85995 2.99037 0.613491
2.34977 -4.21115 -4.30161
-4.27854 -3.92216 2.24686
1.83743 5.01791 0.626387
7.39652 -2.90364 -6.59573
-3.52021 5.04824 6.97006
1.27462 2.13346 12.6723
-3.98216 1.51245 -3.18397
-2.08042 0.168944 3.06632
-0.67671 -1.74234 -0.897328
1.3826 0.21291 -1.13355
0.819224 2.0221 6.07309
2.53585 -2.8915 -0.190982
15.4091 2.3371 3.67718
-0.23666 6.25501 0.889839
1.40586 9.93302 -0.159418
-28.491 -3.80949 22.4906
7.42955 -5.50708 4.54765
-1.12007 -7.89493 -2.21566
-9.3732 -2.35112 -8.35977
