-6.01083 4.60777 7.27388
7.6549 2.15173 6.33958
9.43369 0.00620713 -0.0802869
-11.1297 1.29581 -1.17596
1.60684 -2.99727 -1.90639
6.09974 2.71558 -0.0261188
2.38849 -7.45458 -33.1157
10.386 2.36009 3.56969
2.3387 -0.677131 -2.80633
6.74327 -6.94099 -5.37311
-1.29002 3.23722 5.45721
-2.18548 -0.0817157 17.1021
3.5888 0.975121 -0.107652
-13.1787 14.1845 13.3478
4.77206 -5.86096 -5.06031
0.0961356 7.80249 2.28433
3.36905 -4.34191 2.23579
21.1515 -3.28821 -8.84846
-2.79377 -13.771 6.42434
-1.44801 0.0141353 -1.82895
6.11484 -4.62665 3.74637
1.36985 -3.12833 5.34538
0.0987746 -0.686034 -2.13179
-3.14192 -3.84866 -2.83104
-1.42659 0.0376678 -10.8998
-1.94187 -2.95143 -1.29948
-5.09075 2.50019 -24.7443
-1.54811 1.42175 76.3069
1.59255 5.39157 11.2444
2.09768 -9.95481 -14.9941
4.05936 7.98067 -9.86699
-14.6914 -1.19728 -23.0401
5.50732 -21.6666 2.42108
0.614785 -5.51528 -5.7473
-1.12 -0.895453 -6.22933
-4.95214 0.929232 -1.03991
-8.96368 1.03528 2.76467
-3.56299 2.46814 -2.83616
-12.1192 8.79618 -9.0807
-0.393178 -2.02075 5.54327
-3.62494 -10.5093 8.78827
4.12537 -8.27071 5.82925
3.16916 2.57626 -55.1724
2.69016 7.16476 -4.98513
9.3001 -2.03781 -14.4797
-8.93155 247.298 1.75198
-1.59841 -4.29785 -8.65134
4.14245 -6.38555 3.18553
5.91571 -2.0412 5.04003
2.46307 -2.06343 -3.54384
-5.47707 2.12779 2.51619
-6.50229 3.47013 -4.13962
-1.72916 -1.15651 -1.69633
-1.57904 1.21488 2.77886
-3.01884 1.96572 3.62929
-1.53877 -1.12509 0.462039
-5.21775 -1.99342 -0.220828
-2.9443 9.50307 -5.44883
5.55589 -3.95848 -1.92951
2.36177 -7.58943 -0.442305
-0.365076 -3.27937 -1.98667
-3.35038 -2.87607 20.515
11.6224 5.17593 -4.73019
-10.5196 2.46302 0.837077
1.90209 -3.22897 -8.16045
-4.17422 7.32602 40.8788
3.16577 -155.524 10.6611
-0.839213 -11.7001 4.88146
2.3275 4.02933 -11.122
0.0233604 2.92496 -2.08872
-19.5893 -2.02215 -10.364
-0.739354 2.31768 4.9542
4.52016 5.22304 2.9886
-14.716 -3.46984 1.89171
-0.889129 3.72274 -31.2465
2.78707 0.318706 2.64724
-2.19625 6.72412 3.41479
-3.63991 2.67068 -3.50031
2.62311 3.64471 7.83896
2.51329 -0.316404 -8.92363
6.84844 2.88394 0.659592
2.43597 -4.1125 -4.37634
-4.26282 -3.92591 2.26669
1.81679 5.03325 0.634205
7.49933 -2.92558 -6.60252
-3.66836 5.05148 6.96216
1.28064 2.1945 12.6676
-3.99562 1.46529 -3.18654
-2.01676 0.138848 2.99216
-0.683867 -1.71444 -0.912862
1.42329 0.210283 -1.14047
0.895879 2.02161 6.02173
2.54602 -2.97246 -0.116235
15.436 2.38228 3.67723
-0.224335 6.24846 0.891552
1.33362 9.93507 -0.110268
-28.3684 -3.7955 22.5336
7.3894 -5.44415 4.58279
-1.0244 -7.89717 -2.21078
-9.37505 -2.3891 -8.36651
