-6.13129 4.60455 7.26567
7.65172 2.14424 6.33964
9.45581 -0.103287 -0.0797248
-10.8054 1.33281 -1.14558
1.4984 -3.05305 -1.89478
6.19121 2.69332 -0.0182741
2.39025 -7.47014 -33.1511
10.3646 2.34433 3.57889
2.17903 -0.711146 -2.8566
6.80482 -6.90858 -5.40035
-1.22709 3.29853 5.48292
-2.0538 -0.181977 17.1548
3.5957 1.02998 -0.0935587
-12.9646 14.184 13.4428
4.81733 -5.86518 -5.05329
0.0363909 7.73149 2.28098
3.31946 -4.34667 2.26268
21.1385 -3.3128 -8.86872
-2.75442 -13.7 6.42037
-1.46464 0.0156611 -1.81243
6.11505 -4.70703 3.76083
1.35984 -3.11091 5.35318
0.0919545 -0.642574 -2.13779
-3.20435 -3.7163 -2.8518
-1.46446 -0.153197 -10.9339
-1.95032 -2.96116 -1.34656
-5.32847 2.50881 -24.608
-1.60843 1.41579 76.2989
1.5912 5.38867 11.1474
1.9979 -9.92994 -15.0728
4.03398 8.02828 -9.85503
-14.742 -1.21976 -23.1157
5.48504 -21.6739 2.41562
0.629048 -5.38484 -5.68954
-1.17131 -1.02966 -6.22275
-4.88139 0.923502 -1.04258
-8.96477 1.02933 2.78986
-3.64981 2.43007 -2.81092
-11.9225 8.83125 -9.05708
-0.398223 -2.03277 5.57668
-3.73598 -10.5591 8.78493
4.09642 -8.12518 5.8464
2.92211 2.45442 -55.148
2.85983 7.43485 -4.91696
9.22548 -1.95452 -14.5903
-8.93535 247.338 1.71648
-1.70059 -4.29044 -8.64415
4.36177 -6.3619 3.13173
5.64889 -1.9172 5.03182
2.4575 -2.06087 -3.52325
-5.48901 2.10491 2.54181
-6.5223 3.53749 -4.09986
-1.70958 -1.23781 -1.68842
-1.57966 1.20593 2.75727
-3.05261 1.92668 3.76444
-1.53227 -1.14126 0.514508
-5.19878 -2.00036 -0.272886
-2.9235 9.51009 -5.44052
5.63422 -3.98535 -1.97694
2.37205 -7.57266 -0.463975
-0.352031 -3.28127 -1.99115
-2.98458 -3.08179 20.5113
11.3981 5.29253 -4.74217
-10.5605 2.58906 0.744082
1.91593 -3.20757 -8.22967
-4.04634 7.31061 40.8635
3.17138 -155.51 10.6898
-0.747316 -11.7908 4.89644
2.34711 4.01903 -11.0722
0.0329885 2.9694 -2.11132
-19.7037 -1.98706 -10.3632
-0.387683 2.39708 4.96642
4.52429 5.21848 2.98639
-14.7263 -3.47286 1.8676
-0.91655 3.73634 -31.3209
2.79804 0.221261 2.63192
-2.20366 6.67922 3.43566
-3.69891 2.73892 -3.49906
2.62254 3.72603 7.81271
2.36544 -0.271128 -8.8537
6.83692 2.79788 0.704143
2.52375 -4.03712 -4.4544
-4.24766 -3.93124 2.28465
1.79464 5.04974 0.642682
7.57269 -2.95533 -6.60714
-3.82467 5.05502 6.95506
1.2875 2.25465 12.6641
-4.01056 1.41918 -3.18925
-1.95661 0.100891 2.88008
-0.68913 -1.68843 -0.931624
1.46506 0.206924 -1.14851
0.967475 2.01955 5.96411
2.55574 -3.03977 -0.0434137
15.4677 2.43118 3.67629
-0.213033 6.24169 0.892571
1.2697 9.93618 -0.0795158
-28.2701 -3.78 22.5785
7.35049 -5.37532 4.66695
-0.930822 -7.89917 -2.20752
-9.37686 -2.42716 -8.37249
