-6.25552 4.60072 7.25574
7.64909 2.13837 6.33922
9.48044 -0.208715 -0.0798529
-10.3141 1.37259 -1.11617
1.39373 -3.10638 -1.87967
6.30839 2.67356 -0.00136948
2.39128 -7.48348 -33.2026
10.3447 2.33024 3.58894
2.06253 -0.742195 -2.90406
6.87266 -6.88126 -5.43808
-1.15046 3.36423 5.51095
-1.96714 -0.276317 17.2105
3.60189 1.08495 -0.0794344
-12.7387 14.1803 13.5337
4.86871 -5.86922 -5.04424
-0.0232147 7.6618 2.27932
3.27564 -4.35021 2.2921
21.1262 -3.33311 -8.88895
-2.71554 -13.6385 6.41682
-1.48039 0.0180563 -1.79519
6.11539 -4.78916 3.77602
1.35062 -3.09225 5.36053
0.0852065 -0.594395 -2.14372
-3.26766 -3.57428 -2.87394
-1.50327 -0.309659 -10.9705
-1.95906 -2.96799 -1.39338
-5.63609 2.52334 -24.4879
-1.68431 1.41345 76.2954
1.59022 5.3108 11.058
1.90291 -9.89576 -15.156
4.00673 8.08495 -9.83733
-14.7971 -1.23762 -23.2031
5.46401 -21.6824 2.40804
0.645226 -5.24362 -5.63266
-1.22155 -1.17232 -6.21715
-4.79886 0.917408 -1.04534
-8.96676 1.02389 2.81737
-3.73892 2.39464 -2.78661
-11.7451 8.88207 -9.01989
-0.401569 -2.03815 5.60386
-3.84983 -10.6033 8.77259
4.07191 -7.97935 5.86518
2.46544 2.3327 -55.1372
3.03961 7.72189 -4.84576
9.15912 -1.81392 -14.7136
-8.93797 247.348 1.67547
-1.78469 -4.28232 -8.63701
4.59064 -6.33935 3.07837
5.0279 -1.78419 5.02916
2.45148 -2.05694 -3.50268
-5.50058 2.08657 2.57013
-6.54211 3.61501 -4.06033
-1.68906 -1.31818 -1.68046
-1.58159 1.20088 2.735
-3.08689 1.80406 3.90868
-1.52459 -1.15664 0.57777
-5.18043 -2.00701 -0.326033
-2.90156 9.51816 -5.43088
5.7167 -3.90087 -2.02617
2.38077 -7.55346 -0.488276
-0.338869 -3.28411 -1.99521
-2.15528 -3.31899 20.523
11.219 5.41927 -4.75395
-10.6074 2.60449 0.64991
1.9297 -3.18535 -8.29499
-3.94751 7.29692 40.8514
3.17628 -155.505 10.7201
-0.644905 -11.8836 4.90959
2.37118 4.0071 -11.0238
0.0427156 3.01159 -2.13709
-19.8173 -1.94896 -10.363
-0.0842366 2.48273 4.97523
4.52873 5.21445 2.98521
-14.737 -3.47288 1.84488
-0.936858 3.75214 -31.4019
2.8099 0.122294 2.61714
-2.21066 6.63687 3.45557
-3.75201 2.81116 -3.49769
2.62272 3.81471 7.78741
2.23901 -0.22304 -8.78671
6.82652 2.73169 0.747876
2.61141 -3.98007 -4.53439
-4.23156 -3.9343 2.29786
1.77173 5.0679 0.653127
7.65626 -2.99037 -6.60954
-3.98969 5.06038 6.95016
1.29526 2.31412 12.6615
-4.02576 1.37505 -3.19144
-1.92276 0.0714598 2.73424
-0.692879 -1.6644 -0.954222
1.50761 0.20352 -1.15656
1.03551 2.01706 5.90963
2.5657 -3.09355 0.0309428
15.5114 2.48484 3.67485
-0.201834 6.23465 0.892896
1.21487 9.9376 -0.0473563
-28.1839 -3.7627 22.6316
7.34285 -5.3187 4.79601
-0.834287 -7.90064 -2.20314
-9.3776 -2.46415 -8.37745
