-7.06889 4.55348 7.21579
7.63257 2.10337 6.32015
9.67969 -0.786857 -0.102891
-9.03972 1.59032 -0.99795
0.818125 -3.60296 -1.78387
7.36941 2.59535 0.209966
2.37064 -7.57854 -33.4057
10.2396 2.23733 3.64981
1.60843 -0.901808 -3.15303
8.37063 -6.7137 -5.61891
-0.828363 3.82462 5.67976
-1.47433 -0.874823 17.6861
3.61179 1.3857 -0.00940846
-11.9867 14.1618 14.0223
5.30273 -5.89968 -4.94107
-0.016743 7.35774 2.41701
3.0609 -4.39315 2.51386
21.0798 -3.43265 -9.03553
-2.46999 -13.3972 6.38726
-1.58327 0.025475 -1.71028
6.09834 -4.64524 3.86302
1.28933 -2.97969 5.39586
0.0482484 -0.292199 -2.18745
-3.63772 -2.64219 -3.03112
-1.73488 -0.935087 -11.1959
-1.99879 -2.99587 -1.70517
-5.75354 2.63626 -24.1249
-2.87249 1.40224 76.3457
1.58571 4.90487 10.6545
1.47678 -9.69601 -15.7661
3.88027 8.60823 -9.80373
-15.2495 -1.34267 -23.6523
5.39175 -21.767 2.31288
0.751823 -4.58226 -5.41517
-1.48574 -2.24407 -6.20233
-4.3424 0.915643 -1.11473
-8.9828 1.00352 2.98505
-4.40619 2.18388 -2.63307
-10.9097 9.40766 -9.07458
-0.394614 -2.01773 5.70896
-5.28825 -10.9184 8.37246
3.92913 -7.30815 6.0004
1.60905 1.55815 -55.1189
3.81661 7.00909 -4.51011
8.88139 -0.977047 -14.9519
-8.98932 247.315 1.41731
-2.25565 -4.24325 -8.61029
2.30034 -6.23564 2.77076
3.14817 -1.30361 5.11243
2.41189 -2.03628 -3.39531
-5.58014 1.95727 2.75986
-6.69729 4.01787 -3.78088
-1.57636 -1.84732 -1.64995
-1.61487 1.18787 2.60292
-3.32672 1.21557 3.52015
-1.44411 -1.24083 1.03891
-5.0828 -2.05531 -0.697869
-2.7434 9.56608 -5.45183
6.45387 -3.04355 -2.42104
2.40576 -7.45671 -0.698637
-0.272501 -3.31719 -2.00535
-0.438236 -2.87742 20.789
10.6161 6.09335 -4.86649
-11.1227 1.83938 0.35005
2.01751 -3.02807 -7.6204
-3.7076 7.21214 40.8002
3.21883 -155.676 10.9004
0.0599215 -12.6888 4.97734
2.52358 3.94985 -10.8114
0.106367 3.26733 -2.74533
-19.6054 -1.70685 -10.3472
1.32607 3.33401 4.96653
4.56952 5.22109 2.99871
-14.8256 -3.47297 1.69027
-1.04688 3.85315 -31.1614
2.90083 -0.553549 2.52314
-2.24488 6.39377 3.54541
-4.15332 3.44702 -3.47162
2.62617 4.4949 7.61455
1.56303 0.0174835 -8.46701
6.76582 2.34936 0.992907
3.24769 -3.59864 -5.18793
-4.14789 -3.95633 2.39413
1.63418 5.14678 0.772285
8.44147 -3.25423 -6.60898
-4.77159 5.14138 6.94468
1.35648 2.63853 12.649
-4.14427 1.11348 -3.20524
-2.00146 0.132402 2.2136
-0.721076 -1.5994 -1.09662
1.86219 0.19129 -1.21447
1.62683 1.99173 5.58242
2.61389 -3.50338 0.433367
15.9247 2.89465 3.66936
-0.139548 6.18211 0.886225
0.832888 9.96052 0.197285
-27.9369 -3.68991 23.1925
7.65446 -5.36042 4.99268
0.209493 -7.91631 -2.17374
-9.3765 -2.68703 -8.39483
