-7.2243 4.5483 7.2126
7.6287 2.09614 6.31402
9.72959 -0.875083 -0.10684
-8.95356 1.62508 -0.982705
0.732516 -3.69233 -1.77036
7.58269 2.59296 0.246796
2.37403 -7.59779 -33.3841
10.2222 2.22104 3.65841
1.54216 -0.922294 -3.19494
8.78982 -6.67096 -5.64927
-0.788024 3.92146 5.71709
-1.36164 -1.02048 17.607
3.60931 1.43591 0.00242944
-11.9212 14.1659 13.897
5.38284 -5.90749 -4.92623
-0.0809039 7.35473 2.40749
3.03445 -4.40663 2.53532
21.0764 -3.4494 -9.06791
-2.42435 -13.3679 6.38359
-1.60333 0.0235191 -1.70204
6.09467 -4.59035 3.88103
1.27695 -2.95915 5.4023
0.0432639 -0.234816 -2.19569
-3.70241 -2.43417 -3.06511
-1.77906 -1.01894 -11.2446
-2.00567 -2.99988 -1.75931
-5.59436 2.64992 -24.0967
-3.01552 1.40591 76.4057
1.58531 4.8401 10.5989
1.41291 -9.66555 -15.6478
3.87352 8.71783 -9.82373
-15.367 -1.37389 -23.528
5.39008 -21.7817 2.28525
0.773871 -4.52334 -5.3838
-1.50297 -2.33974 -6.17998
-4.29287 0.914574 -1.13837
-8.98747 1.00065 3.01222
-4.54773 2.15416 -2.61423
-10.8059 9.52045 -9.10815
-0.38876 -2.00659 5.72208
-5.45797 -11.0158 8.37507
3.9082 -7.21599 6.02299
1.53075 1.46646 -55.1242
3.96719 6.60867 -4.4632
8.84475 -0.879215 -14.8206
-9.00333 247.355 1.3683
-2.33517 -4.23648 -8.60923
1.6377 -6.227 2.72849
2.98425 -1.2435 5.13296
2.4021 -2.03275 -3.37919
-5.59519 1.93496 2.79072
-6.7304 4.08161 -3.7469
-1.55732 -1.93867 -1.64495
-1.62395 1.18471 2.58184
-3.37595 1.12375 3.43457
-1.43701 -1.25574 1.08769
-5.06693 -2.06515 -0.763324
-2.72353 9.58022 -5.46958
6.68131 -2.74442 -2.47036
2.40772 -7.44688 -0.730494
-0.263815 -3.32217 -2.00563
-0.300147 -2.65497 20.873
10.5857 5.94692 -4.90659
-11.3091 1.66239 0.312197
2.03199 -3.00093 -7.531
-3.68816 7.19753 40.8105
3.22748 -155.678 10.944
0.176881 -12.8769 4.98623
2.55473 3.94272 -10.7818
0.117728 3.31421 -2.81523
-19.4336 -1.661 -10.3413
1.15946 3.50472 4.96579
4.5778 5.23128 3.00008
-14.8439 -3.47485 1.6578
-1.06712 3.87466 -31.1236
2.92185 -0.647572 2.51071
-2.2486 6.35728 3.55502
-4.2122 3.53308 -3.46551
2.62751 4.52059 7.5896
1.45994 0.0518101 -8.43529
6.75544 2.28961 1.02516
3.35729 -3.52692 -5.29834
-4.13573 -3.96184 2.41277
1.62139 5.15195 0.798702
8.64633 -3.28681 -6.60702
-4.89669 5.16642 6.94401
1.36986 2.6935 12.647
-4.17003 1.07203 -3.20635
-2.0056 0.14323 2.17064
-0.728376 -1.58415 -1.11014
1.92853 0.192861 -1.22211
1.74923 1.98693 5.53569
2.62381 -3.57667 0.492977
16.0279 2.98377 3.67124
-0.129881 6.17235 0.884134
0.777872 9.96574 0.229202
-27.919 -3.67521 23.229
7.69206 -5.37454 4.96901
0.314347 -7.92104 -2.16844
-9.37816 -2.72065 -8.39136
