-7.57567 4.54374 7.21472
7.62189 2.08154 6.30185
9.84656 -1.04684 -0.113475
-8.80969 1.6923 -0.956997
0.556988 -3.88151 -1.74312
7.49441 2.596 0.333945
2.38152 -7.63725 -33.346
10.1882 2.18963 3.68244
1.4199 -0.960932 -3.27011
9.82265 -6.5759 -5.71837
-0.703865 4.12702 5.80493
-1.01166 -1.40876 17.4554
3.59946 1.54007 0.0258533
-11.7994 14.1799 13.7179
5.57347 -5.93448 -4.90243
-0.169504 7.32864 2.38967
3.00023 -4.43036 2.59515
21.0771 -3.47757 -9.13859
-2.33133 -13.3162 6.37989
-1.63753 0.0183887 -1.68025
6.08816 -4.47512 3.92334
1.25013 -2.91677 5.41899
0.0332931 -0.109623 -2.21118
-3.84485 -1.99933 -3.1249
-1.88176 -1.18115 -11.3465
-2.02059 -3.00751 -1.84549
-5.23661 2.66725 -24.0458
-3.13931 1.40351 76.3304
1.58698 4.71592 10.5002
1.3149 -9.60254 -15.4282
3.86416 8.98549 -9.86756
-15.603 -1.41128 -23.2612
5.40752 -21.8179 2.22961
0.818593 -4.40099 -5.3267
-1.58139 -2.54325 -6.1135
-4.16809 0.911749 -1.17179
-8.99531 0.996656 3.07587
-4.82101 2.10051 -2.56396
-10.6238 9.77629 -9.17766
-0.36318 -1.97824 5.76033
-5.71107 -11.2229 8.3808
3.8702 -7.03691 6.07515
1.38111 1.28805 -55.157
4.30066 6.03746 -4.36147
8.7806 -0.706118 -14.6016
-9.03093 247.337 1.28736
-2.49599 -4.22124 -8.60666
-0.0602133 -6.22209 2.67971
2.69823 -1.12588 5.1801
2.38033 -2.02462 -3.34356
-5.6241 1.89227 2.86076
-6.80187 4.21429 -3.6793
-1.51266 -2.12445 -1.63475
-1.64239 1.18232 2.5476
-3.48697 0.937579 3.27042
-1.425 -1.27956 1.13969
-5.03197 -2.08238 -0.856569
-2.69792 9.6174 -5.50483
7.40352 -1.79293 -2.58106
2.41234 -7.42604 -0.779335
-0.246908 -3.32957 -2.00514
-0.0372665 -2.34351 21.0707
10.5452 5.69669 -4.97458
-11.961 1.14462 0.242517
2.06343 -2.94354 -7.36633
-3.61203 7.17124 40.8313
3.25612 -155.734 11.0254
0.432258 -13.3182 5.00125
2.62381 3.93591 -10.7194
0.142612 3.42253 -2.94697
-19.1417 -1.55884 -10.3279
0.843425 3.81413 4.96127
4.59318 5.25835 3.00006
-14.8772 -3.47518 1.60659
-1.10498 3.91848 -31.0694
2.97122 -0.760114 2.48929
-2.251 6.29542 3.57443
-4.33453 3.70971 -3.45371
2.63124 4.33648 7.54468
1.26911 0.118958 -8.37996
6.73294 2.17552 1.09113
3.58359 -3.37722 -5.51772
-4.10724 -3.9726 2.46323
1.61275 5.15768 0.848321
8.55346 -3.34526 -6.59098
-5.01431 5.22245 6.94312
1.4014 2.8134 12.6427
-4.22238 0.991457 -3.20155
-2.00811 0.163171 2.11311
-0.742911 -1.54037 -1.13305
2.06058 0.200034 -1.23084
2.02657 1.9783 5.45366
2.64718 -3.72004 0.624731
16.2759 3.18525 3.6783
-0.108425 6.15423 0.881795
0.692635 9.97294 0.294894
-27.8924 -3.64281 23.0467
7.76507 -5.40029 4.93333
0.58065 -7.92673 -2.15192
-9.38652 -2.7729 -8.37468
