-7.7974 4.54413 7.21874
7.61888 2.07317 6.296
9.91359 -1.13518 -0.116825
-8.74259 1.72613 -0.946662
0.475356 -3.98766 -1.72942
7.39745 2.60215 0.374425
2.38706 -7.66012 -33.3264
10.1709 2.17292 3.7
1.36115 -0.982167 -3.30528
10.0055 -6.5273 -5.76057
-0.651711 4.23459 5.85483
-0.642493 -1.63821 17.3825
3.59188 1.59086 0.0354736
-11.7431 14.1886 13.6403
5.67775 -5.95048 -4.89143
-0.204009 7.31128 2.37736
2.98413 -4.44061 2.62804
21.0779 -3.49356 -9.17301
-2.285 -13.2969 6.37935
-1.65263 0.016205 -1.66767
6.08533 -4.41747 3.9468
1.23574 -2.8962 5.42921
0.0278208 -0.0491706 -2.21945
-3.92326 -1.80045 -3.1505
-1.93517 -1.2576 -11.3979
-2.029 -3.01573 -1.88216
-5.05579 2.67212 -24.025
-3.19537 1.39702 76.3002
1.5844 4.65661 10.4598
1.28718 -9.57219 -15.3246
3.85968 9.13304 -9.89091
-15.7355 -1.42756 -23.1577
5.42285 -21.8477 2.20721
0.839888 -4.33967 -5.3025
-1.63737 -2.65373 -6.08979
-4.10495 0.909429 -1.1825
-8.99865 0.993995 3.11326
-4.97254 2.07206 -2.54061
-10.5432 9.91309 -9.21641
-0.343654 -1.96316 5.78516
-5.82748 -11.3476 8.3813
3.85348 -6.9516 6.10462
1.2712 1.1742 -55.1655
4.50237 5.80425 -4.30893
8.75372 -0.629746 -14.5104
-9.04524 247.339 1.25037
-2.58204 -4.21275 -8.60552
-0.69442 -6.22437 2.67175
2.58535 -1.06852 5.2065
2.36716 -2.02054 -3.32531
-5.63772 1.87067 2.89834
-6.83765 4.28351 -3.64529
-1.48799 -2.22302 -1.62893
-1.65072 1.18016 2.53457
-3.54963 0.836333 3.18707
-1.41731 -1.29239 1.08805
-5.01393 -2.09083 -0.892785
-2.69222 9.63896 -5.52098
7.95521 -1.11072 -2.65045
2.41593 -7.41644 -0.798344
-0.238765 -3.33256 -2.00478
0.0999935 -2.20551 21.1957
10.5267 5.59508 -5.00699
-12.5531 0.788767 0.206432
2.08347 -2.91755 -7.29117
-3.56066 7.15657 40.8442
3.26407 -155.744 11.0926
0.603164 -13.5699 5.00822
2.65917 3.93293 -10.6899
0.157245 3.479 -3.02811
-19.0351 -1.50319 -10.3222
0.689382 3.97164 4.95684
4.6001 5.27377 2.99847
-14.8931 -3.47551 1.58259
-1.12497 3.93736 -31.0523
2.99869 -0.819908 2.48017
-2.24978 6.26871 3.58658
-4.38723 3.80469 -3.44768
2.63299 4.23866 7.52501
1.18433 0.152472 -8.35658
6.72035 2.11983 1.12433
3.71144 -3.30294 -5.63342
-4.09162 -3.98022 2.49334
1.61602 5.15908 0.868723
8.42998 -3.37496 -6.5754
-4.88145 5.25245 6.94221
1.41977 2.87588 12.6412
-4.25039 0.950536 -3.19662
-2.00578 0.171255 2.09183
-0.749835 -1.51659 -1.14398
2.13178 0.204865 -1.23343
2.23202 1.97437 5.41456
2.66201 -3.79343 0.698366
16.2908 3.29632 3.68305
-0.0970794 6.14491 0.882105
0.650259 9.97569 0.326433
-27.882 -3.62348 22.9691
7.80277 -5.41436 4.91703
0.736476 -7.92912 -2.14625
-9.39246 -2.79147 -8.37092
