-7.6264 4.54644 7.22512
7.61287 2.05369 6.2829
10.0415 -1.01546 -0.125255
-8.62092 1.78861 -0.927577
0.329753 -4.2553 -1.7
7.20596 2.616 0.452283
2.39734 -7.71187 -33.3013
10.1351 2.13397 3.74474
1.22729 -1.03165 -3.37725
9.63953 -6.44716 -5.85476
-0.529372 4.43885 5.96579
-0.0585289 -2.04387 17.2628
3.57351 1.68543 0.0454052
-11.6381 14.2092 13.4825
5.45619 -5.98861 -4.87349
-0.293504 7.27323 2.33542
2.94187 -4.45915 2.69224
21.0818 -3.53056 -9.24523
-2.19642 -13.2782 6.38034
-1.68106 0.0129856 -1.64377
6.08418 -4.31511 3.99989
1.20583 -2.8593 5.45337
0.0160581 0.078417 -2.23332
-4.09213 -1.46409 -3.19976
-2.04566 -1.39758 -11.4961
-2.04524 -3.04679 -1.9663
-4.67833 2.67268 -23.9907
-3.31593 1.38543 76.278
1.58004 4.53322 10.3899
1.26959 -9.5418 -15.1555
3.85071 9.46031 -9.94053
-15.5307 -1.4511 -22.9694
5.44852 -21.9306 2.17723
0.878863 -4.22751 -5.25508
-1.80634 -2.89976 -6.07103
-3.82219 0.897855 -1.19544
-9.00683 0.987696 3.18566
-5.56351 2.00246 -2.50547
-10.3992 10.1709 -9.30232
-0.292757 -1.93293 5.84509
-5.4005 -11.7339 8.37855
3.82548 -6.79211 6.17113
0.737498 0.836286 -55.2706
4.97312 5.35189 -4.20409
8.71105 -0.489613 -14.3473
-9.08057 247.381 1.17314
-2.79124 -4.19564 -8.60246
-1.3525 -6.22901 2.66806
2.4103 -0.961025 5.26564
2.33471 -2.0123 -3.29354
-5.66389 1.82664 2.97491
-6.90556 4.43225 -3.57215
-1.43715 -2.44818 -1.61669
-1.67123 1.17264 2.50854
-3.68139 0.578743 3.01145
-1.40223 -1.31983 0.993831
-4.98049 -2.10759 -0.97109
-2.69416 9.68441 -5.5494
7.39028 0.340478 -2.81781
2.42463 -7.40176 -0.831586
-0.224036 -3.33806 -2.0057
0.47603 -1.87218 21.584
10.476 5.4104 -5.05392
-11.9427 0.0679557 0.1577
2.12921 -2.86706 -7.1534
-3.42551 7.12754 40.8842
3.2769 -155.712 11.2271
1.00419 -13.8856 5.02549
2.73051 3.92629 -10.6412
0.186606 3.5803 -3.16567
-18.8702 -1.40676 -10.3176
0.297495 4.28829 4.94487
4.61254 5.30571 2.99208
-14.9347 -3.48017 1.53383
-1.17048 3.967 -31.0335
3.05466 -0.982019 2.46351
-2.24388 6.22116 3.60798
-4.50759 4.00894 -3.43299
2.63556 4.01726 7.49196
1.02984 0.217263 -8.3154
6.69236 2.01141 1.19134
4.01659 -3.16526 -5.88265
-4.05919 -4.0004 2.5554
1.63303 5.16223 0.897783
8.18316 -3.46079 -6.51626
-4.65665 5.30854 6.93888
1.45884 3.00044 12.6438
-4.31166 0.866312 -3.18104
-1.992 0.183746 2.04944
-0.762863 -1.4696 -1.16617
2.28725 0.213242 -1.23798
2.8019 1.96607 5.33454
2.70511 -3.94304 0.85376
16.0957 3.52907 3.69384
-0.0739675 6.12482 0.883714
0.557655 9.9912 0.395802
-27.8865 -3.57436 22.8298
7.87897 -5.44713 4.87769
1.10403 -7.94074 -2.14442
-9.3948 -2.82032 -8.38964
