-7.42988 4.55044 7.22399
7.60985 2.0434 6.2758
10.1065 -0.90124 -0.131337
-8.57176 1.80881 -0.91784
0.252852 -4.44014 -1.68503
7.08411 2.62054 0.490791
2.40058 -7.73842 -33.294
10.1167 2.11029 3.7725
1.15465 -1.0588 -3.41766
9.48517 -6.41704 -5.90209
-0.466321 4.52321 6.02402
0.0504028 -2.18734 17.2731
3.56488 1.73285 0.0445557
-11.5955 14.2248 13.41
5.30269 -6.01118 -4.86595
-0.338705 7.26141 2.30367
2.91146 -4.46794 2.72442
21.0843 -3.55167 -9.28397
-2.15534 -13.2759 6.38159
-1.69619 0.0119646 -1.63289
6.08509 -4.2674 4.02868
1.19074 -2.84328 5.46712
0.00899387 0.144551 -2.24205
-4.1817 -1.31339 -3.22917
-2.08994 -1.45188 -11.5948
-2.04921 -3.0594 -2.01831
-4.47159 2.66908 -23.9755
-3.39248 1.3823 76.2715
1.57814 4.47431 10.3577
1.24931 -9.53934 -15.0934
3.8447 9.64335 -9.96802
-14.5041 -1.44935 -22.8886
5.45659 -21.9818 2.16758
0.895177 -4.17406 -5.23009
-1.89407 -3.02656 -6.07319
-3.67486 0.888049 -1.19928
-9.01237 0.984721 3.22165
-6.32916 1.96048 -2.48675
-10.3411 10.304 -9.34946
-0.263832 -1.9161 5.88279
-5.05465 -12.0271 8.37408
3.81297 -6.71738 6.20603
0.580348 0.671409 -55.2197
5.21872 5.09337 -4.15636
8.69188 -0.423492 -14.2799
-9.09847 247.349 1.13537
-2.92095 -4.18699 -8.59986
-1.77224 -6.22602 2.66374
2.32931 -0.913087 5.29636
2.31578 -2.00735 -3.28111
-5.67795 1.8044 3.01376
-6.93991 4.51585 -3.53599
-1.41245 -2.57498 -1.61098
-1.68282 1.16916 2.4962
-3.75805 0.412824 2.89112
-1.39563 -1.33396 0.943001
-4.96634 -2.11524 -1.05146
-2.70109 9.70933 -5.56172
6.93665 0.862191 -2.94969
2.42936 -7.39503 -0.846815
-0.217885 -3.34015 -2.00721
0.779852 -1.61483 21.8634
10.4483 5.32757 -5.07259
-11.5433 -0.222799 0.0547306
2.149 -2.84473 -7.0894
-3.37216 7.11424 40.9138
3.28913 -155.711 11.3273
1.19339 -13.6938 5.03579
2.76429 3.92291 -10.6212
0.199776 3.62993 -3.22282
-18.8069 -1.36235 -10.3203
0.0388212 4.46866 4.93748
4.61876 5.32282 2.98778
-14.962 -3.48247 1.51109
-1.19667 3.97991 -31.03
3.08299 -1.07094 2.45513
-2.24086 6.20033 3.61514
-4.5879 4.12373 -3.42415
2.63615 3.90016 7.47851
0.951758 0.24753 -8.29778
6.67515 1.96038 1.22398
4.16657 -3.10207 -6.01711
-4.04354 -4.01195 2.58655
1.64427 5.16659 0.907142
8.07535 -3.52819 -6.47078
-4.56052 5.33608 6.93596
1.47743 3.06336 12.6487
-4.34388 0.823624 -3.16953
-1.98288 0.190334 2.02261
-0.769728 -1.44558 -1.1778
2.36225 0.217527 -1.24019
3.1309 1.96449 5.29324
2.73209 -4.01832 0.935135
16.0146 3.6547 3.69805
-0.0630194 6.11448 0.885468
0.514908 10.0048 0.435115
-27.9054 -3.55238 22.7765
7.91634 -5.46384 4.85397
1.29161 -7.95038 -2.14722
-9.39027 -2.83475 -8.4104
