-6.55228 4.59606 7.17481
7.60778 2.00288 6.24504
10.424 -0.375447 -0.165128
-8.41675 1.89995 -0.865504
-0.0922458 -5.9009 -1.62555
6.77826 2.61993 0.651149
2.40534 -7.84022 -33.2795
10.0676 1.98106 3.9145
0.868069 -1.18282 -3.58419
9.03999 -6.34364 -6.06766
-0.187184 4.86603 6.28696
0.578666 -2.73582 17.3193
3.56241 1.96787 0.0273758
-11.4656 14.3113 13.2025
4.86747 -6.10789 -4.8435
-0.535766 7.25395 2.22407
2.81724 -4.50274 2.85408
21.0924 -3.67103 -9.46873
-2.00243 -13.2752 6.38845
-1.74136 0.0064633 -1.59694
6.09317 -4.08949 4.16645
1.13918 -2.79698 5.52744
-0.0203276 0.418033 -2.27702
-4.60427 -0.737047 -3.33508
-2.27163 -1.83934 -12.1136
-2.05845 -3.0743 -2.19588
-3.47925 2.64384 -23.9236
-3.84465 1.38751 76.276
1.56623 4.23375 10.2438
1.10238 -9.50631 -14.8737
3.82629 10.4581 -10.1015
-10.9168 -1.46277 -22.696
5.46023 -22.2857 2.14495
0.946844 -3.95932 -5.11065
-2.24221 -3.56901 -6.09871
-3.22367 0.841693 -1.21501
-9.03375 0.97291 3.36117
-8.4041 1.82778 -2.29665
-10.1567 10.8785 -9.54067
-0.148992 -1.84153 6.10689
-1.71611 -14.4258 8.31784
3.78883 -6.45645 6.36556
0.197424 -0.0194236 -54.9025
6.51359 4.24112 -3.99997
8.61264 -0.172495 -14.0552
-9.18742 247.346 0.980425
-3.5977 -4.14847 -8.57148
-4.878 -6.22949 2.63848
2.03603 -0.700349 5.43953
2.24663 -1.98419 -3.25183
-5.7272 1.71178 3.17059
-7.06976 5.2188 -3.37791
-1.30491 -3.14424 -1.58355
-1.72257 1.12529 2.46829
-4.11373 -0.513779 2.64497
-1.38019 -1.38573 0.662929
-4.91331 -2.13443 -1.25699
-2.74775 9.83308 -5.59706
4.8462 2.36742 -3.36822
2.459 -7.37925 -0.899169
-0.2007 -3.34636 -2.0201
3.13292 -0.493637 22.1732
10.3465 5.01184 -5.12802
-10.8963 -1.04353 -0.261391
2.23517 -2.76761 -6.83792
-3.18263 7.07784 41.0464
3.31083 -155.691 11.5198
1.94473 -13.0684 5.0992
2.916 3.91007 -10.5454
0.289208 3.83476 -3.44235
-18.6112 -1.17185 -10.3613
-2.7642 6.03731 4.96841
4.6517 5.39209 2.97869
-15.0947 -3.49817 1.42611
-1.30564 4.03635 -31.035
3.203 -1.43494 2.42196
-2.2605 6.14287 3.61626
-5.18623 4.83829 -3.38812
2.642 3.44655 7.44551
0.641391 0.383282 -8.23276
6.57895 1.77884 1.35021
4.7585 -2.89064 -6.53146
-3.97337 -4.06199 2.72309
1.68676 5.21212 0.929726
7.79242 -3.8922 -6.38824
-4.20551 5.4573 6.92375
1.53912 3.33199 12.6846
-4.4596 0.658815 -3.10006
-1.96285 0.210334 1.90614
-0.794758 -1.34773 -1.22451
2.69327 0.235466 -1.24821
5.33 2.00262 5.13208
2.87717 -4.37507 1.30008
15.8058 4.76741 3.69586
-0.0205934 6.07242 0.910459
0.379191 10.0553 0.610508
-27.9788 -3.48393 22.6184
8.07292 -5.53029 4.76145
1.40253 -8.03256 -2.17037
-9.37176 -2.91516 -8.55203
