-6.27433 4.63111 7.14972
7.611 1.9936 6.23588
10.5118 -0.274118 -0.174697
-8.38608 1.92439 -0.849584
-0.178711 -6.42035 -1.61935
6.71751 2.62069 0.700082
2.40541 -7.86479 -33.2781
10.0637 1.94324 3.95354
0.795509 -1.22055 -3.62668
8.95886 -6.33108 -6.1056
-0.117266 4.94945 6.35903
0.705562 -2.87841 17.3092
3.56808 2.03977 0.0251671
-11.4397 14.3432 13.1643
4.78423 -6.13546 -4.83605
-0.584847 7.24172 2.21742
2.79332 -4.51191 2.88884
21.0975 -3.70696 -9.51057
-1.96724 -13.275 6.39052
-1.7487 0.00360056 -1.59095
6.09553 -4.04815 4.20579
1.12877 -2.78859 5.54224
-0.0296131 0.487892 -2.28706
-4.73764 -0.595302 -3.36076
-2.32555 -1.98313 -11.9809
-2.06213 -3.07594 -2.23527
-3.26266 2.62071 -23.9089
-4.01036 1.39039 76.3002
1.56295 4.18029 10.2194
1.05442 -9.4901 -14.8219
3.82387 10.4917 -10.1393
-10.4597 -1.47862 -22.6707
5.45476 -22.3816 2.14213
0.956187 -3.90797 -5.07486
-2.34722 -3.7229 -6.10682
-3.13966 0.828574 -1.21698
-9.03927 0.969768 3.39635
-8.01855 1.80011 -2.24031
-10.1207 11.035 -9.58597
-0.128542 -1.82247 6.17778
-0.534924 -14.3003 8.27304
3.78982 -6.40391 6.41388
0.0124795 -0.195689 -54.8776
7.06582 4.06047 -3.96221
8.58742 -0.110997 -14.0112
-9.21298 247.343 0.945923
-3.79843 -4.14335 -8.55885
-6.45009 -6.2597 2.63609
1.96643 -0.648277 5.48004
2.23337 -1.97799 -3.24657
-5.73907 1.68703 3.20963
-7.11207 5.40265 -3.33259
-1.27955 -3.30133 -1.57252
-1.72198 1.10826 2.46102
-4.19581 -0.887657 2.52822
-1.37583 -1.39801 0.619745
-4.90101 -2.14 -1.29126
-2.76291 9.87378 -5.60273
4.26472 2.85449 -3.45472
2.46817 -7.37877 -0.910139
-0.199531 -3.3483 -2.0246
3.89872 -0.174126 22.1088
10.3231 4.93805 -5.14653
-10.812 -1.23359 -0.295559
2.2583 -2.75054 -6.77225
-3.13752 7.06933 41.0075
3.31992 -155.678 11.4655
2.12998 -12.9488 5.12252
2.95436 3.90624 -10.5254
0.303017 3.89398 -3.50036
-18.5757 -1.12213 -10.3797
-2.8377 6.10186 5.03185
4.6613 5.40922 2.98174
-15.139 -3.50328 1.40865
-1.33656 4.05253 -31.0377
3.23248 -1.52244 2.41432
-2.28273 6.12831 3.61854
-5.88171 4.94544 -3.39096
2.6446 3.36137 7.44167
0.556737 0.418506 -8.21729
6.55023 1.74436 1.37994
4.91017 -2.8446 -6.65983
-3.95487 -4.07531 2.7615
1.69275 5.22936 0.934936
7.72701 -3.98007 -6.39287
-4.12769 5.48409 6.92083
1.55085 3.40143 12.6952
-4.48373 0.619932 -3.07914
-1.96239 0.214672 1.87871
-0.801455 -1.31982 -1.2362
2.8007 0.240653 -1.25311
6.39974 2.0378 5.09579
2.91987 -4.48053 1.39736
15.7821 5.17947 3.69404
-0.0123839 6.06141 0.923406
0.345354 10.0673 0.659183
-28.0088 -3.46278 22.5919
8.11543 -5.54689 4.74279
1.04356 -8.06093 -2.17042
-9.37579 -2.94422 -8.59457
