-6.0726 4.68966 7.13244
7.61548 1.98508 6.22488
10.5981 -0.155723 -0.184875
-8.35797 1.95059 -0.835314
-0.24574 -6.44198 -1.60491
6.66142 2.62302 0.74242
2.40523 -7.88822 -33.2776
10.0613 1.9052 3.99134
0.718388 -1.26189 -3.67545
8.86961 -6.32098 -6.14903
-0.0467519 5.03345 6.4262
0.833575 -3.04831 17.2941
3.57419 2.11878 0.0238652
-11.4194 14.3844 13.1233
4.70425 -6.16291 -4.82792
-0.636056 7.22814 2.21026
2.76991 -4.52079 2.92063
21.1036 -3.74551 -9.55407
-1.9373 -13.2741 6.39187
-1.75377 -0.000146189 -1.5878
6.09803 -4.00734 4.24324
1.11903 -2.78048 5.55588
-0.0396739 0.558232 -2.29826
-4.90112 -0.472343 -3.39456
-2.3764 -2.12853 -11.6512
-2.06822 -3.07726 -2.27504
-3.13835 2.58559 -23.9035
-4.12502 1.3852 76.3401
1.5594 4.1332 10.1957
0.99433 -9.47211 -14.7756
3.82157 10.3508 -10.1808
-10.1465 -1.49381 -22.6525
5.44675 -22.4798 2.13815
0.96374 -3.85707 -5.04052
-2.47122 -3.71931 -6.11786
-3.06435 0.815611 -1.21901
-9.0457 0.966717 3.43009
-7.7058 1.77958 -2.194
-10.0892 11.2068 -9.63665
-0.112827 -1.80265 6.25069
-0.157969 -14.0639 8.22815
3.79113 -6.35508 6.46564
-0.132991 -0.453414 -54.873
7.28854 3.86517 -3.92074
8.56085 -0.047824 -13.9764
-9.25114 247.369 0.910125
-3.86571 -4.1402 -8.54537
-7.28647 -6.31527 2.6297
1.89817 -0.591804 5.51607
2.22145 -1.97134 -3.24157
-5.75042 1.66233 3.24483
-7.15318 5.40251 -3.29542
-1.25698 -3.45868 -1.5613
-1.72306 1.0965 2.44875
-4.27447 -1.41003 2.35591
-1.37277 -1.41048 0.576095
-4.89193 -2.14781 -1.32626
-2.77961 9.9216 -5.60772
3.88006 3.50903 -3.58088
2.47502 -7.37853 -0.921846
-0.20095 -3.35028 -2.02975
4.46229 0.12626 22.0441
10.2992 4.85685 -5.16897
-10.7386 -1.40381 -0.334827
2.28063 -2.73342 -6.72088
-3.09812 7.06035 40.9728
3.33251 -155.671 11.4227
2.30967 -12.839 5.14616
2.98886 3.90288 -10.5064
0.316854 3.95732 -3.56264
-18.5507 -1.06958 -10.4016
-1.19183 6.97153 5.10941
4.67075 5.4285 2.98566
-15.1404 -3.50903 1.39011
-1.37427 4.0704 -31.0408
3.26023 -1.60315 2.40532
-2.312 6.11099 3.62346
-7.052 4.38835 -3.40458
2.64733 3.29576 7.43733
0.455586 0.454647 -8.20433
6.52223 1.71566 1.40809
5.06341 -2.79899 -6.64595
-3.93674 -4.08765 2.8008
1.69585 5.24871 0.939628
7.65545 -4.06308 -6.40103
-4.06278 5.51444 6.91715
1.56118 3.47231 12.7052
-4.50746 0.582912 -3.06018
-1.96483 0.2205 1.85114
-0.80882 -1.28882 -1.24865
2.86378 0.247593 -1.26335
7.0573 2.09098 5.05957
2.96041 -4.59251 1.49254
15.7668 5.43819 3.69602
-0.00690779 6.05087 0.938746
0.308779 10.08 0.70313
-28.0451 -3.45074 22.5731
8.15146 -5.56237 4.72417
0.753082 -8.08666 -2.16585
-9.38806 -2.97635 -8.64017
