-5.8824 4.80815 7.14899
7.63171 1.96918 6.19923
10.8313 0.179707 -0.202052
-8.30388 2.00787 -0.80865
-0.36568 -5.91964 -1.57407
6.54329 2.62181 0.820671
2.4051 -7.93735 -33.2777
10.0582 1.82766 4.0653
0.560912 -1.34994 -3.77996
8.69919 -6.30288 -6.24444
0.101263 5.2119 6.56102
1.1686 -3.49588 17.2602
3.59014 2.28884 0.0246834
-11.3838 14.5002 13.0365
4.55606 -6.21873 -4.80684
-0.742154 7.2024 2.19549
2.72307 -4.53534 2.98744
21.1198 -3.82856 -9.64727
-1.88569 -13.2714 6.39228
-1.74521 -0.00642128 -1.58367
6.10417 -3.9233 4.3213
1.10234 -2.76504 5.58043
-0.0583312 0.700213 -2.322
-5.1532 -0.268004 -3.47278
-2.45338 -2.41438 -11.1809
-2.0828 -3.07515 -2.35619
-3.03435 2.53752 -23.9323
-4.20595 1.37718 76.4012
1.55573 4.03746 10.1552
0.8169 -9.44167 -14.6997
3.81933 10.1138 -10.2681
-9.75354 -1.52934 -22.6153
5.42831 -22.578 2.12728
0.976603 -3.75831 -4.97382
-2.73418 -3.35453 -6.14155
-2.9277 0.790625 -1.2226
-9.06024 0.962465 3.49759
-7.27467 1.75565 -2.10705
-10.0256 10.9065 -9.74483
-0.0899602 -1.76016 6.39512
0.526603 -13.4404 8.21228
3.78676 -6.26247 6.58273
-0.396364 -0.961844 -54.864
7.00624 3.45061 -3.84596
8.514 0.0757463 -13.9253
-9.34395 247.28 0.814584
-3.72584 -4.13945 -8.51948
-7.04025 -6.43605 2.59429
1.76942 -0.472091 5.58103
2.20149 -1.95625 -3.23176
-5.76945 1.61234 3.31852
-7.22486 5.11153 -3.22939
-1.21514 -3.77925 -1.53824
-1.73704 1.08679 2.42043
-4.33887 -3.51364 2.14577
-1.37105 -1.4351 0.486733
-4.88026 -2.15104 -1.39922
-2.81396 10.0316 -5.61453
3.58218 6.12909 -3.86672
2.48575 -7.37854 -0.94901
-0.209246 -3.35411 -2.04129
4.39193 0.650544 21.9278
10.2733 4.68972 -5.20795
-10.5498 -1.65793 -0.415337
2.3271 -2.69803 -6.6361
-3.04045 7.04461 40.9156
3.3681 -155.689 11.3542
2.65794 -12.6577 5.19852
3.05045 3.89823 -10.4695
0.350726 4.21564 -3.69721
-18.52 -0.965254 -10.444
2.70776 10.8521 5.24186
4.69298 5.47223 2.99116
-15.0452 -3.519 1.34949
-1.45904 4.11325 -31.0516
3.31909 -1.75167 2.386
-2.38291 6.06922 3.64328
-9.58239 1.80829 -3.47181
2.65956 3.16904 7.42889
0.227324 0.526114 -8.18141
6.47536 1.67097 1.4687
5.39444 -2.70599 -6.34718
-3.90073 -4.10466 2.88122
1.69561 5.29029 0.948531
7.51088 -4.22105 -6.41763
-3.94182 5.58731 6.90849
1.58081 3.61444 12.7257
-4.54745 0.512736 -3.02495
-1.9732 0.236148 1.79379
-0.825438 -1.2285 -1.27489
2.88484 0.271691 -1.29753
7.2383 2.20521 5.00134
3.02493 -4.83102 1.68421
15.7452 5.62639 3.70943
-0.00558286 6.03284 0.975625
0.230467 10.1085 0.779174
-28.1257 -3.44365 22.5443
8.2089 -5.58663 4.68898
0.33948 -8.13326 -2.14569
-9.42371 -3.05056 -8.7261
