-5.79583 4.85395 7.16467
7.64475 1.96059 6.18704
11.0066 0.45417 -0.207659
-8.27704 2.03998 -0.795188
-0.421075 -5.76322 -1.56456
6.48323 2.62047 0.866619
2.40466 -7.96772 -33.2798
10.0577 1.78523 4.09979
0.483893 -1.39724 -3.83309
8.62439 -6.29133 -6.29221
0.175699 5.31586 6.63244
1.35961 -3.79102 17.2408
3.6005 2.37395 0.0266238
-11.3651 14.5741 12.994
4.48888 -6.24675 -4.79433
-0.796253 7.19168 2.18821
2.69813 -4.54111 3.02378
21.1296 -3.86143 -9.59822
-1.85982 -13.271 6.39095
-1.7305 -0.00376684 -1.57405
6.10742 -3.8743 4.36282
1.09534 -2.75777 5.59194
-0.067745 0.764175 -2.33477
-5.25694 -0.174234 -3.51703
-2.48936 -2.55872 -10.999
-2.08935 -3.07364 -2.39813
-2.97572 2.53611 -23.945
-4.132 1.37656 76.3477
1.55372 3.98376 10.1379
0.701981 -9.44154 -14.6799
3.81612 10.0027 -10.3169
-9.61595 -1.54931 -22.593
5.41802 -22.4323 2.119
0.982653 -3.70975 -4.94189
-2.8661 -3.17196 -6.15509
-2.86145 0.778282 -1.22454
-9.06831 0.960656 3.53251
-7.11012 1.74681 -2.0651
-10.0094 10.6721 -9.79488
-0.0807308 -1.73905 6.46599
0.883272 -13.1272 8.22356
3.77856 -6.21583 6.64586
-0.546245 -1.15074 -54.8572
6.88578 3.26882 -3.81539
8.49467 0.132834 -13.905
-9.40262 247.275 0.779334
-3.65808 -4.14075 -8.50845
-6.94039 -6.47451 2.57366
1.70604 -0.414672 5.61331
2.1932 -1.94825 -3.22682
-5.77792 1.58529 3.35614
-7.26231 4.9797 -3.19914
-1.19483 -3.94587 -1.52719
-1.7465 1.08384 2.40722
-4.34803 -5.92181 2.10696
-1.37044 -1.44522 0.435811
-4.87101 -2.1532 -1.43801
-2.8303 10.0816 -5.61518
3.47789 9.13032 -4.05175
2.49157 -7.38007 -0.963857
-0.214548 -3.35618 -2.04727
4.20111 0.882553 21.8778
10.2577 4.6127 -5.23454
-10.4663 -1.7527 -0.455688
2.3512 -2.67736 -6.59651
-3.01869 7.03628 40.8972
3.38988 -155.692 11.2796
2.82549 -12.5773 5.22771
3.08115 3.89692 -10.4504
0.370231 4.25966 -3.78819
-18.5089 -0.919657 -10.4615
3.68637 11.8323 5.31915
4.7064 5.4952 2.99214
-15.004 -3.52694 1.33398
-1.50043 4.13747 -31.0597
3.35115 -1.82509 2.37604
-2.42147 6.04554 3.65684
-10.3559 1.03705 -3.51384
2.66997 3.09906 7.42553
0.112765 0.563533 -8.16952
6.45741 1.65249 1.49998
5.57057 -2.65908 -6.20911
-3.88362 -4.10741 2.92065
1.69321 5.31087 0.953169
7.4423 -4.29637 -6.427
-3.87384 5.63345 6.90422
1.59047 3.68497 12.7368
-4.5638 0.478682 -3.01026
-1.97739 0.243823 1.76515
-0.834902 -1.20458 -1.28803
2.89939 0.290179 -1.31786
7.34068 2.24751 4.98206
3.04494 -4.95046 1.77576
15.7346 5.70033 3.71741
-0.00977798 6.02594 0.995231
0.187144 10.1244 0.818659
-28.1705 -3.44474 22.5365
8.2342 -5.59597 4.67586
0.187793 -8.15448 -2.13224
-9.44667 -3.09429 -8.76809
