-6.15274 -0.563164 -3.13846
-2.20035 2.86086 0.891844
-1.59177 -1.14883 0.118817
0.540277 0.594388 0.0535525
0.812807 -1.91324 1.4929
2.20903 0.397869 -0.852612
0.209415 -0.828246 0.195467
1.64038 0.842 2.61794
2.13937 3.0264 -3.4549
1.75278 -1.28701 -0.861711
0.363357 0.636135 1.19306
-0.230118 1.23433 2.95791
-0.234462 3.27891 -0.693698
-3.24331 -1.06904 -2.28078
1.71256 -3.21682 -9.65037
0.265536 0.58647 -1.26354
0.0309319 -1.68002 1.40656
-0.677427 -0.189905 -1.17655
-2.91754 0.288285 -0.879867
-1.58277 2.33676 1.62571
-5.33926 -0.518517 0.5961
0.481767 1.77874 0.131259
1.92096 -1.99817 -1.48916
0.0484935 1.09096 4.67294
3.16833 -2.55093 -0.234194
-0.829755 -2.29969 -6.3922
0.735451 4.93996 0.804677
-0.24905 -0.112035 1.76334
2.04054 1.14485 4.06294
-5.29811 3.57056 -2.18985
-2.19452 0.962593 -1.31583
4.61896 0.620293 -6.13258
-1.46367 0.164197 0.781348
1.44626 0.187709 -1.44966
-2.29648 -0.636537 3.16181
-3.38818 1.46703 -3.26121
-0.399514 -3.07553 -0.0763067
-0.843785 0.434024 -1.00938
1.32772 1.12853 2.99735
2.99002 0.344603 6.44011
-1.71421 -0.693776 -5.1023
2.55904 -2.05535 0.140788
-0.594586 -2.44328 4.5903
-4.33333 2.451 -3.33336
-4.74626 1.0956 -1.08582
-0.847717 5.11672 -0.43508
-2.02011 1.17109 1.91107
4.03334 -0.575355 0.396799
4.05799 2.93599 -0.527794
0.851937 -0.493926 2.24859
1.81091 -1.78898 -0.0409736
-2.13123 0.0393518 -0.232064
-2.00198 1.14545 2.44573
3.02893 4.48391 0.23687
1.56847 1.8852 -0.453059
0.407203 -0.0410308 1.10495
-0.20882 1.34647 0.0599302
2.73199 -0.870856 -6.63142
-4.35069 -1.6636 -3.37792
-1.08788 -1.69001 -0.253627
-0.651874 -0.689141 1.98232
-4.0589 -2.9819 10.6547
1.90033 2.45095 -0.963253
1.56501 -1.2959 -0.061571
1.30402 -4.42689 4.33867
5.14943 1.42123 2.37738
0.733885 -2.70444 -3.80569
-1.96827 -2.53493 -4.6057
-1.66736 1.53787 -2.55062
2.65787 0.00635677 -2.1456
1.56065 0.0565715 2.02566
3.68264 0.00879876 -0.877042
-4.32033 8.72467 -2.72735
-1.54228 -2.04978 -0.751249
1.10703 3.62664 5.15983
2.40904 0.758187 -0.00595713
0.510892 -5.43435 -1.97363
-3.46523 1.99846 0.806922
0.334132 -1.25811 1.03064
-0.873972 -1.57776 -0.444919
0.238316 1.48957 -1.42327
0.458937 -2.55788 0.193306
-0.714103 -2.06645 -0.973218
-0.682829 -0.133126 -0.625002
0.509935 -1.60848 -5.02321
1.59695 -0.182233 0.500427
-0.490285 0.865023 2.70526
-0.267953 -0.397447 0.00506654
-2.70704 0.201139 0.215848
0.046043 0.360778 -0.0546676
-2.35855 -3.14582 -0.29439
-2.29546 -2.60823 -1.19862
4.03965 1.67895 -0.525586
2.28906 -4.18145 1.47108
-0.884805 0.603267 1.13551
1.43949 -1.3018 1.00372
2.29289 1.29909 2.17182
4.2728 6.20882 2.26391
0.284114 0.770443 0.703109
2.54563 -0.894676 -5.52163
