-5.51559 4.97303 7.21222
7.69486 1.93194 6.17279
11.185 1.4842 -0.181788
-8.19845 2.14567 -0.761613
-0.580707 -5.29589 -1.53991
6.33766 2.62025 0.987538
2.40704 -8.05369 -33.3058
10.0865 1.63551 4.19522
0.271384 -1.54669 -4.01513
8.47831 -6.27048 -6.43812
0.403886 5.6896 6.80852
2.47632 -3.52095 17.1468
3.63504 2.65857 0.0320975
-11.3025 14.8395 12.871
4.29423 -6.33646 -4.75955
-0.976191 7.16383 2.16812
2.62454 -4.54176 3.13355
21.1811 -3.93642 -9.34451
-1.78624 -13.2816 6.37503
-1.71818 0.026464 -1.5184
6.11986 -3.71167 4.46557
1.07798 -2.73237 5.62371
-0.0910999 0.958462 -2.37523
-5.56045 0.0576905 -3.69171
-2.59875 -2.90822 -10.5591
-2.11043 -3.06953 -2.53133
-2.72156 2.57214 -23.9544
-3.88339 1.36644 76.2816
1.5491 3.84124 10.0964
0.43169 -9.49197 -14.7012
3.81453 9.70844 -10.5393
-9.30993 -1.61497 -22.5029
5.38821 -22.0826 2.06405
1.00284 -3.55854 -4.86568
-3.16982 -2.64251 -6.21012
-2.66039 0.734154 -1.24053
-9.09118 0.957638 3.63294
-6.72208 1.72567 -1.96225
-9.95902 10.2981 -10.5853
-0.0560289 -1.67943 6.67983
1.55507 -12.4845 8.27597
3.74118 -6.05845 6.83461
-1.21181 -1.92461 -54.8665
6.57075 2.86188 -3.74569
8.44498 0.33605 -13.8561
-9.54858 247.135 0.656793
-3.45466 -4.14223 -8.48768
-6.24459 -6.54436 2.49206
1.51296 -0.228906 5.70425
2.17267 -1.92394 -3.21305
-5.7894 1.49345 3.46408
-7.38396 4.67209 -3.12062
-1.14122 -4.45863 -1.50029
-1.77872 1.07586 2.36859
-4.45424 -2.8498 2.05943
-1.36336 -1.47675 0.267324
-4.8409 -2.16213 -1.56575
-2.8782 10.2505 -5.58886
3.29272 5.32649 -4.64604
2.51197 -7.39048 -1.01551
-0.231147 -3.36182 -2.0652
3.5612 1.39948 21.7395
10.2295 4.40205 -5.32375
-10.2651 -2.00393 -0.621638
2.42883 -2.61232 -6.49861
-2.88654 6.99668 40.8628
3.43747 -155.558 11.0822
3.30067 -12.3617 5.31524
3.18284 3.89976 -10.3933
0.431222 4.00458 -3.46035
-18.4743 -0.814101 -10.5298
1.97223 11.1917 5.46032
4.75195 5.56856 2.98861
-14.9041 -3.55666 1.26182
-1.60364 4.2098 -31.108
3.45142 -2.07056 2.33839
-2.54078 5.97728 3.71119
-9.32277 0.353651 -3.53455
2.70668 2.89403 7.41506
-0.249649 0.692988 -8.1376
6.42499 1.59917 1.59122
6.18665 -2.52814 -5.83819
-3.86124 -4.08783 3.03421
1.67777 5.37955 0.964396
7.2344 -4.54302 -6.45256
-3.67395 5.78393 6.88681
1.61503 3.89615 12.7694
-4.60869 0.389136 -2.97872
-1.98924 0.263256 1.68053
-0.873312 -1.14101 -1.32688
3.271 0.356615 -1.39748
6.4994 2.33083 4.92925
3.06901 -5.29091 2.00802
15.7046 5.55 3.74201
-0.0330786 6.01638 1.04262
0.039617 10.1842 0.940573
-28.3528 -3.44812 22.5228
8.22242 -5.60505 4.62156
-0.152872 -8.21008 -2.09119
-9.53187 -3.23392 -8.9009
