-5.41666 5.00848 7.2281
7.71137 1.9234 6.17939
10.1242 1.77275 -0.162168
-8.17279 2.18196 -0.751076
-0.633028 -5.1684 -1.53138
6.29423 2.62126 1.02858
2.40908 -8.08239 -33.3172
10.1119 1.58908 4.2307
0.208903 -1.59825 -4.08116
8.44333 -6.26367 -6.48989
0.482678 5.83615 6.86555
3.64192 -3.31819 17.1211
3.64786 2.76543 0.0335776
-11.2812 14.9399 12.8351
4.23495 -6.37155 -4.75067
-1.04232 7.15371 2.16287
2.5977 -4.53237 3.17684
21.2063 -3.9695 -9.2819
-1.76593 -13.2917 6.36802
-1.72811 0.034844 -1.50162
6.12565 -3.65735 4.49824
1.07303 -2.72338 5.63423
-0.0973214 1.01949 -2.38908
-5.65136 0.139704 -3.75349
-2.63587 -3.01605 -10.4411
-2.11876 -3.06757 -2.57746
-2.6277 2.59461 -23.9533
-3.78793 1.36176 76.2778
1.54861 3.79831 10.0874
0.370017 -9.50672 -14.7054
3.81977 9.62447 -10.629
-9.24329 -1.64081 -22.458
5.38354 -22 2.0354
1.01202 -3.50729 -4.84328
-3.20477 -2.166 -6.26699
-2.58352 0.712965 -1.25015
-9.09872 0.957057 3.66857
-6.61628 1.71836 -1.92939
-9.94126 10.219 -10.876
-0.0484103 -1.6609 6.75593
1.72645 -12.372 8.29513
3.7276 -6.00536 6.89864
-1.30275 -2.59574 -54.8756
6.48108 2.7463 -3.72516
8.42946 0.404395 -13.8421
-9.6057 247.129 0.619307
-3.38385 -4.13854 -8.4825
-6.07595 -6.56511 2.45688
1.44578 -0.166027 5.73287
2.16658 -1.91687 -3.20842
-5.787 1.4513 3.49807
-7.42762 4.58587 -3.09729
-1.12414 -4.64056 -1.49111
-1.78957 1.0737 2.35692
-4.50028 -2.32635 2.01238
-1.36091 -1.48756 0.212127
-4.83221 -2.16544 -1.61157
-2.8978 10.3221 -5.56596
3.25774 4.68614 -4.78995
2.51892 -7.39399 -1.03349
-0.236508 -3.36327 -2.07045
3.3358 1.85053 21.725
10.2246 4.34088 -5.35509
-10.2077 -2.07669 -0.683718
2.4559 -2.59157 -6.47065
-2.84014 6.99201 40.8747
3.45135 -155.557 11.052
3.45212 -12.3042 5.34603
3.21939 3.90413 -10.3749
0.451244 3.92719 -3.32452
-18.4555 -0.784575 -10.5685
1.70409 11.0365 5.47939
4.76906 5.59471 2.98592
-14.8698 -3.56351 1.23892
-1.63136 4.23514 -31.1345
3.48921 -2.15509 2.32541
-2.58055 5.95779 3.7375
-9.06134 0.112194 -3.52746
2.72034 2.82838 7.41098
-0.379022 0.733354 -8.12815
6.41875 1.57898 1.62744
6.42053 -2.49015 -5.72723
-3.86959 -4.08264 3.0722
1.67005 5.40375 0.967753
7.18017 -4.63822 -6.45961
-3.60681 5.83646 6.87908
1.62209 3.96591 12.7819
-4.62058 0.36019 -2.97139
-1.99276 0.270199 1.65406
-0.891195 -1.12225 -1.33716
3.39626 0.379503 -1.42872
6.24899 2.35356 4.91316
3.06898 -5.39939 2.08704
15.6961 5.48901 3.75066
-0.040492 6.01639 1.05334
-0.0162522 10.2084 0.983525
-28.4524 -3.44782 22.5217
8.22875 -5.62003 4.56209
-0.245295 -8.22891 -2.07614
-9.55992 -3.28808 -8.94923
