-5.11537 5.1245 7.26629
7.759 1.91101 6.22169
8.11124 -0.607639 -0.138898
-8.09897 2.31547 -0.718862
-0.790422 -4.83767 -1.50337
6.18142 2.62845 1.1564
2.37418 -8.20753 -33.3309
10.1949 1.50493 4.35078
0.0321969 -1.72182 -4.29367
8.36531 -6.2488 -6.64769
0.747208 5.58848 7.06038
5.98549 -1.2903 17.1111
3.68798 3.15584 0.0363312
-11.2327 15.2762 12.7466
4.07051 -6.46738 -4.73466
-1.23249 7.13191 2.14667
2.52675 -4.40891 3.37218
21.3123 -4.04942 -9.11083
-1.72131 -13.3433 6.35527
-1.77028 0.0530199 -1.46244
6.15288 -3.47228 4.60676
1.06028 -2.69229 5.66723
-0.111836 1.20593 -2.42957
-5.91727 0.502531 -3.93149
-2.74364 -3.34545 -10.1382
-2.14355 -3.05704 -2.72069
-2.41911 2.67179 -23.9984
-3.48546 1.35425 76.3063
1.54871 3.67809 10.0688
0.200232 -9.53294 -14.6954
3.9181 9.45496 -11.0162
-9.14336 -1.74667 -22.4139
5.38131 -21.8419 2.0147
1.0538 -3.34061 -4.77799
-3.3679 -0.490804 -6.35803
-2.31559 0.646096 -1.25859
-9.12292 0.957344 3.7794
-6.33887 1.69795 -1.8278
-9.88924 10.0124 -11.6904
-0.0240305 -1.60815 6.99623
2.24496 -12.1174 8.34276
3.69356 -5.84317 7.1047
-1.43974 -5.4424 -54.9606
6.25134 2.45453 -3.66104
8.38266 0.607123 -13.8051
-9.74202 246.961 0.508752
-3.13063 -4.11192 -8.48289
-5.70306 -6.63529 2.37057
1.2925 0.0466187 5.81902
2.14785 -1.90287 -3.19471
-5.78727 1.21556 3.54204
-7.56797 4.37731 -3.03019
-1.07796 -5.25361 -1.45899
-1.82177 1.06924 2.32304
-4.63174 0.0587533 1.81662
-1.3555 -1.51337 0.0438217
-4.801 -2.169 -1.75484
-2.95209 10.5895 -5.53797
3.16946 3.82721 -5.18303
2.54605 -7.40266 -1.097
-0.250204 -3.36614 -2.08545
2.6715 4.02183 21.6484
10.2179 4.18797 -5.44913
-10.0434 -2.18404 -0.882483
2.5506 -2.50793 -6.39188
-2.73951 6.99698 40.8694
3.51538 -155.541 10.9504
3.92257 -12.1394 5.44627
3.32364 3.93531 -10.3298
0.515322 3.72254 -2.93294
-18.4064 -0.695915 -10.7529
1.19069 10.6827 5.51509
4.82512 5.68675 2.97394
-14.784 -3.57829 1.17329
-1.69094 4.32311 -31.255
3.60253 -2.40609 2.28821
-2.69126 5.92091 3.83596
-8.55639 -0.670487 -3.49513
2.76432 2.63378 7.39698
-0.811727 0.862268 -8.10677
6.40425 1.51184 1.77567
6.28015 -2.3743 -5.40643
-3.90348 -4.10235 3.18434
1.63892 5.48758 0.977694
7.04771 -4.91145 -6.47992
-3.41303 6.03896 6.8629
1.64548 4.20357 12.83
-4.65866 0.291419 -2.95957
-1.9946 0.290273 1.57526
-0.943384 -1.06556 -1.34669
3.74115 0.449067 -1.52276
5.69868 2.4152 4.8726
3.05579 -5.71709 2.36727
15.6754 5.33401 3.77968
-0.050828 6.02483 1.0725
-0.0852123 10.3089 1.13749
-28.9613 -3.44649 22.5153
8.3807 -5.65424 4.46145
-0.502313 -8.28103 -2.02934
-9.65274 -3.43839 -9.11098
