-4.91973 5.19691 7.28473
7.7902 1.90822 6.25454
7.87527 -8.00594 -0.12607
-8.05766 2.40813 -0.696375
-0.898961 -4.65543 -1.4846
6.1037 2.63338 1.25204
2.34692 -8.35813 -33.4888
10.2394 1.47019 4.43824
-0.0824086 -1.82181 -4.46372
8.32227 -6.24213 -6.76677
0.931627 5.29743 7.20603
6.5243 -0.47542 17.129
3.71764 3.49578 0.0350241
-11.2149 15.4976 12.6966
3.97497 -6.54723 -4.73148
-1.35398 7.11641 2.13714
2.60009 -4.28457 3.58218
21.4209 -4.11687 -9.0163
-1.69762 -13.3923 6.3546
-1.80708 0.0603946 -1.44205
6.17762 -3.3612 4.68647
1.05216 -2.67133 5.69114
-0.121694 1.316 -2.45984
-6.09454 0.667774 -4.05756
-2.82296 -3.61746 -9.98588
-2.16235 -3.0522 -2.82388
-2.29414 2.70032 -24.1051
-3.32978 1.35823 76.3483
1.54814 3.59355 10.0575
0.0886333 -9.54657 -14.6863
4.02108 9.40138 -11.3033
-9.0546 -1.82939 -22.4511
5.38592 -21.7823 2.02236
1.09471 -3.23884 -4.73754
-3.4744 -0.238791 -6.41543
-2.16141 0.609516 -1.24694
-9.14348 0.955197 3.86227
-6.18209 1.66684 -1.76269
-9.85149 9.85776 -11.8435
-0.00897282 -1.58155 7.17389
2.61992 -12.0034 8.36324
3.67318 -5.74701 7.25912
-1.52275 -7.20551 -55.0031
6.12805 2.27014 -3.61639
8.34757 0.731442 -13.7857
-9.88437 246.968 0.429136
-2.95487 -4.09737 -8.49194
-5.51328 -6.6593 2.33051
1.19442 0.193685 5.87155
2.13285 -1.90311 -3.18473
-5.93911 0.998013 3.48912
-7.67529 4.25561 -2.99078
-1.05184 -5.79102 -1.43745
-1.84317 1.06461 2.30126
-4.72271 2.27847 1.65877
-1.35198 -1.53253 -0.0830514
-4.77812 -2.17562 -1.8603
-2.98144 10.7675 -5.54054
3.13509 3.38848 -5.30604
2.566 -7.41404 -1.14165
-0.256571 -3.37005 -2.09406
1.96174 13.886 21.5433
10.2146 4.09747 -5.51564
-9.95069 -1.97806 -1.02356
2.61629 -2.45632 -6.34273
-2.65513 6.97607 40.8828
3.5523 -155.461 10.8857
4.23929 -12.0561 5.5174
3.38333 3.97648 -10.3257
0.561461 3.54687 -2.70397
-18.4193 -0.636932 -10.8779
0.946413 10.4708 5.52645
4.86687 5.75396 2.96286
-14.7374 -3.59178 1.12968
-1.72441 4.38667 -31.3915
3.67831 -2.58871 2.25983
-2.75566 5.90848 3.91239
-8.26765 -1.25945 -3.48992
2.79857 2.49347 7.3842
-1.14228 0.939754 -8.10286
6.39322 1.42646 1.91327
6.06727 -2.31267 -5.20091
-3.91862 -4.1327 3.26049
1.61086 5.55072 0.985847
6.98993 -5.11822 -6.5075
-3.27231 6.18122 6.86044
1.66624 4.37212 12.8703
-4.68879 0.239536 -2.96372
-1.99471 0.298368 1.52515
-0.95706 -1.0275 -1.35768
3.95624 0.483677 -1.56411
5.43824 2.4482 4.85059
3.04028 -5.7672 2.58473
15.6639 5.24087 3.80075
-0.0480236 6.03461 1.07897
-0.116114 10.3997 1.2645
-29.2242 -3.45217 22.5272
8.52434 -5.67085 4.40455
-0.661883 -8.3202 -2.0005
-9.7282 -3.57147 -9.23731
