-4.65997 5.31147 7.29984
7.82348 1.90524 6.29147
7.86054 -6.65599 -0.271937
-8.01309 2.63357 -0.664032
-1.09031 -4.43551 -1.46693
5.98266 2.63802 1.40716
2.3576 -8.67844 -33.705
10.2921 1.43087 4.57056
-0.279053 -1.99322 -4.82314
8.25442 -6.2336 -6.99019
1.18054 4.88048 7.42573
6.07122 0.358847 17.1589
3.7732 4.30422 0.0224164
-11.1819 15.5932 12.6115
3.85078 -6.68666 -4.7349
-1.55642 7.09501 2.12341
2.71378 -4.29865 3.78576
21.6486 -4.27421 -8.91635
-1.66379 -13.4639 6.35945
-1.87129 0.0651751 -1.41832
6.21844 -3.19006 4.79478
1.03915 -2.63856 5.72632
-0.138517 1.47377 -2.51971
-5.36156 0.836386 -4.29949
-3.03185 -3.71614 -9.91904
-2.20139 -3.04463 -3.00462
-2.11201 2.7466 -24.319
-3.14816 1.35389 76.423
1.54202 3.4567 10.0367
-0.0780178 -9.56525 -14.6788
4.10115 9.19104 -12.2293
-8.93666 -1.94962 -22.5097
5.38791 -21.7242 2.00596
1.16548 -3.08488 -4.69647
-3.86035 0.186323 -6.5338
-1.97842 0.559711 -1.23353
-9.19046 0.947472 3.99964
-5.97804 1.62044 -1.67612
-9.81013 9.64734 -10.5776
0.0068941 -1.54792 7.47319
3.18506 -11.8834 8.3832
3.6445 -5.62715 7.50206
-1.76185 -6.71152 -54.8474
5.88202 1.96373 -3.56184
8.28692 0.91043 -13.7739
-10.1207 246.626 0.281734
-2.78279 -4.08038 -8.50657
-5.30271 -6.66037 2.24966
1.02131 0.332561 5.92463
2.10659 -1.91496 -3.1711
-6.19548 0.898387 3.54445
-7.34461 4.00882 -2.95801
-1.02911 -7.01521 -1.41805
-1.88027 1.05841 2.26531
-5.01044 2.62019 1.3077
-1.3535 -1.56188 -0.379638
-4.74773 -2.18818 -2.05246
-3.03961 11.1939 -5.5553
3.01788 2.73737 -4.92569
2.58215 -7.42379 -1.2068
-0.265486 -3.37652 -2.10418
1.47843 11.6874 21.6169
10.2066 3.96971 -5.63954
-9.85529 -1.69119 -1.26448
2.70831 -2.37436 -6.28213
-2.57334 6.97168 40.9286
3.5825 -155.494 10.8013
4.70211 -11.9738 5.61576
3.46361 4.00114 -10.3431
0.630974 3.29117 -2.44149
-18.4534 -0.549704 -11.0408
0.620267 10.1878 5.52254
4.93411 5.86725 2.93706
-14.6694 -3.60362 1.05811
-1.78756 4.47599 -31.6277
3.79068 -2.55212 2.20414
-2.84142 5.90207 4.02867
-7.79395 -1.8244 -3.51087
2.85646 2.25681 7.36097
-1.62956 1.05078 -8.11865
6.35805 1.20599 2.06732
5.70652 -2.25463 -4.93833
-3.93755 -4.17894 3.3758
1.56124 5.67749 1.00191
6.93403 -5.44131 -6.57848
-3.01319 6.40291 6.85962
1.70151 4.13739 12.9242
-4.74479 0.154484 -2.99492
-1.99808 0.313598 1.44584
-0.965336 -0.967184 -1.3973
4.19752 0.516788 -1.62498
5.12821 2.49013 4.81029
3.00021 -4.9265 2.85118
15.6448 5.10485 3.82694
-0.0386273 6.05614 1.08457
-0.182214 10.5426 1.44746
-28.9299 -3.46128 22.5531
8.79609 -5.69538 4.32645
-0.936394 -8.38912 -1.96232
-9.86659 -3.81849 -9.47121
