-4.57342 5.34894 7.30415
7.83379 1.90407 6.3003
7.81528 -6.53466 -0.288062
-8.00167 2.70298 -0.652288
-1.1552 -4.37654 -1.46391
5.94691 2.6384 1.46376
2.36535 -8.83331 -33.6493
10.3079 1.41961 4.61706
-0.351034 -2.05132 -4.95419
8.23407 -6.23025 -7.08253
1.26385 4.75341 7.50955
5.96627 0.590528 17.1636
3.79824 4.53455 0.017567
-11.1648 15.1406 12.5884
3.80921 -6.73655 -4.73826
-1.63157 7.08788 2.11961
2.72365 -4.31825 3.83804
21.7418 -4.34476 -8.88324
-1.65241 -13.4873 6.3626
-1.89348 0.0653786 -1.4114
6.2337 -3.1332 4.83198
1.03505 -2.62733 5.73748
-0.144652 1.52806 -2.54205
-5.04279 0.886731 -4.38078
-3.10298 -3.54349 -9.87874
-2.21652 -3.04149 -3.07131
-2.04482 2.76244 -24.3963
-3.08906 1.34987 76.3711
1.53775 3.4152 10.0305
-0.127841 -9.57136 -14.6762
4.12854 9.12103 -12.5353
-8.89732 -1.98708 -22.532
5.38678 -21.7072 1.99663
1.18849 -3.04405 -4.68739
-4.0094 0.272829 -6.57133
-1.92385 0.543236 -1.22891
-9.20938 0.943846 4.05187
-5.91674 1.60091 -1.64465
-9.80271 9.60731 -10.274
0.0116905 -1.53771 7.58528
3.35768 -11.8563 8.38856
3.63669 -5.58942 7.57958
-1.87356 -6.62517 -54.8403
5.77713 1.8486 -3.54454
8.26586 0.969736 -13.7744
-10.2593 246.638 0.239764
-2.72449 -4.07543 -8.51013
-5.23397 -6.658 2.22292
0.962066 0.360546 5.94905
2.09804 -1.92088 -3.1671
-6.25026 0.882817 3.59233
-7.20078 3.90042 -2.94818
-1.03203 -7.17136 -1.41532
-1.89275 1.05666 2.25287
-5.1222 2.71529 1.21524
-1.35551 -1.57014 -0.497394
-4.73729 -2.19254 -2.12351
-3.06808 11.6505 -5.56528
2.96828 2.60019 -4.82213
2.58719 -7.42503 -1.22985
-0.267718 -3.37918 -2.10694
1.38703 11.3436 21.6046
10.2026 3.93179 -5.68376
-9.83081 -1.58427 -1.34884
2.73891 -2.34842 -6.26254
-2.54951 6.97448 40.9522
3.60312 -155.56 10.773
4.86074 -11.9575 5.65004
3.4921 4.0065 -10.3469
0.653822 3.21024 -2.36062
-18.4646 -0.519961 -11.0986
0.427224 10.101 5.51533
4.95806 5.90402 2.92769
-14.6548 -3.60978 1.03371
-1.80912 4.50587 -31.5492
3.82473 -2.41664 2.18541
-2.86673 5.90143 4.06766
-7.69583 -2.00108 -3.51916
2.87545 2.15804 7.35485
-1.77042 1.08642 -8.12623
6.34303 1.1369 2.11402
5.58257 -2.24029 -4.8596
-3.94362 -4.19305 3.41659
1.54445 5.72361 1.00959
6.91502 -5.54939 -6.60687
-2.92733 6.47557 6.8599
1.71541 4.03804 12.9412
-4.76877 0.125828 -3.01071
-1.99844 0.319145 1.41801
-0.967496 -0.944864 -1.41273
4.28393 0.525382 -1.64507
5.04088 2.50296 4.79825
2.98068 -4.58647 2.92268
15.6379 5.06057 3.83522
-0.0351269 6.06432 1.08662
-0.209972 10.5976 1.50339
-28.8572 -3.46502 22.5595
8.9024 -5.70892 4.30275
-0.858471 -8.41716 -1.94641
-9.92329 -3.91228 -9.55227
