-4.3208 5.41939 7.31339
7.85149 1.90595 6.31485
7.73514 -6.35748 -0.313081
-7.98012 2.82957 -0.627009
-1.25236 -4.28062 -1.45914
5.88186 2.64026 1.59476
2.3667 -9.09382 -33.5818
10.3402 1.39804 4.71369
-0.491053 -2.14019 -5.24767
8.19855 -6.22226 -7.26906
1.44938 4.52618 7.69489
5.79021 0.969931 17.1625
3.87443 4.69725 0.00981297
-11.1265 14.2478 12.5698
3.72783 -6.84404 -4.74829
-1.80564 7.07489 2.11438
2.7276 -4.35403 3.94648
21.8582 -4.49928 -8.81649
-1.62864 -13.5372 6.37031
-1.93621 0.0648006 -1.397
6.26836 -3.02494 4.91322
1.02818 -2.60489 5.76162
-0.154988 1.64909 -2.58652
-4.39547 1.14685 -4.54617
-3.30781 -3.20877 -9.80909
-2.25053 -3.03469 -3.21349
-1.92044 2.79333 -24.5783
-2.96813 1.33904 76.2969
1.52759 3.33586 10.0204
-0.223031 -9.58293 -14.6702
4.19645 8.99156 -13.1132
-8.80873 -2.07403 -22.5714
5.38335 -21.6802 1.97931
1.23367 -2.98427 -4.67336
-4.31299 1.00492 -6.6503
-1.82161 0.510198 -1.21855
-9.2493 0.938227 4.10062
-5.79742 1.559 -1.58679
-9.81901 9.54848 -9.70761
0.0218406 -1.51788 7.83969
3.19622 -11.8164 8.39854
3.62375 -5.51671 7.75095
-2.04148 -6.45181 -54.827
5.53042 1.61005 -3.50886
8.22699 1.08544 -13.7801
-10.4693 246.255 0.162358
-2.6067 -4.06394 -8.51588
-5.13962 -6.64362 2.17429
0.851901 0.431663 6.01796
2.08296 -1.934 -3.15932
-6.33717 0.859202 3.71783
-6.94269 3.71179 -2.92367
-1.06488 -6.73898 -1.41995
-1.91831 1.0539 2.22919
-5.34974 2.33575 1.03463
-1.35975 -1.58797 -0.747114
-4.71527 -2.20307 -2.27733
-3.12465 12.4322 -5.60875
2.87364 2.3749 -4.62248
2.5953 -7.42582 -1.2708
-0.270749 -3.38674 -2.11101
1.21179 10.8229 21.5831
10.1955 3.86089 -5.77316
-9.78688 -1.39123 -1.51375
2.80995 -2.29891 -6.22283
-2.49971 6.98052 41.0113
3.64154 -155.569 10.7223
5.25485 -11.9335 5.72094
3.55691 4.01659 -10.3507
0.70012 3.05648 -2.19606
-18.4888 -0.461146 -11.2156
-0.404696 9.9371 5.48525
5.01478 5.9665 2.90957
-14.631 -3.62206 0.977605
-1.84801 4.57288 -31.429
3.89116 -2.15092 2.14434
-2.91203 5.90092 4.15127
-7.53146 -2.26633 -3.53274
2.91535 1.92182 7.34349
-1.95439 1.15554 -8.14199
6.33085 0.998189 2.24376
5.3423 -2.20299 -4.70957
-3.95555 -4.21909 3.5058
1.51355 5.81165 1.02872
6.8813 -5.77017 -6.66531
-2.74081 6.60852 6.86072
1.75785 3.85346 12.98
-4.82142 0.0704378 -3.04614
-2.00058 0.329593 1.36197
-0.972316 -0.903881 -1.44318
4.42017 0.543254 -1.68791
4.88507 2.52967 4.77308
2.95066 -4.0354 3.08316
15.624 4.97257 3.85332
-0.0280215 6.08042 1.09242
-0.268982 10.7427 1.61036
-28.7293 -3.47249 22.5808
9.15942 -5.7448 4.25664
-0.109003 -8.48356 -1.89947
-10.0359 -4.08618 -9.71965
