-4.06091 5.4853 7.3221
7.8726 1.9282 6.30706
7.66364 -6.22961 -0.337314
-7.95993 2.95998 -0.602532
-1.33764 -4.19611 -1.43435
5.82111 2.64372 1.77132
2.36159 -9.1876 -33.5464
10.3767 1.37572 4.81596
-0.630347 -2.22314 -5.58273
8.16937 -6.21584 -7.44101
1.65377 4.31534 7.89486
5.65156 1.29568 17.1402
3.98253 4.8797 0.00444622
-11.1063 14.0674 12.5772
3.65082 -6.96998 -4.76265
-2.04714 7.06034 2.11434
2.72388 -4.38835 4.0682
21.7127 -4.69766 -8.75662
-1.60077 -13.5918 6.38115
-1.98029 0.0628063 -1.37792
6.30644 -2.93093 5.00029
1.02275 -2.58204 5.78925
-0.164615 1.79129 -2.6319
-3.82653 1.42944 -4.71492
-3.46412 -2.84274 -9.76033
-2.29075 -3.02703 -3.37132
-1.78463 2.82682 -24.8303
-2.78375 1.32233 76.2754
1.51416 3.28942 10.013
-0.315945 -9.59698 -14.6627
4.27488 8.88027 -13.4335
-8.67159 -2.21436 -22.6058
5.37826 -21.6516 1.96426
1.27257 -2.9314 -4.66424
-4.84522 1.83571 -6.71851
-1.72379 0.473552 -1.20618
-9.2918 0.933216 3.98394
-5.6703 1.51983 -1.53274
-9.85418 9.46574 -9.24151
0.0331562 -1.49618 8.14779
2.89294 -11.7896 8.41119
3.61332 -5.44784 7.9441
-2.19015 -6.33032 -54.8162
5.32787 1.37695 -3.46992
8.19379 1.21747 -13.7928
-10.6236 246.26 0.0801103
-2.47846 -4.03564 -8.5195
-5.02472 -6.63365 2.10299
0.753847 0.513834 6.11034
2.07057 -1.94664 -3.15106
-6.40474 0.837229 3.89076
-6.69369 3.56117 -2.89301
-1.13443 -6.36653 -1.44315
-1.94453 1.05297 2.20813
-5.30637 1.58863 0.865569
-1.36385 -1.6111 -1.0213
-4.69197 -2.21641 -2.45365
-3.15462 12.1767 -5.67528
2.80556 2.14685 -4.4362
2.59767 -7.42653 -1.29762
-0.272533 -3.39753 -2.11233
1.02095 10.3931 21.5598
10.1877 3.79619 -5.8664
-9.75205 -1.22796 -1.67549
2.88692 -2.25419 -6.17951
-2.44859 6.98407 41.1022
3.68038 -155.552 10.683
5.69168 -11.9216 5.80458
3.62602 4.03187 -10.3473
0.748296 2.91119 -2.04251
-18.5181 -0.400805 -11.3377
-2.10047 9.81929 5.42777
5.07902 6.01879 2.8908
-14.6304 -3.62684 0.901553
-1.88563 4.64517 -31.3468
3.94284 -2.04308 2.08674
-2.95196 5.9012 4.24769
-7.38835 -2.13294 -3.53837
2.957 1.68223 7.33242
-2.11121 1.21552 -8.15581
6.33115 0.872437 2.39518
5.10735 -2.16103 -4.55961
-3.96793 -4.24211 3.60792
1.48453 5.90675 1.04782
6.84477 -6.02031 -6.72704
-2.54013 6.71396 6.86233
1.8036 3.66094 13.0383
-4.88299 0.0125086 -3.08622
-2.00535 0.343347 1.30563
-0.976749 -0.861114 -1.47395
4.56279 0.560435 -1.73108
4.74324 2.55451 4.74886
2.93362 -3.68462 3.24388
15.6103 4.88004 3.87323
-0.0221463 6.09635 1.10097
-0.32624 10.9231 1.71269
-28.6281 -3.50338 22.6658
9.51976 -5.80754 4.2105
1.37719 -8.58954 -1.82233
-10.1794 -4.28465 -9.89115
