-3.93628 5.5187 7.32024
7.90027 1.93671 6.30442
7.62716 -6.16866 -0.349683
-7.95009 3.00685 -0.594184
-1.3835 -4.15258 -1.42497
5.794 2.64636 1.83807
2.36366 -9.08517 -33.5292
10.3975 1.3633 4.86268
-0.719302 -2.26278 -5.76323
8.1561 -6.21414 -7.45293
1.7438 4.20959 8.00082
5.59087 1.4422 17.1489
4.03745 4.98616 0.00182358
-11.1028 13.9762 12.5815
3.61194 -7.03798 -4.76977
-2.19644 7.05473 2.11309
2.71847 -4.40562 4.04593
21.6606 -4.81164 -8.72923
-1.58483 -13.6223 6.38606
-1.99983 0.0612935 -1.37012
6.32507 -2.8913 5.04233
1.02047 -2.57161 5.8025
-0.170792 1.87568 -2.65534
-3.61092 1.58977 -4.80864
-3.54264 -2.65235 -9.73779
-2.31379 -3.02301 -3.46414
-1.71383 2.84604 -24.8712
-2.69411 1.32016 76.2827
1.50548 3.2692 10.0096
-0.36223 -9.60524 -14.6616
4.31297 8.82884 -13.21
-8.57336 -2.29854 -22.6666
5.37596 -21.6352 1.95382
1.28939 -2.91171 -4.66293
-5.637 2.53742 -6.75831
-1.67681 0.455403 -1.20278
-9.31477 0.931382 3.92366
-5.6046 1.50267 -1.51048
-9.87148 9.41362 -9.06935
0.0393529 -1.48408 8.31706
2.76773 -11.778 8.41607
3.60847 -5.41713 8.03926
-2.25931 -6.28261 -54.8294
5.26633 1.2672 -3.45045
8.1789 1.27768 -13.8024
-10.3917 246.098 0.0474323
-2.41827 -4.02354 -8.53292
-4.97329 -6.63265 2.06313
0.702549 0.558335 6.16212
2.06537 -1.95258 -3.14812
-6.43882 0.82685 4.02082
-6.57053 3.49071 -2.87607
-1.17038 -6.2192 -1.46075
-1.95803 1.05298 2.19596
-4.81302 1.07228 0.77529
-1.36602 -1.62623 -1.18684
-4.68005 -2.2244 -2.55753
-3.16178 12.0636 -5.70798
2.76246 2.01889 -4.33753
2.59842 -7.42293 -1.31033
-0.272817 -3.40489 -2.11331
0.929809 10.2139 21.5482
10.1824 3.76335 -5.91664
-9.73964 -1.14887 -1.76213
2.92812 -2.23547 -6.15747
-2.42466 6.98396 41.1514
3.70748 -155.565 10.6666
5.73899 -11.9196 5.84369
3.65911 4.04275 -10.3494
0.772425 2.83838 -1.97887
-18.5371 -0.371528 -11.4076
-2.66746 9.79286 5.40383
5.11368 6.04473 2.88134
-14.6496 -3.62206 0.864097
-1.90417 4.6822 -31.3189
3.96075 -1.99253 2.04574
-2.97032 5.90088 4.29224
-7.31493 -2.06369 -3.53044
2.97858 1.5606 7.32726
-2.19047 1.24398 -8.16166
6.3301 0.808557 2.45292
5.00786 -2.13848 -4.49408
-3.97487 -4.25323 3.66026
1.46985 5.94751 1.05444
6.8203 -6.17139 -6.75785
-2.44244 6.77057 6.86467
1.81781 3.54219 13.0646
-4.92054 -0.016731 -3.10776
-2.00731 0.350917 1.27498
-0.979003 -0.84177 -1.4909
4.61846 0.565161 -1.75566
4.67552 2.56536 4.73511
2.92574 -3.55225 3.32086
15.6032 4.82142 3.88321
-0.0194688 6.1035 1.10444
-0.363139 11.0321 1.76603
-28.6044 -3.51364 22.7094
9.74302 -5.83883 4.1805
1.76176 -8.66546 -1.78506
-10.3129 -4.39265 -9.97902
