-3.49639 5.73143 7.24666
8.02399 1.95352 6.34094
7.52306 -5.94915 -0.39191
-7.9545 3.10265 -0.487511
-1.56616 -4.00272 -1.4085
5.70455 2.66942 2.00802
2.42254 -8.70304 -33.5125
10.5169 1.32085 5.07546
-1.08485 -2.43898 -6.54381
8.1126 -6.21493 -7.1886
2.10139 3.80092 8.35516
5.38846 1.97037 17.1407
4.20443 5.50628 -0.0142882
-11.1209 13.5691 12.6278
3.47107 -7.32462 -4.79334
-2.78273 7.05633 2.11525
2.68925 -4.47841 3.71699
21.5574 -5.21697 -8.63284
-1.50762 -13.7655 6.41329
-2.06454 0.0552842 -1.34363
6.40643 -2.74432 5.22587
1.01615 -2.52695 5.86044
-0.186583 2.51086 -2.75413
-3.03987 2.34439 -5.21106
-3.86201 -2.01179 -9.61927
-2.42401 -3.00377 -3.91547
-1.37099 2.92055 -24.5021
-2.35735 1.3119 76.3269
1.48428 3.24971 9.97664
-0.54492 -9.64573 -14.6714
4.46278 8.66822 -12.4941
-8.31029 -2.45985 -23.1136
5.43347 -21.3675 1.88349
1.3479 -2.84782 -4.66331
-6.7249 10.8096 -6.61399
-1.48138 0.394123 -1.20114
-9.4138 0.927073 3.6971
-5.35323 1.43122 -1.42127
-9.92861 9.20876 -8.49408
0.073188 -1.41936 9.17932
2.36284 -11.7331 8.43169
3.59719 -5.2934 8.44326
-2.52239 -6.10328 -54.8667
5.18286 0.861293 -3.4035
8.12812 1.48603 -13.856
-9.77322 245.845 -0.100088
-2.14872 -4.00364 -8.5753
-4.76392 -6.65815 1.93217
0.498206 0.765557 6.40662
2.05262 -1.9712 -3.13783
-6.57753 0.789942 4.56249
-6.05187 3.22342 -2.7993
-1.23701 -5.78549 -1.54602
-2.00605 1.05502 2.14775
-3.57484 -5.54547 0.194095
-1.36856 -1.69737 -1.74317
-4.62426 -2.26611 -3.04888
-3.1745 11.6862 -5.8136
2.61008 1.38673 -3.91552
2.67648 -7.44833 -1.3799
-0.294033 -3.54449 -2.10142
0.698241 9.70687 21.5257
10.1589 3.63027 -6.12227
-9.70121 -0.826188 -2.13276
3.11095 -2.19392 -6.0413
-2.32536 6.99372 40.9413
3.78666 -155.598 10.5807
5.18167 -11.9181 6.02072
3.82895 4.0832 -10.3587
0.920781 2.61849 -1.70711
-18.6254 -0.249375 -11.7427
-3.09689 9.72076 5.40992
5.26932 6.15853 2.85304
-14.6765 -3.6403 0.78407
-1.96442 4.83879 -31.2555
4.15888 -1.93986 1.62179
-3.03397 5.9064 4.4634
-7.14598 -1.64377 -3.22352
3.07382 1.04688 7.31076
-2.49928 1.36729 -8.16349
6.32197 0.59161 2.72118
4.71934 -2.02952 -4.25944
-4.00746 -4.28123 3.91864
1.39334 6.07864 1.06481
6.71673 -7.35634 -6.86703
-2.10744 7.03142 6.87957
1.82443 3.12628 13.2156
-5.09681 -0.141814 -3.19073
-2.01214 0.378926 1.15439
-0.988647 -0.772039 -1.56188
4.4949 0.590421 -1.85222
4.49979 2.59936 4.67902
2.8969 -3.06466 3.68466
15.585 4.58912 3.93736
-0.00763664 6.12787 1.11998
-0.531615 11.5176 2.01297
-28.536 -3.50874 22.9019
10.8389 -5.96968 4.08541
1.16079 -9.02764 -1.70911
-11.1561 -4.90838 -10.3878
