-3.34872 5.92885 7.23425
8.09766 1.96345 6.36396
7.48013 -5.84396 -0.4073
-7.95368 3.22345 -0.429212
-1.66255 -3.93358 -1.40434
5.66142 2.68979 2.1023
2.43763 -8.60695 -33.4924
10.5878 1.31035 5.18877
-1.2771 -2.51732 -6.79516
8.08933 -6.21654 -7.05965
2.30167 3.61218 8.00497
5.32448 2.25938 17.1449
4.26846 5.81932 -0.0285355
-11.2118 13.3843 12.6909
3.40308 -7.46343 -4.80293
-3.00302 7.06226 2.11954
2.67091 -4.51114 3.61238
21.5357 -5.36067 -8.58735
-1.46878 -13.8536 6.43351
-2.095 0.0541182 -1.33004
6.45169 -2.67397 5.33444
1.01723 -2.50165 5.90005
-0.184337 3.93575 -2.82084
-2.79272 2.8801 -5.4135
-4.06279 -1.76639 -9.54468
-2.49468 -2.99033 -4.21698
-1.1906 2.96292 -24.3897
-2.19011 1.30953 76.4222
1.52807 3.25002 9.93314
-0.646759 -9.66718 -14.6805
4.53439 8.60291 -12.2537
-8.2311 -2.50206 -23.4613
6.14638 -21.1337 1.92065
1.37391 -2.82214 -4.66323
-6.12093 -3.44006 -6.38238
-1.37409 0.366185 -1.19598
-9.47584 0.927508 3.60816
-5.24087 1.40086 -1.3845
-9.95795 9.08735 -8.32608
0.0932635 -1.37185 9.71587
2.17657 -11.7121 8.44212
3.59491 -5.22645 8.50853
-2.72123 -5.96993 -54.9012
5.12137 0.681898 -3.39449
8.10828 1.57714 -13.8949
-9.5802 245.74 -0.16541
-2.00292 -3.99328 -8.59809
-4.628 -6.68283 1.87447
0.389781 0.92498 6.57055
2.04987 -1.97665 -3.13178
-6.65791 0.783128 4.43589
-5.83001 3.09854 -2.75609
-1.24132 -5.62368 -1.64407
-2.02856 1.05821 2.12624
-3.49748 5.06857 -0.17986
-1.368 -1.73547 -1.60217
-4.59202 -2.29356 -3.38821
-3.18027 11.5369 -5.85825
2.55091 1.29406 -3.68878
2.7163 -7.48065 -1.43629
-0.642106 -3.66655 -2.12617
0.549048 9.56261 21.5865
10.1452 3.56171 -6.33712
-9.68653 -0.653449 -2.34969
3.21703 -2.20536 -5.99266
-2.27668 7.01072 40.8709
3.81641 -155.598 10.5594
4.89184 -11.9174 6.126
3.93143 4.11339 -10.3602
1.01821 2.54122 -1.56957
-18.681 -0.174842 -11.9514
-3.15941 9.67986 5.43373
5.35364 6.22579 2.84232
-14.6775 -3.65744 0.73615
-1.99424 4.92377 -31.2424
4.39259 -1.90426 1.52287
-3.06376 5.9202 4.55597
-7.22598 -1.46789 -3.18414
3.12329 0.765891 7.30492
-2.66443 1.44762 -8.16084
6.31745 0.495119 2.8479
4.58891 -1.95712 -4.13785
-4.02621 -4.27597 4.0737
1.3537 6.14128 1.07657
6.65202 -10.0643 -6.88756
-1.95424 7.19163 6.89209
1.81194 2.90782 13.395
-5.20224 -0.204496 -3.22669
-2.01518 0.393978 1.09517
-0.993665 -0.738202 -1.59764
4.3861 0.608463 -1.89756
4.44184 2.61528 4.6546
2.88291 -2.84248 3.92938
15.5832 4.4852 3.96856
-0.0023893 6.13867 1.13001
-0.631615 11.3539 2.1843
-28.5041 -3.49938 23.0831
11.1512 -6.03013 4.06149
0.866098 -9.26645 -1.71552
-11.8512 -5.14871 -10.6059
