-3.28327 6.032 7.26032
8.13867 1.96822 6.38041
7.45994 -5.79225 -0.415376
-7.95627 3.28903 -0.400572
-1.71183 -3.89988 -1.40093
5.6401 2.70111 2.15604
2.50102 -8.54514 -33.3404
10.6257 1.30749 5.25443
-1.45153 -2.55389 -6.93575
8.07592 -6.21712 -6.99136
2.39446 3.53267 7.8423
5.29455 2.40411 17.1618
4.29716 5.72259 -0.0331157
-11.2599 13.3305 12.7147
3.3704 -7.53269 -4.80859
-3.07099 7.0648 2.12152
2.6599 -4.52806 3.55914
21.5274 -5.42953 -8.56694
-1.45171 -13.8992 6.44535
-2.1097 0.0539747 -1.32245
6.47552 -2.63855 5.39583
1.0188 -2.48848 5.93384
-0.179982 9.16605 -2.90867
-2.60199 3.25854 -5.52252
-4.17224 -1.65105 -9.52076
-2.53521 -2.983 -4.68174
-1.10057 2.98304 -24.3358
-2.12019 1.31177 76.4267
1.55088 3.23084 9.9174
-0.681518 -9.67773 -14.6868
4.56844 8.57453 -12.1451
-8.19236 -2.51888 -23.6949
6.27417 -21.2227 1.94954
1.38649 -2.80385 -4.66072
-6.2656 -2.5941 -7.65693
-1.31107 0.354641 -1.19278
-9.51431 0.927444 3.56556
-5.19161 1.3887 -1.3638
-9.97769 9.02184 -8.2744
0.108704 -1.34313 9.61788
2.08519 -11.7023 8.4515
3.59462 -5.19207 8.32326
-2.89296 -5.86734 -54.9363
5.07649 0.59918 -3.38955
8.09902 1.62745 -13.9172
-9.4844 245.756 -0.209119
-1.93044 -3.98968 -8.60911
-4.56995 -6.69114 1.8528
0.332233 1.00176 6.67574
2.04902 -1.97829 -3.12757
-6.70666 0.781253 4.37558
-5.73886 3.03759 -2.73537
-1.38082 -5.51359 -2.00462
-2.03937 1.06026 2.11704
-3.11927 4.05005 0.7069
-1.36789 -1.75449 -1.44891
-4.57423 -2.31013 -3.16223
-3.18454 11.4708 -5.88007
2.52231 1.2494 -3.5814
2.73698 -7.49401 -1.46835
-0.701827 -3.62581 -2.14309
0.428782 9.50225 21.621
10.1381 3.52627 -6.49936
-9.68069 -0.562633 -2.47729
3.2698 -2.20684 -5.98032
-2.25578 7.02039 40.8466
3.84316 -155.631 10.5479
4.77682 -11.9201 6.19161
3.98552 4.12901 -10.3611
1.05653 2.498 -1.51154
-18.7157 -0.13618 -12.073
-2.96413 9.66017 5.44735
5.39747 6.28674 2.83863
-14.678 -3.66494 0.710438
-2.01093 4.96746 -31.2382
4.47149 -1.85583 1.5064
-3.07805 5.93105 4.61705
-7.23323 -1.39327 -3.19773
3.14727 0.651854 7.30391
-2.75582 1.49281 -8.16085
6.31497 0.448981 2.9107
4.52671 -1.92072 -4.07077
-4.03357 -4.26972 4.15647
1.34457 6.1853 1.0769
6.61341 -20.109 -6.79452
-1.8792 7.29134 6.9004
1.81689 2.80779 13.5039
-5.24997 -0.23581 -3.24595
-2.01622 0.40149 1.07063
-0.996521 -0.720909 -1.61337
4.31898 0.617583 -1.91864
4.41451 2.62329 4.64411
2.87525 -2.73646 4.0857
15.5834 4.43711 3.9855
-0.000102173 6.14443 1.1374
-0.691645 11.2819 2.28638
-28.4924 -3.49142 23.3472
11.0187 -6.05525 4.05359
0.719229 -9.39294 -1.71598
-11.833 -5.23297 -10.7389
