-3.21804 6.13589 7.29965
8.18144 1.97281 6.39964
7.43938 -5.74062 -0.423788
-7.96249 3.35808 -0.371574
-1.76208 -3.85716 -1.39611
5.61921 2.71341 2.21158
2.61248 -8.4848 -33.2842
10.6659 1.30646 5.3259
-1.69363 -2.59219 -7.09416
8.06114 -6.21701 -6.92304
2.46738 3.44815 7.68624
5.25997 2.38714 17.186
4.32174 5.38179 -0.0347385
-11.2984 13.294 12.7307
3.33552 -7.60311 -4.81453
-3.07143 7.06709 2.12306
2.64688 -4.54515 3.5052
21.52 -5.48505 -8.54823
-1.43617 -13.9444 6.45792
-2.12499 0.0545369 -1.31473
6.50035 -2.60332 5.46295
1.021 -2.47493 5.96928
-0.189845 12.368 -2.99667
-2.36645 3.6722 -5.6349
-4.27932 -1.46424 -9.50193
-2.58053 -2.97663 -5.52801
-1.01222 3.00277 -24.2826
-2.05445 1.31431 76.375
1.56579 3.20621 9.9075
-0.720955 -9.68757 -14.6944
4.60123 8.54984 -12.0344
-8.15468 -2.53306 -23.9731
6.31704 -21.2733 1.96032
1.39784 -2.77815 -4.65677
-6.57146 -2.89108 -9.10554
-1.26164 0.343613 -1.19108
-9.55416 0.927736 3.52747
-5.14696 1.37886 -1.34212
-10.0021 8.96477 -8.24102
0.131658 -1.31279 9.13025
1.99087 -11.6917 8.46391
3.59491 -5.15709 8.15221
-3.10119 -5.76566 -55.0073
5.03012 0.52993 -3.38357
8.08851 1.68527 -13.9416
-9.39678 245.9 -0.239906
-1.86837 -3.98791 -8.62208
-4.521 -6.70095 1.83209
0.272785 1.07811 6.8198
2.04815 -1.97919 -3.12307
-6.76431 0.779662 4.31736
-5.65666 2.97974 -2.71484
-1.63033 -5.33864 -2.14706
-2.05113 1.06262 2.10829
-2.66724 3.85037 1.72544
-1.36846 -1.77324 -1.27106
-4.55413 -2.33012 -2.4848
-3.19054 11.4106 -5.90202
2.49144 1.20464 -3.47677
2.75914 -7.51023 -1.49932
-0.720077 -3.60516 -2.15142
0.317181 9.45794 21.6584
10.1311 3.49014 -6.70628
-9.6767 -0.469323 -2.62362
3.31948 -2.20031 -5.97258
-2.23899 7.02982 40.8276
3.86236 -156.368 10.5197
4.67221 -11.923 6.26461
4.03928 4.14529 -10.3612
1.0881 2.45107 -1.45202
-18.7559 -0.0976837 -12.214
-2.79711 9.64375 5.46212
5.44233 6.37891 2.837
-14.6787 -3.67192 0.684268
-2.03007 5.01634 -31.234
4.54048 -1.72583 1.49645
-3.09185 5.94532 4.67994
-7.22995 -0.672753 -3.20045
3.17046 0.571349 7.30429
-2.85615 1.54249 -8.16296
6.31214 0.403671 2.97741
4.46648 -1.88243 -3.99909
-4.03862 -4.26724 4.24008
1.34153 6.23912 1.07332
6.59876 -26.2532 -6.70349
-1.80399 7.41241 6.91062
1.82702 2.7128 13.6202
-5.30436 -0.267939 -3.26568
-2.01741 0.408936 1.04756
-1.00008 -0.702951 -1.62892
4.25326 0.626636 -1.93863
4.38636 2.63179 4.63493
2.86666 -2.63383 4.2744
15.5843 4.39213 4.00428
0.00153032 6.15089 1.14572
-0.761773 11.2154 2.4038
-28.4875 -3.47516 23.801
10.8771 -6.0765 4.048
0.582826 -9.51171 -1.71387
-11.4356 -5.32766 -10.8906
