-3.084 6.36863 7.39327
8.2748 1.98172 6.43792
7.40252 -5.6399 -0.446076
-7.98478 3.49545 -0.315328
-1.86391 -3.75692 -1.3856
5.57864 2.74076 2.31691
2.67748 -8.40104 -33.4005
10.7563 1.30814 5.45109
-2.10743 -2.66822 -7.51824
8.02803 -6.21345 -6.80594
2.6062 3.26682 7.42358
5.18547 2.13603 17.2383
4.36519 4.83182 -0.0421327
-11.3529 13.2442 12.7483
3.26777 -7.74581 -4.83006
-2.9523 7.07093 2.12576
2.62144 -4.57873 3.39063
21.5076 -5.56967 -8.51769
-1.40869 -14.0413 6.4807
-2.15743 0.0577898 -1.30253
6.55658 -2.53552 5.60178
1.02743 -2.44768 6.03768
-0.218389 10.7257 -3.05419
-2.01888 4.50101 -5.96484
-4.49002 -1.01626 -9.46928
-2.68194 -2.98406 -5.5998
-0.840558 3.03791 -24.1903
-1.93894 1.29142 76.2181
1.57835 3.1538 9.89654
-0.806478 -9.70523 -14.7173
4.66817 8.51258 -11.8828
-8.08318 -2.55335 -23.8562
6.35043 -21.3354 1.96378
1.41766 -2.72039 -4.64733
-6.40786 -2.86677 -9.50191
-1.18791 0.322011 -1.18722
-9.63378 0.930431 3.44585
-5.0673 1.36605 -1.30648
-10.053 8.89442 -8.21033
0.184685 -1.2608 8.31112
1.79378 -11.6696 8.49086
3.59861 -5.08797 7.81416
-3.38677 -5.61715 -54.8794
4.93747 0.418331 -3.37223
8.06209 1.79936 -13.9996
-9.27085 246.002 -0.319756
-1.76165 -3.95774 -8.56638
-4.44629 -6.72134 1.79359
0.164217 1.22919 7.10263
2.0461 -1.97958 -3.11612
-6.88641 0.776096 4.19655
-5.51427 2.89992 -2.67597
-1.76726 -5.04933 -1.91138
-2.07701 1.0675 2.08843
-2.43025 3.21649 1.80973
-1.37318 -1.80968 -0.806907
-4.49923 -2.37917 -1.91848
-3.20433 11.305 -5.94884
2.43741 1.11175 -3.28306
2.79618 -7.54727 -1.5716
-0.73357 -3.58848 -2.16289
0.120736 9.40524 21.7418
10.1233 3.41653 -7.32734
-9.67096 -0.283603 -2.8856
3.41233 -2.16413 -5.96714
-2.22151 7.0409 40.8042
3.90437 -157.044 10.4803
4.47679 -11.9272 6.40879
4.15859 4.17879 -10.375
1.14474 2.35471 -1.15823
-18.8485 -0.0253818 -12.6102
-2.51886 9.62024 5.49123
5.53775 6.63481 2.83544
-14.6813 -3.68554 0.622077
-2.07233 5.12691 -31.2219
4.65774 -1.52773 1.47555
-3.11657 5.98282 4.79029
-7.20716 0.122036 -3.22234
3.21707 0.440052 7.30464
-3.07235 1.64799 -8.18101
6.30842 0.315498 3.22405
4.355 -1.80189 -3.86101
-4.04693 -4.28569 4.36657
1.35166 6.36361 1.064
6.59065 -23.0774 -6.76211
-1.65125 7.27852 6.93385
1.85645 2.53809 13.291
-5.4277 -0.333464 -3.30953
-2.02049 0.422606 0.997467
-1.00836 -0.668406 -1.66076
4.14384 0.648216 -1.98558
4.3289 2.65 4.61791
2.85186 -2.4448 4.59229
15.5892 4.31118 4.05033
0.00302272 6.16522 1.16225
-0.902183 11.1012 2.68073
-28.4999 -3.38706 23.7167
10.5918 -6.11136 4.04269
0.330647 -9.7283 -1.70756
-10.7523 -5.60171 -11.2636
