-3.01928 6.48567 7.44945
8.32607 1.98552 6.45974
7.38612 -5.59269 -0.461723
-7.9992 3.55927 -0.288802
-1.91801 -3.71351 -1.38016
5.55759 2.75379 2.37031
2.68888 -8.36781 -33.4078
10.8068 1.30783 5.51358
-2.29122 -2.71402 -7.50773
8.01148 -6.21058 -6.72786
2.6724 3.13924 7.31028
5.14371 2.04253 17.2636
4.38632 4.5973 -0.0494241
-11.3742 13.2216 12.7547
3.23599 -7.8224 -4.83923
-2.89871 7.07128 2.1282
2.60919 -4.59751 3.32926
21.5012 -5.5636 -8.50466
-1.39778 -14.101 6.49286
-2.17498 0.0594814 -1.29725
6.58262 -2.50675 5.61099
1.03122 -2.43529 6.07571
-0.228092 10.6459 -3.07742
-1.92029 4.6953 -6.10232
-4.6012 -0.815808 -9.45471
-2.72702 -2.98898 -5.1515
-0.760653 3.0428 -24.1421
-1.88549 1.26366 76.1268
1.5796 3.12641 9.89391
-0.845056 -9.716 -14.7327
4.70294 8.4963 -11.8228
-8.05169 -2.56345 -23.6882
6.35977 -21.3643 1.96312
1.42652 -2.69094 -4.64162
-6.3181 -1.87592 -9.61458
-1.15374 0.308589 -1.18425
-9.67407 0.931213 3.40251
-5.03042 1.36119 -1.2889
-10.0756 8.87099 -8.18749
0.206393 -1.24277 8.08098
1.69062 -11.6609 8.50707
3.60128 -5.05674 7.66874
-3.38541 -5.56751 -54.8161
4.89215 0.356414 -3.36697
8.04268 1.85634 -14.0316
-9.21395 246.011 -0.370969
-1.70811 -3.93147 -8.51426
-4.41374 -6.73803 1.77204
0.092134 1.29733 7.22064
2.04481 -1.97971 -3.11211
-6.94685 0.770488 4.11079
-5.45274 2.86532 -2.65743
-1.77347 -4.94369 -1.90047
-2.09048 1.06925 2.07976
-2.34698 2.52048 1.79109
-1.37937 -1.82874 -0.481588
-4.46573 -2.4024 -1.72609
-3.21174 11.2576 -5.97099
2.4092 1.05561 -3.20498
2.81386 -7.5703 -1.60866
-0.737506 -3.58599 -2.16716
0.0317287 9.38062 21.7857
10.126 3.37921 -7.76108
-9.67034 -0.194498 -2.92814
3.45615 -2.13734 -5.96836
-2.21312 7.04502 40.8032
3.9205 -157.029 10.477
4.38102 -11.9311 6.483
4.21949 4.19716 -10.3903
1.17151 2.3032 -1.02121
-18.9183 0.0042189 -12.6732
-2.39638 9.60731 5.50565
5.58879 6.77384 2.83372
-14.6829 -3.69283 0.593438
-2.09504 5.18477 -31.2093
4.70909 -1.46741 1.46438
-3.12808 6.0031 4.85281
-7.19151 0.192399 -3.23882
3.24053 0.380525 7.30535
-3.18678 1.69889 -8.19426
6.30763 0.270374 3.37112
4.2941 -1.76657 -3.80524
-4.05306 -4.30465 4.42682
1.36174 6.43241 1.06352
6.57877 -22.9297 -6.80483
-1.57522 7.14998 6.94683
1.87195 2.45476 13.0975
-5.49092 -0.369389 -3.33421
-2.02247 0.428263 0.975747
-1.0129 -0.652328 -1.67447
4.08541 0.657492 -2.01188
4.29802 2.65774 4.61154
2.84688 -2.36342 4.47801
15.5938 4.2733 4.07873
0.00281279 6.17238 1.17262
-0.969414 11.0459 2.80526
-28.525 -3.34388 22.7894
10.4726 -6.1296 4.04155
0.210337 -9.86325 -1.70428
-10.4624 -5.8781 -11.5151
