-2.95928 6.60161 7.51157
8.38014 1.98958 6.48288
7.3727 -5.54791 -0.486146
-8.01431 3.61874 -0.265123
-1.97794 -3.67392 -1.37457
5.53571 2.76632 2.42208
2.70587 -8.34364 -33.4112
10.8617 1.3073 5.57672
-2.47214 -2.75794 -7.2363
7.99665 -6.20706 -6.65913
2.74114 3.00677 7.20029
5.09616 1.9526 17.2905
4.40711 4.37463 -0.0581527
-11.3944 13.1986 12.7599
3.20396 -7.905 -4.84873
-2.84533 7.07109 2.13124
2.59681 -4.61738 3.26447
21.4939 -5.5118 -8.49276
-1.38996 -14.1725 6.50621
-2.19401 0.0613312 -1.29283
6.60618 -2.47963 5.55765
1.0352 -2.42391 6.11359
-0.237596 10.5924 -3.10121
-1.83766 4.87946 -6.21917
-4.7225 -0.604159 -9.44116
-2.77035 -2.98168 -4.91033
-0.687961 3.02852 -24.0898
-1.83869 1.26564 76.1289
1.57859 3.09776 9.89217
-0.881456 -9.72809 -14.7514
4.73811 8.4815 -11.7682
-8.0251 -2.57437 -23.5409
6.36594 -21.3957 1.96128
1.43463 -2.66243 -4.63699
-6.23235 -1.23952 -9.71244
-1.11468 0.29207 -1.17272
-9.71385 0.932285 3.35733
-4.99539 1.35777 -1.27163
-10.0964 8.84961 -8.16421
0.225053 -1.22871 7.87218
1.58353 -11.6537 8.52494
3.60479 -5.02805 7.52923
-3.2953 -5.52061 -54.7722
4.84656 0.288284 -3.36229
8.01372 1.9184 -14.0638
-9.16043 246.095 -0.402095
-1.66006 -3.93093 -8.54826
-4.37908 -6.74704 1.7367
0.011634 1.36357 7.1986
2.04333 -1.97973 -3.10841
-7.00888 0.763566 4.00308
-5.39681 2.83106 -2.63926
-1.77828 -4.84976 -1.89741
-2.10397 1.07071 2.07145
-2.26872 2.10312 1.76369
-1.38988 -1.84913 -0.0960077
-4.43122 -2.42318 -1.57866
-3.21996 11.2127 -5.99334
2.37814 0.996719 -3.1397
2.83083 -7.59453 -1.64828
-0.740985 -3.58499 -2.17142
-0.0548812 9.35694 21.8304
10.1354 3.34307 -8.27547
-9.67282 -0.107513 -2.96841
3.49896 -2.10018 -5.97351
-2.19981 7.05612 40.8029
3.9309 -157.033 10.471
4.28545 -11.9352 6.55761
4.27472 4.21658 -10.4073
1.19727 2.25012 -0.903183
-19.0062 0.0331328 -12.5254
-2.28104 9.59342 5.51976
5.64275 6.91488 2.832
-14.6846 -3.70017 0.565611
-2.12223 5.24824 -31.1839
4.75957 -1.40788 1.45474
-3.13916 6.0237 4.91187
-7.17538 0.261236 -3.25291
3.26345 0.320566 7.30679
-3.30284 1.74781 -8.20881
6.30714 0.224267 3.51765
4.22634 -1.73403 -3.75976
-4.06104 -4.32738 4.4809
1.3724 6.50553 1.06589
6.5659 -22.8398 -6.84803
-1.50099 7.02402 6.96114
1.88604 2.37271 12.9374
-5.55891 -0.407146 -3.36017
-2.02386 0.433342 0.955177
-1.01735 -0.637079 -1.68751
4.03116 0.665729 -2.03842
4.26622 2.66431 4.60717
2.84498 -2.29035 4.36846
15.6003 4.23699 4.10882
0.00199592 6.17952 1.18344
-1.03267 10.9932 2.89778
-28.5549 -3.32415 22.2785
10.3638 -6.14861 4.04032
0.0900662 -10.0315 -1.70063
-10.2061 -6.19444 -11.8107
