-2.90077 6.71906 7.57562
8.43795 1.99453 6.50705
7.37855 -5.51447 -0.530901
-8.0288 3.67677 -0.244466
-2.04795 -3.63547 -1.36932
5.51372 2.77914 2.47595
2.72798 -8.32774 -33.4181
10.9223 1.30732 5.64325
-2.65512 -2.79772 -7.00745
7.98368 -6.20239 -6.60417
2.81819 2.87905 7.02712
5.0486 1.87017 17.3201
4.4283 4.16135 -0.0682087
-11.4145 13.178 12.7645
3.17203 -7.99369 -4.85817
-2.79168 7.07103 2.13077
2.58468 -4.63733 3.2
21.4863 -5.46456 -8.48118
-1.38467 -14.2565 6.5219
-2.21441 0.063839 -1.28853
6.63207 -2.45323 5.50725
1.0395 -2.4129 6.1513
-0.246604 10.5491 -3.12469
-1.751 5.05364 -6.35368
-4.85699 -0.3592 -9.42929
-2.81536 -2.96736 -4.7777
-0.624977 2.97909 -24.0417
-1.80324 1.27118 76.1292
1.57603 3.06944 9.89115
-0.916899 -9.74072 -14.7733
4.7735 8.46881 -11.7173
-8.00405 -2.58617 -23.4131
6.36958 -21.4273 1.95861
1.44204 -2.63356 -4.63411
-6.14704 -0.732334 -9.86244
-1.07672 0.279144 -1.16217
-9.75663 0.934295 3.31077
-4.9617 1.35637 -1.2549
-10.1159 8.8311 -8.1409
0.241622 -1.21702 7.68329
1.47335 -11.6468 8.54549
3.60978 -5.0006 7.39484
-3.20395 -5.47567 -54.7382
4.80156 0.221325 -3.35781
7.9784 1.99138 -14.0896
-9.10851 246.153 -0.437341
-1.614 -3.92871 -8.57106
-4.34333 -6.74674 1.70303
-0.0569033 1.42863 7.07329
2.04185 -1.97938 -3.10523
-7.0751 0.756443 3.89661
-5.34484 2.79792 -2.62179
-1.78265 -4.76256 -1.89841
-2.11722 1.07232 2.0639
-2.19176 1.81235 1.7175
-1.40454 -1.87085 0.315525
-4.39659 -2.44214 -1.45591
-3.22884 11.1708 -6.01562
2.34759 0.940325 -3.07411
2.84643 -7.61604 -1.68841
-0.74357 -3.58427 -2.17583
-0.139452 9.3367 21.8789
10.1512 3.31062 -8.82863
-9.67827 -0.0224558 -3.00975
3.54556 -2.04291 -5.97875
-2.18428 7.06299 40.8
3.94887 -157.052 10.4627
4.19006 -11.9382 6.63591
4.32932 4.23219 -10.4244
1.22312 2.19693 -0.800999
-19.0972 0.0647066 -12.3475
-2.17001 9.57995 5.53385
5.70135 7.06035 2.82992
-14.6863 -3.707 0.538322
-2.17944 5.33798 -31.1278
4.8104 -1.34678 1.44502
-3.14881 6.04566 4.96957
-7.15897 0.331343 -3.26602
3.28584 0.260153 7.30904
-3.41715 1.79659 -8.2245
6.30732 0.17848 3.66174
4.16121 -1.70133 -3.71057
-4.07057 -4.35191 4.53137
1.38258 6.5861 1.07042
6.55352 -22.7736 -6.88951
-1.4285 6.90117 6.97626
1.89944 2.29464 12.7985
-5.63408 -0.444445 -3.38563
-2.02432 0.438265 0.9357
-1.02134 -0.622099 -1.69992
3.98502 0.674231 -2.06295
4.23478 2.67116 4.60547
2.84861 -2.22218 4.26129
15.6092 4.20316 4.13892
0.000894642 6.18711 1.1943
-1.08682 10.9433 2.98521
-28.5826 -3.31591 22.0037
10.2635 -6.16678 4.03925
-0.0308956 -10.2462 -1.69652
-9.97713 -6.55146 -11.6191
