-6.09305 -0.500608 -3.21834
-2.36372 2.64927 0.924357
-1.80427 -1.16623 0.113307
0.705433 0.842119 0.0560369
0.568581 -1.9453 1.15123
2.25302 0.41079 -1.80079
0.21124 -0.651126 0.207871
1.73977 0.644347 2.75969
2.56606 3.23811 -3.65834
1.83184 -0.855707 -0.897948
-0.0776602 0.733198 1.26931
-0.0907381 1.29567 2.60582
-0.247258 3.49352 -0.716266
-3.48695 -1.0975 -1.85364
1.5636 -4.11573 -6.92053
0.268128 0.595359 -1.30747
0.0659469 -1.75006 1.61781
-0.579594 -0.19381 -1.21652
-2.66335 0.318987 -0.875148
-1.48397 2.49395 1.68792
-4.35927 -1.04172 0.592533
0.498667 1.85799 0.155254
1.72407 -2.09268 -1.55887
0.0376852 1.14045 4.38471
2.8633 -2.67182 -0.254184
-0.917064 -2.42199 -6.1018
0.712857 4.39677 -0.0510968
-0.255943 -0.268513 1.86238
1.87288 1.18478 4.4195
-5.7306 3.8845 -2.00203
-2.34505 0.575955 -1.37985
5.01728 0.366229 -5.62955
-1.55967 0.0229316 0.808105
1.50034 0.163145 -1.51889
-2.12264 -0.630141 3.58731
-3.13011 1.52038 -3.13007
-0.41466 -3.21478 -0.079299
-0.867924 0.423933 -1.25366
-0.819826 1.11523 3.08731
3.0554 0.409534 7.87059
-1.77162 -0.727048 -4.83774
3.00155 -2.10286 0.486407
-0.672012 -2.19416 4.30451
-3.89067 1.61571 -3.54414
-4.36771 0.621829 -1.11025
-0.792804 5.5435 -0.579094
-2.17861 1.24595 1.63956
3.88211 -0.613844 0.40504
4.32918 3.08084 -0.550831
0.862494 -0.419078 2.31756
1.90841 -1.37213 -0.346414
-2.19121 0.0606565 -0.239249
-2.05533 1.19732 2.23268
3.20489 4.23161 0.249821
1.64712 1.99192 -0.214823
0.400001 -0.0308167 1.25404
-0.216364 1.39891 0.0782028
3.57466 -1.41278 -6.39057
-4.20793 -1.70578 -4.65823
-1.11702 -1.74683 -0.266538
-0.673794 -0.682965 2.04406
-4.48155 -3.89519 6.62529
1.89887 2.15022 -0.657945
1.63298 -1.34701 -0.0740369
1.40287 -4.71755 4.78781
5.80849 2.0711 2.86744
0.773896 -2.90804 -4.13561
-2.07128 -3.16703 -4.58587
-1.76613 1.63665 -2.6594
2.75708 -0.000180329 -2.24297
0.929168 0.98049 1.36762
3.15517 0.373895 -0.935302
-5.03301 9.34392 -1.87836
-1.61688 -2.13349 -0.532192
1.11215 3.89734 5.49374
2.51015 0.795776 0.0006331
0.529975 -5.03642 -2.10596
-3.31458 2.11653 0.81407
0.340576 -1.29082 1.06132
-0.652641 -1.62167 3.00834
0.237276 1.54666 -1.47551
0.4695 -2.66328 0.181726
-0.730102 -2.157 -1.02814
-0.700617 -0.14205 -0.657425
0.807362 -1.71618 -5.447
1.64117 -0.172137 0.527935
-0.287237 0.927256 1.68258
-0.274204 -0.395305 0.0204338
-2.70673 0.741113 -0.171767
0.0288464 0.376871 -0.0572327
-1.34849 -3.22896 -0.304662
-2.67314 -2.7646 -1.53788
3.8892 1.77183 -0.545528
1.12635 -3.73869 1.53124
-0.909038 0.631544 1.19481
1.48902 -1.33916 1.04244
2.10724 1.29382 1.85277
4.20787 5.93587 2.43029
0.042975 0.804068 0.713279
2.61896 -1.13691 -5.14363
