-2.75786 7.09494 7.7798
8.62976 2.01641 6.59436
7.42348 -5.45452 -0.558721
-8.06017 3.84857 -0.196715
-2.77432 -3.52582 -1.35771
5.43762 2.81604 2.64336
2.77081 -8.28679 -33.4737
11.1217 1.30479 5.87716
-3.24407 -2.94396 -6.50874
7.94991 -6.18158 -6.49391
3.08363 2.55806 6.49133
4.90841 1.64612 17.4172
4.47741 3.5412 -0.100002
-11.4869 13.1257 12.7724
3.07222 -8.31738 -4.88686
-2.66197 7.07156 2.11969
2.54826 -4.69931 3.00537
21.4501 -5.34136 -8.45079
-1.37955 -14.6034 6.59074
-2.29139 0.0738226 -1.27759
6.72343 -2.37428 5.35142
1.0512 -2.383 6.26607
-0.271858 10.4405 -3.19787
-1.40694 5.5045 -6.89355
-3.6706 0.931925 -9.41096
-2.95108 -2.91607 -4.56304
-0.50061 2.82698 -24.099
-1.66456 1.27198 76.1391
1.56239 2.98486 9.88964
-1.02579 -9.7963 -14.8652
4.86675 8.42872 -11.5792
-7.97435 -2.639 -23.1386
6.38969 -21.5445 1.93936
1.44899 -2.54783 -4.63631
-5.96583 0.69173 -10.6617
-0.989521 0.25224 -1.16157
-9.74385 0.941044 3.15514
-4.87558 1.3581 -1.21212
-10.1753 8.78723 -8.07736
0.279018 -1.1985 7.21234
1.08509 -11.6292 8.61935
3.62447 -4.92877 7.01516
-2.65836 -5.35245 -54.6836
4.65889 0.0267757 -3.34878
7.91893 2.22083 -14.1246
-8.97585 246.217 -0.563789
-1.4841 -3.92282 -8.62616
-4.24704 -6.75764 1.63915
-0.247975 1.61763 6.78908
2.0367 -1.97868 -3.09932
-7.30914 0.731386 3.572
-5.22029 2.70568 -2.57546
-1.80665 -4.52826 -1.91153
-2.15912 1.07663 2.04417
-1.97212 1.27686 1.54576
-1.44908 -1.9457 1.25173
-4.2992 -2.49411 -1.13905
-3.25992 11.0563 -6.08215
2.25592 0.795365 -2.88974
2.8971 -7.6892 -1.80245
-0.747625 -3.58745 -2.18981
-0.395856 9.29396 22.0701
10.2076 3.23708 -10.1593
-9.70746 0.2083 -3.14843
3.70703 -1.86072 -5.89431
-2.15265 7.06982 40.7957
4.02349 -157.132 10.4403
3.86076 -11.9454 6.88798
4.50374 4.26687 -10.4704
1.29685 2.0367 -0.549997
-19.432 0.175337 -11.9278
-1.85444 9.53627 5.57008
5.85872 7.5398 2.82554
-14.6902 -3.72431 0.45694
-2.41895 5.73531 -31.1649
4.9659 -1.13155 1.40737
-3.17049 6.11714 5.13434
-7.12145 0.5695 -3.30728
3.33729 0.0711732 7.3149
-3.80098 1.94723 -8.27695
6.311 0.0421377 4.07796
3.97103 -1.6005 -3.57292
-4.10688 -4.43579 4.67359
1.39987 6.88535 1.09071
6.51472 -22.639 -7.02378
-1.26649 6.55187 7.02736
1.93644 2.08034 12.4746
-5.87655 -0.548302 -3.45624
-2.02674 0.4493 0.882088
-1.03415 -0.577338 -1.73457
3.83823 0.699596 -2.1348
4.13045 2.70356 4.60934
2.87904 -2.0231 3.96482
15.6459 4.11173 4.22631
-0.00763481 6.21222 1.22769
-1.19608 10.8209 3.23864
-28.6687 -3.30774 21.6216
10.0165 -6.22347 4.03211
-1.34895 -11.5191 -1.67469
-9.4433 -8.03032 -9.57867
