-2.54042 8.19349 8.15538
9.07562 2.14082 6.77361
7.34805 -5.32989 -0.591709
-8.11296 3.1292 -0.0964599
-3.69662 -3.37548 -1.29849
5.21342 2.83324 3.07742
2.80572 -8.16181 -33.6799
11.6553 1.28892 6.76211
-4.40203 -3.39351 -5.83857
7.9177 -6.13458 -6.3677
3.64033 2.11123 5.67703
4.64954 1.18025 17.7914
4.57546 2.58918 -0.163771
-11.7612 13.033 12.7824
2.86344 -7.99632 -4.94468
-2.44677 7.07209 2.10983
2.46487 -4.87499 2.59782
21.3615 -4.25988 -8.44853
-1.36574 -14.9224 6.79602
-2.49459 0.0989745 -1.2578
6.90838 -2.19277 4.95197
1.06489 -2.33254 6.52294
-0.319453 10.2509 -3.35026
-0.256142 9.46055 -12.5274
1.40856 1.93158 -9.60684
-3.15813 -2.83776 -4.3497
-0.223786 2.93523 -24.208
-1.39856 1.28427 76.0958
1.51059 2.84482 9.88702
-1.41055 -10.0681 -15.1965
5.04932 8.19504 -11.3474
-7.97128 -2.773 -22.9531
6.41071 -21.9732 1.85822
1.47279 -2.38783 -4.65676
-6.00896 0.0681372 -5.02486
-0.832338 0.206955 -1.16285
-9.44092 0.950752 2.69238
-4.78007 1.52084 -1.18358
-10.2528 8.77348 -7.97563
0.30874 -1.21624 6.51168
0.0763784 -11.5943 8.82523
3.65352 -4.81364 6.33449
-1.36924 -5.22874 -54.7046
4.39844 -0.367765 -3.33246
7.91941 2.67489 -14.2901
-8.80247 246.348 -0.844258
-1.26758 -3.92422 -8.75852
-4.10705 -6.79 1.51426
-0.674655 2.00772 6.31482
2.02469 -1.9707 -3.09883
-6.73159 0.658794 2.85313
-5.03602 2.59129 -2.51433
-1.86195 -4.08279 -1.95728
-2.25304 1.08394 2.01198
-1.57406 0.667188 1.04899
-1.47489 -2.10013 1.41806
-4.18269 -2.56014 -0.587156
-3.22217 10.8002 -5.96436
2.04947 0.579973 -2.61538
2.98604 -7.86018 -2.03749
-0.7591 -3.60244 -2.22207
-1.43695 9.24777 21.961
10.2533 3.14543 -9.90038
-9.76419 0.589867 -3.46738
3.96987 -1.75603 -5.8126
-2.09211 7.13757 40.9184
4.15088 -156.976 10.4173
3.017 -11.9584 7.58778
4.91551 4.33463 -10.6086
1.40066 1.72922 0.0760198
-19.0334 0.450986 -11.3842
-1.19127 9.4703 5.62985
6.16001 7.18469 2.81913
-14.7604 -3.71941 0.165305
-2.68873 6.22985 -31.4669
5.2574 -0.740091 1.33659
-3.13883 6.36727 5.42166
-7.07452 1.00804 -3.37202
3.36536 -0.312705 7.29253
-6.46318 2.2429 -8.45019
6.32546 -0.222989 3.88305
3.55394 -1.4014 -3.34796
-4.19663 -4.63118 4.9997
1.39889 6.55812 1.11208
6.42083 -22.5009 -7.435
-1.01399 6.00729 7.15195
1.98766 1.67425 12.0739
-6.4933 -0.767172 -3.59561
-2.04091 0.468325 0.788696
-1.05906 -0.479281 -1.80452
3.49399 0.74645 -2.2867
3.89333 2.77769 4.62213
2.89036 -1.54907 3.39796
15.7717 3.97155 4.39717
-0.0320712 6.29332 1.28597
-1.53362 10.685 3.72576
-29.0381 -3.30209 21.311
9.62969 -6.38448 4.00799
-5.97951 -11.1482 -1.40524
-8.99086 -12.001 -8.43662
