-6.07369 -0.481877 -3.24651
-2.41862 2.56355 0.933578
-1.87488 -1.17313 0.111209
0.761032 0.921108 0.0565481
0.490624 -1.9587 1.03857
2.26886 0.410189 -2.37341
0.212154 -0.598267 0.211571
1.77843 0.574618 2.81185
2.73661 3.30518 -3.73121
1.86089 -0.706697 -0.910394
-0.222054 0.762271 1.29514
-0.0411301 1.3157 2.48583
-0.250873 3.5542 -0.724793
-3.57306 -1.10982 -1.71785
1.52244 -4.40179 -6.68931
0.269017 0.597681 -1.32236
0.0768834 -1.77508 1.695
-0.547168 -0.195555 -1.2302
-2.58358 0.328553 -0.873696
-1.44751 2.54608 1.70913
-4.14199 -1.27791 0.594541
0.505087 1.88335 0.163001
1.66226 -2.12976 -1.5831
0.0347672 1.15602 4.29306
2.76792 -2.71736 -0.261323
-0.944799 -2.46602 -6.02141
0.705106 4.23982 -0.342125
-0.257014 -0.323847 1.89389
1.82209 1.19639 4.54586
-5.87218 3.98759 -1.94227
-2.39426 0.43136 -1.40289
5.17514 0.277232 -5.46795
-1.59089 -0.0380359 0.814928
1.51913 0.153816 -1.54282
-2.06186 -0.625429 3.73199
-3.04782 1.534 -3.08569
-0.419618 -3.21243 -0.0802874
-0.875899 0.419552 -1.33487
-1.32513 1.10194 3.11361
3.07925 0.436016 8.73472
-1.79124 -0.741308 -4.75491
3.16279 -2.12044 0.604458
-0.699811 -2.13159 4.20192
-3.7407 1.32773 -3.61794
-4.25106 0.456685 -1.11878
-0.769003 5.71553 -0.656614
-2.23121 1.26844 1.54548
3.83609 -0.628878 0.407806
4.42674 3.12839 -0.558399
0.86355 -0.390129 2.35029
1.94795 -1.22659 -0.457236
-2.21191 0.0676448 -0.242014
-2.07123 1.21325 2.16247
3.2658 4.13851 0.252963
1.67816 2.02747 -0.135746
0.39797 -0.0278616 1.30338
-0.218601 1.41478 0.0839682
3.91891 -1.61481 -6.31968
-4.16926 -1.72345 -5.37883
-1.12622 -1.77258 -0.271286
-0.6802 -0.680194 2.06371
-4.55622 -3.44636 6.12232
1.9023 2.05374 -0.558023
1.65625 -1.36493 -0.0784383
1.4397 -4.83241 4.95547
5.68815 2.30917 3.07157
0.789824 -2.97844 -4.26304
-2.10288 -3.38649 -4.34001
-1.79723 1.66794 -2.69932
2.792 -0.00317807 -2.27797
0.771052 1.16573 1.15781
2.98526 0.491584 -0.955422
-5.16938 9.02941 -1.6967
-1.64017 -2.1676 -0.470967
1.11731 3.99266 5.61396
2.54574 0.807158 0.00264636
0.53838 -4.90973 -2.15408
-3.26571 2.15413 0.815581
0.343151 -1.30323 1.07128
-0.566866 -1.62876 4.5722
0.237237 1.56519 -1.494
0.473523 -2.7053 0.177195
-0.734858 -2.19139 -1.04735
-0.706205 -0.145971 -0.66847
0.912783 -1.75541 -5.60706
1.65646 -0.169039 0.537193
-0.220616 0.945645 1.37726
-0.275965 -0.395269 0.0252658
-2.70453 0.907576 -0.306063
0.0234444 0.381498 -0.0581275
-1.11221 -3.25881 -0.30765
-2.79629 -2.83078 -1.65854
3.84274 1.80016 -0.552327
0.844766 -3.42361 1.54624
-0.916635 0.64014 1.21413
1.50664 -1.35313 1.0557
2.04848 1.28979 1.74564
4.18783 5.84131 2.47791
-0.0349301 0.81414 0.716289
2.65135 -1.22883 -5.0433
