-2.48483 8.6092 8.29094
9.22316 2.16204 6.85251
7.32013 -5.29307 -0.60292
-8.13896 3.00747 -0.0731895
-3.98003 -3.32731 -1.28065
5.14266 2.79006 3.28855
2.80787 -8.11702 -33.5925
11.9395 1.29791 6.99689
-4.8291 -3.51814 -5.55774
7.91661 -6.12701 -6.32414
3.85471 2.00272 5.51705
4.57342 0.968593 17.9472
4.62195 2.38391 -0.167121
-11.8816 13.0163 12.8348
2.79024 -7.87536 -4.964
-2.37342 7.0722 2.11019
2.443 -4.95845 2.48617
21.3477 -4.02922 -8.44497
-1.37578 -14.5741 6.87698
-2.57318 0.108917 -1.24706
6.98338 -2.12989 4.82764
1.0675 -2.32024 6.62661
-0.336595 10.2128 -3.40176
0.0295968 8.99491 -12.3436
1.57608 2.24972 -9.63294
-3.20472 -2.82433 -4.27098
-0.137441 2.98984 -24.2337
-1.31992 1.31114 76.0669
1.47333 2.79718 9.90581
-1.58006 -10.1899 -15.3164
5.1945 8.09117 -11.323
-7.94141 -2.7976 -22.9332
6.41417 -22.2117 1.82403
1.4807 -2.33821 -4.65713
-5.92532 -0.658536 -4.73888
-0.778934 0.194904 -1.1567
-9.35657 0.956664 2.54804
-4.82194 1.60348 -1.1275
-10.2756 8.77554 -7.96587
0.312062 -1.23788 6.33951
-0.278881 -11.586 8.95235
3.66818 -4.77937 6.1296
-0.739003 -5.18296 -54.7516
4.32222 -0.483641 -3.31712
7.9202 2.86923 -14.3859
-8.76315 246.413 -0.92553
-1.18804 -3.93558 -8.80585
-4.06669 -6.81305 1.48908
-0.843262 2.15082 6.19312
2.0205 -1.96683 -3.09758
-6.41191 0.631084 2.7092
-4.98954 2.5895 -2.50288
-1.88538 -3.94436 -1.97114
-2.28805 1.08666 2.00529
-1.44726 0.519438 0.929771
-1.47388 -2.15246 1.22324
-4.16667 -2.57076 -0.387637
-3.1405 10.8318 -5.97292
1.97403 0.49659 -2.48383
3.02771 -7.92839 -2.0998
-0.763708 -3.60984 -2.23051
-1.88108 9.2443 21.7165
10.2636 3.11966 -9.73666
-9.77789 0.708362 -3.566
4.06458 -1.7256 -5.79525
-2.06949 7.16217 41.0157
4.192 -156.955 10.4213
2.73019 -11.9697 7.98653
5.0781 4.35399 -10.6676
1.4274 1.6166 0.394654
-18.9225 0.543241 -11.2622
-0.953647 9.46191 5.66715
6.23265 6.85698 2.82495
-14.8231 -3.76201 0.106013
-2.78008 6.57172 -31.68
5.34896 -0.604113 1.3211
-3.13928 6.54076 5.5175
-7.07074 1.17714 -3.38973
3.36171 -0.470687 7.28901
-7.86166 2.38169 -8.45539
6.3376 -0.314805 3.50204
3.42814 -1.33589 -3.27327
-4.22634 -4.69769 5.19499
1.39009 6.13389 1.13145
6.38909 -22.4751 -7.66544
-0.937848 5.87051 7.20981
2.00616 1.53539 12.0145
-6.74496 -0.837528 -3.62578
-2.05013 0.476377 0.761713
-1.06915 -0.442988 -1.83355
3.34973 0.761801 -2.33555
3.81667 2.81245 4.62938
2.87945 -1.39309 3.16257
15.8456 3.9312 4.47781
-0.0390907 6.32372 1.30626
-1.67235 10.6505 3.53143
-29.2705 -3.30763 21.2767
9.51924 -6.43497 4.00232
-5.77488 -10.9402 -1.35789
-8.90472 -10.2254 -8.2356
