-2.4665 8.82643 8.35854
9.2966 2.17298 6.90163
7.30501 -5.27534 -0.607519
-8.15054 2.95976 -0.0613139
-4.13373 -3.30466 -1.27116
5.11928 2.76277 3.39884
2.80469 -8.09621 -33.5382
12.1027 1.30481 6.85744
-5.07696 -3.5912 -5.42407
7.9163 -6.12479 -6.30133
3.97503 1.94185 5.45068
4.53564 0.806836 17.8685
4.64535 2.2889 -0.167366
-11.9409 13.012 12.8699
2.74945 -7.81797 -4.97195
-2.33632 7.07621 2.11192
2.43353 -5.00231 2.44594
21.3433 -3.94146 -8.4433
-1.385 -14.4421 6.91598
-2.61529 0.114279 -1.24048
7.01339 -2.10393 4.76457
1.06896 -2.31468 6.68316
-0.34703 10.1956 -3.43022
0.176626 8.75239 -12.2528
1.65238 2.39435 -9.63769
-3.22516 -2.82004 -4.23053
-0.104171 3.01969 -24.2433
-1.28348 1.31472 76.0595
1.45804 2.77598 9.92435
-1.67216 -10.2592 -15.3738
5.25944 8.0703 -11.3175
-7.93621 -2.81403 -22.9409
6.41687 -22.3579 1.80957
1.48652 -2.31402 -4.65754
-5.87891 -0.658194 -4.6063
-0.75075 0.189162 -1.15718
-9.31828 0.960455 2.50389
-4.83953 1.62235 -1.09
-10.2985 8.77441 -7.96062
0.313928 -1.2503 6.26109
-0.459485 -11.5839 9.05108
3.67845 -4.7613 6.03272
-0.676925 -5.15488 -54.7775
4.28606 -0.542399 -3.3068
7.9153 2.97329 -14.4431
-8.73547 246.444 -0.972756
-1.14833 -3.93121 -8.81608
-4.04666 -6.82545 1.47698
-0.940521 2.2241 6.1506
2.01796 -1.96459 -3.09653
-6.27592 0.617148 2.65089
-4.97296 2.58875 -2.50153
-1.89828 -3.87833 -1.97772
-2.30678 1.08815 2.00263
-1.38642 0.437567 0.877935
-1.47302 -2.17932 1.13253
-4.16184 -2.57482 -0.289697
-3.13319 10.8371 -6.00447
1.93566 0.449915 -2.39597
3.05178 -7.95834 -2.12184
-0.766387 -3.6135 -2.23479
-2.07975 9.24273 21.6466
10.2692 3.10657 -9.66462
-9.78433 0.7681 -3.61429
4.11429 -1.71176 -5.79003
-2.05508 7.17224 41.0855
4.21514 -156.96 10.4264
2.58469 -11.9778 8.2509
5.14772 4.36015 -10.695
1.44006 1.55295 0.547355
-18.878 0.580995 -11.2103
-0.837919 9.46019 5.69474
6.27137 6.71923 2.83015
-14.8413 -3.77675 0.0911695
-2.8367 6.835 -31.7728
5.3859 -0.537184 1.31401
-3.16155 6.63958 5.57713
-7.07205 1.26622 -3.39765
3.36642 -0.554158 7.29423
-7.74866 2.44488 -8.46788
6.34503 -0.368176 3.32502
3.36634 -1.30429 -3.23296
-4.24106 -4.73078 5.30348
1.3828 5.97463 1.14326
6.3733 -22.4668 -7.79942
-0.899601 5.80642 7.24192
2.01403 1.45426 11.9916
-6.88978 -0.873797 -3.6374
-2.05522 0.481008 0.748347
-1.07445 -0.424919 -1.84904
3.27006 0.768828 -2.35718
3.77761 2.83122 4.63345
2.87131 -1.32198 3.04868
15.8927 3.91105 4.52322
-0.0429495 6.33896 1.31633
-1.74537 10.6335 3.44113
-29.4157 -3.3118 21.2672
9.46385 -6.45901 3.99933
-5.66477 -10.8494 -1.34177
-8.85158 -9.77931 -8.12384
