-2.4656 9.04756 8.42824
9.37471 2.18376 6.95424
7.29026 -5.25793 -0.6123
-8.16182 2.91587 -0.0499127
-4.30089 -3.28278 -1.26159
5.10429 2.73829 3.50388
2.80336 -8.08019 -33.4879
12.1096 1.31264 6.71624
-5.13665 -3.67528 -5.30315
7.91576 -6.12341 -6.27778
4.1037 1.87888 5.38756
4.49648 0.649599 17.7692
4.66501 2.19395 -0.170187
-12.0015 13.0095 12.9076
2.70947 -7.76219 -4.9819
-2.29935 7.08189 2.11345
2.42456 -5.04621 2.40486
21.3402 -3.86612 -8.44133
-1.39661 -14.332 6.95602
-2.65887 0.119685 -1.2341
7.03238 -2.08167 4.71468
1.07067 -2.30904 6.74588
-0.358598 10.1789 -3.46477
0.286279 8.47606 -12.1687
1.72567 2.53214 -9.63989
-3.2441 -2.81735 -4.18993
-0.0721549 3.05018 -24.2542
-1.25616 1.31485 76.0562
1.44742 2.75781 9.94239
-1.77097 -10.3326 -15.4465
5.31336 8.06223 -11.3111
-7.94266 -2.83617 -22.9491
6.42175 -22.5181 1.79695
1.49265 -2.28973 -4.65829
-5.83888 -0.387296 -4.4802
-0.725933 0.185442 -1.15764
-9.27356 0.965137 2.45297
-4.8493 1.63217 -1.05409
-10.3277 8.77245 -7.95466
0.313919 -1.2636 6.18756
-0.622024 -11.5837 9.16
3.68875 -4.74141 5.94278
-0.604724 -5.12743 -54.8183
4.25046 -0.60268 -3.29618
7.92443 3.07899 -14.4995
-8.71962 246.422 -1.01643
-1.10136 -3.92712 -8.81774
-4.02934 -6.83871 1.46659
-1.0406 2.29864 6.09904
2.01526 -1.96233 -3.09521
-6.14978 0.602869 2.59129
-4.96249 2.58372 -2.50111
-1.91216 -3.81317 -1.98437
-2.3264 1.08973 2.00004
-1.32915 0.35426 0.827945
-1.472 -2.2066 1.04444
-4.15881 -2.57847 -0.193224
-3.13596 10.8375 -6.04128
1.89042 0.398407 -2.32092
3.0762 -7.98939 -2.14372
-0.769573 -3.61719 -2.23871
-2.24846 9.24088 21.5892
10.2749 3.09278 -9.59821
-9.79037 0.828493 -3.66394
4.16781 -1.69837 -5.78552
-2.04393 7.18396 41.0888
4.24074 -156.974 10.4279
2.45979 -11.9868 8.55316
5.22165 4.36739 -10.7208
1.45028 1.48072 0.694525
-18.8388 0.613028 -11.1564
-0.724444 9.45963 5.72429
6.31131 6.59618 2.83618
-14.8574 -3.78844 0.0781932
-2.90252 7.09065 -31.7013
5.42293 -0.469583 1.30575
-3.19761 6.73565 5.64503
-7.07402 1.3553 -3.4065
3.37394 -0.636962 7.30302
-7.64156 2.50946 -8.48565
6.35243 -0.427234 3.15661
3.30524 -1.27361 -3.19444
-4.25578 -4.7638 5.41683
1.37387 5.84413 1.15554
6.35776 -22.461 -7.94166
-0.865212 5.7438 7.27549
2.02166 1.37822 11.9711
-7.05441 -0.91009 -3.65026
-2.06092 0.486255 0.735437
-1.07963 -0.406671 -1.86515
3.19304 0.776012 -2.37875
3.73972 2.85087 4.63707
2.86225 -1.25566 2.94827
15.9387 3.88998 4.56989
-0.0475155 6.35424 1.3267
-1.82078 10.6162 3.33783
-29.4467 -3.31598 21.2594
9.40591 -6.48135 3.99478
-5.54542 -10.7654 -1.3287
-8.79354 -9.55415 -8.00504
