-2.51025 9.57266 8.59893
9.45061 2.20345 7.06776
7.26 -5.22507 -0.621768
-8.18444 2.83302 -0.0283013
-4.55976 -3.24185 -1.24141
5.0881 2.70717 3.68828
2.79967 -8.05772 -33.4046
11.8277 1.3298 6.43433
-4.86092 -3.85612 -5.0871
7.91386 -6.1229 -6.22938
4.29082 1.74885 5.2685
4.41509 0.429255 17.5933
4.68068 1.92359 -0.188331
-12.1323 13.0079 12.9925
2.62784 -7.65482 -5.00556
-2.23307 7.08854 2.10742
2.40595 -5.13352 2.32208
21.3343 -3.74781 -8.4361
-1.42521 -14.1559 7.04198
-2.75119 0.129495 -1.22245
7.09487 -2.03406 4.62796
1.07421 -2.29776 6.88597
-0.385637 10.1467 -3.55214
0.40612 8.07667 -12.0226
1.86241 2.80521 -9.63974
-3.27865 -2.81688 -4.10807
-0.0104464 3.10228 -24.2764
-1.20249 1.31308 76.0646
1.43166 2.72284 9.97271
-2.00515 -10.4867 -15.6435
5.39294 8.04951 -11.2954
-7.97011 -2.89144 -22.958
6.42998 -22.3188 1.77323
1.50135 -2.25349 -4.66105
-5.7756 0.052444 -4.23871
-0.693733 0.175028 -1.15278
-9.20487 0.987563 2.32138
-4.85455 1.63661 -0.991418
-10.3996 8.76543 -7.94173
0.312891 -1.29741 6.05417
-0.901495 -11.589 9.40765
3.70783 -4.70687 5.7792
-0.494626 -5.08153 -54.8723
4.18237 -0.734015 -3.27293
7.94422 3.2984 -14.6404
-8.69949 246.463 -1.06976
-0.974947 -3.94155 -8.78455
-4.00956 -6.87488 1.4467
-1.23924 2.45244 5.99164
2.00899 -1.96019 -3.09272
-5.94485 0.574625 2.47076
-4.95159 2.55768 -2.50302
-1.94665 -3.70586 -1.9955
-2.36832 1.09157 1.99485
-1.23294 0.186812 0.731458
-1.46954 -2.26279 0.875064
-4.157 -2.58604 -0.00382761
-3.15783 10.8307 -6.12441
1.7871 0.274836 -2.19725
3.11011 -8.07082 -2.20266
-0.776596 -3.62716 -2.24714
-2.54219 9.2369 21.505
10.2869 3.06482 -9.48328
-9.80282 0.952963 -3.76823
4.26776 -1.67534 -5.77982
-2.02787 7.21085 40.9802
4.27387 -157.093 10.4251
2.25646 -12.0041 9.41918
5.38682 4.38104 -10.7801
1.46339 1.33206 0.972547
-18.7669 0.67172 -11.0554
-0.492733 9.45648 5.78913
6.39984 6.38504 2.85461
-14.8928 -3.80854 0.0544315
-3.05583 7.46514 -31.3624
5.49272 -0.341426 1.2842
-3.292 6.89945 5.80418
-7.08332 1.5081 -3.4233
3.39208 -0.79871 7.32054
-7.43883 2.64244 -8.52975
6.36525 -0.55249 2.84292
3.18303 -1.21446 -3.12288
-4.28531 -4.83054 5.65943
1.35255 5.63183 1.1799
6.32811 -22.4563 -8.23636
-0.808509 5.62835 7.34374
2.03207 1.22395 11.9342
-6.98684 -0.984354 -3.67781
-2.07496 0.494693 0.71
-1.09145 -0.371917 -1.8992
3.04662 0.790632 -2.42443
3.66237 2.89165 4.64314
2.83478 -1.13303 2.76769
16.0308 3.85244 4.66517
-0.0612353 6.38423 1.34633
-1.98033 10.5806 3.0297
-29.296 -3.32793 21.2453
9.28069 -6.51996 3.98026
-5.3206 -10.6071 -1.30417
-8.6731 -9.23494 -7.77466
