-2.56477 9.60837 9.08798
9.03307 2.25032 7.31177
7.20348 -5.161 -0.641355
-8.22613 2.67822 0.00730517
-4.33234 -3.17004 -1.20375
5.06704 2.7075 3.98074
2.77718 -8.05738 -33.3578
11.4184 1.37417 5.94371
-4.34789 -4.2511 -4.67901
7.9124 -6.11363 -6.12661
4.63249 1.46856 5.0326
4.26506 0.101438 17.425
4.7789 1.44974 -0.21213
-12.4503 13.0093 13.2174
2.48192 -7.44377 -5.06431
-2.11452 7.07898 2.08337
2.3739 -5.31434 2.12601
21.3351 -3.55807 -8.4213
-1.48437 -13.8812 7.23472
-2.95259 0.145519 -1.20195
7.27039 -1.90153 4.4291
1.08047 -2.27206 7.09798
-0.437933 10.0969 -3.7802
0.624756 7.59184 -11.8191
0.96168 3.23922 -9.61003
-3.33961 -2.8273 -3.91568
0.135757 3.20388 -24.3613
-1.02594 1.33633 76.2092
1.40081 2.64298 10.031
-2.47885 -10.8606 -16.2218
5.51223 8.04143 -11.265
-8.03161 -3.00506 -22.9657
6.50397 -21.9226 1.72186
1.51412 -2.19684 -4.67979
-5.64506 0.763179 -3.78084
-0.718256 0.151557 -1.27957
-9.19686 1.08201 2.13926
-4.84415 1.63554 -0.892049
-10.5781 8.74277 -7.92086
0.299168 -1.3651 5.82204
-1.51303 -11.6022 10.1764
3.75732 -4.62753 5.48475
-0.326002 -5.00089 -54.7306
4.14778 -1.1121 -3.22093
8.00038 3.85032 -15.0984
-8.6792 246.49 -1.22681
-0.610292 -4.03275 -8.86865
-3.97322 -6.96056 1.40663
-1.63266 2.78039 5.82035
1.99395 -1.96007 -3.08815
-5.63954 0.525602 2.23497
-4.93186 2.48054 -2.50317
-2.01787 -3.5125 -2.01379
-2.45288 1.09479 1.98376
-1.0487 -0.138115 0.553032
-1.46388 -2.37313 0.546695
-4.16526 -2.60332 0.423446
-3.22423 10.8195 -6.31416
1.59612 -0.0530756 -1.9588
3.19662 -8.23375 -2.32921
-0.790602 -3.64741 -2.26674
-3.01918 9.23631 21.4165
10.3251 3.02151 -9.29475
-9.82716 1.23823 -3.54966
4.41465 -1.63042 -5.80036
-2.00982 7.2808 40.8851
4.32745 -157.078 10.4495
1.89636 -12.1143 11.035
5.80185 4.36853 -10.9451
1.48836 1.05913 1.48923
-18.6234 0.845244 -10.8761
0.0589695 9.43838 5.9268
6.6013 6.07168 2.87265
-14.9804 -3.85023 0.00606196
-3.39035 8.18129 -31.0973
6.13593 -0.140003 1.22888
-3.47363 7.13702 6.15974
-7.10463 1.72792 -3.46212
3.44788 -1.08911 7.33682
-7.0382 2.95707 -8.63478
6.40516 -0.805923 2.27182
2.95276 -1.10149 -3.00352
-4.33861 -4.96617 6.06619
1.3149 5.32836 1.21986
6.29415 -22.446 -8.82257
-0.716031 5.46368 7.47708
2.0552 0.935539 11.8959
-6.57585 -1.10251 -3.71514
-2.10343 0.512471 0.651024
-1.11192 -0.299743 -1.98571
2.7723 0.823332 -2.52672
3.51571 2.98123 4.65099
2.78586 -0.88181 2.40546
16.3369 3.78836 4.88715
-0.109434 6.46233 1.37154
-2.31948 10.5386 2.15397
-28.9463 -3.34905 21.4248
8.99328 -6.50403 3.93912
-5.16611 -10.3608 -1.27743
-8.53613 -8.6101 -7.4574
