-6.05511 -0.464609 -3.27209
-2.47533 2.47045 0.942765
-1.94556 -1.18113 0.109249
0.816689 0.995232 0.0571279
0.413321 -1.97292 0.927299
2.28421 0.402354 -2.74463
0.213056 -0.5515 0.215491
1.81825 0.499968 2.86757
2.91835 3.37218 -3.80501
1.89068 -0.555668 -0.922653
-0.367054 0.788701 1.32347
0.00886513 1.33562 2.38326
-0.25438 3.60122 -0.733298
-3.66323 -1.12339 -1.58285
1.47599 -4.64095 -6.51488
0.269811 0.59958 -1.3366
0.0862523 -1.80139 1.77738
-0.514953 -0.197569 -1.24327
-2.50624 0.337575 -0.871464
-1.41093 2.59582 1.73194
-3.95337 -1.25736 0.59781
0.511607 1.90713 0.171369
1.60134 -2.16881 -1.60742
0.0319257 1.17103 4.20643
2.67482 -2.76618 -0.268272
-0.970724 -2.51161 -5.94316
0.697071 4.09182 -0.634223
-0.257645 -0.382094 1.92613
1.77262 1.20723 4.67791
-6.02074 4.08707 -1.88151
-2.4441 0.277146 -1.42565
5.34114 0.182184 -5.30764
-1.6225 -0.110605 0.82184
1.53802 0.14364 -1.56561
-2.00113 -0.620082 3.89486
-2.96712 1.54578 -3.03569
-0.424669 -3.15969 -0.0809946
-0.884021 0.414624 -1.41486
-1.77663 1.08273 3.13959
3.1038 0.471486 9.11866
-1.81158 -0.757557 -4.67289
3.33101 -2.13966 0.727404
-0.724983 -2.07566 4.10921
-3.59279 1.03676 -3.69261
-4.1394 0.286392 -1.12701
-0.749899 5.89776 -0.747897
-2.28534 1.29023 1.45059
3.79207 -0.645169 0.410909
4.52788 3.17482 -0.56543
0.863872 -0.363459 2.39063
1.9884 -1.07577 -0.573499
-2.23316 0.0742806 -0.244727
-2.08679 1.22862 2.09352
3.32771 3.92586 0.256096
1.70966 2.06286 -0.0517831
0.396022 -0.0252498 1.3542
-0.220832 1.42903 0.0900888
4.28102 -1.84842 -6.25107
-4.14122 -1.7471 -6.55326
-1.13536 -1.80438 -0.275828
-0.686176 -0.677 2.08366
-4.63141 -3.09488 5.6795
1.90699 1.95749 -0.456036
1.6797 -1.38373 -0.0826579
1.4761 -4.95872 5.13456
5.57108 2.53731 3.30746
0.805907 -3.05071 -4.40056
-2.13489 -3.60736 -4.09851
-1.82848 1.69899 -2.74028
2.82762 -0.00658425 -2.31292
0.60716 1.34208 0.951717
2.8158 0.608151 -0.975186
-5.31043 8.7577 -1.53827
-1.66394 -2.20272 -0.409665
1.12272 4.0906 5.74398
2.58204 0.817145 0.00523134
0.546939 -4.7865 -2.20286
-3.21782 2.1878 0.817031
0.345722 -1.31724 1.08183
-0.466105 -1.62599 6.88151
0.237106 1.58319 -1.51208
0.477565 -2.75388 0.172955
-0.739575 -2.22888 -1.06623
-0.711749 -0.150549 -0.679095
1.02055 -1.79614 -5.7779
1.67188 -0.1663 0.548129
-0.154619 0.963058 1.07982
-0.277687 -0.39586 0.0305436
-2.70197 1.06947 -0.440528
0.018107 0.385498 -0.058836
-0.902976 -3.29316 -0.310354
-2.92198 -2.90035 -1.78322
3.79752 1.82647 -0.558661
0.583853 -3.19356 1.56013
-0.924174 0.64812 1.2338
1.52446 -1.36917 1.06969
1.99047 1.28465 1.63883
4.16748 5.74355 2.52562
-0.112028 0.823174 0.719564
2.68557 -1.31651 -4.95322
