-2.60723 9.16185 9.45337
8.85152 2.29711 7.47213
7.17726 -5.12414 -0.647478
-8.245 2.61304 0.0284118
-4.18818 -3.08775 -1.2187
5.05472 2.72879 4.15899
2.78505 -8.04589 -33.3485
11.2697 1.40179 5.7667
-4.08259 -4.40109 -4.48942
7.92147 -6.09697 -6.07392
4.83917 1.2928 4.89442
4.19666 -0.0414003 17.3665
4.84363 1.25203 -0.228093
-12.6415 12.9967 13.3594
2.41528 -7.33177 -5.09845
-2.05624 7.06009 2.07003
2.35754 -5.41123 2.02957
21.3462 -3.44875 -8.40999
-1.50624 -13.7604 7.36475
-3.05534 0.153704 -1.1837
7.3653 -1.80405 4.37784
1.08302 -2.25741 6.98078
-0.462825 10.0834 -3.86533
0.784481 7.48454 -11.7416
-0.274544 3.49457 -9.59051
-3.36871 -2.83122 -3.77676
0.199594 3.28034 -24.4396
-0.922812 1.36337 76.1613
1.37728 2.60063 10.0842
-2.69362 -11.0502 -16.0273
5.59167 8.0497 -11.2396
-8.06329 -3.05089 -22.9691
6.55476 -21.7922 1.68954
1.51929 -2.16383 -4.68769
-5.56969 0.476897 -3.51935
-0.65474 0.149991 -1.30363
-9.17298 1.09879 2.09664
-4.83035 1.64418 -0.836641
-10.6796 8.73155 -7.91144
0.283877 -1.39071 5.74016
-1.79839 -11.5988 10.8394
3.79074 -4.57492 5.3955
-0.262583 -5.00022 -54.66
4.23517 -1.44824 -3.28299
8.03612 4.35105 -15.4819
-8.67677 246.494 -1.30555
-0.477255 -4.04275 -8.96803
-3.94989 -6.99498 1.39053
-1.83907 2.95707 5.73969
1.98574 -1.9582 -3.0831
-5.50823 0.510138 2.12791
-4.92085 2.45083 -2.4962
-2.05266 -3.39471 -2.01561
-2.49491 1.09871 1.98206
-0.952635 -0.285491 0.468142
-1.46097 -2.41938 0.421593
-4.17499 -2.61106 0.744339
-3.26143 10.8256 -6.40566
1.51514 -0.141741 -1.84721
3.24995 -8.31102 -2.39979
-0.796606 -3.65343 -2.27475
-3.21052 9.23923 21.3986
10.3612 3.02187 -9.2097
-9.83998 1.41175 -3.39504
4.48413 -1.59795 -5.8089
-1.998 7.33578 40.8623
4.38287 -157.09 10.4637
1.69771 -12.1905 10.6319
6.05629 4.34175 -11.0845
1.50911 1.00452 1.74481
-18.6002 0.920955 -10.7967
0.333589 9.44445 6.01642
6.73593 5.96411 2.87941
-15.0357 -3.87114 -0.0138448
-3.56402 8.15241 -31.0374
6.96671 -0.0533504 1.19741
-3.55234 7.24799 6.37801
-7.11476 1.60018 -3.48159
3.48239 -1.19743 7.3547
-6.84627 3.16159 -8.69245
6.43889 -0.897176 2.01053
2.85123 -1.03839 -2.93937
-4.36226 -5.03151 5.78621
1.29858 5.22126 1.24445
6.29619 -22.4324 -8.96665
-0.665685 5.43552 7.55559
2.07156 0.844619 11.8907
-6.38864 -1.10285 -3.70696
-2.11628 0.525177 0.627048
-1.12003 -0.254517 -2.0299
2.63494 0.84412 -2.57854
3.44954 3.03812 4.65572
2.77318 -0.711838 2.24721
16.2403 3.76364 5.01652
-0.140514 6.5213 1.38797
-2.45903 10.5358 1.89015
-28.9169 -3.36603 21.4593
8.77979 -6.34909 4.00219
-5.11308 -10.2317 -1.27032
-8.4838 -8.23466 -7.30584
