-2.63214 8.94344 9.68628
8.78145 2.33365 7.56437
7.16509 -5.10522 -0.650588
-8.25367 2.58247 0.0384895
-4.09284 -3.01722 -1.21532
5.04869 2.74186 4.24637
2.78726 -8.03927 -33.3417
11.2098 1.41478 5.68537
-3.95819 -4.47658 -4.40435
7.92808 -6.09095 -6.05717
4.97427 1.18954 4.82592
4.16733 -0.109047 17.3424
4.88702 1.16089 -0.230659
-12.7525 12.9723 13.421
2.38558 -7.27535 -5.11872
-2.02787 7.04111 2.06135
2.34974 -5.46273 1.97873
21.3593 -3.39259 -8.40698
-1.51259 -13.7141 7.43251
-3.10748 0.157201 -1.17292
7.64794 -1.76522 4.36423
1.08404 -2.25081 6.9189
-0.47476 10.0785 -3.91728
0.871488 7.43953 -11.7106
-0.694506 3.2265 -9.58669
-3.38314 -2.83347 -3.72495
0.24938 3.32524 -24.4922
-0.871513 1.37821 76.1295
1.36475 2.58164 10.1135
-2.79612 -11.1468 -15.8737
5.63561 8.04917 -11.2291
-8.0788 -3.07448 -22.9757
6.58528 -21.7397 1.67569
1.52016 -2.1511 -4.69433
-5.53282 0.29995 -3.36312
-0.624473 0.147216 -1.30753
-9.15871 1.10178 2.07359
-4.82267 1.64909 -0.810313
-10.736 8.7251 -7.91045
0.27211 -1.40445 5.69165
-1.92865 -11.6016 11.2105
3.80653 -4.55233 5.34817
-0.227736 -5.02382 -54.6377
4.28441 -1.63584 -3.40249
8.05872 4.68215 -15.7594
-8.66381 246.5 -1.34095
-0.414014 -4.04417 -9.02257
-3.93645 -7.01341 1.38218
-1.93714 3.04623 5.70006
1.98071 -1.95704 -3.08099
-5.44651 0.502633 2.07446
-4.9127 2.43553 -2.4931
-2.07035 -3.33658 -2.01667
-2.51597 1.10078 1.98064
-0.901864 -0.35916 0.42594
-1.4589 -2.44239 0.354105
-4.18123 -2.61546 0.877349
-3.27961 10.83 -6.46544
1.47866 -0.17697 -1.80079
3.27487 -8.35563 -2.43836
-0.799065 -3.65726 -2.2795
-3.30263 9.23934 21.3912
10.383 3.02394 -9.17312
-9.84612 1.50371 -3.31877
4.52797 -1.58158 -5.8236
-1.99129 7.36857 40.8479
4.40412 -157.041 10.496
1.59813 -12.2292 10.4371
5.73688 4.34607 -11.1761
1.52151 0.977678 1.86954
-18.5858 0.945566 -10.7649
0.475669 9.44786 6.06186
6.80092 5.91915 2.88308
-15.067 -3.88157 -0.0257294
-3.65133 8.0774 -31.0179
7.16749 0.220177 1.18535
-3.58707 7.30353 6.49083
-7.118 1.54393 -3.49357
3.50041 -1.25156 7.36392
-6.7397 3.27255 -8.72615
6.45855 -0.943296 1.88409
2.8049 -1.00754 -2.90874
-4.37327 -5.06519 5.65147
1.29212 5.17089 1.25624
6.30212 -22.4264 -8.84064
-0.638953 5.42205 7.59644
2.08216 0.80348 11.8873
-6.31496 -1.08513 -3.70553
-2.12292 0.531201 0.612996
-1.12355 -0.230728 -2.05454
2.57755 0.855076 -2.60712
3.41869 3.07057 4.65785
2.77223 -0.62623 2.17231
16.1571 3.75007 5.07829
-0.15929 6.55655 1.39513
-2.52233 10.5369 1.73854
-28.9001 -3.37673 21.4652
8.67701 -6.25011 4.11091
-5.09266 -10.156 -1.27619
-8.45824 -8.08762 -7.2346
