-2.70257 8.23623 10.2592
8.67624 2.41498 7.84395
7.13362 -5.0475 -0.656787
-8.27927 2.49233 0.0709062
-3.86368 -2.92034 -1.12423
5.03406 2.78685 4.44061
2.79328 -8.02934 -33.3127
11.0702 1.44644 5.47306
-3.6212 -4.71822 -4.18946
7.93868 -6.09123 -6.01502
5.48662 0.94422 4.69522
4.0952 -0.294211 17.2911
5.05807 0.945218 -0.231705
-13.2048 12.9397 13.665
2.30877 -7.11167 -5.18662
-1.96614 6.96526 2.06351
2.32718 -5.62877 1.83086
21.4497 -3.21606 -8.40204
-1.51399 -13.608 7.62774
-3.27188 0.167515 -1.1327
8.43938 -1.68604 4.30784
1.09006 -2.23302 6.75687
-0.510298 10.069 -4.0987
1.13547 7.34119 -11.6481
-1.05885 1.53153 -9.60909
-3.42788 -2.84101 -3.58224
0.480258 3.47526 -24.7411
-0.727096 1.39472 76.0827
1.33923 2.54474 10.2123
-3.09678 -11.3002 -15.5125
5.77783 8.03399 -11.2047
-8.12466 -3.1453 -23.0143
6.69125 -21.604 1.64112
1.51913 -2.09084 -4.76497
-5.45333 -0.698083 -3.15152
-0.532085 0.134527 -1.31748
-9.10794 1.11502 1.99964
-4.8012 1.67335 -0.729484
-10.9548 8.71234 -7.91368
0.239628 -1.44194 5.56492
-2.35472 -11.6402 11.9229
3.87263 -4.48413 5.2161
-0.0610559 -4.91753 -54.6957
4.26192 -1.93188 -3.80061
8.17002 6.44983 -15.4644
-8.64714 246.55 -1.4619
-0.226647 -4.03143 -9.20004
-3.89431 -7.06471 1.35542
-2.20771 3.31834 5.59023
1.96341 -1.94506 -3.08348
-5.27858 0.486015 1.91612
-4.88458 2.39325 -2.48499
-2.11818 -3.16348 -2.02361
-2.57917 1.10825 1.97724
-0.735572 -0.586561 0.283437
-1.45388 -2.51243 0.13042
-4.20238 -2.62731 1.27722
-3.32823 10.8482 -6.63992
1.37714 -0.302374 -1.6698
3.36374 -8.5081 -2.56056
-0.804432 -3.66871 -2.29495
-3.61477 9.23355 21.3693
10.458 3.03501 -9.08085
-9.86605 1.79457 -3.08452
4.71735 -1.55048 -5.83781
-1.97859 7.4933 40.8306
4.51292 -157.036 10.554
1.29257 -12.3666 9.92658
4.47715 4.42427 -11.468
1.56727 0.893076 2.20455
-18.5563 0.951928 -10.7117
0.915403 9.46518 6.20772
6.92544 5.82975 2.89317
-15.1904 -3.91165 -0.0630413
-3.91339 7.86997 -30.9794
6.89753 1.52762 1.17737
-3.67288 7.47476 6.74365
-7.12452 1.3755 -3.5317
3.55868 -1.40604 7.40474
-6.38822 3.63509 -8.87314
6.53165 -1.08262 1.46537
2.6825 -0.919728 -2.81346
-4.40773 -5.17121 5.28397
1.2778 5.03187 1.28991
6.32852 -22.4209 -8.47392
-0.555431 5.38091 7.72277
2.12665 0.691066 11.8769
-6.12896 -1.07368 -3.78149
-2.13791 0.54659 0.569884
-1.13067 -0.156579 -2.13125
2.44622 0.888575 -2.7031
3.339 3.18236 4.66629
2.78299 -0.360222 1.89464
15.9739 3.71591 5.29045
-0.207368 6.70768 1.43029
-2.70736 10.5474 1.39873
-28.8622 -3.42202 21.4898
8.5526 -6.1835 4.47077
-5.03222 -9.98112 -1.23262
-8.38047 -7.73594 -7.06852
