-2.74191 7.82193 10.6883
8.57992 2.42951 8.03861
7.11594 -5.00965 -0.651427
-8.29837 2.42661 0.097345
-3.71737 -2.85823 -1.07165
5.02516 2.81919 4.32705
2.81228 -8.05326 -33.3
10.9927 1.45847 5.36868
-3.40043 -4.95008 -4.04583
7.93903 -6.10438 -5.97697
5.89128 0.831919 4.65581
4.05409 -0.407796 17.273
5.21055 0.803956 -0.232192
-13.3133 12.9611 13.9396
2.26501 -7.01535 -5.21915
-1.91781 6.9499 2.08635
2.31378 -5.74798 1.74768
21.5483 -3.10531 -8.4019
-1.50564 -13.5558 7.78203
-3.37322 0.170754 -1.09892
8.28833 -1.64341 4.26027
1.09341 -2.22386 6.68876
-0.533555 10.0635 -4.23208
1.34627 7.2708 -11.5732
-1.10324 0.833509 -9.63561
-3.45708 -2.8499 -3.48882
0.667936 3.58713 -24.9645
-0.609364 1.39794 76.073
1.33221 2.53095 10.2826
-3.29687 -10.9315 -15.3081
5.87222 7.99287 -11.1662
-8.15145 -3.19647 -23.0533
6.74706 -21.5351 1.61773
1.50445 -1.96494 -4.82163
-5.4517 -1.28513 -3.06232
-0.466733 0.122742 -1.32412
-9.07224 1.12166 1.95472
-4.78359 1.69458 -0.672399
-11.1408 8.70948 -7.90888
0.212744 -1.46682 5.5031
-2.66416 -11.6882 11.5755
3.92383 -4.45096 5.15374
0.0439938 -4.88552 -54.7205
4.20314 -2.01876 -3.9194
8.3032 7.54135 -15.1405
-8.62859 246.6 -1.52505
-0.102048 -4.02235 -9.31471
-3.86765 -7.10251 1.33854
-2.37148 3.50166 5.533
1.96167 -1.94028 -3.08671
-5.17953 0.476921 1.83245
-4.86254 2.36473 -2.47924
-2.13799 -3.05232 -2.02337
-2.62094 1.1126 1.98032
-0.615438 -0.747308 0.197356
-1.45122 -2.56285 -0.0432921
-4.21426 -2.63834 1.55303
-3.35739 10.8606 -6.73656
1.31388 -0.443282 -1.57564
3.42569 -8.6284 -2.63439
-0.807196 -3.67903 -2.30295
-3.85543 9.22284 21.3572
10.5196 3.04007 -9.02334
-9.88198 1.98618 -2.91185
4.89413 -1.50309 -5.86873
-1.96579 7.57436 40.84
4.66563 -156.998 10.5486
1.08561 -12.4961 9.71322
4.27344 4.49331 -11.6755
1.60498 0.826626 2.4212
-18.5868 0.974727 -10.6903
1.18335 9.47774 6.32155
6.62671 5.76893 2.90045
-15.3268 -3.93201 -0.0809611
-4.06035 7.71169 -30.963
6.65285 2.07816 1.18395
-3.72041 7.59008 6.53214
-7.12587 1.27459 -3.55621
3.6164 -1.53134 7.45637
-6.14013 3.89451 -8.98975
6.5909 -1.17262 1.20186
2.60877 -0.871875 -2.73111
-4.43206 -5.25044 5.07201
1.2713 4.93892 1.3162
6.34227 -22.438 -8.19597
-0.495397 5.34774 7.82311
2.16092 0.620957 11.8713
-5.97055 -1.1158 -3.84792
-2.14757 0.552525 0.552884
-1.13482 -0.105058 -2.1661
2.39234 0.908621 -2.76461
3.29239 3.26145 4.67602
2.80325 -0.181825 1.73851
15.8857 3.69378 5.50467
-0.214892 6.80028 1.46851
-2.82959 10.5522 1.30555
-28.8693 -3.44043 21.509
8.53461 -6.25184 4.58438
-4.99996 -9.90246 -1.18789
-8.33147 -7.56305 -6.95269
