-2.77337 7.48129 11.1677
8.4286 2.44091 8.24509
7.09882 -4.97101 -0.645838
-8.32419 2.3606 0.122346
-3.58671 -2.78931 -1.02808
5.01436 2.8561 4.21004
2.8321 -8.06529 -33.3254
10.9095 1.46672 5.26785
-3.18956 -5.19339 -3.92374
7.94495 -6.12489 -5.93716
6.18042 0.726043 4.62169
4.00854 -0.513078 17.258
5.34418 0.670188 -0.228196
-12.9537 12.9813 14.2437
2.21497 -6.92344 -5.25583
-1.8542 6.96245 2.09044
2.29875 -5.85902 1.67113
21.6688 -3.00293 -8.40344
-1.50016 -13.5136 7.93358
-3.49625 0.170474 -1.06754
8.0761 -1.59544 4.18544
1.09649 -2.21426 6.62181
-0.557896 10.0606 -4.37683
1.55475 7.20186 -11.5413
-0.622713 0.373222 -9.66226
-3.48766 -2.85913 -3.40238
0.813073 3.71673 -24.8192
-0.530497 1.39145 76.1293
1.32655 2.52884 10.3608
-3.5116 -10.6031 -15.1456
5.96628 7.95466 -11.2109
-8.18288 -3.24542 -23.1131
6.78088 -21.5008 1.58082
1.49769 -1.85184 -4.81999
-5.46484 -0.237862 -2.95552
-0.417198 0.112849 -1.33157
-9.0439 1.12803 1.90614
-4.77401 1.71256 -0.623362
-11.4545 8.71041 -7.90443
0.181638 -1.48356 5.44673
-2.9971 -11.7372 11.3232
3.97079 -4.41404 5.08952
0.206053 -4.86068 -54.7551
4.14512 -2.09769 -3.97728
8.43471 6.4024 -14.9075
-8.62773 246.593 -1.61408
0.00982114 -4.01468 -9.44287
-3.84844 -7.1419 1.32169
-2.55736 3.70572 5.4744
1.96016 -1.94001 -3.08646
-5.09019 0.472666 1.748
-4.84279 2.33662 -2.47463
-2.15265 -2.94411 -2.02285
-2.67163 1.11689 1.98204
-0.489636 -0.910116 0.109482
-1.453 -2.61225 -0.25115
-4.22696 -2.65077 1.82551
-3.39022 10.8762 -6.84164
1.24811 -0.569424 -1.48658
3.4924 -8.76256 -2.7094
-0.811828 -3.68966 -2.31086
-3.78739 9.20596 21.3447
10.5837 3.03929 -8.97506
-9.90502 2.10753 -2.74316
5.05097 -1.47247 -5.9044
-1.94826 7.65777 40.8471
4.75356 -156.888 10.5848
0.878329 -12.6385 9.52632
4.00525 4.57475 -11.813
1.6443 0.759873 2.63364
-18.623 1.02634 -10.6679
1.37381 9.4894 6.43919
6.39142 5.71194 2.91227
-15.5351 -3.94526 -0.102214
-4.24191 7.53087 -30.9514
6.23424 2.4651 1.18751
-3.77807 7.73449 6.30826
-7.12938 1.177 -3.58052
3.67964 -1.66021 7.50626
-5.95045 4.18705 -9.17221
6.66076 -1.25232 0.949846
2.52157 -0.827562 -2.65609
-4.4612 -5.32346 4.87251
1.26487 4.84355 1.34179
6.35069 -22.4782 -7.8808
-0.437315 5.31808 7.92705
2.19034 0.555383 11.8675
-5.75076 -1.16412 -3.91922
-2.15884 0.555209 0.531588
-1.14032 -0.0510971 -2.20252
2.31892 0.930068 -2.84846
3.24141 3.34408 4.68541
2.82105 0.00153932 1.57525
15.8098 3.67565 5.66925
-0.230164 6.88149 1.49795
-2.95721 10.5561 1.21589
-28.9043 -3.4372 21.5223
8.51515 -6.338 4.64453
-4.9885 -9.83722 -1.14678
-8.30174 -7.44022 -6.83989
