-2.7823 7.34995 11.4058
8.36995 2.44752 8.35703
7.09142 -4.9506 -0.642519
-8.33835 2.33055 0.13349
-3.52508 -2.74945 -1.00593
5.00884 2.87842 4.14863
2.84239 -8.06037 -33.3385
10.8703 1.47024 5.21813
-3.083 -5.30876 -3.87461
7.94808 -6.13254 -5.92228
5.94491 0.662464 4.60984
3.98953 -0.562887 17.2509
5.41543 0.610938 -0.225727
-12.8002 12.993 14.2186
2.19106 -6.87711 -5.2765
-1.81895 6.97656 2.08303
2.29276 -5.90367 1.63511
21.7471 -2.95488 -8.40344
-1.49685 -13.4933 8.01376
-3.57262 0.170924 -1.0541
7.94215 -1.56792 4.14126
1.09593 -2.21024 6.58468
-0.568788 10.0603 -4.45192
1.6613 7.17529 -11.5283
-0.414807 0.193926 -9.67478
-3.50255 -2.86241 -3.36176
0.879931 3.78766 -24.7032
-0.501788 1.39216 76.1553
1.32492 2.53051 10.4065
-3.61744 -10.443 -15.0829
6.01974 7.92618 -11.2209
-8.19513 -3.26809 -23.1551
6.80561 -21.4824 1.56822
1.50453 -1.81335 -4.8196
-5.46505 0.0761495 -2.90086
-0.392487 0.108272 -1.3358
-9.02908 1.13035 1.87747
-4.77158 1.72065 -0.602092
-11.6797 8.71481 -7.9024
0.163808 -1.49059 5.4219
-3.16161 -11.7611 11.2081
3.9952 -4.39996 5.0603
0.323728 -4.84931 -54.7888
4.12134 -2.13627 -3.99502
8.48909 6.09238 -14.8151
-8.61978 246.597 -1.65402
0.0646632 -4.01179 -9.42587
-3.83764 -7.16325 1.31139
-2.64996 3.81971 5.44355
1.95961 -1.94009 -3.0857
-5.04296 0.471576 1.69515
-4.83296 2.32405 -2.47343
-2.15654 -2.89022 -2.02187
-2.69814 1.11947 1.98244
-0.415274 -0.992993 0.0644967
-1.45401 -2.63348 -0.361979
-4.2328 -2.65602 1.95749
-3.40666 10.8856 -6.90076
1.21602 -0.613542 -1.44504
3.53865 -8.83513 -2.74958
-0.813907 -3.69587 -2.31513
-3.68009 9.19404 21.3393
10.6174 3.03773 -8.955
-9.91768 2.05318 -2.6623
5.12779 -1.45666 -5.91999
-1.93362 7.70696 40.8534
4.80949 -156.884 10.6013
0.79669 -12.711 9.43986
3.86487 4.62089 -11.6712
1.66474 0.726567 2.73486
-18.6374 1.0583 -10.6568
1.47297 9.49954 6.51069
6.27804 5.68861 2.91753
-15.5881 -3.94344 -0.117881
-4.33769 7.43243 -30.9462
6.0609 2.63079 1.18869
-3.80697 7.83313 6.18833
-7.12963 1.13436 -3.59474
3.71387 -1.7136 7.52938
-5.86505 4.34525 -9.27746
6.70433 -1.29189 0.827745
2.47726 -0.80395 -2.62201
-4.47493 -5.34874 4.77556
1.26272 4.79786 1.3536
6.35409 -22.5052 -7.72542
-0.40789 5.3067 7.97763
2.20735 0.525236 11.8653
-5.57815 -1.18797 -3.96014
-2.16629 0.555754 0.520452
-1.14338 -0.0216851 -2.22097
2.27895 0.942554 -2.90207
3.21695 3.38761 4.68993
2.82861 0.0916204 1.498
15.7761 3.66922 5.74344
-0.239982 6.92395 1.50939
-3.01939 10.558 1.16564
-28.9228 -3.43531 21.5363
8.50692 -6.38307 4.66422
-4.98617 -9.80839 -1.12417
-8.2956 -7.39748 -6.78838
