-2.7869 7.23184 11.318
8.31608 2.45353 8.38451
7.0854 -4.93121 -0.637826
-8.35323 2.29987 0.144437
-3.45956 -2.71053 -0.979752
5.00352 2.89933 4.08851
2.85458 -8.05325 -33.3503
10.8326 1.47243 5.17593
-2.97395 -5.43048 -3.82763
7.94909 -6.13852 -5.90797
5.73667 0.576934 4.61373
3.97254 -0.616285 17.2452
5.49125 0.552478 -0.222712
-12.6682 12.998 14.0443
2.1683 -6.8364 -5.29396
-1.7775 6.99388 2.07183
2.28698 -5.88359 1.60192
21.7482 -2.91018 -8.40242
-1.49289 -13.4758 8.1009
-3.64585 0.1723 -1.03964
7.8345 -1.54169 4.11274
1.09531 -2.20766 6.54812
-0.579046 10.0596 -4.52589
1.76876 7.14824 -11.5166
-0.207936 0.0313018 -9.6848
-3.51761 -2.86707 -3.32144
0.945229 3.86062 -24.586
-0.474182 1.39546 76.1958
1.32456 2.53061 10.4577
-3.72371 -10.2936 -15.0228
6.08848 7.87582 -11.2549
-8.20564 -3.29809 -23.2064
6.83758 -21.4448 1.57959
1.51664 -1.78028 -4.82047
-5.46214 0.319686 -2.83553
-0.367325 0.103788 -1.33992
-9.01538 1.1313 1.84719
-4.76966 1.72826 -0.581384
-11.9577 8.72225 -7.89718
0.148134 -1.50161 5.39566
-3.3362 -11.7885 11.0976
4.01846 -4.39294 5.03174
0.429854 -4.83296 -54.8262
4.10066 -2.17755 -4.00715
8.53558 5.86115 -14.72
-8.61537 246.64 -1.68526
0.11681 -4.00989 -9.32444
-3.82673 -7.18673 1.30148
-2.7454 3.94152 5.41605
1.95932 -1.94025 -3.08459
-4.99822 0.470768 1.63642
-4.82321 2.31163 -2.47244
-2.15787 -2.83839 -2.01836
-2.72388 1.12155 1.98374
-0.338058 -1.07861 0.0228901
-1.45527 -2.65715 -0.467814
-4.23853 -2.6632 2.08673
-3.42248 10.8947 -6.95591
1.18363 -0.656751 -1.40364
3.58823 -8.91504 -2.78435
-0.81576 -3.70272 -2.32006
-3.54652 9.17954 21.3373
10.6468 3.0307 -8.93635
-9.93183 1.99192 -2.58122
5.21677 -1.44011 -5.9329
-1.9185 7.75973 40.8693
4.86673 -156.882 10.6154
0.715334 -12.7995 9.35981
3.72189 4.6679 -11.5086
1.68469 0.691642 2.8781
-18.649 1.09155 -10.6441
1.57643 9.51325 6.60017
6.16399 5.66524 2.92297
-15.6495 -3.93136 -0.141139
-4.43657 7.32981 -30.9417
5.92888 2.78431 1.1912
-3.83654 7.92824 6.07546
-7.12974 1.08471 -3.60713
3.75025 -1.76215 7.55591
-5.78362 4.51063 -9.37564
6.75237 -1.33283 0.717022
2.43571 -0.781552 -2.58442
-4.48937 -5.38785 4.68128
1.26098 4.75171 1.36691
6.35627 -22.54 -7.57503
-0.379008 5.2958 8.0322
2.22532 0.495661 11.8638
-5.41685 -1.21262 -4.00178
-2.17426 0.553661 0.50979
-1.14699 0.00549903 -2.23769
2.2393 0.954689 -2.9429
3.19512 3.4316 4.69533
2.84144 0.181496 1.42583
15.7436 3.66212 5.81714
-0.248926 6.96736 1.52068
-3.08156 10.5592 1.11405
-28.9376 -3.43539 21.5549
8.49975 -6.43168 4.68091
-4.98002 -9.78713 -1.09822
-8.29152 -7.36466 -6.74483
