-2.7857 7.1256 10.9302
8.26572 2.45901 8.31729
7.08153 -4.91243 -0.632565
-8.36916 2.26866 0.155197
-3.39023 -2.67248 -0.950495
4.99949 2.91961 4.0304
2.86806 -8.04463 -33.3628
10.7971 1.4738 5.14136
-2.86147 -5.56154 -3.78281
7.94868 -6.14291 -5.89241
5.56885 0.48008 4.63532
3.95723 -0.673046 17.2407
5.571 0.494558 -0.219659
-12.5878 12.9943 13.9216
2.14737 -6.80092 -5.30887
-1.73149 7.0143 2.05789
2.28135 -5.79732 1.57127
21.671 -2.8685 -8.40102
-1.48842 -13.4602 8.19118
-3.7109 0.17326 -1.02373
7.75685 -1.51703 4.09137
1.09625 -2.20413 6.51459
-0.588973 10.0589 -4.59822
1.87339 7.12142 -11.5135
0.00713527 -0.122977 -9.69221
-3.5334 -2.87288 -3.28049
1.00969 3.936 -24.4774
-0.441574 1.39722 76.261
1.3254 2.52948 10.5152
-3.83253 -10.1524 -14.9655
6.17698 7.8328 -11.3378
-8.21646 -3.33437 -23.2715
6.87404 -21.4122 1.63418
1.53222 -1.74959 -4.82295
-5.4572 0.524824 -2.76175
-0.341462 0.0998242 -1.34327
-9.00263 1.13233 1.81725
-4.76764 1.73574 -0.56019
-12.3022 8.73166 -7.8899
0.132638 -1.51001 5.3716
-3.52406 -11.8196 10.9944
4.04045 -4.38478 5.00506
0.536207 -4.80907 -54.8998
4.08276 -2.22085 -4.01462
8.57306 5.66716 -14.6213
-8.61469 246.651 -1.72148
0.166453 -4.00852 -9.22856
-3.81502 -7.21167 1.29381
-2.84577 4.07516 5.3907
1.9594 -1.94012 -3.08293
-4.95497 0.470635 1.58183
-4.81349 2.29974 -2.47144
-2.15689 -2.78772 -2.01358
-2.7486 1.12341 1.98579
-0.257056 -1.16625 -0.0156635
-1.45714 -2.68258 -0.565318
-4.24436 -2.6716 2.21536
-3.43748 10.9042 -7.00633
1.15022 -0.699264 -1.36188
3.64268 -9.00167 -2.8125
-0.817499 -3.70966 -2.32432
-3.3825 9.1629 21.3411
10.6769 3.02742 -8.9178
-9.94785 1.92516 -2.49992
5.3222 -1.42271 -5.9443
-1.9074 7.81367 40.8947
4.92619 -156.885 10.6372
0.633653 -12.9055 9.28612
3.57382 4.71649 -11.3413
1.70442 0.655687 3.05926
-18.6583 1.12605 -10.6304
1.68197 9.52597 6.69835
6.04045 5.64223 2.92792
-15.7323 -3.91389 -0.171634
-4.53919 7.23055 -30.9382
5.83705 2.92575 1.19506
-3.86635 8.01967 5.96886
-7.1302 1.03128 -3.61678
3.78913 -1.802 7.58811
-5.70579 4.68476 -9.47182
6.80619 -1.37476 0.617161
2.39676 -0.760426 -2.54432
-4.50531 -5.4406 4.58952
1.25937 4.70541 1.38237
6.35677 -22.5825 -7.43036
-0.350823 5.28603 8.09464
2.24411 0.466851 11.8632
-5.25754 -1.23736 -4.04189
-2.182 0.550136 0.498595
-1.14971 0.0310546 -2.25329
2.20198 0.966768 -2.97276
3.17583 3.47667 4.70133
2.85512 0.273194 1.35966
15.712 3.6547 5.89323
-0.255806 7.0121 1.53244
-3.14383 10.5601 1.06644
-28.9493 -3.43599 21.5779
8.49347 -6.48351 4.69614
-4.96896 -9.77292 -1.07321
-8.28507 -7.33203 -6.70844
