-2.78335 7.03087 10.5927
8.21875 2.46468 8.25046
7.07969 -4.89319 -0.627292
-8.38663 2.23768 0.165164
-3.31243 -2.63551 -0.918602
4.99629 2.94162 3.97195
2.8829 -8.03439 -33.377
10.7632 1.47479 5.1088
-2.75121 -5.70713 -3.73627
7.9476 -6.1456 -5.87605
4.95598 0.40233 4.65381
3.94158 -0.730094 17.2369
5.64982 0.437917 -0.217509
-12.5187 13.0068 13.775
2.12797 -6.76653 -5.3244
-1.66934 7.03819 2.04171
2.27591 -5.71261 1.54207
21.6089 -2.82881 -8.40014
-1.48348 -13.4449 8.28691
-3.77783 0.17406 -1.0076
7.69277 -1.4924 4.06999
1.09672 -2.19962 6.48093
-0.599517 10.0588 -4.67053
1.97439 7.09906 -11.5122
0.225189 -0.275999 -9.6979
-3.55104 -2.87981 -3.23925
1.07306 4.01656 -24.3876
-0.402728 1.39947 76.2554
1.32699 2.52762 10.5776
-3.95187 -10.0099 -14.9142
6.29608 7.83234 -11.4259
-8.22936 -3.37041 -23.3613
6.93775 -21.4154 1.69142
1.55146 -1.71906 -4.82709
-5.45169 0.709785 -2.69218
-0.315506 0.0961143 -1.34607
-8.99031 1.13332 1.78778
-4.76549 1.74296 -0.538404
-12.6635 8.74199 -7.88351
0.116267 -1.51443 5.35273
-3.76149 -11.8539 10.8958
4.0634 -4.37577 4.9836
0.634117 -4.78854 -54.887
4.06638 -2.26411 -4.0193
8.59789 5.48854 -14.534
-8.61353 246.624 -1.76639
0.212799 -4.00737 -9.13507
-3.8044 -7.2379 1.28681
-2.9592 4.22777 5.36519
1.95983 -1.93976 -3.0807
-4.91736 0.470919 1.52913
-4.8038 2.28858 -2.47111
-2.15426 -2.73671 -2.00879
-2.77175 1.1254 1.98792
-0.176607 -1.25463 -0.0546764
-1.45904 -2.70762 -0.655385
-4.25057 -2.67991 2.34493
-3.45284 10.9147 -7.05937
1.11519 -0.739512 -1.32077
3.69444 -9.09381 -2.84068
-0.819438 -3.7171 -2.32768
-3.18944 9.14584 21.351
10.7144 3.03036 -8.89999
-9.9664 1.86098 -2.4202
5.29933 -1.40389 -5.95555
-1.90106 7.86872 40.928
4.99521 -156.915 10.6532
0.539465 -13.0232 9.21609
3.42153 4.76857 -11.2014
1.7227 0.619579 3.22737
-18.6658 1.16208 -10.6167
1.7883 9.53518 6.79373
5.91676 5.62157 2.93297
-15.5008 -3.90465 -0.200378
-4.65734 7.14004 -30.9357
5.75504 3.05531 1.19938
-3.89715 8.1183 5.86143
-7.13051 0.982201 -3.62727
3.82859 -1.82392 7.62969
-5.63406 4.86825 -9.57579
6.86291 -1.41693 0.518035
2.35951 -0.739556 -2.50568
-4.52407 -5.49466 4.4995
1.25748 4.65946 1.39853
6.35538 -22.6324 -7.30237
-0.323785 5.27779 8.15922
2.26174 0.439191 11.8626
-5.12615 -1.26165 -4.08425
-2.19097 0.546869 0.486893
-1.1515 0.0576986 -2.26892
2.16713 0.979983 -3.00484
3.15747 3.52395 4.70724
2.86403 0.365119 1.29587
15.6805 3.64779 5.97216
-0.260693 7.05858 1.54441
-3.20787 10.5606 1.0212
-28.9578 -3.43558 21.604
8.48734 -6.53767 4.7099
-4.94703 -9.76287 -1.05191
-8.27774 -7.29669 -6.67504
