-2.7826 6.94228 10.2999
8.17544 2.47004 8.18468
7.07945 -4.87438 -0.621331
-8.405 2.20602 0.174379
-3.22615 -2.60254 -0.884734
4.99279 2.96485 3.91212
2.89917 -8.02366 -33.3932
10.7315 1.47451 5.07789
-2.6429 -5.88975 -3.69143
7.94644 -6.14728 -5.85889
4.12533 0.350048 4.65652
3.92532 -0.78891 17.2336
5.72788 0.380001 -0.215409
-12.4259 13.0386 13.6147
2.10966 -6.73375 -5.34067
-1.59537 7.06473 2.02341
2.27086 -5.63093 1.5142
21.5604 -2.79118 -8.39982
-1.47764 -13.4312 8.39371
-3.85343 0.174523 -0.991624
7.63514 -1.46792 4.04961
1.09381 -2.20145 6.439
-0.610694 10.059 -4.74265
2.07266 7.07821 -11.5042
0.454432 -0.438533 -9.70118
-3.5724 -2.89092 -3.19661
1.13265 4.0977 -24.3158
-0.356021 1.40227 76.1822
1.32918 2.52453 10.6424
-4.10582 -9.87585 -14.8689
6.44514 7.8498 -11.4756
-8.24185 -3.40738 -23.4919
7.03139 -21.436 1.71356
1.57445 -1.68931 -4.83146
-5.44557 0.879672 -2.62828
-0.289824 0.0918584 -1.34852
-8.97882 1.13226 1.75929
-4.76352 1.74919 -0.516382
-13.0076 8.75008 -7.87778
0.0996978 -1.52058 5.33646
-4.05675 -11.8937 10.8022
4.08782 -4.37054 4.96738
0.703505 -4.76639 -54.7842
4.05212 -2.30825 -4.02241
8.62065 5.32142 -14.4805
-8.60847 246.633 -1.79754
0.255795 -4.00624 -9.04654
-3.7954 -7.26672 1.2796
-3.09209 4.4067 5.33949
1.96048 -1.9397 -3.07806
-4.88612 0.470694 1.47846
-4.79389 2.27725 -2.47185
-2.15038 -2.6864 -2.00291
-2.79363 1.12694 1.99022
-0.0962556 -1.34462 -0.0942529
-1.46006 -2.7335 -0.737481
-4.25588 -2.68862 2.47894
-3.46891 10.9244 -7.11525
1.08032 -0.779359 -1.28059
3.74265 -9.19438 -2.86905
-0.821618 -3.72572 -2.33136
-2.98448 9.13086 21.3649
10.7554 3.03019 -8.8823
-9.98736 1.798 -2.34219
5.15073 -1.38415 -5.96729
-1.89719 7.92322 40.9735
5.07388 -156.897 10.6634
0.435872 -13.1566 9.14914
3.27134 4.82134 -11.0922
1.73947 0.582192 3.38345
-18.6718 1.19873 -10.6032
1.90195 9.52236 6.86746
5.80832 5.6014 2.93975
-15.0629 -3.9071 -0.221059
-4.79081 7.05543 -30.9324
5.68032 3.17304 1.20393
-3.92997 8.22293 5.75375
-7.1302 0.933312 -3.63957
3.86826 -1.83887 7.69048
-5.56722 5.05806 -9.68979
6.92311 -1.46049 0.419949
2.32258 -0.719903 -2.46852
-4.54508 -5.55141 4.41227
1.25537 4.61248 1.4156
6.35239 -22.6929 -7.19333
-0.297726 5.26917 8.22476
2.27815 0.411444 11.8621
-5.02553 -1.28669 -4.12947
-2.20252 0.543292 0.476086
-1.15369 0.0847082 -2.284
2.13376 0.994087 -3.03858
3.13959 3.57306 4.71318
2.87246 0.454934 1.23045
15.6489 3.64094 6.0549
-0.263986 7.10594 1.55694
-3.27316 10.5605 0.978988
-28.9606 -3.43125 21.6315
8.48168 -6.59521 4.72266
-4.91412 -9.75569 -1.03501
-8.27143 -7.26147 -6.64267
