-2.78391 6.8637 10.0441
8.13501 2.47471 8.12399
7.08059 -4.85706 -0.615141
-8.42415 2.17337 0.183899
-3.14159 -2.57569 -0.850227
4.98909 2.98776 3.8518
2.91404 -8.0131 -33.4144
10.7027 1.47294 5.05219
-2.53988 -5.54661 -3.65016
7.94536 -6.14715 -5.84043
3.63197 0.313472 4.649
3.90803 -0.850456 17.2313
5.80549 0.319319 -0.212671
-12.3415 13.0732 13.5213
2.09139 -6.70265 -5.35692
-1.52957 7.09411 2.00351
2.26532 -5.55074 1.48866
21.5182 -2.75527 -8.39963
-1.47154 -13.4191 8.50745
-3.9504 0.174143 -0.975859
7.58043 -1.44373 4.03282
1.09029 -2.20443 6.39728
-0.622566 10.0595 -4.8058
2.1651 7.0549 -11.4966
0.707844 -0.625692 -9.70062
-3.60197 -2.91637 -3.1406
1.1872 4.17666 -24.2551
-0.305501 1.40553 76.1415
1.33155 2.52132 10.7134
-4.26404 -9.76377 -14.8281
6.61246 7.86209 -11.507
-8.25517 -3.44562 -23.6207
7.12919 -21.4546 1.71926
1.5978 -1.66066 -4.83574
-5.43917 0.882792 -2.56914
-0.265038 0.0870225 -1.35099
-8.96974 1.12937 1.73104
-4.76259 1.75459 -0.494428
-13.3598 8.7544 -7.8708
0.0832837 -1.52926 5.31922
-4.12014 -11.9404 10.715
4.11101 -4.36879 4.95266
0.757077 -4.73914 -54.7406
4.03969 -2.35341 -4.02384
8.65524 4.86397 -14.4602
-8.60244 246.679 -1.82196
0.294963 -4.00455 -8.96871
-3.78757 -7.29786 1.27293
-3.25864 4.62522 5.31456
1.96094 -1.93988 -3.07524
-4.86077 0.470558 1.42894
-4.784 2.26598 -2.4741
-2.14632 -2.63688 -1.99526
-2.81622 1.12784 1.99288
-0.0229188 -1.43608 -0.133786
-1.46082 -2.75952 -0.809778
-4.25924 -2.69744 2.43397
-3.48474 10.9326 -7.17117
1.04605 -0.82006 -1.23843
3.78683 -9.30468 -2.89689
-0.824193 -3.73468 -2.33583
-2.78098 9.11913 21.3794
10.7983 3.02857 -8.86524
-10.0114 1.73543 -2.26334
5.01549 -1.36392 -5.9797
-1.89369 8.00882 41.039
5.15001 -156.843 10.6793
0.321269 -13.3101 9.08781
3.12803 4.87242 -10.9908
1.75354 0.547033 3.53099
-18.6771 1.236 -10.5899
2.02647 9.49062 6.96857
5.70869 5.57971 2.94801
-14.8218 -3.91499 -0.235701
-4.93854 6.97044 -30.927
5.61024 3.28083 1.20897
-3.96698 8.33384 5.64932
-7.13033 0.879552 -3.65121
3.90625 -1.90969 7.76647
-5.50595 5.25656 -9.81461
6.97392 -1.50525 0.323318
2.2833 -0.70193 -2.43167
-4.56935 -5.61111 4.33822
1.25239 4.56622 1.43483
6.34757 -22.7583 -7.09666
-0.274396 5.26044 8.29161
2.29371 0.383182 11.862
-4.95121 -1.31218 -4.17836
-2.21605 0.539165 0.465783
-1.15711 0.1106 -2.29802
2.10027 1.009 -3.07126
3.1209 3.62429 4.71984
2.8825 0.548277 1.16009
15.6157 3.63486 6.21519
-0.266339 7.15717 1.57047
-3.33695 10.5603 0.938908
-28.9532 -3.40647 21.6696
8.47625 -6.65595 4.73594
-4.87915 -9.75042 -1.02204
-8.26733 -7.22517 -6.61077
