-2.78554 6.79584 9.81665
8.09636 2.47943 8.06795
7.08302 -4.84091 -0.610064
-8.4446 2.14079 0.193954
-3.07125 -2.55408 -0.816135
4.98652 3.01153 3.79292
2.92817 -8.00314 -33.4437
10.6759 1.47104 5.03061
-2.45095 -4.74316 -3.60414
7.94474 -6.14492 -5.82011
3.26723 0.291019 4.64117
3.8893 -0.914381 17.2305
5.8822 0.257784 -0.209743
-12.267 13.1115 13.4459
2.07339 -6.67216 -5.37345
-1.47953 7.1278 1.98389
2.25919 -5.46971 1.46528
21.4795 -2.71983 -8.39949
-1.4661 -13.407 8.62459
-4.09659 0.173576 -0.961342
7.52754 -1.41939 4.01844
1.08894 -2.201 6.36379
-0.635603 10.0609 -4.86123
2.25062 7.0319 -11.4899
1.01053 -0.865459 -9.69549
-3.62845 -2.96923 -3.08633
1.24029 4.25511 -24.2043
-0.260019 1.4098 76.1185
1.3335 2.51895 10.793
-4.39689 -9.665 -14.7914
6.76537 7.87194 -11.5321
-8.27307 -3.48938 -23.7467
7.20721 -21.4698 1.72082
1.6181 -1.63158 -4.84081
-5.43303 0.743717 -2.51227
-0.242431 0.0820112 -1.35359
-8.96277 1.12729 1.70318
-4.76347 1.75997 -0.472184
-13.3557 8.75773 -7.86141
0.0662533 -1.5349 5.30322
-3.92672 -11.994 10.6338
4.13227 -4.36519 4.93792
0.805486 -4.71925 -54.722
4.02806 -2.39858 -4.0243
8.70222 4.20138 -14.4469
-8.60165 246.688 -1.85969
0.330737 -4.00201 -8.89799
-3.7808 -7.33033 1.26761
-3.48379 4.90864 5.28974
1.96072 -1.93989 -3.07219
-4.84036 0.471299 1.37986
-4.77474 2.25545 -2.47838
-2.14306 -2.58679 -1.98716
-2.84195 1.12875 1.99566
0.0414458 -1.52769 -0.173843
-1.46212 -2.78474 -0.875175
-4.25932 -2.70647 2.12163
-3.49914 10.9405 -7.22754
1.01182 -0.860215 -1.1937
3.82628 -9.4241 -2.92487
-0.827293 -3.74336 -2.34007
-2.57924 9.11106 21.3907
10.8429 3.02613 -8.84863
-10.0386 1.67448 -2.18338
4.82226 -1.34312 -5.99238
-1.89014 8.11773 41.1332
5.21693 -156.835 10.701
0.194429 -13.4861 9.03264
2.99853 4.92362 -10.8978
1.76513 0.515044 3.67353
-18.6829 1.27434 -10.5774
2.14854 9.48337 7.09221
5.61271 5.55838 2.95727
-14.6793 -3.92469 -0.246767
-5.10197 6.87899 -30.9269
5.54276 3.38232 1.21423
-4.00798 8.45345 5.54934
-7.1318 0.823394 -3.66061
3.94255 -2.02903 7.84357
-5.44991 5.46573 -9.95863
7.01312 -1.55006 0.227584
2.24056 -0.683932 -2.39498
-4.59693 -5.67194 4.27765
1.24752 4.52157 1.45724
6.34089 -22.8265 -7.00768
-0.253882 5.25255 8.36128
2.30828 0.355026 11.8623
-4.90305 -1.33736 -4.23242
-2.2306 0.5362 0.454973
-1.16029 0.13649 -2.31181
2.06597 1.02548 -3.10342
3.10076 3.67923 4.72757
2.89137 0.647417 1.0767
15.5787 3.63246 6.53491
-0.268242 7.2144 1.58477
-3.39804 10.5605 0.900526
-28.9571 -3.33888 21.7478
8.47067 -6.71891 4.75028
-4.85328 -9.74498 -1.01168
-8.26572 -7.18631 -6.57943
