-2.786 6.43314 9.00477
7.90979 2.48956 7.86874
7.10341 -4.78215 -0.596785
-8.57665 1.97134 0.243268
-2.8324 -2.48088 -0.69776
4.98906 3.1346 3.52586
3.0105 -7.97389 -33.5268
10.5715 1.4526 4.92493
-2.12234 -2.75217 -3.35084
7.99625 -6.17667 -5.70661
2.30504 0.100933 4.65711
3.80403 -1.27581 17.2417
6.30841 -0.0830108 -0.202074
-11.9722 13.3378 13.2
2.00221 -6.52958 -5.46076
-1.30463 7.32515 1.9324
2.24149 -5.09555 1.36062
21.3514 -2.55175 -8.4027
-1.44201 -13.3577 9.2434
-5.23406 0.155658 -0.899437
7.30152 -1.30677 3.96593
1.10777 -2.21291 6.17894
-0.705157 10.0681 -5.10644
2.63591 6.92491 -11.4732
-0.155331 7.50579 -9.59075
-3.68409 -3.06516 -2.86167
1.51968 4.63858 -24.0195
-0.0841411 1.38408 76.0876
1.34149 2.49391 11.2639
-5.14051 -9.25508 -14.646
7.60966 7.93898 -11.6835
-8.42427 -3.89233 -22.5182
7.54548 -21.5207 1.72881
1.71306 -1.49381 -4.87863
-5.39016 0.119265 -2.18266
-0.133156 0.0512166 -1.37638
-8.92113 1.124 1.55442
-4.77744 1.77965 -0.354075
-12.0089 8.83237 -7.86039
-0.00895662 -1.56041 5.24149
-2.23053 -12.5439 10.321
4.26075 -4.35646 4.84844
1.15698 -4.67152 -54.645
3.97975 -2.67158 -4.04172
9.03438 2.74701 -14.3474
-8.64706 246.702 -2.05217
0.500256 -3.98874 -8.61571
-3.74324 -7.54135 1.24785
-3.85045 -1.71587 5.13786
1.95892 -1.94386 -3.05421
-4.7403 0.468212 1.12685
-4.75885 2.2172 -2.53039
-2.13079 -2.34463 -1.93801
-2.9858 1.12844 2.01119
0.447669 -2.34248 -0.392582
-1.46477 -2.93367 -1.16982
-4.29437 -2.84431 -0.955626
-3.53627 10.9778 -7.5861
0.846523 -1.07116 -0.970247
4.16785 -8.58776 -3.05862
-0.841646 -3.79888 -2.36551
-1.14789 9.10335 21.5265
11.0267 3.01233 -8.777
-10.2159 1.3716 -1.8013
3.72669 -1.26053 -6.03557
-1.87504 8.58239 40.9656
5.59905 -156.792 10.8654
-0.25936 -13.8489 8.83895
2.35469 5.19531 -10.5227
1.82998 0.324709 4.37545
-18.747 1.46737 -10.5384
2.73615 9.57926 7.58966
5.1612 5.46458 3.00659
-14.2866 -4.02361 -0.285257
-6.23358 6.53693 -31.183
5.28259 3.84311 1.23459
-4.24011 9.15935 5.09207
-7.13686 0.514345 -3.7089
4.15244 -2.55011 8.2436
-5.19168 6.49642 -10.4933
7.30603 -1.81828 -0.243234
2.04016 -0.600446 -2.20683
-4.72157 -6.00566 3.97909
1.19368 4.30037 1.62108
6.29715 -22.6445 -6.62211
-0.153258 5.20668 8.77366
2.38767 0.19694 11.8669
-4.66256 -1.53873 -4.62724
-2.31104 0.542174 0.417894
-1.17207 0.263135 -2.37237
1.87773 1.123 -3.27011
3.00885 4.01978 4.7904
2.9372 1.00844 0.817543
15.4866 3.74889 8.60703
-0.273685 7.53943 1.65908
-3.52537 10.5652 0.725672
-29.2536 -3.26841 22.5783
8.4491 -7.11064 4.82816
-4.78879 -9.71128 -0.959573
-8.27037 -7.01115 -6.42026
