-2.78701 6.2948 8.82039
7.84361 2.47537 7.7957
7.11174 -4.76635 -0.593819
-8.63899 1.90745 0.263824
-2.73256 -2.45966 -0.668591
4.99883 3.18227 3.43383
3.03842 -7.96678 -33.4267
10.5338 1.44054 4.8725
-1.99251 -2.37903 -3.26378
8.03841 -6.22037 -5.67504
2.05246 0.0155878 4.63921
3.77584 -1.43007 17.2508
6.50322 -0.210138 -0.199919
-11.8824 13.4487 13.1184
1.97982 -6.47057 -5.50246
-1.22378 7.39449 1.92609
2.23618 -4.96098 1.32191
21.3204 -2.48496 -8.40645
-1.42627 -13.3461 9.07727
-5.48185 0.152201 -0.885349
7.21403 -1.2669 3.94419
1.11412 -2.20404 6.14931
-0.733527 10.0661 -4.99386
2.85725 6.8799 -11.4676
-1.81365 3.23578 -9.77766
-3.70955 -3.07628 -2.77295
1.64636 4.81807 -23.9689
0.0178441 1.37795 76.1282
1.34477 2.47784 11.2562
-5.47628 -9.11568 -14.6037
8.03684 7.97072 -11.7667
-8.494 -4.00593 -21.8779
7.77353 -21.5187 1.71891
1.75661 -1.44683 -4.89656
-5.3715 -0.161889 -2.07512
-0.0826472 0.0423474 -1.38552
-8.89966 1.11803 1.51728
-4.78237 1.78354 -0.301896
-11.7847 8.90863 -7.88778
-0.0333234 -1.57368 5.23476
-0.215732 -12.8904 10.1991
4.31818 -4.35686 4.81828
1.39617 -4.67825 -54.6347
3.95655 -2.80049 -4.04645
9.21587 2.51668 -14.3011
-8.66911 246.737 -2.13899
0.582108 -3.99334 -8.52248
-3.72938 -7.65761 1.24592
-4.12724 1.68433 5.292
1.96184 -1.94694 -3.04546
-4.70104 0.464941 1.03324
-4.76538 2.20695 -2.53832
-2.12783 -2.25268 -1.91533
-3.0445 1.12703 2.01827
0.629003 -2.82032 -0.50285
-1.46552 -2.9978 -1.2636
-4.33007 -2.87247 -1.23092
-3.5735 11.0077 -7.81555
0.794044 -1.15947 -0.885237
4.34279 -7.57223 -3.15056
-0.847116 -3.82582 -2.37395
-0.748024 9.12525 21.597
10.7851 3.00834 -8.74997
-10.3008 1.25341 -1.6567
3.27391 -1.23193 -6.04705
-1.86381 8.7426 40.9383
5.48778 -156.774 10.9398
-0.436897 -13.3492 8.78903
2.08195 5.32223 -10.4096
1.86527 0.24156 4.26877
-18.8063 1.56666 -10.5205
3.02298 9.64169 7.80729
5.04119 5.43853 3.03028
-14.2008 -4.08163 -0.297584
-6.64245 6.4584 -31.4092
5.18466 3.78291 1.24031
-4.35083 9.50374 4.92207
-7.13798 0.369962 -3.73141
4.26738 -2.72327 8.44225
-5.11494 6.90748 -10.0446
7.49205 -1.92974 -0.415257
1.9749 -0.567001 -2.13584
-4.77112 -6.17183 3.88085
1.17783 4.23462 1.69728
6.29129 -22.396 -6.49803
-0.101525 5.19211 9.02855
2.42686 0.125891 11.8721
-4.56319 -1.63923 -4.79332
-2.3404 0.551658 0.413035
-1.1776 0.310081 -2.39431
1.78713 1.16411 -3.35214
2.98247 4.19644 4.81912
2.95636 1.16809 0.654631
15.4827 3.74722 8.49647
-0.275047 7.69514 1.68487
-3.4341 10.5675 0.645102
-29.414 -3.28125 22.9138
8.44356 -7.31445 4.86027
-4.74899 -9.7046 -0.95124
-8.27324 -6.95057 -6.36351
