-2.78737 6.23493 8.74823
7.81299 2.46204 7.75653
7.11548 -4.75898 -0.592932
-8.67517 1.87667 0.275326
-2.67964 -2.45081 -0.656129
5.0054 3.20456 3.38802
3.0502 -7.96464 -33.39
10.5168 1.43523 4.84854
-1.92588 -2.21937 -3.21995
8.05671 -6.24331 -5.66194
1.92382 -0.0111625 4.63019
3.76242 -1.51311 17.2568
6.60397 -0.268506 -0.198805
-11.8447 13.5166 13.0882
1.9734 -6.43465 -5.52541
-1.17681 7.42198 1.92286
2.23176 -4.8879 1.30349
21.3085 -2.45087 -8.40744
-1.41788 -13.3405 9.0062
-5.56669 0.153162 -0.877649
7.17 -1.24563 3.93364
1.1092 -2.19445 6.13506
-0.746547 10.0648 -4.91087
2.95958 6.84651 -11.4619
-2.13791 3.08796 -9.80267
-3.72123 -3.07882 -2.73014
1.70789 4.92575 -23.9417
0.0633688 1.38315 76.1611
1.34657 2.4705 11.211
-5.64815 -9.05097 -14.5823
8.26481 8.00795 -11.8246
-8.52973 -4.05116 -21.6666
7.91006 -21.4987 1.70874
1.77882 -1.42303 -4.90507
-5.36338 -0.291509 -2.02036
-0.0565343 0.0392571 -1.38892
-8.88876 1.11381 1.5015
-4.78461 1.78559 -0.276281
-11.6921 8.94519 -7.88917
-0.0452522 -1.57933 5.23368
0.945701 -12.957 10.1183
4.34624 -4.35583 4.80404
1.55265 -4.68455 -54.6303
3.94281 -2.86627 -4.04575
9.31776 2.42356 -14.2766
-8.66469 246.733 -2.17309
0.643568 -3.99688 -8.47416
-3.7241 -7.73186 1.248
-4.69121 1.56317 5.33121
1.96376 -1.94824 -3.04059
-4.68111 0.46449 0.986692
-4.76839 2.20087 -2.53771
-2.12696 -2.20663 -1.90327
-3.07357 1.12724 2.02265
0.705839 -3.05326 -0.555829
-1.4663 -3.02824 -1.30756
-4.34618 -2.88328 -1.3205
-3.59662 11.0279 -7.93706
0.768796 -1.20507 -0.840426
4.41938 -7.03874 -3.19623
-0.850237 -3.839 -2.37741
-0.624622 9.14171 21.6339
10.665 3.009 -8.73725
-10.3479 1.19649 -1.58082
3.00304 -1.21525 -6.04615
-1.85644 8.83099 40.9324
5.4003 -156.775 10.9881
-0.5466 -13.1024 8.77044
1.99893 5.38792 -10.3585
1.88608 0.201111 4.15583
-18.8445 1.62342 -10.5097
3.01838 9.67998 7.92092
4.98419 5.42834 3.04373
-14.169 -4.10994 -0.303248
-6.84636 6.42451 -31.5556
5.13377 3.71904 1.2434
-4.41405 9.72003 4.84304
-7.14054 0.291621 -3.73771
4.33556 -2.80722 8.56281
-5.07897 7.12566 -9.83826
7.59151 -1.97944 -0.496056
1.94628 -0.548767 -2.10103
-4.8005 -6.26455 3.83935
1.17351 4.20641 1.73464
6.29301 -22.3029 -6.4417
-0.0694021 5.18771 9.17465
2.44804 0.0889046 11.8762
-4.51471 -1.68579 -4.86909
-2.35345 0.557187 0.410664
-1.18108 0.332314 -2.40495
1.74336 1.18573 -3.39431
2.96977 4.2995 4.83312
2.96584 1.25825 0.58098
15.4771 3.743 8.45847
-0.275317 7.78747 1.70113
-3.38594 10.5701 0.604308
-29.5084 -3.28367 22.9424
8.44056 -7.4301 4.87675
-4.72315 -9.70275 -0.943215
-8.27458 -6.92057 -6.33653
