-2.78889 6.12539 8.62076
7.74124 2.40909 7.63333
7.12224 -4.74337 -0.592545
-8.76213 1.81298 0.294121
-2.57302 -2.43364 -0.634164
5.0183 3.25916 3.29224
3.07343 -7.96114 -33.3366
10.4783 1.42484 4.80311
-1.77734 -1.91988 -3.1418
8.08479 -6.29252 -5.64
1.64464 -0.0646396 4.60725
3.73642 -1.7304 17.2679
6.81186 -0.388243 -0.200431
-11.7894 13.6809 13.0393
1.97403 -6.33586 -5.67512
-1.06818 7.45801 1.92863
2.22259 -4.74649 1.25547
21.2892 -2.38685 -8.41068
-1.39698 -13.3304 8.86753
-5.64905 0.156001 -0.859612
7.07824 -1.20382 3.90422
1.09846 -2.16604 6.11132
-0.77369 10.0614 -4.77345
2.99612 6.69477 -11.5317
-1.07963 2.91275 -9.99292
-3.74304 -3.07983 -2.66171
1.82067 5.18941 -23.9194
0.136039 1.39661 76.3006
1.35554 2.45465 11.1104
-6.02298 -8.93547 -14.5456
8.74717 8.16504 -11.9118
-8.6081 -4.13514 -21.3945
8.38998 -21.3528 1.78817
1.82338 -1.37512 -4.92542
-5.34891 -0.549532 -1.92192
-0.00335106 0.0334038 -1.39387
-8.86372 1.10065 1.46937
-4.79002 1.78817 -0.227692
-11.5313 9.01531 -7.89772
-0.0679175 -1.59107 5.23571
1.75612 -13.2769 10.128
4.40145 -4.35334 4.77675
1.73628 -4.71718 -54.6454
3.91062 -3.01756 -4.04725
9.55279 2.25878 -14.2346
-8.67492 246.685 -2.23803
0.751171 -4.00267 -8.35864
-3.7231 -7.92218 1.25069
-5.87561 1.35988 5.39415
1.96777 -1.95202 -3.03002
-4.64155 0.463319 0.926762
-4.77366 2.1821 -2.5324
-2.12715 -2.11875 -1.88349
-3.13228 1.12794 2.03153
0.817463 -3.52779 -0.669264
-1.46888 -3.09018 -1.22476
-4.38024 -2.90435 -1.40175
-3.64786 11.0784 -7.57013
0.720244 -1.30716 -0.763798
4.53686 -5.95096 -3.30172
-0.857194 -3.86733 -2.38487
-0.435182 9.1702 21.7125
10.4333 3.01488 -8.71514
-10.4513 1.08274 -1.44283
2.62354 -1.18951 -6.03687
-1.84036 8.95498 40.925
5.18936 -156.834 11.096
-0.811301 -12.6783 8.72909
1.85236 5.53407 -10.2756
1.93403 0.121022 3.96257
-18.9395 1.74087 -10.4928
2.74909 9.77334 8.15692
4.87299 5.41207 3.06852
-14.1245 -4.1689 -0.315683
-7.23588 6.36779 -31.2872
5.02465 3.59249 1.24719
-4.56045 10.2955 4.66553
-7.14561 0.136705 -3.77032
4.53871 -2.97499 8.82451
-5.0072 7.58195 -9.47251
7.78315 -2.07294 -0.702137
1.89067 -0.51466 -2.04304
-4.87032 -6.51327 3.74554
1.16995 4.14627 1.80318
6.30185 -22.1729 -6.3504
0.00168162 5.18334 9.13368
2.49484 0.00726262 11.8872
-4.42423 -1.77788 -4.99815
-2.37932 0.571127 0.403995
-1.18453 0.382785 -2.44146
1.65839 1.22905 -3.54305
2.94361 4.52609 4.85501
2.98244 1.44706 0.433011
15.4533 3.73042 8.37419
-0.274573 7.95957 1.73398
-3.28836 10.576 0.504458
-29.7609 -3.28336 22.6531
8.43264 -7.29954 4.90192
-4.67375 -9.69829 -0.926286
-8.27882 -6.87022 -6.28956
