-2.8008 6.02335 8.5126
7.66995 2.34908 7.58343
7.12818 -4.72777 -0.590972
-8.86117 1.74667 0.311027
-2.47122 -2.41504 -0.614367
5.03936 3.31045 3.19425
3.09696 -7.95811 -33.2949
10.437 1.41004 4.75966
-1.62013 -1.64471 -3.06961
8.10717 -6.33784 -5.6248
1.3443 -0.147972 4.58018
3.71317 -2.0019 17.2822
6.9083 -0.519496 -0.208765
-11.7551 13.8641 13.0045
1.96564 -6.24314 -5.91201
-0.958079 7.50996 1.95629
2.20785 -4.60161 1.20266
21.2727 -2.32384 -8.4122
-1.3753 -13.3276 8.73995
-5.56139 0.158807 -0.839861
6.98761 -1.16876 3.87328
1.08677 -2.12655 6.10093
-0.803516 10.0549 -4.65279
3.17911 6.71232 -11.6533
-0.845805 2.20123 -10.1143
-3.7646 -3.07844 -2.61503
1.95622 5.44195 -23.9437
0.190514 1.4017 76.2968
1.3653 2.43427 11.0183
-6.44613 -8.84028 -14.5139
9.00063 8.25014 -11.9607
-8.70744 -4.2203 -21.2687
8.53728 -21.4272 1.93472
1.87137 -1.32969 -4.94653
-5.33747 -0.788073 -1.82871
0.0516535 0.0260887 -1.39647
-8.84269 1.07733 1.42993
-4.79782 1.78923 -0.180339
-11.3941 9.08818 -7.90748
-0.0931366 -1.60561 5.23952
1.96592 -10.9044 10.0379
4.4499 -4.35344 4.7509
1.85277 -4.71742 -54.6854
3.87382 -3.17381 -4.05039
9.68413 2.10846 -14.1954
-8.67873 246.711 -2.36294
0.83602 -4.01119 -8.25748
-3.73392 -8.03774 1.23952
-5.69094 -0.0733808 5.45978
1.97157 -1.95677 -3.01852
-4.61272 0.456345 0.883572
-4.77823 2.16193 -2.5241
-2.12863 -2.03055 -1.86246
-3.19275 1.12793 2.04101
0.900951 -3.32103 -0.785088
-1.47348 -3.15204 -1.08788
-4.42109 -2.92803 -1.26402
-3.70919 11.1373 -7.0591
0.671808 -1.42315 -0.694154
4.63145 -5.43992 -3.4187
-0.867382 -3.89518 -2.39406
-0.193145 9.19095 21.8214
10.2442 3.02159 -8.70033
-10.5843 0.955789 -1.31354
2.3945 -1.17517 -6.03205
-1.82061 8.82793 40.9302
4.96276 -156.814 11.2028
-1.1047 -12.368 8.68854
1.70835 5.68536 -10.213
1.97441 0.0321204 3.78311
-19.0611 1.86038 -10.477
2.44022 9.87151 8.44407
4.7718 5.39954 3.09045
-14.0994 -4.24498 -0.329966
-7.60751 6.31146 -31.0334
4.91496 3.4618 1.24914
-4.74843 11.4568 4.48347
-7.1547 -0.0291467 -3.81103
4.73288 -3.15963 9.13043
-4.9431 7.85106 -9.15293
7.94219 -2.23483 -0.92202
1.8305 -0.482147 -1.99212
-4.95688 -7.09236 3.64539
1.17013 4.09305 1.86584
6.31479 -22.0802 -6.26874
0.0545065 5.17817 9.00763
2.55806 -0.0788136 11.9069
-4.36204 -1.89957 -5.10418
-2.40616 0.583393 0.398594
-1.19288 0.42249 -2.47621
1.56853 1.26711 -3.73126
2.91678 4.80982 4.87019
3.00091 1.62744 0.292371
15.421 3.71236 8.29278
-0.273138 8.05205 1.76904
-3.18451 10.5799 0.394751
-29.6898 -3.30821 22.4809
8.42142 -7.00582 4.92143
-4.63526 -9.69216 -0.910428
-8.28679 -6.82155 -6.24675
