-2.80175 5.97774 8.4658
7.64911 2.34245 7.57074
7.13217 -4.71872 -0.589951
-8.89597 1.71445 0.320715
-2.41284 -2.40367 -0.60465
5.04761 3.34179 3.1492
3.11203 -7.95684 -33.2774
10.4176 1.40571 4.74111
-1.53804 -1.5023 -3.03306
8.12709 -6.35645 -5.6206
1.21691 -0.192602 4.56626
3.70627 -2.15113 17.2928
6.78892 -0.587758 -0.217301
-11.7369 13.9643 12.9899
1.95333 -6.21993 -6.03038
-0.899804 7.54661 1.96844
2.20172 -4.52691 1.17659
21.2679 -2.29111 -8.41346
-1.36052 -13.3237 8.68068
-5.51518 0.161141 -0.829733
6.9556 -1.15193 3.85844
1.08453 -2.10217 6.10178
-0.81701 10.0524 -4.59272
3.47978 6.71601 -11.6626
-0.734642 1.89438 -10.1614
-3.77373 -3.07745 -2.58877
2.05046 5.5599 -23.9503
0.229933 1.40384 76.2744
1.3807 2.42704 10.9746
-6.65382 -8.79719 -14.4993
8.79974 8.2863 -11.995
-8.75752 -4.26234 -21.2239
8.18792 -21.4569 1.94419
1.90257 -1.30618 -4.95773
-5.33115 -0.850243 -1.78237
0.086805 0.0223146 -1.39693
-8.8361 1.06566 1.40477
-4.80027 1.79086 -0.156409
-11.3177 9.12855 -7.91121
-0.103497 -1.6113 5.24383
2.10136 -9.64679 9.99082
4.47849 -4.35253 4.73841
1.94115 -4.71966 -54.6893
3.8594 -3.25039 -4.05106
9.56665 2.03845 -14.1732
-8.6984 246.656 -2.42654
0.878136 -4.01324 -8.21387
-3.73269 -8.10601 1.23251
-5.60376 -0.865162 5.48148
1.97577 -1.95901 -3.01223
-4.59897 0.452964 0.86272
-4.77804 2.15377 -2.51898
-2.12744 -1.986 -1.85194
-3.21819 1.12909 2.04604
0.942268 -3.09513 -0.842278
-1.4756 -3.1793 -1.0135
-4.44292 -2.93952 -1.1978
-3.7384 11.1744 -6.83067
0.650568 -1.47814 -0.655491
4.68917 -5.28591 -3.47939
-0.871692 -3.9093 -2.39739
-0.0204505 9.20572 21.8922
10.187 3.02493 -8.69521
-10.6671 0.897356 -1.24733
2.33452 -1.16975 -6.03145
-1.80874 8.77185 40.9353
4.83861 -156.808 11.2614
-1.22714 -12.2372 8.66919
1.64121 5.76258 -10.1814
1.99488 -0.003664 3.69309
-19.1219 1.92237 -10.4678
2.27479 9.93503 8.60373
4.73565 5.39632 3.10118
-14.0878 -4.28486 -0.337913
-7.6274 6.28762 -30.9492
4.87964 3.39823 1.24983
-4.85807 13.2285 4.40019
-7.16021 -0.112516 -3.82942
4.8133 -3.24145 9.3094
-4.91273 7.73194 -9.0074
8.01847 -2.31579 -1.04017
1.80455 -0.463503 -1.96761
-4.99709 -8.02767 3.59891
1.17423 4.07762 1.89643
6.32368 -22.0333 -6.23063
0.0780508 5.17842 8.95208
2.60743 -0.118655 11.9216
-4.33883 -1.95677 -5.1495
-2.41748 0.590889 0.395772
-1.19379 0.447809 -2.49912
1.52664 1.28665 -3.8299
2.90676 4.97732 4.87546
3.01366 1.7252 0.226717
15.4038 3.70918 8.25312
-0.271458 7.96196 1.78745
-3.14158 10.5885 0.305435
-29.6044 -3.32343 22.4255
8.41702 -6.78649 4.93096
-4.61259 -9.68682 -0.903781
-8.28995 -6.79381 -6.22657
