-2.80099 5.93121 8.42271
7.63061 2.34709 7.55488
7.13626 -4.7094 -0.588088
-8.93782 1.68175 0.331507
-2.3699 -2.39179 -0.593992
5.05638 3.3728 3.10571
3.12717 -7.9571 -33.2602
10.3968 1.39928 4.72729
-1.46123 -1.36409 -2.99466
8.1486 -6.37808 -5.61828
1.09558 -0.234251 4.55159
3.69942 -2.30743 17.3063
6.66933 -0.658923 -0.231375
-11.7209 14.0717 12.9768
1.93591 -6.20565 -6.13557
-0.854737 7.58599 1.9793
2.1959 -4.45552 1.15128
21.2642 -2.25802 -8.41478
-1.34229 -13.3197 8.62409
-5.47423 0.163921 -0.818214
6.92567 -1.13412 3.84576
1.08785 -2.07881 6.10624
-0.831494 10.0506 -4.52793
3.65242 6.71443 -11.6678
-0.577218 1.62784 -10.2073
-3.78471 -3.07859 -2.56151
2.1389 5.67835 -23.9518
0.275969 1.40658 76.2612
1.40754 2.41927 10.9332
-6.6906 -8.75717 -14.4844
8.61437 8.32462 -12.0302
-8.81165 -4.30876 -21.1869
7.99292 -21.4781 1.94787
1.93153 -1.2822 -4.96977
-5.32584 -0.79436 -1.73614
0.121829 0.0178718 -1.3971
-8.83276 1.05505 1.37702
-4.80337 1.79193 -0.131722
-11.2541 9.17231 -7.9133
-0.114298 -1.61779 5.24978
2.24915 -8.68061 9.95465
4.50554 -4.35252 4.72552
2.02881 -4.73381 -54.7255
3.84475 -3.32693 -4.05228
9.45206 1.96812 -14.1462
-8.72412 246.639 -2.46622
0.915272 -4.01526 -8.17382
-3.73026 -8.18376 1.22805
-5.52096 -1.49599 5.49423
1.97951 -1.96201 -3.0056
-4.58566 0.448601 0.841294
-4.77856 2.1447 -2.51342
-2.12684 -1.94286 -1.84017
-3.24655 1.13095 2.05186
0.997982 -2.86538 -0.89803
-1.47819 -3.20827 -0.952233
-4.46428 -2.95043 -1.13456
-3.77064 11.2167 -6.61025
0.628544 -1.53055 -0.61567
4.75914 -5.138 -3.53716
-0.876708 -3.92463 -2.40039
0.0754459 9.22573 22.0144
10.1315 3.02779 -8.69101
-10.7546 0.841327 -1.17717
2.27087 -1.16469 -6.03138
-1.79936 8.71657 40.9394
4.76752 -156.809 11.3153
-1.34564 -12.1099 8.65127
1.57227 5.84169 -10.1478
2.02251 -0.0404504 3.60156
-19.2044 1.98654 -10.4558
2.09965 10.0029 8.6222
4.69578 5.39466 3.11174
-14.0771 -4.32607 -0.346616
-7.49 6.26298 -30.8817
4.84557 3.33763 1.25026
-5.07113 14.2458 4.33927
-7.16425 -0.190011 -3.85479
4.93994 -3.3272 9.51449
-4.88232 7.59352 -8.86945
7.93217 -2.38908 -1.17021
1.77604 -0.444455 -1.94168
-4.97786 -8.64154 3.54594
1.17792 4.05999 1.92659
6.33197 -21.9977 -6.19277
0.103229 5.17912 8.89865
2.65313 -0.159968 11.9392
-4.31837 -2.01446 -5.18956
-2.42948 0.599189 0.395217
-1.19493 0.473685 -2.52222
1.48467 1.3072 -3.92103
2.89591 5.15393 4.87942
3.0278 1.81973 0.16539
15.3755 3.70234 8.21605
-0.270929 7.84455 1.806
-3.11293 10.6086 0.239428
-29.5226 -3.34013 22.3814
8.41169 -6.56906 4.941
-4.59311 -9.67964 -0.898351
-8.29464 -6.76781 -6.20642
