-2.79265 5.83997 8.34486
7.59524 2.36217 7.51317
7.145 -4.69114 -0.584627
-9.03843 1.60888 0.356341
-2.3175 -2.36606 -0.570604
5.08015 3.43247 3.02041
3.16421 -7.97054 -33.2247
10.352 1.38615 4.70141
-1.30698 -1.0905 -2.91693
8.20242 -6.43258 -5.6174
0.868452 -0.311473 4.51784
3.6878 -2.25066 17.3418
6.42428 -0.825018 -0.295807
-11.6902 14.3284 12.9529
1.89892 -6.19172 -6.32561
-0.785375 7.66939 1.9976
2.1827 -4.30066 1.10342
21.2613 -2.19146 -8.41747
-1.29385 -13.3051 8.51587
-5.40535 0.169118 -0.793599
6.87091 -1.09795 3.82297
1.10476 -2.04337 6.11322
-0.861709 10.0465 -4.39525
3.89858 6.70526 -11.6767
-0.0931409 1.13936 -10.3266
-3.80696 -3.09408 -2.50773
2.31024 5.9386 -23.948
0.362237 1.4137 76.2513
1.60141 2.43465 10.8903
-6.41579 -8.68532 -14.4572
8.26578 8.40719 -12.115
-8.9086 -4.44596 -21.1301
7.71493 -21.4957 1.94451
1.99064 -1.23777 -5.00373
-5.31485 -0.432154 -1.64206
0.193145 0.00771719 -1.39939
-8.83776 1.04413 1.31875
-4.81076 1.79138 -0.0826239
-11.155 9.26978 -7.91878
-0.138928 -1.63266 5.26195
2.57786 -7.36262 9.90097
4.55459 -4.35368 4.69347
2.13449 -4.75022 -54.6177
3.81563 -3.48953 -4.05413
9.24897 1.8158 -14.0565
-8.73508 246.664 -2.6171
0.991312 -4.01734 -8.10167
-3.72501 -8.37877 1.22745
-5.35805 -2.39465 5.49877
1.98553 -1.97076 -2.99233
-4.56064 0.438437 0.79342
-4.78115 2.12285 -2.50189
-2.12734 -1.86245 -1.81367
-3.31039 1.13489 2.06356
1.14124 -2.39356 -1.01559
-1.48217 -3.27145 -0.821752
-4.50111 -2.96966 -1.01701
-3.84067 11.3107 -6.19982
0.58805 -1.65779 -0.53648
4.942 -4.85237 -3.65939
-0.889408 -3.95838 -2.40629
0.256161 9.27876 22.3425
10.0275 3.03074 -8.68485
-10.9376 0.72162 -1.03557
2.13613 -1.15684 -6.03658
-1.78448 8.59823 40.9473
4.60045 -156.832 11.4882
-1.56891 -11.8729 8.61256
1.43494 6.0034 -10.0833
2.11288 -0.113187 3.41338
-19.448 2.11918 -10.4252
1.72587 10.1619 8.33799
4.61487 5.39302 3.13291
-14.0574 -4.41391 -0.367494
-7.17816 6.21561 -30.7867
4.78293 3.2202 1.24961
-6.68025 14.5923 4.51319
-7.17565 -0.341848 -3.90004
5.39548 -3.52165 10.0312
-4.81235 7.27478 -8.61453
7.38185 -2.51978 -1.52753
1.71488 -0.41194 -1.89004
-4.28852 -9.12492 3.28063
1.1859 4.0199 1.98513
6.34795 -21.9496 -6.11988
0.161241 5.18295 8.79916
2.73744 -0.246087 11.9773
-4.29631 -2.13178 -5.26374
-2.45453 0.613669 0.395419
-1.19574 0.512521 -2.55603
1.40413 1.34763 -4.09756
2.87455 5.32223 4.88391
3.06401 2.00911 0.0471777
15.1781 3.64237 8.13386
-0.273034 7.54638 1.84328
-3.02332 10.6277 0.0584276
-29.3707 -3.38024 22.3195
8.40112 -6.17897 4.96359
-4.57074 -9.65023 -0.892261
-8.30744 -6.72447 -6.16791
