-2.78433 5.79359 8.3129
7.57914 2.37003 7.48967
7.15025 -4.68179 -0.582974
-9.09751 1.57036 0.37257
-2.2917 -2.35031 -0.557862
5.08953 3.46254 2.97905
3.18948 -7.98534 -33.213
10.3272 1.38164 4.69125
-1.22794 -0.95261 -2.87637
8.23326 -6.46649 -5.61716
0.759154 -0.360546 4.50101
3.68296 -2.1608 17.3632
6.28265 -0.944163 -0.367025
-11.6745 14.4916 12.9423
1.88292 -6.18767 -6.41849
-0.748832 7.71184 2.00551
2.17697 -4.22946 1.07931
21.2619 -2.1599 -8.42126
-1.25442 -13.2925 8.46193
-5.37261 0.171035 -0.780515
6.84632 -1.08229 3.81201
1.11519 -2.03071 6.11317
-0.876548 10.0445 -4.32574
4.00416 6.698 -11.6815
0.20912 0.889087 -10.3848
-3.81974 -3.1073 -2.47954
2.40002 6.05837 -23.9443
0.397561 1.41774 76.2515
2.00038 2.65195 11.2779
-6.27474 -8.65445 -14.4462
8.09555 8.4452 -12.1653
-8.95461 -4.52532 -21.1063
7.58781 -21.4675 1.93807
2.024 -1.21912 -5.0222
-5.30987 -0.23845 -1.59344
0.230673 0.00224088 -1.40093
-8.84259 1.0452 1.29109
-4.8148 1.79055 -0.0579681
-11.1111 9.31804 -7.92191
-0.152288 -1.64033 5.26992
2.75948 -7.05861 9.8795
4.57711 -4.35489 4.67662
2.17254 -4.75058 -54.5756
3.80089 -3.57659 -4.05429
9.18124 1.7208 -13.9683
-8.7472 246.616 -2.69843
1.02592 -4.01926 -8.06553
-3.72407 -8.51076 1.23164
-5.27665 -2.51809 5.49524
1.98784 -1.97654 -2.98533
-4.54866 0.431783 0.767766
-4.78313 2.11062 -2.49557
-2.12882 -1.82411 -1.80039
-3.34405 1.13666 2.06925
1.21523 -2.16217 -1.06623
-1.48381 -3.30562 -0.74956
-4.52094 -2.98224 -0.953859
-3.87522 11.3591 -6.01748
0.567636 -1.73157 -0.49648
5.05452 -4.72427 -3.72281
-0.896777 -3.97798 -2.40814
0.361872 9.30428 22.5951
9.97897 3.03044 -8.68208
-11.0421 0.643969 -0.943703
2.07093 -1.15571 -6.0413
-1.77662 8.5347 40.9535
4.49957 -156.793 11.6605
-1.67022 -11.7809 8.59488
1.3682 6.08641 -10.0541
2.16987 -0.14886 3.33248
-19.6112 2.18062 -10.4103
1.52124 10.244 8.14183
4.57465 5.3921 3.1457
-14.0494 -4.4624 -0.378743
-7.03107 6.19346 -30.75
4.7551 3.16025 1.24855
-6.8165 14.0378 4.45082
-7.18347 -0.422192 -3.91987
5.69571 -3.64744 10.1076
-4.77661 7.12005 -8.49196
7.05447 -2.59165 -1.69322
1.68451 -0.396956 -1.86499
-4.31369 -8.87593 3.23226
1.1898 4.00129 2.01447
6.35583 -21.9309 -6.08505
0.190517 5.18412 8.75786
2.77683 -0.290778 11.9975
-4.30443 -2.19468 -5.29996
-2.46707 0.620626 0.39532
-1.19714 0.53736 -2.58186
1.36722 1.3647 -4.18687
2.86494 5.37828 4.88577
3.08427 2.10387 -0.00908994
14.8298 3.44302 7.77156
-0.276711 7.39775 1.86236
-2.9717 10.6283 -0.052865
-29.3088 -3.41001 22.303
8.39674 -6.00099 4.97615
-4.57108 -9.62802 -0.881473
-8.31496 -6.70503 -6.14973
