-2.77503 5.74446 8.28618
7.56263 2.37731 7.46742
7.15673 -4.67271 -0.58042
-9.16071 1.53116 0.392464
-2.26597 -2.33237 -0.546713
5.09912 3.49102 2.93897
3.21552 -7.99693 -33.2085
10.3015 1.37519 4.68636
-1.14978 -0.816765 -2.83211
8.26536 -6.50575 -5.61561
0.652345 -0.42004 4.48558
3.67843 -2.07333 17.3867
6.08736 -1.131 -0.494092
-11.6574 14.701 12.9329
1.86686 -6.18489 -6.51399
-0.711241 7.75398 2.01335
2.17148 -4.17164 1.05598
21.2636 -2.13099 -8.42572
-1.1929 -13.2812 8.40499
-5.3383 0.171769 -0.766139
6.82258 -1.0692 3.80255
1.1262 -2.02095 6.11147
-0.891187 10.0422 -4.24826
4.10461 6.6888 -11.6864
0.54657 0.634841 -10.4166
-3.83337 -3.124 -2.45074
2.48999 6.15133 -23.9395
0.425107 1.42009 76.2585
2.14309 2.90067 11.8585
-6.13208 -8.62926 -14.4366
7.92313 8.47869 -12.2155
-9.00127 -4.60733 -21.0835
7.40239 -21.3063 1.94745
2.0598 -1.20294 -5.03851
-5.30594 -0.0358004 -1.54346
0.270327 -0.0039691 -1.40247
-8.84589 1.0484 1.26511
-4.81892 1.78914 -0.0325446
-11.0696 9.36411 -7.92292
-0.166327 -1.64949 5.27995
2.95989 -6.96097 9.86353
4.59812 -4.35812 4.66064
2.20945 -4.74916 -54.5439
3.78561 -3.6693 -4.05474
9.22993 1.5524 -13.8353
-8.76642 246.603 -2.74912
1.06122 -4.02299 -8.02872
-3.72623 -8.69111 1.23964
-5.19408 -2.40223 5.49161
1.98962 -1.98356 -2.9777
-4.53547 0.422883 0.741787
-4.78551 2.09729 -2.48867
-2.13091 -1.78734 -1.78626
-3.379 1.13782 2.07549
1.28785 -1.94037 -1.09823
-1.48636 -3.34306 -0.689099
-4.54115 -2.99851 -0.890629
-3.90883 11.4064 -5.84248
0.546384 -1.81083 -0.455583
5.18141 -4.60992 -3.77421
-0.905336 -4.00055 -2.40969
0.512514 9.32996 22.6687
9.93283 3.02868 -8.67919
-11.1521 0.569621 -0.816189
2.0066 -1.15696 -6.04594
-1.76657 8.46722 40.9627
4.39951 -156.73 11.8555
-1.76899 -11.7109 8.58613
1.30251 6.16925 -10.024
2.22962 -0.184973 3.26932
-19.8105 2.23437 -10.3985
1.29809 10.3306 7.93959
4.53582 5.39018 3.16014
-14.0427 -4.51462 -0.389973
-6.88763 6.17201 -30.7194
4.72978 3.09843 1.24713
-6.92418 13.2199 4.39162
-7.18998 -0.5057 -3.94914
5.99997 -3.79216 9.96905
-4.74206 6.96805 -8.36983
6.68546 -2.66872 -1.76964
1.65418 -0.38283 -1.83888
-4.35645 -8.39187 3.19444
1.19352 3.98341 2.04382
6.36354 -21.9155 -6.04926
0.220342 5.18367 8.72204
2.81504 -0.337367 12.0191
-4.3205 -2.26209 -5.34025
-2.47942 0.626656 0.397318
-1.1983 0.560393 -2.60788
1.33327 1.37844 -4.28421
2.85599 5.43642 4.88874
3.10532 2.19598 -0.0596039
14.6735 3.21564 7.2603
-0.283456 7.25198 1.88153
-2.91262 10.6236 -0.133375
-29.2554 -3.44845 22.2937
8.39356 -5.83907 4.98978
-4.57106 -9.61173 -0.862066
-8.32303 -6.6872 -6.13151
