-2.7657 5.69633 8.26223
7.54624 2.38328 7.44736
7.16456 -4.66351 -0.577314
-9.22556 1.49333 0.414299
-2.2398 -2.31523 -0.538155
5.11049 3.51992 2.89956
3.24024 -8.00081 -33.2047
10.2743 1.36712 4.68508
-1.07234 -0.680193 -2.78728
8.29957 -6.54869 -5.61278
0.55153 -0.477431 4.4702
3.67423 -1.98638 17.4122
5.78602 -1.37864 -0.720512
-11.6348 15.0047 12.9227
1.85185 -6.1843 -6.61344
-0.671232 7.79786 2.021
2.16656 -4.11332 1.03495
21.2668 -2.10287 -8.4301
-1.08819 -13.2862 8.33979
-5.30151 0.171269 -0.755511
6.80011 -1.05604 3.79498
1.13684 -2.013 6.10803
-0.904871 10.0404 -4.16459
4.20261 6.68001 -11.6922
0.927795 0.398089 -10.442
-3.84734 -3.14223 -2.42265
2.64341 6.24336 -23.9385
0.442669 1.42407 76.2767
1.92237 2.9569 12.0949
-5.98503 -8.60741 -14.4275
7.75355 8.51693 -12.2602
-9.04868 -4.68748 -21.0607
7.13416 -21.1927 2.22279
2.09913 -1.18681 -5.05313
-5.30311 0.181389 -1.4926
0.31304 -0.0103486 -1.40547
-8.84874 1.05301 1.23896
-4.82293 1.78772 -0.0069423
-11.0254 9.41391 -7.92218
-0.181346 -1.65903 5.29095
2.87044 -6.86344 9.85255
4.61755 -4.36253 4.64415
2.2487 -4.7463 -54.5163
3.77053 -3.76534 -4.05502
9.47841 1.48061 -13.8404
-8.78359 246.622 -2.81093
1.09879 -4.02771 -7.99333
-3.73232 -8.95922 1.25257
-5.04948 -2.28842 5.489
1.99095 -1.99119 -2.96942
-4.52014 0.412664 0.715172
-4.78804 2.08348 -2.48134
-2.13272 -1.75016 -1.77144
-3.41443 1.13926 2.08211
1.36246 -1.71858 -1.12417
-1.48904 -3.38156 -0.629797
-4.56073 -3.01441 -0.830692
-3.94392 11.4584 -5.67083
0.524671 -1.89183 -0.414778
5.32928 -4.49448 -3.81695
-0.915063 -4.025 -2.41181
0.681087 9.37058 22.5459
9.88951 3.02644 -8.67649
-11.2658 0.50745 -0.685756
1.94429 -1.15838 -6.05069
-1.75349 8.39409 40.9765
4.30819 -156.723 12.0089
-1.8571 -11.6482 8.58683
1.2385 6.2561 -9.99367
2.28875 -0.21965 3.2167
-20.0101 2.28584 -10.39
1.05618 10.4336 7.81506
4.49928 5.38822 3.17497
-14.0365 -4.5681 -0.402178
-6.74929 6.15331 -30.6962
4.70928 3.03871 1.24522
-7.02482 12.8457 4.3377
-7.19692 -0.588622 -3.979
6.32827 -3.9467 9.84478
-4.70705 6.82167 -8.25209
6.27281 -2.73963 -1.84152
1.62431 -0.368112 -1.81189
-4.40176 -8.14426 3.16245
1.19745 3.96684 2.07207
6.37079 -21.9022 -6.01319
0.25125 5.18281 8.6889
2.85348 -0.384468 12.0416
-4.33491 -2.32959 -5.39335
-2.49106 0.631666 0.400834
-1.19372 0.579783 -2.62726
1.30065 1.39288 -4.37983
2.84805 5.49757 4.8932
3.12908 2.29037 -0.106867
14.7789 3.1503 7.03109
-0.29337 7.11057 1.89892
-2.84905 10.6126 -0.162723
-29.2079 -3.4917 22.2872
8.3925 -5.69454 5.00448
-4.56424 -9.60282 -0.841484
-8.33118 -6.67016 -6.11345
