-2.75435 5.65501 8.24016
7.53144 2.39004 7.42825
7.17391 -4.65324 -0.574105
-9.29013 1.4567 0.437204
-2.21277 -2.29998 -0.529556
5.12202 3.5516 2.85993
3.26881 -7.99841 -33.1965
10.2464 1.36018 4.68678
-0.994345 -0.543024 -2.74309
8.33746 -6.59341 -5.60874
0.463355 -0.53204 4.45512
3.67048 -1.89821 17.4403
5.46584 -1.54033 -0.923969
-11.6045 15.1391 12.911
1.83942 -6.18511 -6.71159
-0.628424 7.84474 2.02841
2.16225 -4.04967 1.01526
21.271 -2.0729 -8.43467
-0.946172 -13.3668 8.26554
-5.27026 0.170424 -0.750618
6.77945 -1.04185 3.78899
1.14677 -2.00506 6.10295
-0.917692 10.0404 -4.07808
4.20123 6.6724 -11.6984
1.35848 0.178863 -10.4633
-3.86124 -3.16158 -2.394
2.85822 6.34208 -23.947
0.459739 1.43048 76.307
1.81193 2.9626 12.1367
-5.8324 -8.58722 -14.4184
7.58414 8.56096 -12.2978
-9.09518 -4.76536 -21.0343
6.95479 -21.3352 2.59955
2.1422 -1.1686 -5.067
-5.3014 0.416316 -1.44181
0.366599 -0.0171533 -1.41179
-8.85285 1.05965 1.21129
-4.82649 1.78721 0.0186823
-10.9776 9.47559 -7.92055
-0.196559 -1.66645 5.30314
2.50863 -6.76249 9.84676
4.63991 -4.36752 4.62658
2.2928 -4.74168 -54.4924
3.75629 -3.85632 -4.0543
9.68864 1.54371 -13.9602
-8.79592 246.596 -2.90631
1.14008 -4.03306 -7.95923
-3.74316 -9.17113 1.27076
-4.85523 -2.17421 5.48998
1.99285 -1.9983 -2.9601
-4.50169 0.402106 0.6885
-4.79022 2.07042 -2.4734
-2.13395 -1.70922 -1.75686
-3.44882 1.1416 2.08907
1.44208 -1.49524 -1.1477
-1.49061 -3.4202 -0.559712
-4.58007 -3.0299 -0.766725
-3.98112 11.5155 -5.50702
0.502859 -1.97492 -0.373239
5.50448 -4.37586 -3.857
-0.92505 -4.0484 -2.41446
0.83339 9.43043 22.4751
9.85412 3.02412 -8.67364
-11.3814 0.446113 -0.556581
1.88483 -1.15913 -6.05553
-1.74025 8.31376 40.9978
4.25647 -156.727 12.0377
-1.93561 -11.5892 8.59373
1.17687 6.34794 -9.96425
2.34543 -0.253542 3.17158
-20.1987 2.33323 -10.3831
0.786938 10.5486 7.73262
4.46612 5.38649 3.19084
-14.0298 -4.61551 -0.415457
-6.61554 6.13673 -30.678
4.69441 2.98149 1.24296
-7.12205 12.6177 4.28719
-7.20583 -0.66945 -3.99751
6.68427 -4.12577 9.72426
-4.66788 6.67993 -8.13657
5.81902 -2.81033 -1.91422
1.59562 -0.351979 -1.78396
-4.44797 -7.96571 3.13398
1.20243 3.95182 2.09949
6.37754 -21.8904 -5.97843
0.285012 5.18217 8.65817
2.89374 -0.431451 12.0652
-4.34082 -2.39536 -5.45779
-2.50168 0.636735 0.404742
-1.18865 0.600662 -2.64696
1.26827 1.4083 -4.46002
2.84134 5.5623 4.8993
3.15592 2.39083 -0.153241
14.7738 3.17464 6.96412
-0.303691 6.97555 1.91302
-2.79467 10.594 -0.188063
-29.1624 -3.53587 22.2839
8.39395 -5.56487 5.02041
-4.55108 -9.59671 -0.822231
-8.33894 -6.65285 -6.0956
