-2.72484 5.58046 8.19909
7.50361 2.41175 7.39088
7.19562 -4.63157 -0.567509
-9.42928 1.38473 0.483402
-2.14433 -2.27057 -0.509944
5.13775 3.61549 2.77759
3.34046 -7.94911 -33.1533
10.1966 1.34792 4.69925
-0.85351 -0.27225 -2.65629
8.41892 -6.69532 -5.59799
0.295824 -0.635947 4.42554
3.66152 -1.72308 17.5023
5.08357 -1.66742 -0.977329
-11.5486 14.3933 12.8981
1.81419 -6.18378 -6.90072
-0.543676 7.94628 2.04287
2.15196 -3.93852 0.974727
21.2785 -2.01902 -8.44529
-0.851636 -13.5954 8.13532
-4.94628 0.170386 -0.72633
6.73497 -1.01196 3.77899
1.16615 -1.98761 6.0909
-0.943501 10.0444 -3.89907
4.00079 6.65912 -11.7116
2.34042 -0.167413 -10.4932
-3.89344 -3.20411 -2.33417
3.18092 6.57385 -23.9827
0.516176 1.44082 76.3966
1.70829 2.96727 12.1359
-5.55764 -8.55224 -14.4016
7.18207 8.66123 -12.3717
-9.19708 -4.91395 -20.9598
6.77937 -21.7386 2.80413
2.22403 -1.13238 -5.09535
-5.30256 0.882088 -1.34884
0.502573 -0.0734016 -1.45773
-8.86576 1.07429 1.1551
-4.83204 1.78807 0.0711924
-10.9034 9.60739 -7.9163
-0.228388 -1.67922 5.33293
1.65494 -6.55542 9.85048
4.67351 -4.4006 4.59259
1.97223 -4.73225 -54.4671
3.72384 -4.0915 -4.05429
9.68687 1.52945 -14.0688
-8.82374 246.528 -3.04147
1.22899 -4.04472 -7.89598
-3.76777 -8.48585 1.30474
-4.55587 -1.95843 5.50109
1.99844 -2.01226 -2.93786
-4.46072 0.377339 0.633996
-4.7948 2.04282 -2.45522
-2.13655 -1.63059 -1.72925
-3.51512 1.14789 2.1043
1.59942 -1.04088 -1.19344
-1.49548 -3.5038 -0.425726
-4.62263 -3.06302 -0.60302
-4.06451 11.6406 -5.21205
0.451168 -2.14678 -0.288993
5.92799 -4.12914 -3.94005
-0.946642 -4.1003 -2.42357
1.14664 9.53625 22.4113
9.80172 3.01819 -8.66679
-11.3026 0.321061 -0.302827
1.7508 -1.15923 -6.06696
-1.73882 8.16674 41.0765
4.13183 -156.745 11.9332
-2.16388 -11.4817 8.61512
1.05097 6.55135 -9.90782
2.44145 -0.324117 3.09158
-19.7532 2.41275 -10.3757
0.0713129 10.846 7.57472
4.40832 5.38376 3.22564
-14.0196 -4.70725 -0.445303
-6.36899 6.10367 -30.6489
4.67025 2.87156 1.23757
-7.331 12.3234 4.19512
-7.22599 -0.824583 -4.05027
7.40965 -4.62679 9.48882
-4.57143 6.39585 -7.9286
4.7774 -2.965 -2.06099
1.54611 -0.31833 -1.726
-4.55639 -7.68799 3.08315
1.21375 3.92171 2.15345
6.39683 -21.8722 -5.91342
0.35492 5.18078 8.60133
2.97151 -0.525914 12.1175
-4.33564 -2.52599 -5.61235
-2.52332 0.645102 0.415983
-1.19066 0.648356 -2.70269
1.20359 1.43824 -4.6085
2.82859 5.69675 4.91552
3.20337 2.59818 -0.247651
14.7831 3.2722 6.8889
-0.317667 6.72608 1.93635
-2.70599 10.5658 -0.256998
-29.0915 -3.63667 22.2948
8.40027 -5.35155 5.05572
-4.51363 -9.58769 -0.785247
-8.35398 -6.62189 -6.06014
