-2.67985 5.50719 8.17209
7.48514 2.4391 7.35707
7.22217 -4.60976 -0.562047
-9.57525 1.30877 0.525945
-2.07075 -2.24124 -0.487307
5.15029 3.68428 2.69106
3.42154 -7.81978 -33.2279
10.1483 1.33674 4.70199
-0.710137 -0.00670877 -2.56974
8.51202 -6.8191 -5.58538
0.129254 -0.73865 4.39219
3.6554 -1.5366 17.5776
4.83159 -1.89603 -0.961092
-11.5187 13.8783 12.9104
1.7914 -6.19013 -7.07449
-0.453784 8.06044 2.05752
2.14672 -3.83123 0.937435
21.2915 -1.9725 -8.45755
-0.871183 -13.6921 8.02197
-4.81974 0.174364 -0.692741
6.69183 -0.981546 3.77213
1.1891 -1.96589 6.07876
-0.96675 10.0509 -3.71323
3.80354 6.64492 -11.729
2.24501 -0.492007 -10.6432
-3.92641 -3.25125 -2.27983
3.50011 6.87033 -24.0028
0.577605 1.44309 76.4955
1.65888 2.96324 12.1049
-5.25937 -8.52171 -14.3894
6.78843 8.77761 -12.4478
-9.29978 -5.10982 -20.8468
6.5963 -21.8247 2.85234
2.30911 -1.09847 -5.12731
-5.3003 0.848553 -1.26371
0.65014 -0.224102 -1.38929
-8.88559 1.08264 1.10514
-4.83536 1.79169 0.125098
-10.8347 9.74777 -7.9112
-0.26246 -1.68825 5.36637
0.995074 -6.36809 9.86802
4.69474 -4.46744 4.60496
1.78696 -4.72986 -54.4543
3.69049 -4.36979 -4.0583
9.58881 1.41375 -14.126
-8.85872 246.501 -3.19156
1.32557 -4.05746 -7.84316
-3.76775 -7.89072 1.3231
-4.31448 -1.76353 5.50961
2.00723 -2.02511 -2.9144
-4.41606 0.347558 0.57321
-4.80003 2.01658 -2.43384
-2.1343 -1.55448 -1.701
-3.57746 1.15475 2.12228
2.01002 -0.581846 -1.24526
-1.49849 -3.59329 -0.2943
-4.65996 -3.09877 -0.458876
-4.14246 11.7873 -4.9182
0.406214 -2.32447 -0.204426
6.66878 -3.87727 -4.0368
-0.966925 -4.15594 -2.44113
1.49491 9.59042 22.3715
9.75756 3.00956 -8.65933
-11.074 0.182219 -0.0549626
1.61649 -1.15832 -6.0825
-1.73619 8.09615 41.2354
3.96976 -156.374 11.8055
-2.37405 -11.388 8.64206
0.935178 6.77963 -9.85018
2.54986 -0.401955 3.01162
-19.2205 2.4985 -10.3762
-0.786449 11.3074 7.43121
4.36044 5.38085 3.25931
-14.0103 -4.80324 -0.479789
-6.14665 6.06388 -30.6242
4.65778 2.75643 1.23404
-7.49171 12.1062 4.10603
-7.24258 -0.978873 -4.10654
7.21936 -5.46672 9.36538
-4.49309 6.20828 -7.77312
4.41874 -3.28403 -2.20758
1.50378 -0.283377 -1.66468
-4.64864 -7.44912 3.04384
1.22797 3.89839 2.20728
6.42276 -21.8576 -5.84924
0.426017 5.17648 8.544
3.0567 -0.615944 12.1786
-4.29209 -2.65419 -5.82255
-2.54426 0.644386 0.432168
-1.18213 0.691682 -2.75573
1.14577 1.46598 -4.76311
2.81986 5.84219 4.93683
3.27318 2.81479 -0.348177
14.8149 3.29744 6.82563
-0.323555 6.60816 1.96294
-2.59658 10.5721 -0.338108
-29.0628 -3.74031 22.3201
8.41467 -5.11247 5.0979
-4.47369 -9.58043 -0.747703
-8.36842 -6.59548 -6.0244
