-5.98324 -0.398993 -3.3605
-2.67882 2.05434 0.984924
-2.02673 -1.21771 0.102903
1.10585 1.27384 0.060977
0.090237 -2.04262 0.499902
2.24337 -0.167049 -2.85967
0.218667 -0.36877 0.233163
2.01831 0.159096 3.15308
3.61261 3.62756 -4.0638
2.03397 0.0740861 -0.966516
-0.942107 0.877872 1.46154
0.220452 1.41419 2.06472
-0.264342 3.80044 -0.76744
-4.07573 -1.19416 -1.03539
1.3156 -4.07307 -5.92881
0.272159 0.605503 -1.39076
0.1061 -1.90172 2.15305
-0.391951 -0.206999 -1.29194
-2.22451 0.371377 -0.857706
-1.24671 2.78549 1.84559
-3.28998 -0.150224 0.625408
0.542636 1.99908 0.209841
1.34938 -2.34862 -1.69786
0.0228483 1.2311 3.89265
2.31587 -2.98315 -0.291288
-1.05036 -2.67675 -5.64159
0.677597 3.5988 -1.82516
-0.252869 -0.617366 2.06174
1.59012 1.24201 5.27452
-6.62722 4.44601 -1.59658
-2.63698 -0.404083 -1.50849
6.2311 -0.263085 -4.64558
-1.73916 -0.416821 0.854777
1.60923 0.100075 -1.65259
-1.75955 -0.595633 4.68897
-2.64981 1.57906 -2.81166
-0.443511 -2.96095 -0.0803748
-0.91766 0.393896 -1.73054
-3.26252 0.978249 3.24638
3.36252 1.38967 7.89352
-1.90232 -0.839916 -4.35502
4.10681 -2.22863 1.27371
-0.788824 -1.12749 3.80677
-3.0129 -0.165122 -3.97419
-3.71691 -0.449185 -1.15156
-0.731739 4.60013 -1.25891
-2.51025 1.36643 1.06747
3.61952 -0.71241 0.425631
4.59475 3.36342 -0.585427
0.86815 -0.297816 2.58763
2.16798 -0.419029 -1.07083
-2.32682 0.0988516 -0.254821
-2.14273 1.29106 1.82829
3.66282 2.51167 0.27577
1.8466 2.20374 0.354844
0.389426 -0.0157373 1.56378
-0.228356 1.48403 0.116971
3.7071 -3.18341 -5.93797
-4.2326 -1.93475 -3.04238
-1.17115 -1.9352 -0.291893
-0.703889 -0.654983 2.1673
-4.96924 -2.2069 4.5648
1.94555 1.5437 0.0355269
1.76816 -1.46224 -0.0978355
1.62335 -5.38883 5.78905
5.15654 3.19239 3.2107
0.868262 -3.38479 -5.03373
-2.25684 -4.43213 -3.16752
-1.94665 1.82324 -2.91369
2.97374 -0.0239283 -2.46133
-0.0733366 1.89114 0.507678
2.25896 1.09182 -1.04546
-5.80393 7.80487 -0.801675
-1.7588 -2.41059 -0.148467
1.15838 4.51822 6.14099
2.74172 0.850564 0.0194202
0.587883 -4.29361 -2.40355
-3.00383 2.30853 0.822951
0.357829 -1.37727 1.12912
0.243502 -1.46644 2.46865
0.237284 1.66015 -1.58233
0.496467 -2.95935 0.158873
-0.757895 -2.37938 -1.13834
-0.734244 -0.169846 -0.71884
1.44842 -1.97619 -6.66483
1.73478 -0.156306 0.599454
0.103014 1.02464 0.190172
-0.28391 -0.39887 0.0543114
-2.68762 1.87928 -0.798632
-0.00252516 0.400455 -0.0600892
-0.231099 -3.45266 -0.317862
-2.94002 -3.23766 -2.30293
3.6412 1.92936 -0.578515
-0.131703 -2.47665 1.61828
-0.952831 0.678382 1.31515
1.60582 -1.44543 1.13447
1.76659 1.2544 1.20822
4.08937 5.36269 2.7211
-0.411845 0.854939 0.734849
2.81886 -1.56377 -4.65174
