-2.65708 5.46927 8.16683
7.48014 2.45743 7.33887
7.23702 -4.59869 -0.558841
-9.65328 1.26554 0.545798
-2.03801 -2.22792 -0.475089
5.15303 3.72089 2.64918
3.46375 -7.81727 -33.2566
10.1174 1.33088 4.69664
-0.638358 0.118205 -2.52641
8.56379 -6.89495 -5.5788
0.0418705 -0.793042 4.37455
3.65251 -1.43741 17.6205
4.68563 -2.11188 -0.973065
-11.5097 13.7341 12.921
1.78246 -6.19359 -7.15017
-0.40734 8.12005 2.06512
2.14411 -3.77848 0.918372
21.3004 -1.95172 -8.46504
-0.880942 -13.7264 7.96698
-4.78511 0.176129 -0.676802
6.67146 -0.965835 3.76896
1.20473 -1.95088 6.07484
-0.976464 10.0554 -3.62083
3.70473 6.63619 -11.7377
2.00483 -0.855382 -10.7565
-3.94392 -3.27743 -2.25336
3.69088 7.03236 -24.0015
0.618745 1.44231 76.469
1.64205 2.95845 12.0865
-5.08703 -8.50747 -14.383
6.6167 8.84062 -12.4867
-9.31686 -5.25194 -20.7619
6.51436 -21.5105 2.86772
2.35196 -1.08211 -5.13926
-5.29857 0.755977 -1.22199
0.716851 -0.227868 -1.37186
-8.89591 1.08509 1.08395
-4.83615 1.79454 0.15308
-10.8032 9.82384 -7.90772
-0.279354 -1.69055 5.38459
0.767095 -6.29105 9.87768
4.72332 -4.50318 4.62538
1.71052 -4.7313 -54.4477
3.67383 -4.51981 -4.06196
9.54054 1.32869 -14.1471
-8.87017 246.437 -3.287
1.37757 -4.06566 -7.81901
-3.76303 -7.69724 1.33132
-4.20721 -1.6742 5.51237
2.01276 -2.03197 -2.90341
-4.39373 0.330598 0.539847
-4.80278 2.00416 -2.42129
-2.13179 -1.51648 -1.68655
-3.60792 1.15748 2.13373
2.26398 -0.404896 -1.27823
-1.49885 -3.64363 -0.223046
-4.67954 -3.11867 -0.381635
-4.1807 11.8691 -4.77989
0.385436 -2.41484 -0.163065
7.1199 -3.7793 -4.09154
-0.974876 -4.18393 -2.45134
1.67155 9.61154 22.3607
9.73735 3.00402 -8.65488
-10.9658 0.10976 0.060804
1.55017 -1.15728 -6.08991
-1.73405 8.06501 41.3685
3.89548 -156.357 11.7598
-2.47084 -11.3491 8.65749
0.880277 6.87909 -9.81931
2.60421 -0.446748 2.96949
-19.0508 2.54395 -10.374
-1.27988 11.5429 7.36833
4.33903 5.37842 3.27723
-14.0064 -4.85211 -0.499246
-6.03931 6.03826 -30.6113
4.65466 2.68789 1.23476
-7.56959 12.0113 4.06066
-7.25167 -1.05367 -4.1299
6.95823 -5.36824 9.32981
-4.46401 6.13415 -7.69752
4.36622 -3.45084 -2.278
1.48432 -0.26648 -1.63277
-4.69536 -7.3421 3.02652
1.23595 3.88777 2.23553
6.43698 -21.851 -5.81595
0.463075 5.17261 8.51648
3.10181 -0.660875 12.2136
-4.26063 -2.72044 -5.98564
-2.55559 0.640958 0.440605
-1.1826 0.712946 -2.78697
1.12186 1.48022 -4.84351
2.81651 5.91695 4.94891
3.31171 2.92337 -0.399798
14.8263 3.30371 6.79796
-0.325572 6.57193 1.97831
-2.53381 10.5794 -0.3687
-29.0625 -3.78713 22.3326
8.42421 -4.99309 5.12215
-4.45437 -9.57777 -0.727827
-8.37595 -6.58442 -6.00597
