-2.60964 5.34874 8.16234
7.48229 2.5239 7.2821
7.28506 -4.56605 -0.552269
-9.52262 1.13645 0.603156
-1.95374 -2.18914 -0.43951
5.15675 3.83422 2.53394
3.59167 -7.88008 -33.2574
9.94519 1.265 4.62443
-0.461003 0.475491 -2.3964
8.7224 -7.18787 -5.56028
-0.250905 -0.940885 4.32906
3.63902 -1.07756 17.7721
4.18868 -2.84308 -0.694317
-11.4929 13.4516 12.957
1.75593 -6.19934 -7.1388
-0.281414 8.34396 2.08949
2.13721 -3.63452 0.857145
21.3361 -1.89842 -8.49852
-0.899178 -13.8141 7.83124
-4.70033 0.181343 -0.63157
6.60832 -0.915446 3.75455
1.30288 -1.86231 6.09272
-1.00514 10.0738 -3.42711
3.403 6.60402 -11.7649
1.30217 -1.92395 -11.1366
-4.01975 -3.35847 -2.1773
4.43521 7.74141 -23.9188
0.796716 1.43884 76.4369
1.59908 2.933 12.0303
-4.52783 -8.44623 -14.3587
6.1561 9.05141 -12.8028
-9.39461 -5.26637 -21.0014
6.28719 -21.015 2.89584
2.47004 -1.0312 -5.19084
-5.29756 0.49106 -1.0958
0.900255 -0.214708 -1.38474
-8.92021 1.08517 1.02278
-4.83745 1.80599 0.234683
-10.7318 10.0891 -7.90471
-0.328807 -1.69445 5.44108
0.235972 -6.07826 9.9031
4.85182 -4.62666 4.70292
1.44372 -4.74104 -54.4482
3.62527 -5.01162 -4.07811
9.42355 1.10904 -14.1989
-8.92307 246.372 -3.55158
1.497 -4.09534 -7.75266
-3.74812 -7.24909 1.36215
-3.92832 -1.40752 5.51822
2.0283 -2.05637 -2.8747
-4.33968 0.275978 0.445468
-4.8099 1.97269 -2.37711
-2.11876 -1.40301 -1.6431
-3.70642 1.16251 2.17343
3.2103 -0.121734 -1.45073
-1.49943 -3.85923 -0.0174214
-4.74213 -3.18999 -0.138386
-4.31418 12.1666 -4.43266
0.316002 -2.6898 -0.0430754
8.35359 -3.59213 -4.28256
-0.998267 -4.27143 -2.47129
2.14276 9.68728 22.3295
9.67786 2.98697 -8.64218
-10.6891 -0.124397 0.414728
1.35223 -1.1441 -6.12303
-1.72893 7.95928 41.3397
3.77703 -156.385 11.6587
-2.76182 -11.2479 8.70026
0.685075 7.22328 -9.72307
2.75934 -0.608917 2.8587
-18.7402 2.69276 -10.3687
-3.07255 11.9723 7.23658
4.27294 5.37052 3.33208
-14.0026 -5.00543 -0.550641
-5.72046 5.94507 -30.5745
4.63967 2.50879 1.24829
-7.82938 11.7441 3.93484
-7.28114 -1.28693 -4.24187
6.16006 -4.21359 9.21291
-4.39467 5.92538 -7.46739
4.19431 -4.08778 -2.48238
1.42713 -0.212928 -1.54443
-4.85948 -7.08365 2.9756
1.2552 3.85755 2.32903
6.48258 -21.8328 -5.71832
0.575053 5.21328 8.38567
3.20604 -0.7922 12.3476
-4.1692 -2.93413 -6.31149
-2.59765 0.620806 0.45417
-1.18213 0.768676 -2.90016
1.04255 1.52257 -4.80875
2.80407 6.08555 4.98791
3.42575 3.25032 -0.544503
14.8565 3.31777 6.73156
-0.335741 6.47694 2.03636
-2.37312 10.6009 -0.463117
-29.1036 -3.90496 22.3595
8.45395 -4.67644 5.20811
-4.40462 -9.57464 -0.666018
-8.40465 -6.55726 -5.9522
