-2.59862 5.30816 8.15677
7.48651 2.54897 7.26243
7.30246 -4.55456 -0.552453
-9.46179 1.09307 0.620921
-1.92801 -2.17501 -0.427191
5.15935 3.87453 2.49693
3.63989 -7.93897 -33.2677
9.83992 1.19271 4.53801
-0.405362 0.592163 -2.35493
8.78411 -7.31333 -5.55541
-0.350062 -0.98221 4.31881
3.63349 -0.894649 17.8357
4.1127 -2.97377 -0.644533
-11.4872 13.3842 12.9673
1.74685 -6.2004 -7.0732
-0.241701 8.438 2.09802
2.13524 -3.58487 0.834247
21.3504 -1.88193 -8.51423
-0.89843 -13.8341 7.78975
-4.67462 0.183217 -0.616682
6.587 -0.895797 3.74716
1.36762 -1.79432 6.13728
-1.01373 10.0835 -3.3973
3.3057 6.59467 -11.7762
1.06517 -2.16682 -10.9699
-4.04799 -3.38125 -2.15321
4.75921 8.13824 -24.0415
0.843297 1.4391 76.4495
1.58425 2.92364 12.0112
-4.37008 -8.42425 -14.3692
6.01906 9.1606 -12.9662
-9.56485 -5.42333 -21.0328
6.22286 -20.9178 2.90858
2.51322 -1.01669 -5.21341
-5.29733 0.414887 -1.05737
0.951669 -0.206714 -1.39391
-8.92764 1.0845 1.00039
-4.83774 1.81183 0.259326
-10.7125 10.1967 -7.91052
-0.344912 -1.69414 5.45943
0.0757291 -6.00702 9.91102
4.90424 -4.66984 4.73465
1.37072 -4.74252 -54.4613
3.61159 -5.18575 -4.08401
9.39201 1.0437 -14.2146
-8.93953 246.292 -3.66448
1.53413 -4.1061 -7.73369
-3.74285 -7.1153 1.37378
-3.84356 -1.31104 5.51873
2.03374 -2.0649 -2.86682
-4.32716 0.260783 0.413258
-4.81092 1.96513 -2.36296
-2.11212 -1.36333 -1.62925
-3.74066 1.16329 2.18664
3.61342 -0.0698768 -1.48849
-1.49637 -3.97225 0.0565324
-4.76532 -3.21344 -0.0386737
-4.36278 12.3081 -4.32586
0.293944 -2.77524 -0.00321167
8.70013 -3.52225 -4.35875
-1.00919 -4.30277 -2.47378
2.30074 9.72474 22.3206
9.65874 2.98245 -8.63969
-10.6059 -0.206227 0.522376
1.29183 -1.13677 -6.13653
-1.71818 7.91942 41.3077
3.72975 -156.539 11.6055
-2.86265 -11.2167 8.70913
0.617892 7.36211 -9.69696
2.81098 -0.669704 2.81741
-18.668 2.7479 -10.3719
-3.86145 12.1473 7.19548
4.25226 5.36958 3.34953
-14.0032 -5.0585 -0.569489
-5.60883 5.9086 -30.5705
4.63206 2.45904 1.25492
-7.92767 11.6732 3.89624
-7.29032 -1.36398 -4.27699
5.96171 -3.89244 9.1575
-4.37133 5.86288 -7.40201
4.1281 -4.27628 -2.62528
1.409 -0.191151 -1.51926
-4.92236 -6.99023 2.95724
1.26101 3.84974 2.36057
6.50037 -21.8272 -5.68746
0.607071 5.27167 8.34925
3.24105 -0.833507 12.3983
-4.14698 -3.0048 -6.41335
-2.61371 0.614011 0.450822
-1.18494 0.787438 -2.94708
1.0171 1.53875 -4.7184
2.80015 6.03132 5.00145
3.46667 3.36571 -0.596805
14.8676 3.32159 6.71279
-0.340111 6.45291 2.057
-2.32262 10.6115 -0.497764
-29.1275 -3.93584 22.3695
8.46494 -4.57966 5.23912
-4.39001 -9.57492 -0.645948
-8.41625 -6.5481 -5.93603
