-2.57191 5.16928 8.12173
7.50302 2.61314 7.20969
7.36111 -4.51904 -0.556256
-9.30055 0.961517 0.669379
-1.86342 -2.11076 -0.401415
5.17669 3.9891 2.38152
3.74638 -7.97363 -33.3844
9.7745 0.862245 3.86164
-0.239671 0.984227 -2.24302
9.00839 -7.7409 -5.54353
-0.627789 -1.0986 4.30533
3.60806 0.0180333 18.0666
3.87472 -3.37019 -0.588203
-11.4806 13.2001 12.9907
1.72681 -6.20312 -6.8379
-0.129162 8.65618 2.12237
2.13366 -3.45977 0.764155
21.4147 -1.835 -8.57515
-0.837593 -13.8926 7.62822
-4.59285 0.164058 -0.566299
6.52577 -0.83512 3.72965
1.40181 -1.50826 6.54637
-1.035 10.1215 -3.29011
3.03034 6.57325 -11.8158
0.245535 -2.67493 -9.72282
-4.13817 -3.45333 -2.08855
5.98074 6.38858 -24.9746
0.964005 1.46937 76.4821
1.53347 2.89429 11.9554
-4.00586 -8.3924 -14.3852
5.71242 9.59451 -13.5752
-10.1205 -5.97985 -21.07
6.05297 -20.6952 2.96012
2.6481 -0.972829 -5.28342
-5.29604 0.20649 -0.963427
1.0882 -0.185833 -1.40642
-8.9442 1.07709 0.936652
-4.83691 1.82874 0.331738
-10.657 10.5504 -7.95896
-0.392247 -1.69699 5.51415
-0.428908 -5.79616 9.93983
5.10246 -4.80385 4.83361
1.21371 -4.74458 -54.5279
3.57473 -4.77037 -4.10549
9.29863 0.846216 -14.2672
-8.99413 246.713 -4.04305
1.64895 -4.13964 -7.68902
-3.72563 -6.87088 1.40825
-3.60703 -0.970862 5.51291
2.05572 -2.09369 -2.84874
-4.30052 0.22057 0.302849
-4.81717 1.93926 -2.32682
-2.07815 -1.26443 -1.57568
-3.83175 1.15571 2.23115
4.73809 0.925223 -1.63564
-1.47886 -4.65199 0.248233
-4.8434 -3.29277 0.198953
-4.52013 12.8929 -3.98977
0.235641 -3.0951 0.106948
8.74052 -3.24531 -4.62277
-1.09359 -4.43929 -2.48126
2.82533 9.87668 22.2975
9.60488 2.96555 -8.63815
-10.3976 -0.434536 0.809435
1.12898 -1.11904 -6.16952
-1.65096 7.79032 41.2472
3.55186 -156.618 11.4894
-3.17764 -11.1295 8.71715
0.415217 7.72087 -9.63208
2.95829 -0.823945 2.64072
-18.4913 2.93207 -10.3926
-5.51125 12.4365 7.04048
4.19422 5.36417 3.40181
-14.0099 -5.28755 -0.644005
-5.28798 5.80009 -30.6089
4.60212 2.3157 1.27042
-8.25444 11.4971 3.74846
-7.32404 -1.8864 -4.43803
5.38725 -3.19976 9.01612
-4.29755 5.6898 -7.2714
3.91521 -4.77408 -3.15245
1.35973 -0.127062 -1.44342
-5.10728 -6.7564 2.9128
1.27609 3.83043 2.45044
6.56789 -21.82 -5.60559
0.743309 5.29022 8.29554
3.36227 -0.934889 12.5457
-4.09471 -3.19958 -6.10752
-2.65523 0.5863 0.430323
-1.18983 0.832222 -3.0958
0.944409 1.58687 -4.38303
2.78927 5.87924 5.04151
3.60652 3.77928 -0.805462
14.9039 3.32405 6.65631
-0.357203 6.3871 2.11313
-2.06245 10.6817 -0.611768
-29.1946 -4.03293 22.4082
8.50214 -4.32229 5.33295
-4.34972 -9.58324 -0.590557
-8.45554 -6.52913 -5.88784
