-5.9647 -0.384194 -3.37894
-2.73427 1.94787 0.996343
-1.96558 -1.22729 0.101692
1.20298 1.34395 0.0624683
0.00086607 -2.06151 0.396657
2.20911 -0.372725 -3.05642
0.219946 -0.324047 0.23819
2.0701 0.0478293 3.26172
3.47613 3.68876 -4.11839
2.08108 0.238348 -0.974293
-1.10971 0.899775 1.50169
0.279985 1.43345 1.99286
-0.265633 3.85305 -0.776212
-4.20314 -1.21286 -0.895386
1.26794 -3.90858 -5.79469
0.272488 0.606314 -1.40387
0.106798 -1.92808 2.25244
-0.363131 -0.209629 -1.30334
-2.16117 0.379411 -0.853337
-1.20921 2.83051 1.88719
-3.15207 0.135742 0.636358
0.550454 2.02134 0.221805
1.28253 -2.39938 -1.7184
0.0210155 1.24528 3.8215
2.2283 -3.0423 -0.295605
-1.06578 -2.71546 -5.57385
0.676644 3.47567 -2.13807
-0.250358 -0.678778 2.09316
1.54792 1.24987 5.4424
-6.57619 4.53992 -1.51567
-2.67835 -0.593755 -1.5282
6.48306 -0.388778 -4.46917
-1.77025 -0.493942 0.86351
1.62454 0.0880336 -1.67361
-1.70032 -0.589074 4.9162
-2.57339 1.58511 -2.75496
-0.448198 -2.91385 -0.0794503
-0.926645 0.388367 -1.80964
-3.59808 0.951053 3.27423
3.46649 1.70775 7.83733
-1.92912 -0.865278 -4.28031
4.32478 -2.25139 1.42095
-0.799356 -0.885427 3.72121
-2.86247 -0.484412 -4.03141
-3.61193 -0.650365 -1.15404
-0.736331 4.14089 -1.47098
-2.56307 1.38454 0.969384
3.57399 -0.7285 0.429504
4.46345 3.4133 -0.58792
0.870113 -0.290758 2.63889
2.21945 -0.300454 -1.13308
-2.35304 0.104296 -0.257124
-2.15459 1.30745 1.76295
3.75651 2.14726 0.284142
1.8831 2.23194 0.531467
0.387734 -0.0138484 1.61694
-0.230244 1.49735 0.124267
3.47612 -3.61837 -5.85159
-4.22956 -1.95613 -1.86064
-1.1807 -1.96882 -0.29559
-0.706922 -0.646867 2.18976
-5.0736 -2.0022 4.38829
1.95688 1.38452 0.235726
1.78708 -1.48269 -0.10093
1.6575 -5.15268 5.62213
5.0604 3.32873 3.02144
0.881162 -3.53451 -5.16209
-2.28895 -4.62364 -2.95514
-1.96924 1.85581 -2.96249
3.01029 -0.0291236 -2.49759
-0.18043 2.00597 0.500682
2.18023 1.22237 -1.06104
-5.97796 7.63558 -0.604619
-1.78705 -2.46524 -0.0794693
1.17037 4.60477 5.88859
2.78375 0.858486 0.02388
0.600652 -4.17955 -2.44627
-2.945 2.33971 0.824729
0.360147 -1.39371 1.14232
0.368515 -1.4669 0.770432
0.237708 1.67889 -1.59759
0.500737 -3.01355 0.156171
-0.762433 -2.41797 -1.15639
-0.740175 -0.174961 -0.728272
1.54664 -2.02424 -6.91544
1.74968 -0.153942 0.613074
0.164068 1.03667 0.0270182
-0.285869 -0.3997 0.0607602
-2.68379 2.10697 -0.562547
-0.00775637 0.404082 -0.0600888
-0.096861 -3.49389 -0.318908
-2.73103 -3.33439 -2.44218
3.6108 1.95534 -0.582656
-0.295663 -2.25293 1.63393
-0.960118 0.685682 1.33597
1.62589 -1.46749 1.15415
1.71294 1.24487 1.09666
4.06701 5.27292 2.76574
-0.486066 0.862537 0.739123
2.84681 -1.60455 -4.57977
