-2.51015 4.89459 8.03417
7.52669 2.75058 7.05866
7.4593 -4.45171 -0.571213
-9.08613 0.787804 0.752135
-1.72852 -2.03087 -0.378385
5.17684 4.15778 2.1592
3.89113 -7.99245 -33.2844
10.0399 0.905084 3.4941
0.0353477 2.02647 -2.0969
9.54327 -8.00717 -5.51284
-1.1444 -1.30746 4.29282
3.58109 1.6879 16.8572
3.47443 -3.75529 -0.660907
-11.5406 13.0025 13.0584
1.69813 -6.19951 -6.55861
0.0444238 8.18836 2.14454
2.1349 -3.27545 0.670029
21.6099 -1.75331 -8.70599
-0.536912 -14.3643 7.57088
-4.45869 0.161513 -0.519906
6.43602 -0.701311 3.71178
1.22744 -1.40661 6.70704
-1.06935 10.2404 -3.13506
2.59701 6.56824 -11.9373
-4.29778 -3.5759 -8.74635
-4.32585 -3.56996 -1.98221
12.0162 5.46588 -24.2687
1.15694 1.52946 76.6749
1.42721 2.89731 11.8783
-3.50062 -8.31915 -14.4883
5.34725 10.5708 -12.6415
-10.6314 -7.10293 -21.168
5.82178 -20.4018 3.04884
2.84083 -0.860661 -5.44818
-5.28913 -0.0811408 -0.808931
1.31284 -0.199967 -1.40331
-8.97032 1.0639 0.833006
-4.83118 1.86492 0.442588
-10.5705 11.465 -8.12455
-0.462422 -1.67284 5.60978
-1.43917 -5.45506 10.0016
5.50465 -4.9924 4.93783
1.00785 -4.73812 -54.4848
3.53194 -3.68121 -4.11555
9.12242 0.528176 -14.3655
-9.12381 247.863 -4.83005
1.88424 -4.18207 -7.65038
-3.69678 -6.54923 1.46913
-3.31417 -0.283953 5.48934
2.11438 -2.141 -2.84279
-4.27637 0.156472 0.121174
-4.84155 1.89967 -2.27779
-2.00603 -1.17523 -1.33972
-3.88403 1.18219 2.29197
5.47492 2.08362 -2.05069
-1.46152 -5.88263 1.40856
-5.03343 -3.4889 0.675894
-4.90891 13.7972 -3.48951
0.165829 -3.821 0.284231
7.60122 -2.84777 -5.26165
-1.27412 -4.62576 -2.61407
3.62903 10.3476 22.2505
9.52705 2.93656 -8.65912
-10.2114 -0.805635 1.14462
0.89107 -1.07995 -6.25306
-1.60469 7.61436 41.2433
3.36296 -156.622 11.3452
-3.83402 -11.0587 8.70064
-0.00205961 7.28762 -9.46582
3.17264 -1.06975 2.29893
-18.2759 3.29301 -10.4679
-4.04125 10.198 6.73376
4.10744 5.35987 3.49276
-14.0359 -5.8314 -0.76197
-4.86407 5.65837 -30.8727
4.54033 2.1415 1.27827
-9.00763 11.3168 3.53681
-7.40822 -3.04648 -4.75226
4.35321 -2.1841 8.81099
-4.18937 5.45521 -7.13771
3.51108 -4.43596 -3.93025
1.29531 -0.00416222 -1.32804
-5.47143 -6.4562 2.79662
1.30555 3.83548 2.5986
6.7094 -21.854 -5.51266
1.11347 5.38278 8.12663
3.64988 -1.08827 12.8622
-4.04627 -3.50986 -5.56428
-2.72838 0.527176 0.358365
-1.21452 0.915567 -3.35356
0.83166 1.6719 -3.93569
2.77069 5.6735 5.12373
3.82126 4.55088 -1.24525
14.8552 3.25403 6.6001
-0.393577 6.30257 2.2275
-1.66181 10.8965 -0.871413
-29.3041 -4.14964 22.4694
8.5776 -3.9329 5.50866
-4.28394 -9.60614 -0.50213
-8.54708 -6.50226 -5.81576
