-2.48705 4.82025 8.01439
7.55008 2.79785 7.01616
7.47791 -4.43885 -0.573143
-9.04381 0.750081 0.769946
-1.69687 -2.01583 -0.374081
5.1702 4.11737 2.07374
3.92256 -7.99624 -33.2502
10.0597 0.920891 3.46961
0.101496 2.23102 -2.07272
9.83389 -7.8723 -5.50964
-1.25577 -1.3666 4.28403
3.57816 1.87363 16.7345
3.42727 -3.87768 -0.713431
-11.5581 12.9781 13.0769
1.69387 -6.19857 -6.50686
0.0845683 8.09182 2.14573
2.13603 -3.24456 0.651078
21.6734 -1.73718 -8.73552
-0.517163 -14.4956 7.57151
-4.42747 0.163903 -0.50652
6.42405 -0.674591 3.71069
1.21817 -1.3905 6.70675
-1.07646 10.2714 -3.10945
2.51202 6.56282 -11.9663
-4.93051 -3.75508 -8.6325
-4.37256 -3.5977 -1.95613
12.657 5.36645 -24.2153
1.20916 1.53867 76.6335
1.40505 2.9103 11.8685
-3.40436 -8.31242 -14.5123
5.29485 10.802 -12.4745
-10.3959 -7.39862 -21.1868
5.7888 -20.3625 3.06802
2.87376 -0.83236 -5.4755
-5.28594 -0.140215 -0.781057
1.35746 -0.212588 -1.39828
-8.97527 1.06054 0.813149
-4.82861 1.87199 0.464101
-10.553 11.4552 -8.17577
-0.472114 -1.66614 5.62916
-1.54896 -5.40962 10.0114
5.58925 -5.031 4.94916
0.970009 -4.73637 -54.4686
3.52775 -3.42987 -4.11652
9.08668 0.45104 -14.394
-9.15051 247.845 -4.9481
1.94504 -4.19664 -7.64668
-3.69027 -6.4876 1.48154
-3.24929 -0.202779 5.4847
2.12695 -2.15383 -2.84598
-4.27277 0.143198 0.0891992
-4.85068 1.88708 -2.27074
-2.01842 -1.19562 -1.26821
-3.89893 1.20088 2.29223
5.60623 2.22067 -2.13693
-1.4617 -5.91453 1.52928
-5.07758 -3.54136 0.775739
-4.99218 13.6329 -3.43581
0.155432 -3.92022 0.30968
7.43343 -2.78848 -5.41859
-1.28179 -4.66369 -2.63945
3.27326 10.4384 22.2458
9.51451 2.92883 -8.66636
-10.1779 -0.876679 1.20445
0.826388 -1.06648 -6.27375
-1.60214 7.58047 41.2451
3.34471 -156.621 11.3299
-3.95655 -11.0755 8.71114
-0.108936 7.19739 -9.40842
3.21341 -1.1232 2.23144
-18.2272 3.48692 -10.4381
-3.89254 10.004 6.66778
4.09263 5.35814 3.51272
-14.0438 -5.98033 -0.782217
-4.80712 5.64451 -30.9444
4.52973 2.10737 1.27806
-9.17988 11.2824 3.4992
-7.43144 -2.95513 -4.85836
4.22311 -2.06243 8.77213
-4.17241 5.40973 -7.11731
3.44155 -4.30714 -3.80038
1.28736 0.0206894 -1.30625
-5.54951 -6.40876 2.77226
1.31492 3.83841 2.62853
6.74022 -21.8742 -5.49975
1.23621 5.5272 8.04514
3.72857 -1.13594 12.9507
-4.03798 -3.57354 -5.47119
-2.74717 0.515063 0.340571
-1.22035 0.931788 -3.40825
0.811441 1.68589 -3.86934
2.76713 5.63419 5.13874
3.864 4.71894 -1.33781
14.816 3.11901 6.63846
-0.399346 6.28624 2.25309
-1.60283 10.9472 -0.928762
-29.3285 -4.16928 22.4679
8.59984 -3.86332 5.54836
-4.26522 -9.60697 -0.484056
-8.57037 -6.50116 -5.8032
