-2.46012 4.73705 7.99243
7.58288 2.84764 6.98467
7.4954 -4.42648 -0.574856
-9.00004 0.711736 0.789271
-1.66418 -2.00051 -0.36998
5.21821 4.06171 2.00775
3.95638 -8.00028 -33.2203
10.0753 0.935689 3.4496
0.171483 2.43647 -2.04925
10.3382 -7.73475 -5.5162
-1.36729 -1.42739 4.27357
3.57586 1.99763 16.6358
3.39328 -4.02794 -0.762616
-11.575 12.9577 13.0951
1.69013 -6.19846 -6.45475
0.127222 7.99853 2.14628
2.13713 -3.21898 0.632311
21.7472 -1.72127 -8.76748
-0.500736 -14.6165 7.57292
-4.39481 0.166339 -0.492547
6.41292 -0.649798 3.71003
1.21272 -1.37375 6.70344
-1.08434 10.304 -3.07973
2.42377 6.55709 -12.0004
-4.84266 -3.91711 -8.53097
-4.43012 -3.65248 -1.90841
12.3243 5.26069 -24.1653
1.27192 1.55665 76.6103
1.38346 2.92895 11.8621
-3.31192 -8.31599 -14.5486
5.24146 11.0611 -12.318
-10.1826 -7.72153 -21.2102
5.75814 -20.3279 3.0888
2.90086 -0.80122 -5.5084
-5.28237 -0.204604 -0.753806
1.40261 -0.228553 -1.39204
-8.97995 1.05696 0.793605
-4.82575 1.8785 0.48589
-10.5374 11.1633 -8.2342
-0.478985 -1.6606 5.6492
-1.65846 -5.3654 10.02
5.67629 -5.06932 4.95807
0.929764 -4.73555 -54.4551
3.52473 -3.16305 -4.11798
9.05213 0.363394 -14.4256
-9.18182 247.846 -5.08117
2.01145 -4.21265 -7.64358
-3.684 -6.42639 1.49424
-3.1886 -0.123023 5.48034
2.13921 -2.16766 -2.84967
-4.2693 0.130051 0.0584208
-4.86168 1.87197 -2.26448
-2.0451 -1.22307 -1.2144
-3.92323 1.22008 2.28968
5.72958 2.35208 -2.22208
-1.46228 -5.85009 1.63179
-5.12208 -3.59623 0.847911
-5.07538 13.4731 -3.38332
0.144051 -4.04141 0.334525
7.26503 -2.73146 -5.57518
-1.2865 -4.70106 -2.66212
2.64943 10.5306 22.253
9.50368 2.92068 -8.67391
-10.1471 -0.947182 1.26487
0.759559 -1.05068 -6.29419
-1.60424 7.54612 41.2538
3.32949 -156.63 11.3208
-4.06936 -11.0916 8.72337
-0.226085 7.11896 -9.35597
3.25257 -1.17757 2.1627
-18.252 3.71852 -10.4378
-3.7592 9.84856 6.60727
4.07824 5.35546 3.53288
-14.0539 -6.02108 -0.799735
-4.75627 5.63396 -31.0188
4.51959 2.07295 1.27782
-9.36456 11.2469 3.46313
-7.45741 -2.8728 -4.97191
4.10328 -1.95032 8.73923
-4.1576 5.36416 -7.09648
3.36886 -4.19126 -3.66743
1.28046 0.0455991 -1.2839
-5.62889 -6.36966 2.74997
1.32518 3.84132 2.65956
6.7716 -21.9009 -5.49008
1.27731 5.7093 7.96492
3.80304 -1.19053 13.0511
-4.0309 -3.63807 -5.38111
-2.76805 0.505416 0.322956
-1.22598 0.945607 -3.46273
0.791619 1.70035 -3.7667
2.763 5.59231 5.15376
3.90336 4.89755 -1.43242
14.8589 2.94992 6.67674
-0.404472 6.26924 2.27934
-1.55073 11.0013 -0.987066
-29.3456 -4.15421 22.431
8.62377 -3.79564 5.5897
-4.24122 -9.60299 -0.475798
-8.59573 -6.50186 -5.79183
