-2.37691 4.43156 7.89366
7.67421 2.9553 6.95702
7.52429 -4.39308 -0.586642
-8.87811 0.579332 0.86263
-1.56695 -1.95652 -0.356569
5.36127 4.14393 1.93189
4.07553 -8.01931 -33.1498
10.1045 0.974864 3.40305
0.401751 3.03904 -1.97788
11.0545 -7.38972 -5.56823
-1.70517 -1.62924 4.23658
3.5836 2.32858 16.4396
3.30678 -4.56838 -0.803235
-11.6195 12.9047 13.1464
1.67762 -6.19933 -6.32487
0.283262 7.71196 2.14755
2.14161 -3.16735 0.577052
21.7985 -1.69514 -8.87502
-0.450688 -15.1372 7.58141
-4.30355 0.17055 -0.446521
6.3764 -0.592255 3.70568
1.2104 -1.32233 6.67888
-1.1091 10.3741 -2.98283
2.16878 6.54259 -12.1121
-4.1386 -3.49978 -8.25591
-4.45578 -3.95722 -1.8732
11.4697 4.63338 -24.0278
1.44777 1.60386 76.6019
1.32814 3.01996 11.8742
-3.08089 -8.31003 -14.7191
5.08705 11.6774 -11.7683
-9.39378 -7.83686 -21.3522
5.67102 -20.2677 3.15372
3.0245 -0.727816 -5.62854
-5.26825 -0.418099 -0.667569
1.50903 -0.294641 -1.38049
-9.00172 1.04594 0.735626
-4.81715 1.8939 0.550381
-10.4922 10.2111 -8.4372
-0.482988 -1.66405 5.7201
-1.84003 -5.24627 10.0451
5.93841 -5.19346 4.97058
0.779659 -4.75553 -54.4292
3.52635 -2.38873 -4.12916
8.97027 0.0150236 -14.5369
-9.29012 247.879 -5.97849
2.2419 -4.27918 -7.63879
-3.66516 -6.25669 1.53545
-2.98858 0.102972 5.46779
2.17072 -2.21514 -2.86393
-4.26065 0.0870761 -0.033946
-4.90383 1.81442 -2.24984
-2.09217 -1.26739 -1.16808
-4.04106 1.273 2.27863
5.34656 2.67548 -2.47548
-1.46107 -5.68418 1.82838
-5.27334 -3.834 1.20252
-5.33911 12.7927 -3.17474
0.109554 -3.77334 0.411698
6.9024 -2.61851 -6.06527
-1.28854 -4.84383 -2.71486
1.43114 10.9189 22.3187
9.47467 2.89681 -8.701
-10.0711 -1.18693 1.45746
0.625512 -1.03828 -6.34848
-1.60308 7.5071 41.2881
3.20765 -156.658 11.2776
-4.38003 -11.0907 8.76189
-0.508919 6.86506 -9.29667
3.38929 -1.39387 1.9485
-18.3097 4.0447 -10.6211
-3.33336 9.33109 6.48314
4.03437 5.3415 3.59517
-14.0981 -5.81247 -0.846684
-4.63701 5.60938 -30.99
4.49399 1.95866 1.27958
-9.07156 11.1379 3.34874
-7.51682 -2.64229 -5.34715
3.86095 -1.70547 8.66439
-4.12162 5.19429 -7.02389
3.1765 -3.95322 -3.02186
1.26114 0.116885 -1.21928
-5.83346 -6.28666 2.69235
1.36241 3.84821 2.7586
6.86722 -22.0508 -5.49014
1.27068 5.86948 7.87045
4.00711 -1.46939 13.3274
-4.01654 -3.84947 -5.12324
-2.8393 0.4882 0.271042
-1.24185 0.975643 -3.62395
0.740717 1.71983 -3.51897
2.74904 5.43112 5.20807
4.05971 5.44847 -1.72633
15.1064 2.7962 6.65818
-0.416581 6.21323 2.36403
-1.32513 11.1543 -1.17136
-29.7244 -4.0568 22.5081
8.71028 -3.61684 5.72658
-4.19211 -9.64854 -0.478077
-8.69001 -6.51635 -5.77555
