-5.94689 -0.369469 -3.39779
-2.79314 1.84093 1.00774
-1.90494 -1.23698 0.100474
1.29957 1.41458 0.0638773
-0.0840782 -2.08075 0.294106
2.19918 -0.464128 -3.26751
0.221013 -0.279379 0.242779
2.12394 -0.0624027 3.36796
3.33763 3.75001 -4.17243
2.12908 0.407305 -0.982739
-1.2995 0.922292 1.54528
0.339102 1.4532 1.92304
-0.266882 3.90696 -0.785417
-4.31512 -1.23167 -0.752961
1.21511 -3.75047 -5.66868
0.272714 0.606894 -1.41698
0.106336 -1.95534 2.33351
-0.334273 -0.212275 -1.31446
-2.09935 0.387396 -0.848689
-1.17742 2.87676 1.92891
-3.02585 0.422984 0.647378
0.557677 2.04382 0.23331
1.21719 -2.45247 -1.7391
0.0191826 1.25936 3.75241
2.14252 -3.10353 -0.299847
-1.07955 -2.75412 -5.51248
0.678111 3.35903 -2.13647
-0.247157 -0.741145 2.1208
1.50584 1.25757 5.49428
-6.3084 4.63829 -1.43366
-2.71971 -0.793863 -1.5478
6.77535 -0.51484 -4.29806
-1.8018 -0.571256 0.872183
1.64035 0.0758718 -1.69549
-1.64072 -0.582167 5.15942
-2.49834 1.59077 -2.69717
-0.453052 -2.86765 -0.0783884
-0.935535 0.382832 -1.88884
-3.9084 0.923936 3.30179
3.53492 1.85832 7.79569
-1.95649 -0.892388 -4.20874
4.2914 -2.27344 1.57309
-0.809033 -0.679598 3.63819
-2.71315 -0.810147 -4.09069
-3.51046 -0.860095 -1.15655
-0.742934 3.73883 -1.6948
-2.61843 1.40256 0.897568
3.531 -0.744044 0.433479
4.33431 3.46482 -0.589779
0.873395 -0.285868 2.68882
2.27264 -0.178119 -1.19815
-2.37966 0.109375 -0.259157
-2.16629 1.32426 1.71006
3.85423 1.78346 0.292055
1.91799 2.26057 0.704211
0.386305 -0.0120167 1.66966
-0.232242 1.51066 0.131629
3.23459 -4.11554 -5.76645
-4.21383 -1.97331 -0.956541
-1.19006 -2.00287 -0.299527
-0.708916 -0.637722 2.21333
-5.20786 -1.79652 4.20238
1.96869 1.23537 0.423668
1.80626 -1.5033 -0.104346
1.6899 -4.9308 5.46119
4.96575 3.46332 2.84111
0.892967 -3.68532 -5.35117
-2.32146 -4.81748 -2.74844
-1.99236 1.88913 -3.00237
3.04874 -0.0344091 -2.53372
-0.266541 2.11708 0.526328
2.10249 1.35909 -1.07625
-6.17603 7.48509 -0.409113
-1.81515 -2.52058 -0.00924942
1.18166 4.69362 5.64539
2.82531 0.866512 0.0284056
0.613318 -4.06675 -2.49304
-2.88982 2.37165 0.826223
0.362895 -1.41029 1.15406
0.496072 -1.47266 -0.495019
0.237836 1.69764 -1.6133
0.505161 -3.06865 0.152596
-0.766862 -2.45735 -1.17521
-0.746019 -0.180144 -0.737525
1.66292 -2.07161 -7.17504
1.76559 -0.151482 0.626634
0.227552 1.04745 -0.130641
-0.287635 -0.400478 0.0673018
-2.67994 2.33925 -0.339282
-0.0129084 0.407696 -0.0599249
0.0309592 -3.53558 -0.320245
-2.50916 -3.43533 -2.59247
3.58083 1.98152 -0.585969
-0.470935 -1.99791 1.64874
-0.967405 0.692967 1.3579
1.64804 -1.48995 1.17307
1.66012 1.23456 1.0103
4.04348 5.18495 2.80785
-0.560553 0.870121 0.743704
2.8768 -1.63912 -4.51102
