-2.33965 4.11011 7.73054
7.73395 3.0206 6.9575
7.49593 -4.38188 -0.615147
-8.78693 0.452427 0.943858
-1.51147 -1.90852 -0.348999
5.43483 4.3073 1.85572
4.21666 -8.0349 -33.1005
10.1267 1.0157 3.37375
0.66181 3.73937 -1.89473
10.8298 -7.10091 -5.58784
-2.09279 -1.81082 4.18711
3.57064 2.79493 16.3774
3.19856 -5.06912 -0.792893
-11.6561 12.8637 13.1939
1.66953 -6.19654 -6.19512
0.514403 7.45665 2.18727
2.14852 -3.1229 0.530777
21.6551 -1.68468 -9.11977
-0.394713 -15.7457 7.60805
-4.24189 0.166425 -0.394057
6.31232 -0.540718 3.70104
1.22267 -1.27251 6.64115
-1.1369 10.5036 -2.86855
1.95922 6.52027 -12.2397
-3.6739 -3.05335 -7.99743
-4.5595 -4.09901 -1.84858
10.9634 4.12454 -23.9651
1.64918 1.64043 76.6215
1.30825 3.14326 11.9467
-2.88774 -8.30931 -14.9064
4.93307 9.031 -11.3312
-8.59308 -6.61437 -21.4897
5.56468 -20.2495 3.21227
3.17993 -0.663236 -5.74597
-5.2528 -0.633533 -0.558767
1.61129 -0.367546 -1.3839
-9.0273 1.03334 0.681054
-4.80907 1.91164 0.618255
-10.478 9.32656 -8.66667
-0.474429 -1.70268 5.81119
-1.43818 -5.12363 10.0748
6.21982 -5.31212 4.96153
0.532372 -4.76413 -54.4327
3.53857 -1.50573 -4.15809
8.89992 -0.353692 -14.6751
-9.36402 247.974 -5.33214
2.51853 -4.37635 -7.64976
-3.65298 -6.08284 1.58669
-2.82203 0.344921 5.45317
2.19805 -2.26331 -2.87942
-4.25206 0.0494181 -0.118847
-4.95383 1.75724 -2.24478
-2.00178 -1.26969 -1.17082
-4.22746 1.3204 2.28408
4.84041 2.99462 -2.71711
-1.45953 -5.51075 1.63713
-5.44053 -4.08551 1.50787
-5.61914 12.38 -2.94457
0.0846239 -2.29293 0.465788
6.70044 -2.47249 -6.26408
-1.2722 -5.02779 -2.7375
0.991956 11.4518 22.3476
9.45483 2.87361 -8.73368
-9.99875 -1.40048 1.67964
0.511628 -1.02955 -6.40998
-1.59406 7.50093 41.344
3.13231 -156.587 11.2592
-4.76302 -11.0986 8.83563
-0.690789 6.58675 -9.296
3.53723 -1.59905 1.84194
-18.2705 4.31048 -10.8058
-2.99516 8.98565 6.41794
3.98546 5.32719 3.66126
-14.1366 -5.63412 -0.896739
-4.52248 5.60288 -30.7675
4.47094 1.84704 1.28185
-8.63275 11.0107 3.20734
-7.57734 -2.38806 -6.20956
3.70152 -1.514 8.60651
-4.09906 5.03664 -6.98575
2.99162 -3.70717 -2.51754
1.22876 0.202394 -1.15728
-6.02072 -6.2145 2.63754
1.42092 3.87088 2.85729
6.9238 -22.4667 -5.55101
1.4422 5.92034 7.82381
4.25313 -1.82285 13.0496
-4.01681 -4.04275 -4.8696
-2.90226 0.490999 0.230123
-1.2517 1.01355 -3.76962
0.704329 1.75229 -3.23298
2.73354 5.2931 5.28276
4.18994 4.46155 -1.95445
15.3382 2.79346 6.6313
-0.436207 6.15007 2.45586
-1.1071 11.5495 -1.36815
-29.9988 -4.26359 22.7157
8.81331 -3.44276 5.89315
-4.16418 -9.72845 -0.470827
-8.80531 -6.54506 -5.77552
