-2.34377 4.0204 7.66839
7.75138 3.037 6.95659
7.48515 -4.39517 -0.639137
-8.76582 0.413494 0.966535
-1.4882 -1.8926 -0.351474
5.45605 4.36317 1.82849
4.25851 -8.03485 -33.0872
10.1339 1.03074 3.3669
0.751315 4.05678 -1.8642
10.7685 -7.00614 -5.59304
-2.25516 -1.85666 4.17417
3.56126 2.76723 16.3643
3.15695 -5.21318 -0.790719
-11.668 12.8509 13.2083
1.66868 -6.19354 -6.15396
0.571565 7.39308 2.20022
2.15045 -3.10759 0.514408
21.6178 -1.68509 -9.43359
-0.376377 -15.631 7.62079
-4.22461 0.165358 -0.381681
6.27501 -0.518151 3.70179
1.22897 -1.25699 6.6268
-1.1488 10.5556 -2.8343
1.89373 6.51741 -12.319
-3.55177 -2.90856 -7.92686
-4.60764 -4.14287 -1.82979
10.8125 3.98909 -23.9617
1.69746 1.65333 76.6462
1.31106 3.18194 11.9802
-2.82803 -8.30884 -14.9759
4.88125 7.87326 -11.2188
-8.38193 -6.07498 -21.5204
5.52826 -20.2455 3.22663
3.23292 -0.641325 -5.78989
-5.24854 -0.705582 -0.524195
1.64805 -0.391266 -1.38678
-9.03638 1.03114 0.66062
-4.80683 1.91946 0.639768
-10.4841 9.14173 -8.75095
-0.472374 -1.72347 5.84229
-1.32022 -5.07882 10.0829
6.3164 -5.34357 4.94859
0.352538 -4.7606 -54.4388
3.5472 -1.31308 -4.1801
8.87816 -0.456647 -14.7325
-9.4119 247.953 -5.21951
2.62603 -4.41988 -7.65663
-3.65315 -6.03031 1.60444
-2.77822 0.441148 5.44619
2.20634 -2.27901 -2.88494
-4.24949 0.0379749 -0.147267
-4.96999 1.74032 -2.24565
-1.93133 -1.28003 -1.18332
-4.292 1.33588 2.28626
4.68739 2.97193 -2.80156
-1.46061 -5.44992 1.57377
-5.5123 -4.16478 1.62061
-5.76989 12.2951 -2.87761
0.0705756 -1.65803 0.486226
6.63506 -2.40445 -5.60041
-1.2636 -5.09687 -2.74535
0.817074 11.4913 22.3556
9.45081 2.8677 -8.7473
-9.97701 -1.46807 1.75136
0.474416 -1.02192 -6.43804
-1.59066 7.49722 41.3793
3.09818 -156.593 11.2489
-4.89162 -11.1003 8.85258
-0.742987 6.50734 -9.30405
3.58725 -1.65457 1.81053
-18.2567 4.40644 -10.8748
-2.89645 8.91291 6.39519
3.96662 5.32401 3.68184
-14.1483 -5.57398 -0.915742
-4.48339 5.60541 -30.7124
4.46291 1.81262 1.28208
-8.43581 10.9638 3.14339
-7.60617 -2.28638 -6.46876
3.65752 -1.44533 8.58779
-4.09504 4.99814 -6.9689
2.94578 -3.62352 -2.28225
1.2144 0.234307 -1.14118
-6.08006 -6.18576 2.61636
1.43844 3.87657 2.88217
6.987 -22.714 -5.56483
1.5165 5.95488 7.82409
4.34437 -1.95471 12.9631
-4.02305 -4.10417 -4.79557
-2.9228 0.497743 0.216345
-1.25535 1.02893 -3.82065
0.691908 1.7657 -3.16765
2.72819 5.25305 5.30905
4.22059 3.8827 -2.02535
15.4996 2.79941 6.63053
-0.443451 6.12916 2.47962
-1.04485 11.7879 -1.45954
-29.7918 -4.35257 22.8089
8.84867 -3.38275 5.95054
-4.15717 -9.75877 -0.470909
-8.84852 -6.55186 -5.77562
