-2.41322 3.791 7.46532
7.82461 3.10595 6.9549
7.55179 -4.42217 -0.740987
-8.6888 0.272186 1.0474
-1.38829 -1.82971 -0.355976
5.54204 4.62835 1.71281
4.50529 -8.13045 -33.106
10.1627 1.09374 3.34936
1.11558 4.4991 -1.72906
10.5575 -6.75802 -5.59582
-3.11808 -2.14612 4.17358
3.52521 2.09117 16.3396
2.9881 -4.65242 -0.770886
-11.7175 12.7831 13.2613
1.69596 -6.18952 -5.96978
0.779105 7.17177 2.24986
2.16149 -3.04339 0.444993
21.5377 -1.68163 -10.6336
-0.314962 -15.2088 7.65812
-4.14681 0.17463 -0.323175
6.07839 -0.339773 3.83146
1.26246 -1.20407 6.56849
-1.20359 10.7597 -2.66956
1.65135 6.50848 -12.6573
-3.0446 -2.28863 -7.66247
-4.82212 -4.36425 -1.73338
10.4021 3.56396 -23.9446
1.89849 1.69327 76.8174
1.34677 3.29651 12.1167
-2.58671 -8.31171 -15.3038
4.74721 4.92851 -10.9054
-7.84661 -3.16631 -21.8211
5.38948 -20.2413 3.26496
3.45584 -0.553629 -6.01384
-5.23175 -0.717432 -0.38133
1.80354 -0.492387 -1.39496
-9.08154 1.02097 0.589499
-4.80065 1.95196 0.727736
-10.4858 8.71852 -9.05867
-0.473641 -1.82729 5.95088
-0.874511 -4.9238 10.131
6.70112 -5.31742 4.90004
-0.0775745 -4.76703 -54.5385
3.60928 -0.239712 -4.30447
8.78976 -0.805929 -14.9889
-9.73758 248.071 -3.49624
3.13567 -4.62768 -7.61444
-3.67175 -5.82583 1.67524
-2.63648 0.819184 5.41014
2.23809 -2.33619 -2.90806
-4.23989 -4.37415e-05 -0.273234
-5.02483 1.68491 -2.25629
-1.5333 -1.52685 -1.52926
-4.55663 1.38349 2.29769
4.15136 2.34968 -3.13573
-1.48739 -5.21132 1.309
-5.80965 -4.44974 1.48297
-6.19175 12.0736 -2.58826
0.00439384 0.00315803 0.620761
6.31824 -2.10348 -3.36334
-1.23511 -5.32728 -2.80174
0.065858 10.9158 22.4441
9.43775 2.85018 -8.809
-9.8955 -1.72036 2.04923
0.324115 -0.990268 -6.57797
-1.57577 7.47849 41.5324
3.00053 -156.676 11.2167
-5.38487 -11.0983 8.92823
-0.989636 6.14527 -9.3766
3.79022 -1.75132 1.71653
-18.1577 4.82133 -11.1632
-2.52442 8.70966 6.3104
3.87442 5.32874 3.78295
-14.1936 -5.35129 -1.00308
-4.31653 5.62054 -30.5587
4.43554 1.64931 1.28557
-7.59121 10.8733 2.91249
-7.7441 -1.72669 -8.37948
3.48474 -1.13526 8.50401
-4.07853 4.85924 -6.8796
2.8404 -3.3174 -0.839409
1.15082 0.355324 -1.08715
-6.32805 -6.06804 2.53113
1.48905 3.87415 3.01089
7.30507 -22.6438 -5.57492
1.73931 6.07824 7.84777
4.78636 -2.33384 12.6846
-4.05556 -4.35024 -4.5543
-3.00176 0.524974 0.164696
-1.26282 1.09258 -4.04325
0.654172 1.83118 -2.89575
2.71498 5.03604 5.43766
4.35001 2.42338 -2.30681
15.6095 2.81447 6.6349
-0.448964 6.06923 2.58177
-0.775601 11.6762 -1.82217
-29.3523 -4.64884 23.4762
9.01781 -3.13742 6.20864
-4.13249 -9.89859 -0.480557
-9.05679 -6.57726 -5.79602
