-2.46209 3.73428 7.40683
7.85944 3.14385 6.95853
7.58596 -4.42686 -0.764906
-8.65366 0.218823 1.08433
-1.33392 -1.79818 -0.358285
5.58757 4.77644 1.64411
4.65632 -8.18836 -33.1328
10.1729 1.12067 3.34456
1.27979 4.13349 -1.68517
10.4718 -6.67338 -5.59381
-3.73935 -2.31077 4.1715
3.51459 1.86658 16.3347
2.90354 -4.34921 -0.762648
-11.7731 12.7404 13.2768
1.73431 -6.20958 -5.87524
0.879677 7.11489 2.27404
2.16811 -3.01488 0.405434
21.5274 -1.68259 -10.4852
-0.290572 -15.0375 7.65936
-4.10817 0.182907 -0.290121
6.06736 -0.260304 3.92329
1.28339 -1.18446 6.54141
-1.27968 10.7645 -2.54354
1.54389 6.50782 -12.9001
-2.76926 -1.94712 -7.56801
-4.93652 -4.49245 -1.69956
10.2519 3.34266 -23.9227
2.06384 1.7194 76.7487
1.36824 3.33255 12.1751
-2.4539 -8.31315 -15.3709
4.70023 4.13073 -10.8118
-7.64771 -2.50492 -21.2123
5.32946 -20.2527 3.27795
3.54632 -0.515216 -6.1406
-5.22321 -0.494585 -0.307213
1.88587 -0.552474 -1.39747
-9.10667 1.01483 0.551223
-4.80081 1.96638 0.771829
-10.4571 8.56398 -9.18685
-0.478507 -1.88253 5.99188
-0.652974 -4.85873 10.1625
6.97931 -5.33926 4.92378
-0.172165 -4.77867 -54.5762
3.63762 0.183175 -4.37434
8.73006 -0.995307 -15.1656
-9.89728 248.164 -3.17717
3.47048 -4.71914 -7.59489
-3.68467 -5.73522 1.70674
-2.58083 1.00377 5.3962
2.25388 -2.36277 -2.91918
-4.24183 -0.0275146 -0.306453
-5.04576 1.66201 -2.26396
-1.5196 -1.64067 -1.77783
-4.69907 1.4041 2.30619
3.93172 2.03058 -3.38955
-1.61413 -5.22204 1.12036
-5.97094 -4.58842 1.27029
-6.36895 12.0029 -2.45841
0.0350532 0.603963 0.612288
6.17174 -2.00114 -3.08138
-1.22812 -5.4531 -2.83887
-0.287813 10.652 22.5216
9.43448 2.84388 -8.84271
-9.86529 -1.84229 2.19597
0.243763 -0.976219 -6.67191
-1.56096 7.47715 41.437
2.9771 -156.64 11.1702
-5.6349 -11.0982 8.97631
-1.16452 6.02056 -9.41934
3.88675 -1.74662 1.65039
-17.8849 5.25651 -11.2539
-2.35439 8.63477 6.25704
3.83288 5.35747 3.86144
-14.2219 -5.26282 -1.06274
-4.22963 5.61953 -30.5028
4.42295 1.57064 1.28568
-7.17759 10.9101 2.7651
-7.84257 -1.38751 -8.35373
3.40965 -0.999475 8.46145
-4.06608 4.79446 -6.83109
2.80122 -3.19039 -0.496444
1.12028 0.412594 -1.0663
-6.47602 -6.01121 2.48707
1.52272 3.87247 3.09724
7.45441 -22.3718 -5.56437
1.85297 6.11745 7.85561
5.02429 -2.49359 12.6009
-4.06102 -4.49109 -4.46379
-3.0337 0.540964 0.135133
-1.26158 1.1201 -4.18384
0.632868 1.87242 -2.83116
2.71204 4.8907 5.51793
4.43413 2.13049 -2.5205
15.4243 2.81526 6.62559
-0.445665 6.04341 2.64621
-0.642429 11.5227 -2.08876
-29.2577 -4.76073 23.7808
9.12848 -3.02805 6.33342
-4.12103 -9.97948 -0.485834
-9.21976 -6.65904 -5.72019
