-2.48859 3.7163 7.38583
7.87559 3.16302 6.96166
7.60565 -4.44669 -0.776457
-8.63648 0.192514 1.10232
-1.3066 -1.78202 -0.360325
5.6114 4.85467 1.61246
4.72711 -8.21854 -33.1393
10.1718 1.13002 3.3397
1.35888 3.9733 -1.66673
10.4324 -6.63892 -5.59148
-4.15225 -2.3945 4.16845
3.51144 1.77709 16.332
2.86062 -4.2054 -0.757498
-11.8191 12.7252 13.2832
1.75259 -6.22543 -5.83804
0.930433 7.09001 2.28568
2.17109 -3.00092 0.384785
21.5261 -1.68263 -10.4159
-0.279922 -14.9586 7.6562
-4.08978 0.188092 -0.274052
6.07305 -0.236854 3.94879
1.29403 -1.17621 6.52811
-1.48243 10.6598 -2.39676
1.49478 6.50867 -12.908
-2.63805 -1.78471 -7.52787
-4.99883 -4.56264 -1.68637
10.1855 3.23248 -23.9149
2.13962 1.73511 76.7277
1.37784 3.34747 12.2007
-2.39028 -8.31176 -15.2737
4.67922 3.80366 -10.7753
-7.55414 -2.26573 -21.0106
5.30194 -20.2614 3.28424
3.60658 -0.496763 -6.21986
-5.21853 -0.385899 -0.268408
1.9233 -0.583615 -1.40079
-9.12136 1.01308 0.529816
-4.80316 1.97325 0.791451
-10.4437 8.50648 -9.24506
-0.481898 -1.90784 6.00819
-0.544303 -4.82911 10.1785
7.14489 -5.3547 4.92918
-0.212309 -4.78116 -54.5336
3.65021 0.374145 -4.4082
8.70406 -1.10367 -15.2793
-10.0054 248.236 -2.99638
3.70699 -4.76605 -7.58805
-3.69171 -5.69124 1.72199
-2.55347 1.09797 5.39217
2.26168 -2.37564 -2.92519
-4.25179 -0.0547084 -0.325273
-5.05466 1.65212 -2.26842
-1.54035 -1.66436 -1.86327
-4.77526 1.41455 2.30876
3.83419 1.8522 -3.5499
-1.65004 -5.30538 1.0562
-6.05831 -4.66401 1.12326
-6.45575 11.973 -2.40617
0.286801 1.02659 0.484496
6.105 -1.96372 -2.94998
-1.22596 -5.51915 -2.85842
-0.442333 10.5307 22.5725
9.43273 2.84246 -8.86151
-9.85313 -1.90179 2.27877
0.20573 -0.969407 -6.73286
-1.54518 7.4902 41.3993
2.97596 -156.623 11.1242
-5.76504 -11.098 8.9973
-1.26562 5.96535 -9.43918
3.94393 -1.74904 1.61112
-17.8044 5.63347 -11.3825
-2.26927 8.60532 6.22201
3.82439 5.37607 3.90324
-14.2386 -5.21936 -1.09574
-4.1858 5.61581 -30.4836
4.41738 1.53241 1.28571
-7.00901 10.9772 2.67636
-7.89161 -1.20598 -8.16683
3.37205 -0.926784 8.43867
-4.05791 4.76188 -6.80914
2.78754 -3.12852 -0.416351
1.10451 0.44141 -1.05924
-6.56392 -5.98296 2.46443
1.54198 3.87248 3.13295
7.52622 -22.2827 -5.56091
1.91101 6.13567 7.85976
5.1392 -2.57128 12.5788
-4.0581 -4.5659 -4.41557
-3.05251 0.549255 0.120072
-1.26012 1.13378 -4.26361
0.617617 1.89334 -2.80158
2.71156 4.82507 5.5629
4.49723 1.98863 -2.58495
15.3496 2.81803 6.61867
-0.442983 6.03193 2.67698
-0.576152 11.4776 -2.18301
-29.2269 -4.81636 23.6418
9.1891 -2.97917 6.39386
-4.11522 -10.0219 -0.487676
-9.33335 -6.7238 -5.6412
