-2.51766 3.70381 7.36923
7.89106 3.18203 6.96573
7.64135 -4.46527 -0.795489
-8.62068 0.166527 1.11901
-1.2815 -1.76561 -0.362295
5.63385 4.93624 1.58129
4.79431 -8.25291 -33.144
10.1638 1.13399 3.33212
1.43491 3.81871 -1.64983
10.3917 -6.60791 -5.58971
-4.71973 -2.47969 4.16459
3.50922 1.69835 16.3284
2.81534 -4.0596 -0.750648
-11.8727 12.717 13.2961
1.76566 -6.24214 -5.80759
0.979389 7.06691 2.29705
2.17356 -2.98688 0.362086
21.5255 -1.68032 -10.3512
-0.27161 -14.8826 7.64979
-4.0739 0.193566 -0.257553
6.07889 -0.220226 3.96346
1.30381 -1.16902 6.51514
-1.89189 10.6761 -2.23636
1.44471 6.51206 -12.8062
-2.52309 -1.63186 -7.49146
-5.06735 -4.63493 -1.67308
10.1199 3.12824 -23.9008
2.20307 1.75513 76.7142
1.38559 3.36082 12.2243
-2.32633 -8.31019 -15.1876
4.65687 3.51095 -10.7446
-7.47427 -2.05683 -20.8545
5.27149 -20.2718 3.29051
3.66468 -0.478221 -6.29994
-5.21416 -0.278073 -0.233199
1.95635 -0.61456 -1.40451
-9.13852 1.01151 0.506463
-4.80849 1.97963 0.809012
-10.4428 8.45872 -9.31224
-0.487238 -1.93062 6.02181
-0.438679 -4.80049 10.1949
7.32427 -5.36991 4.93542
-0.255442 -4.78238 -54.5116
3.66143 0.560271 -4.44478
8.68808 -1.21704 -15.4178
-10.0763 248.218 -2.86781
4.04032 -4.81214 -7.58333
-3.69995 -5.64716 1.73706
-2.52701 1.19319 5.38926
2.26892 -2.38831 -2.93129
-4.26111 -0.0807957 -0.35626
-5.0636 1.64341 -2.27345
-1.56418 -1.67491 -1.93031
-4.86148 1.42495 2.31075
3.7444 1.69383 -3.69079
-1.63055 -5.30442 0.728102
-6.15263 -4.73072 0.981461
-6.54929 11.9455 -2.3596
0.831745 1.26281 0.333157
6.0394 -1.92763 -2.82437
-1.22492 -5.58735 -2.88061
-0.579806 10.4257 22.6331
9.43033 2.84213 -8.88173
-9.84307 -1.95945 2.35848
0.165866 -0.962331 -6.81111
-1.53132 7.50238 41.3774
2.95046 -156.655 11.1112
-5.7574 -11.0983 9.0152
-1.37892 5.91755 -9.45865
4.0056 -1.75726 1.56944
-17.8384 5.84626 -10.845
-2.18808 8.58743 6.18513
3.82261 5.39183 3.94105
-14.2596 -5.17483 -1.12996
-4.14799 5.61059 -30.4683
4.41211 1.49541 1.28613
-6.89211 11.0474 2.59761
-7.95295 -1.02765 -7.9907
3.32999 -0.845057 8.41582
-4.04931 4.72806 -6.78915
2.76782 -3.06553 -0.335972
1.08702 0.470391 -1.05464
-6.57054 -5.95522 2.44039
1.56105 3.87276 3.16645
7.59542 -22.2092 -5.55863
1.96791 6.15373 7.86536
5.24393 -2.64099 12.563
-4.05266 -4.64303 -4.37152
-3.07385 0.557438 0.103712
-1.25892 1.14812 -4.36031
0.600315 1.91407 -2.77352
2.71107 4.76413 5.6102
4.56935 1.85445 -2.65046
15.2816 2.82221 6.61147
-0.440152 6.02132 2.70679
-0.516185 11.4466 -2.26654
-29.2032 -4.87334 23.5212
9.25075 -2.93217 6.45457
-4.10993 -10.0651 -0.489045
-9.40044 -6.73328 -5.65207
