-2.6409 3.691 7.33992
7.96931 3.27048 6.99193
7.8542 -4.4515 -0.903197
-8.567 0.0571949 1.17616
-1.19338 -1.70544 -0.367101
5.72719 5.28755 1.45793
5.0283 -8.35535 -33.1742
10.1672 1.08918 3.26802
1.7375 3.18309 -1.59167
10.2435 -6.50982 -5.62626
-11.8811 -2.91103 4.29013
3.50415 1.44167 16.3068
2.6206 -3.57736 -0.700839
-12.0629 12.7106 13.4278
1.76876 -6.29273 -5.71295
1.16515 6.98344 2.34099
2.18252 -2.93118 0.264266
21.5275 -1.65244 -10.1056
-0.26839 -14.624 7.60023
-4.02438 0.209516 -0.187817
6.09847 -0.187631 3.96322
1.33508 -1.15036 6.47151
-2.45926 5.37246 -2.12151
1.22666 6.51385 -12.4565
-2.12788 -1.06564 -7.37156
-5.3982 -4.92977 -1.6173
9.88928 2.75137 -23.9209
2.47892 1.81579 76.7191
1.40824 3.40152 12.3087
-2.09664 -8.31116 -14.8942
4.55667 2.72621 -10.6801
-7.20775 -1.38654 -20.4721
5.14241 -20.3362 3.32419
3.8921 -0.41447 -6.63065
-5.19778 0.177489 -0.133518
2.0543 -0.723373 -1.42236
-9.2255 1.00525 0.417458
-4.85315 1.99738 0.878227
-10.5097 8.27236 -10.3788
-0.528959 -1.98493 6.06542
-0.00229919 -4.68798 10.2827
8.23163 -5.46018 4.97862
-0.873148 -4.7691 -54.4567
3.70443 1.35521 -4.61085
8.67857 -1.64288 -14.6526
-10.4918 248.38 -2.38219
8.54589 -4.94684 -7.69134
-3.74876 -5.47107 1.80073
-2.4273 1.5819 5.37919
2.2982 -2.4411 -2.95928
-4.26307 -0.124824 -0.490416
-5.10067 1.61304 -2.2972
-1.63798 -1.66405 -2.11226
-5.36489 1.46517 2.31776
3.46199 1.05526 -4.28442
-1.60006 -5.13999 -0.168669
-6.62888 -5.01025 0.420402
-7.04547 11.8462 -2.18373
1.45431 9.22554 0.431102
5.80815 -1.79551 -2.31392
-1.23381 -5.89312 -2.99936
-1.05344 10.1076 23.0377
9.42312 2.84454 -8.97694
-9.8098 -2.21433 2.62729
0.00152228 -0.941163 -7.12352
-1.52361 7.49022 41.3196
2.86141 -156.58 11.1025
-4.09175 -11.1456 9.07347
-1.84764 5.75446 -9.52715
4.297 -1.85547 1.38761
-17.9026 6.46311 -9.14093
-1.87573 8.50335 6.09686
3.81371 5.41674 4.06422
-14.3803 -4.99313 -1.276
-4.03127 5.58529 -30.4368
4.38175 1.35262 1.28246
-6.61955 11.1732 2.32771
-8.18989 -0.311295 -7.35547
3.13162 -0.522836 8.33738
-3.99978 4.55814 -6.73518
2.67398 -2.78475 -0.0227699
1.0146 0.585325 -1.04144
-6.27911 -5.85893 2.3479
1.62874 3.87351 3.29115
7.90858 -21.9904 -5.56064
2.18822 6.26385 7.90554
5.60918 -2.90959 12.501
-4.01281 -4.82891 -4.22995
-3.16337 0.588638 0.02802
-1.25822 1.21123 -4.83485
0.534973 2.00666 -2.66645
2.71151 4.56614 5.75603
4.98702 1.36652 -2.99782
15.0733 2.84607 6.58875
-0.427636 5.98487 2.81338
-0.282323 11.3594 -2.55571
-29.1329 -5.16182 23.1661
9.56755 -2.75111 6.73084
-4.08976 -10.2484 -0.490869
-9.77433 -6.83033 -5.724
