-2.66983 3.69556 7.3417
7.98981 3.30142 6.9975
7.91832 -4.44188 -0.930479
-8.55625 0.0212579 1.18971
-1.16818 -1.69164 -0.368967
5.75119 5.37485 1.42928
5.13622 -8.31166 -33.098
10.2023 1.07224 3.25026
1.80442 3.0133 -1.57725
10.2138 -6.48382 -5.63816
-11.7752 -3.02005 4.36616
3.50223 1.38606 16.3013
2.56715 -3.47313 -0.692278
-12.1035 12.7069 13.4729
1.76238 -6.30137 -5.68977
1.20556 6.96376 2.35202
2.18444 -2.91793 0.240963
21.5297 -1.6429 -10.0529
-0.268723 -14.5771 7.59034
-4.01285 0.212516 -0.171984
6.10282 -0.182725 3.9557
1.34205 -1.14665 6.46544
-2.52235 4.5446 -2.11197
1.16475 6.51797 -12.3812
-2.04187 -0.925518 -7.34398
-5.50322 -5.00179 -1.60124
9.83413 2.67823 -23.9384
2.53393 1.82058 76.7361
1.41385 3.40939 12.3284
-2.03284 -8.31692 -14.8286
4.52635 2.60014 -10.6675
-7.1582 -1.26145 -20.4081
5.10979 -20.3574 3.33688
3.96145 -0.401096 -6.7292
-5.19494 0.298837 -0.109037
2.07482 -0.74262 -1.42954
-9.2514 1.00501 0.395731
-4.86983 2.00131 0.896634
-10.531 8.22595 -10.5603
-0.544488 -1.98778 6.0832
0.119159 -4.65354 10.3036
8.37059 -5.48931 4.99423
-0.98512 -4.76828 -54.455
3.71694 1.59039 -4.65167
8.67722 -1.75494 -14.5228
-10.6083 248.386 -2.3042
8.62337 -4.97993 -7.75268
-3.76859 -5.42823 1.81654
-2.4092 1.6816 5.3766
2.30505 -2.45506 -2.96775
-4.26222 -0.134531 -0.521364
-5.10951 1.60653 -2.30318
-1.65208 -1.65477 -2.14714
-5.50751 1.47576 2.31833
3.40198 0.923182 -4.42064
-1.59688 -5.09539 -0.261818
-6.78356 -5.0832 0.274632
-7.24349 11.8242 -2.13627
1.4889 10.2758 0.482736
5.7566 -1.76278 -2.17815
-1.24126 -5.98475 -3.03012
-1.18222 10.0597 23.2196
9.42333 2.84506 -9.00283
-9.80217 -2.24468 2.68707
-0.0387992 -0.936064 -7.2047
-1.52399 7.48291 41.3056
2.83931 -156.582 11.105
-3.7466 -11.1532 9.1017
-1.9763 5.72118 -9.54297
4.33311 -1.95456 1.24507
-17.9169 6.65937 -8.98567
-1.79608 8.47182 6.07784
3.80842 5.41822 4.09413
-14.42 -4.94549 -1.30871
-4.00938 5.58209 -30.4372
4.37149 1.31986 1.28059
-6.56807 11.194 2.26142
-8.26015 -0.143254 -7.21602
3.08081 -0.44884 8.32658
-3.98209 4.50271 -6.73189
2.64526 -2.70793 0.0570702
0.995939 0.614745 -1.0386
-6.21514 -5.83588 2.32675
1.64352 3.87258 3.32279
8.01598 -21.9479 -5.56437
2.23538 6.29472 7.91826
5.69326 -2.97524 12.4943
-4.00127 -4.67962 -4.19588
-3.18682 0.598374 0.00958078
-1.26053 1.2263 -4.95162
0.517954 2.03601 -2.63947
2.7127 4.52203 5.79372
5.12491 1.25542 -3.09673
15.0326 2.85034 6.58136
-0.42432 5.97429 2.84033
-0.223532 11.3408 -2.62271
-29.1153 -5.26441 23.1058
9.68471 -2.7028 6.81157
-4.0842 -10.2987 -0.489584
-9.90576 -6.8467 -5.74936
