-2.79912 3.75005 7.37208
8.05619 3.44379 7.00409
8.29931 -4.41311 -1.03641
-8.51599 -0.129719 1.24188
-1.063 -1.64369 -0.369097
5.87615 5.72326 1.31765
5.83129 -8.34019 -33.3593
10.4486 1.03285 3.1971
2.16529 2.29072 -1.51203
10.1196 -6.36226 -5.69835
-10.4901 -3.38749 4.39108
3.47996 1.16528 16.27
2.40647 -2.83619 -0.64115
-12.3028 12.6659 13.7638
1.72021 -6.32733 -5.60965
1.37953 6.89104 2.39112
2.19229 -2.86626 0.141307
21.5422 -1.60032 -9.91607
-0.218206 -14.4249 7.58999
-3.96666 0.228461 -0.111478
6.11334 -0.159325 3.90999
1.39313 -1.0959 6.44094
-2.75867 4.23279 -2.083
0.796662 6.56171 -12.1395
-1.67633 -0.320461 -7.23909
-5.97147 -5.31974 -1.53052
9.6961 2.44138 -24.0593
2.78308 1.85595 77.005
1.43452 3.43882 12.4059
-1.82337 -8.35992 -14.5919
4.4102 2.17604 -10.6271
-6.99018 -0.786596 -20.2198
4.99051 -20.4499 3.38473
4.18153 -0.37188 -7.46915
-5.19038 0.867975 -0.0189131
2.20506 -0.777824 -1.47686
-9.381 1.00653 0.310162
-4.9607 2.01558 0.969184
-10.6352 8.07116 -10.5804
-0.599519 -2.0163 6.20751
0.5741 -4.55471 10.3828
8.41298 -5.64579 5.05288
-1.33813 -4.76897 -54.4374
3.80256 2.6038 -4.8476
8.67663 -2.28326 -14.2169
-9.11833 248.525 -1.78075
7.87162 -5.16385 -7.81971
-3.85624 -5.27574 1.85693
-2.31087 2.10904 5.3648
2.34535 -2.51354 -3.00473
-4.25871 -0.176844 -0.650704
-5.14516 1.58547 -2.32967
-1.69464 -1.61224 -2.28005
-6.68887 1.50719 2.37068
2.97358 0.452155 -4.97051
-1.5869 -4.91445 -0.826735
-7.06824 -5.4808 -0.317431
-8.09858 11.7933 -1.88824
1.58127 9.58821 0.681046
5.56028 -1.63499 -1.65642
-1.26237 -6.41005 -3.18499
-2.93279 9.94799 23.746
9.42777 2.84711 -9.11882
-9.77266 -1.97747 2.91519
-0.241994 -0.916842 -7.56924
-1.51761 7.40698 41.2654
2.73984 -156.784 11.1088
-2.466 -11.2011 9.13528
-2.3615 5.60471 -9.61565
4.66933 -2.18267 1.21225
-18.0427 7.64302 -8.44747
-1.35399 8.31826 6.02611
3.77737 5.41901 4.21178
-14.6048 -4.74986 -1.43504
-3.95466 5.57845 -30.4925
4.34082 1.19919 1.26448
-6.38066 11.2841 2.0487
-8.8415 0.495373 -6.71864
2.91043 -0.12801 8.25972
-3.92122 4.2903 -6.79046
2.50956 -2.3847 0.374758
0.921368 0.726981 -1.02511
-5.9717 -5.74587 2.24137
1.6903 3.87709 3.46439
9.25804 -21.7991 -5.60994
2.40892 6.37827 7.94755
5.55391 -3.20957 12.4495
-3.95199 -4.30032 -4.06457
-3.285 0.634223 -0.0698561
-1.2784 1.28046 -4.87117
0.435058 2.175 -2.54327
2.71645 4.39039 5.93151
5.74165 0.786554 -3.54099
14.9233 2.85784 6.56852
-0.412993 5.93738 2.94674
0.0216303 11.2749 -2.92094
-29.0909 -5.6728 22.972
10.1442 -2.4836 7.21451
-4.02455 -10.5098 -0.474417
-10.5453 -6.90106 -5.85908
