-2.83707 3.77087 7.37276
8.07156 3.4808 7.00327
8.57496 -4.40814 -1.06432
-8.50679 -0.166465 1.25427
-1.03256 -1.6336 -0.368488
5.91196 5.81109 1.2894
6.00099 -8.35796 -32.7699
10.5325 1.02842 3.18838
2.28077 2.10327 -1.49441
10.1002 -6.33033 -5.71552
-10.2769 -3.4806 4.38097
3.4559 1.11087 16.2621
2.38138 -2.73716 -0.620578
-12.3701 12.6562 13.9215
1.7072 -6.33217 -5.59243
1.42047 6.87417 2.39794
2.19442 -2.85442 0.113883
21.5456 -1.58755 -9.8962
-0.195795 -14.3948 7.60076
-3.95402 0.233473 -0.0971329
6.11284 -0.149664 3.89382
1.40669 -1.0903 6.42532
-2.80535 4.18003 -2.0772
0.68843 6.57542 -12.0939
-1.57527 -0.152363 -7.21572
-6.10312 -5.40973 -1.51416
9.66891 2.39216 -24.1007
2.85839 1.8743 76.9273
1.43969 3.44765 12.4274
-1.78592 -8.37421 -14.5385
4.38081 2.07756 -10.6274
-6.95168 -0.665356 -20.1852
4.96495 -20.465 3.39817
4.22924 -0.373489 -7.62686
-5.19193 0.906325 0.000513814
2.26371 -0.778124 -1.49313
-9.42163 1.00763 0.288692
-4.98657 2.02087 0.988336
-10.6671 8.04811 -10.4953
-0.607381 -2.03822 6.23705
0.701608 -4.53314 10.4093
8.09824 -5.69717 5.0607
-1.56928 -4.75826 -54.4393
3.82753 2.76588 -4.9038
8.6797 -2.40324 -14.1735
-8.92768 248.61 -1.62971
7.78874 -5.21094 -7.82575
-3.87506 -5.24189 1.85981
-2.28439 2.22575 5.36104
2.35826 -2.5294 -3.01399
-4.25808 -0.188728 -0.683367
-5.15338 1.57985 -2.33663
-1.70132 -1.60095 -2.31457
-6.98478 1.52499 2.39701
2.81495 0.362142 -4.96595
-1.58403 -4.86662 -1.10242
-6.89296 -5.6241 -1.02478
-7.99754 11.8159 -1.83015
1.58478 9.51994 0.719241
5.51489 -1.59635 -1.54771
-1.26471 -6.43598 -3.22526
-3.20781 9.93779 23.6504
9.42968 2.84766 -9.15122
-9.76617 -1.90997 2.97237
-0.305226 -0.91167 -7.70178
-1.50772 7.39443 41.2748
2.71383 -156.774 11.1122
-2.37213 -11.2452 9.16004
-2.44532 5.57611 -9.63621
4.78091 -2.22218 1.17928
-18.1074 7.44002 -8.33419
-1.20824 8.27369 6.02815
3.7689 5.41926 4.24136
-14.6612 -4.7017 -1.46838
-3.94246 5.57591 -30.5164
4.33385 1.17265 1.2576
-6.32997 11.3074 2.01376
-9.03805 0.662162 -6.62471
2.87253 -0.0596603 8.23718
-3.91395 4.25098 -6.8147
2.47387 -2.27539 0.442496
0.90522 0.756928 -1.01959
-5.9086 -5.72313 2.22235
1.70326 3.87935 3.50603
9.44293 -21.7789 -5.63071
2.47324 6.39122 7.94968
5.46982 -3.26696 12.4356
-3.9395 -4.19662 -4.03348
-3.31026 0.643192 -0.0929842
-1.28459 1.29564 -4.58766
0.411251 2.21998 -2.52572
2.71561 4.36585 5.96863
5.82954 0.673955 -3.75695
14.9022 2.85481 6.56212
-0.410697 5.93034 2.97436
0.0774205 11.2616 -2.97789
-29.0943 -5.76859 22.9445
10.2767 -2.423 7.35072
-3.98517 -10.5663 -0.471776
-10.7668 -6.94615 -5.87726
