-2.86925 3.78889 7.36753
8.08647 3.51821 7.00155
9.01109 -4.40248 -1.08492
-8.49768 -0.202118 1.26568
-1.00313 -1.62408 -0.368143
5.94945 5.89967 1.2584
5.86526 -8.41159 -31.964
10.6252 1.02478 3.18028
2.40584 1.9147 -1.4787
10.0818 -6.29874 -5.73318
-10.1074 -3.57911 4.36688
3.42134 1.06338 16.2643
2.3618 -2.63792 -0.594279
-12.4405 12.6516 14.2026
1.69375 -6.33622 -5.57604
1.45937 6.85835 2.4016
2.19665 -2.84414 0.0869085
21.5489 -1.5738 -9.87759
-0.173869 -14.3704 7.61456
-3.94177 0.239099 -0.0837013
6.11158 -0.137016 3.87615
1.41766 -1.08971 6.41366
-2.84711 4.13351 -2.075
0.584627 6.58894 -12.0531
-1.46731 0.0267773 -7.19653
-6.24609 -5.5062 -1.50144
9.64153 2.34289 -24.1521
2.92777 1.8874 76.8818
1.44501 3.45947 12.4504
-1.75207 -8.3881 -14.4913
4.34986 1.98264 -10.6423
-6.91398 -0.541467 -20.1564
4.94257 -20.4726 3.4202
4.3012 -0.36293 -7.75605
-5.1943 0.822137 0.0191146
2.32934 -0.776085 -1.51195
-9.46652 1.00947 0.266908
-5.01387 2.02831 1.00678
-10.7025 8.02904 -10.4171
-0.612528 -2.06255 6.25991
0.83602 -4.51134 10.4373
7.82589 -5.75195 5.06374
-1.90166 -4.74944 -54.4621
3.85268 2.85182 -4.96251
8.68357 -2.50599 -14.1358
-8.725 248.677 -1.4325
7.71797 -5.25836 -7.83114
-3.89335 -5.20925 1.86036
-2.25847 2.34881 5.35621
2.37146 -2.54583 -3.02396
-4.25768 -0.201625 -0.716468
-5.16064 1.57407 -2.34423
-1.70752 -1.58999 -2.34871
-6.93945 1.54791 2.41708
2.68631 0.277828 -4.84006
-1.58025 -4.82061 -1.4152
-6.59825 -5.75102 -1.89677
-7.90822 11.8363 -1.78794
1.58316 9.47192 0.751617
5.47403 -1.55857 -1.44475
-1.2673 -6.38288 -3.26617
-3.27273 9.92544 23.5374
9.43174 2.8484 -9.18523
-9.76009 -1.84591 3.03066
-0.36176 -0.905423 -7.90662
-1.4976 7.38667 41.2843
2.68827 -156.773 11.1165
-2.2662 -11.2836 9.20043
-2.53625 5.5466 -9.6605
4.88496 -2.26387 1.13244
-18.1811 7.26554 -8.25119
-1.06449 8.23101 6.03708
3.76056 5.42015 4.27143
-14.7206 -4.65499 -1.50452
-3.92837 5.57381 -30.5446
4.32768 1.14772 1.24958
-6.28261 11.3291 1.98486
-9.23124 0.843456 -6.55769
2.83199 0.0100774 8.20908
-3.90806 4.21861 -6.83875
2.44034 -2.17484 0.500173
0.88757 0.789141 -1.01522
-5.84589 -5.69843 2.21023
1.71775 3.88197 3.54863
9.18222 -21.7656 -5.64284
2.55055 6.40348 7.95042
5.39297 -3.32433 12.4186
-3.92666 -4.08552 -4.0034
-3.33648 0.652291 -0.115643
-1.29096 1.31018 -4.26467
0.387893 2.26666 -2.5101
2.71446 4.34216 6.00718
5.97061 0.573424 -4.06248
14.8828 2.85395 6.55443
-0.408679 5.92409 3.00262
0.118297 11.2497 -3.0815
-29.0985 -5.87044 22.9172
10.4237 -2.36991 7.47735
-3.93277 -10.6328 -0.482484
-11.079 -6.98981 -5.87632
