-2.89528 3.80274 7.36167
8.09997 3.5561 6.99907
9.41542 -4.39538 -1.10014
-8.48834 -0.23708 1.27625
-0.979745 -1.61524 -0.368226
5.98822 5.99025 1.22767
5.54763 -8.49924 -31.6969
10.7224 1.02095 3.17219
2.54273 1.72668 -1.4628
10.0637 -6.26676 -5.75135
-9.96668 -3.68598 4.34965
3.39229 1.02367 16.2786
2.34919 -2.53682 -0.559208
-12.5268 12.6543 14.9298
1.67956 -6.34014 -5.56023
1.49703 6.84387 2.4026
2.19882 -2.83409 0.0604979
21.552 -1.55971 -9.85974
-0.15576 -14.3518 7.62881
-3.93171 0.245126 -0.0713485
6.11049 -0.121216 3.85837
1.42679 -1.09075 6.40476
-2.88326 4.0895 -2.07201
0.468927 6.60325 -12.0151
-1.35059 0.218619 -7.17838
-6.40016 -5.61038 -1.48929
9.61469 2.29504 -24.2107
3.05523 1.86689 76.8535
1.45024 3.47654 12.4742
-1.72174 -8.40307 -14.4529
4.31816 1.89002 -10.6736
-6.87805 -0.415571 -20.1302
4.92419 -20.4884 3.45674
4.38016 -0.348714 -7.89635
-5.19709 0.737777 0.0388129
2.39376 -0.772718 -1.53418
-9.51619 1.01206 0.243955
-5.04458 2.03637 1.0241
-10.7413 8.01277 -10.3419
-0.615473 -2.08695 6.27662
0.97732 -4.48873 10.4677
7.58379 -5.80966 5.06438
-2.15298 -4.74807 -54.497
3.87783 2.93476 -5.02308
8.68784 -2.60764 -14.1012
-8.62785 248.663 -1.26438
7.65392 -5.30627 -7.83543
-3.9113 -5.178 1.85913
-2.23316 2.47938 5.35107
2.38444 -2.56235 -3.03481
-4.25767 -0.214282 -0.750245
-5.16813 1.56912 -2.35218
-1.71427 -1.57903 -2.38226
-6.77476 1.57143 2.43144
2.59557 0.202995 -4.72651
-1.57541 -4.77547 -1.77073
-6.26686 -5.85664 -2.23837
-7.82675 11.8503 -1.7562
1.57834 9.42866 0.784007
5.4358 -1.52233 -1.34312
-1.26992 -6.33625 -3.30793
-3.1544 9.9111 23.4308
9.43338 2.84955 -9.22184
-9.75434 -1.78335 3.09079
-0.418616 -0.900021 -8.39059
-1.49153 7.37744 41.2928
2.66213 -156.78 11.1163
-2.15305 -11.3164 9.24669
-2.63857 5.51718 -9.68651
4.97792 -2.3059 1.08831
-18.2563 7.1126 -8.17383
-0.932137 8.1933 6.05132
3.7516 5.4215 4.30214
-14.7811 -4.61004 -1.53905
-3.91344 5.57303 -30.5777
4.32314 1.12364 1.24074
-6.24574 11.3489 1.95803
-9.34993 1.04738 -6.49094
2.78495 0.0841506 8.17436
-3.90333 4.19155 -6.8614
2.41013 -2.08254 0.557313
0.866966 0.820978 -1.01106
-5.84478 -5.63714 2.19116
1.73239 3.88424 3.59092
8.86722 -21.7559 -5.64657
2.61689 6.41578 7.95054
5.32097 -3.38142 12.4015
-3.91328 -3.97069 -3.97366
-3.36546 0.661064 -0.137821
-1.2978 1.3241 -3.89337
0.364818 2.31356 -2.49412
2.71321 4.31721 6.04692
6.13973 0.502436 -4.28663
14.8625 2.85612 6.54992
-0.407274 5.91807 3.03135
0.147365 11.2385 -3.11203
-29.1048 -5.96281 22.891
10.5867 -2.31186 7.60839
-3.88706 -10.7127 -0.50871
-11.5448 -7.01931 -5.87775
