-2.93525 3.82074 7.35782
8.12535 3.64419 6.9908
10.1822 -4.36807 -1.14307
-8.46929 -0.301295 1.29597
-0.938389 -1.59989 -0.369992
6.06179 6.17799 1.16438
5.08152 -8.79702 -31.5112
10.9779 1.00989 3.15105
2.85257 1.41915 -1.43103
10.0285 -6.20282 -5.79159
-9.74185 -3.85104 4.3062
3.37727 0.857972 16.3053
2.36775 -2.31417 -0.466759
-12.8016 12.7664 18.1105
1.6501 -6.34939 -5.53129
1.57068 6.82213 2.40149
2.20288 -2.81489 0.00807439
21.5585 -1.52945 -9.82585
-0.133123 -14.3261 7.64827
-3.91333 0.257426 -0.0498483
6.11199 -0.084044 3.82685
1.44271 -1.09494 6.3914
-2.95183 4.00566 -2.06136
0.21406 6.63594 -11.9495
-1.09259 0.689656 -7.1478
-6.77685 -5.85105 -1.46655
9.5657 2.19835 -24.3483
3.2587 1.87829 76.8352
1.46464 3.52509 12.5093
-1.66423 -8.43473 -14.3931
4.26128 1.74663 -10.7294
-6.81606 0.0427559 -20.0893
4.89197 -20.5841 3.52739
4.59656 -0.33144 -8.31709
-5.20556 0.565173 0.0831273
2.52836 -0.76639 -1.5866
-9.61953 1.01784 0.193777
-5.10965 2.05187 1.05783
-10.8244 7.98618 -10.1991
-0.616493 -2.13128 6.29838
1.32074 -4.44605 10.534
7.15667 -5.92224 5.06109
-2.37054 -4.74762 -54.575
3.9249 3.09786 -5.15191
8.69481 -2.81174 -14.0368
-8.40882 248.768 -0.909872
7.5392 -5.39955 -7.84004
-3.94354 -5.11886 1.85148
-2.18443 2.3464 5.34203
2.41164 -2.59483 -3.05794
-4.25801 -0.239272 -0.819057
-5.1867 1.55889 -2.36745
-1.72747 -1.55872 -2.44993
-6.57048 1.61865 2.45535
2.41628 0.0624268 -4.52368
-1.56295 -4.68752 -2.65479
-5.96606 -6.10312 -2.6385
-7.67527 11.866 -1.69938
1.55517 9.3508 0.850056
5.36223 -1.45589 -1.14002
-1.27504 -6.25402 -3.3966
-2.84454 9.87041 23.2607
9.43576 2.8521 -9.30485
-9.74498 -1.66351 3.21885
-0.479831 -0.95444 -10.464
-1.49013 7.34959 41.3211
2.61581 -156.8 11.1186
-1.91925 -11.3761 9.34852
-2.88586 5.4609 -9.74102
5.0441 -2.39335 1.00384
-18.4736 6.84386 -8.03092
-0.686511 8.13862 6.08808
3.73404 5.42426 4.3654
-14.73 -4.52688 -1.61118
-3.87499 5.57484 -30.6589
4.31851 1.07553 1.22067
-6.18968 11.3883 1.8972
-9.0422 1.57259 -6.35987
2.6499 0.269577 8.07332
-3.89729 4.14713 -6.90251
2.34513 -1.91654 0.671761
0.824103 0.883932 -1.00106
-5.79807 -5.55757 2.1246
1.76869 3.88564 3.6764
8.31717 -21.7458 -5.64078
2.72233 6.43795 7.95266
5.18381 -3.49779 12.3619
-3.88801 -3.725 -3.91399
-3.43027 0.67757 -0.183908
-1.3152 1.35091 -2.95719
0.315783 2.40797 -2.46028
2.71044 4.26587 6.1298
6.4078 0.401107 -4.64035
14.8244 2.85696 6.54234
-0.405517 5.90496 3.09143
0.209307 11.2147 -2.97098
-29.1262 -6.16497 22.8371
10.3371 -2.18467 7.89866
-3.84925 -10.6874 -0.561214
-13.1843 -7.10355 -5.89295
