-3.00596 3.83285 7.39852
8.20601 3.85692 6.9694
8.94404 -4.3073 -1.23654
-8.41388 -0.439944 1.34641
-0.840689 -1.57843 -0.393861
6.30173 5.90584 0.980595
3.96397 -9.1597 -31.4099
11.5279 1.03828 3.08152
3.54198 0.361845 -1.39685
9.96915 -6.06977 -5.91697
-9.39946 -4.40103 4.17273
3.38816 0.27689 16.3002
2.76758 -1.77215 -0.436659
-13.4757 12.8849 15.1092
1.58035 -6.39192 -5.46871
1.77963 6.77498 2.4038
2.21609 -2.77375 -0.133976
21.5847 -1.44801 -9.75277
-0.114849 -14.283 7.63333
-3.87295 0.282471 -0.0107872
6.12736 -0.0035892 3.77209
1.47933 -1.11777 6.36938
-3.12237 3.78128 -2.01581
-0.39733 6.74622 -11.8561
-0.596841 2.00065 -7.12696
-6.27718 -5.63608 -1.43496
9.4728 1.92783 -24.906
3.18948 2.41844 77.5956
1.48875 3.57455 12.5862
-1.52071 -8.56088 -14.3213
4.10506 1.36079 -10.7707
-6.72253 1.23356 -20.1211
4.80915 -20.8674 3.55452
5.31506 -0.297065 -7.64572
-5.24727 0.0655127 0.214919
2.93872 -0.74714 -1.71445
-9.87774 1.03188 0.0573565
-5.28676 2.08795 1.13649
-11.0724 7.92802 -9.90908
-0.60033 -2.23904 6.33598
2.2073 -4.37723 10.7684
6.12724 -6.44891 5.02498
-2.80808 -4.76245 -54.5599
4.0324 3.54538 -5.5135
8.69186 -3.38768 -13.8813
-8.04567 248.891 -0.521991
7.37679 -5.58963 -7.89173
-3.99885 -4.99665 1.8044
-2.10405 1.65212 5.34974
2.47915 -2.66966 -3.12596
-4.25991 -0.30071 -1.0087
-5.23819 1.52296 -2.41307
-1.74559 -1.53189 -2.63568
-5.7122 1.27482 1.70615
2.03889 -0.307934 -4.14993
-1.46407 -4.48674 -4.11065
-5.59334 -5.22494 -1.93613
-7.28864 11.875 -1.59071
1.46459 9.17427 1.00967
5.17952 -1.33791 -0.732999
-1.27903 -6.08371 -3.66752
-1.18341 9.77276 22.8994
9.39592 2.85233 -9.63203
-9.72948 -1.38143 3.49936
-0.753359 -0.994762 -8.92043
-1.49611 7.35101 41.565
2.48775 -156.767 11.1267
-1.18993 -11.6215 9.58213
-4.31386 5.32766 -9.95778
4.55555 -2.60585 0.76332
-19.4321 6.07101 -7.70378
-0.212234 8.0877 6.14271
3.69269 5.4306 4.52279
-14.4844 -4.34697 -1.78899
-3.6575 5.62097 -31.1288
4.3261 0.928519 1.15922
-6.05008 11.5213 1.7341
-8.24198 2.52251 -6.12388
2.07487 1.20581 7.97897
-3.88682 4.04476 -6.99962
2.1934 -1.58032 0.936008
0.728659 1.03641 -0.968233
-5.52058 -5.48058 2.0019
1.8877 3.87014 3.91971
7.18745 -21.7705 -5.63491
2.90798 6.48105 7.8932
4.82747 -3.86976 12.275
-3.83797 -3.04567 -3.76294
-3.5937 0.72263 -0.308918
-1.42357 1.42152 -1.15158
0.186239 2.63831 -2.38349
2.70676 4.13776 6.38568
7.31514 -1.19839 -6.64896
14.7592 2.85332 6.51476
-0.410457 5.84999 3.24768
0.409682 11.1605 -2.71742
-29.267 -7.31482 22.7278
9.57049 -1.8725 7.84669
-3.83933 -9.93976 -0.631865
-11.2478 -7.36961 -5.92208
