-3.0205 3.83126 7.41689
8.22739 3.90768 6.96895
8.72311 -4.30495 -1.25432
-8.40514 -0.462858 1.36248
-0.81747 -1.57622 -0.400549
6.35588 5.83589 0.938017
3.69965 -9.03575 -31.4031
11.4243 1.04678 3.07346
3.68718 0.0511187 -1.40068
9.96008 -6.04908 -5.9447
-9.34245 -4.55822 4.14481
3.38396 0.167166 16.2837
2.79852 -1.73361 -0.496285
-13.623 12.9058 14.9921
1.56612 -6.40641 -5.45795
1.82419 6.76356 2.40395
2.21934 -2.76716 -0.163313
21.5938 -1.43212 -9.73934
-0.112778 -14.2761 7.62449
-3.86443 0.286448 -0.00446491
6.13069 0.00881391 3.76369
1.48684 -1.12487 6.36689
-3.15887 3.7224 -2.00525
-0.492324 6.76648 -11.8462
-0.506505 2.22855 -7.13593
-5.95266 -5.43444 -1.42197
9.45532 1.86501 -24.9369
3.47335 2.45408 77.6309
1.49132 3.57963 12.6152
-1.48698 -8.59704 -14.3183
4.07682 1.23851 -10.7832
-6.70483 1.39056 -20.1477
4.80041 -20.6083 3.55942
5.53448 -0.298626 -7.51597
-5.25928 -0.115885 0.245565
3.01083 -0.740076 -1.73626
-9.93152 1.03375 0.0310939
-5.32198 2.0907 1.14867
-11.1387 7.91358 -9.86566
-0.595007 -2.26262 6.34583
1.90576 -4.38651 10.816
5.9304 -6.68535 5.01658
-2.83174 -4.76904 -54.5477
4.05195 3.63417 -5.58047
8.70595 -3.50663 -13.8372
-7.99251 248.858 -0.470048
7.34668 -5.65987 -7.92403
-4.00846 -4.97835 1.79229
-2.09478 1.52338 5.35736
2.49174 -2.68611 -3.14139
-4.26102 -0.314101 -1.0523
-5.24898 1.51461 -2.42229
-1.74763 -1.53411 -2.67282
-5.63155 1.29642 1.72908
1.96344 -0.383834 -4.10759
-1.41814 -4.46326 -4.0058
-5.53703 -5.0642 -1.87714
-7.21141 11.8753 -1.574
1.44391 9.13214 1.0394
5.14089 -1.32709 -0.675016
-1.27785 -6.0551 -3.70359
-0.807692 9.76864 22.8666
9.39411 2.85083 -9.89042
-9.72794 -1.32735 3.41063
-0.8297 -0.997581 -8.85904
-1.50319 7.34791 41.5686
2.46703 -156.746 11.1279
-1.00008 -11.6953 9.62132
-4.51729 5.30288 -10.0217
4.47697 -2.64919 0.703714
-19.7359 5.87361 -7.6696
-0.123429 8.08133 6.14416
3.68516 5.43032 4.55689
-14.4382 -4.31847 -1.8225
-3.60818 5.64361 -30.9
4.33281 0.892858 1.14737
-6.01778 11.5512 1.70155
-8.1455 2.64371 -6.09958
2.01464 1.3025 7.99859
-3.8848 4.02364 -7.01902
2.16408 -1.52417 0.985364
0.709549 1.05994 -0.961358
-5.46083 -5.47104 1.98057
1.91035 3.86325 3.9794
7.10175 -21.7798 -5.63799
2.9508 6.48952 7.87059
4.76334 -3.97913 12.2689
-3.82925 -2.90425 -3.72598
-3.62363 0.731347 -0.333237
-1.47343 1.44989 -1.1588
0.160162 2.67881 -2.36947
2.70758 4.11229 6.44634
7.50985 -1.42562 -6.54764
14.7501 2.85029 6.50958
-0.412067 5.84046 3.28605
0.441828 11.1498 -2.679
-29.3442 -7.06453 22.7193
9.45388 -1.82667 7.62055
-3.83935 -9.86077 -0.642342
-11.0813 -7.45749 -5.96573
