1.02369
1.02497
1.02179
1.02428
1.02545
1.02697
1.02858
1.02925
1.02484
1.03198
1.02615
1.02897
1.02023
1.02266
1.02293
1.02771
1.02627
1.02979
1.02795
1.0286
1.02764
1.02
1.02468
1.01949
1.02366
1.02586
1.02299
1.02519
1.02345
1.0232
1.02126
1.02148
1.02567
1.02994
1.02295
1.02487
1.0286
1.02638
1.02498
1.02385
1.03009
1.02511
1.0213
1.02731
1.02864
1.02391
1.03383
1.02936
1.02588
1.02934
1.02368
1.01808
1.02406
1.02792
1.03264
1.02924
1.0301
1.02851
1.02507
1.02855
1.02912
1.02708
1.02501
1.02766
1.0283
1.02203
1.02527
1.02655
1.02182
1.02126
1.02876
1.02405
1.02605
1.02559
1.02006
1.02271
1.02467
1.02334
1.02469
1.03003
1.02697
1.02196
1.02704
1.02306
1.02437
1.0247
1.02305
1.02462
1.02385
1.02671
1.02833
1.02792
1.02972
1.02548
1.02613
1.03285
1.02464
1.03049
1.01909
1.02711
1.02926
