0 0
0.010939 0
0.0218781 0
0.0328171 0
0.0437562 0
0.0546952 0
0.0656343 0
0.0765733 0
0.0875124 0
0.0984514 0
0.10939 0
0.12033 0
0.131269 0
0.142208 0
0.153147 0
0.164086 0
0.175025 0
0.185964 0
0.196903 0
0.207842 0
0.218781 0
0.22972 0
0.240659 0
0.251598 0
0.262537 0
0.273476 0
0.284415 0
0.295354 0
0.306293 0
0.317232 0
0.328171 0
0.339111 0
0.35005 0
0.360989 0
0.371928 0
0.382867 0
0.393806 0
0.404745 0
0.415684 0
0.426623 0
0.437562 0
0.448501 0
0.45944 0
0.470379 0
0.481318 0
0.492257 0
0.503196 0
0.514135 0
0.525074 0
0.536013 0
0.546952 0
0.557891 0
0.568831 0
0.57977 0
0.590709 0
0.601648 0
0.612587 0
0.623526 0
0.634465 0
0.645404 0
0.656343 0
0.667282 0
0.678221 0
0.68916 0
0.700099 0
0.711038 0
0.721977 0
0.732916 0
0.743855 0
0.754794 0
0.765733 0
0.776672 0
0.787611 0
0.798551 0
0.80949 0
0.820429 0
0.831368 0
0.842307 0
0.853246 0
0.864185 0
0.875124 0
0.886063 0
0.897002 0
0.907941 0
0.91888 0
0.929819 0
0.940758 0
0.951697 0
0.962636 0
0.973575 0
0.984514 0
0.995453 0.297025
1.00639 4.06893
1.01733 3.41345
1.02827 4.17699
1.03921 2.18132
1.05015 4.80678
1.06109 2.35434
1.07203 2.05047
1.08297 2.00946
1.0939 2.46209
1.10484 2.17244
1.11578 1.65686
1.12672 2.08929
1.13766 1.82177
1.1486 2.6811
1.15954 1.09625
1.17048 1.07595
1.18142 1.68993
1.19236 1.4518
1.2033 2.2403
1.21423 2.20029
1.22517 1.57189
1.23611 1.15824
1.24705 0.758729
1.25799 1.30488
1.26893 1.09935
1.27987 0.9006
1.29081 1.23965
1.30175 1.21899
1.31269 1.02758
1.32362 0.505366
1.33456 0.165716
1.3455 0.489131
1.35644 1.28348
1.36738 1.26311
1.37832 0.621608
1.38926 0.152974
1.4002 0.903614
1.41114 0.444856
1.42208 0.876129
1.43302 1.00666
1.44395 0.566587
1.45489 0.976728
1.46583 0.824793
1.47677 0.541776
1.48771 0.8008
1.49865 0.657662
1.50959 0.38892
1.52053 0.766728
1.53147 0.629877
1.54241 0.621006
1.55334 0.857248
1.56428 0.724579
1.57522 0.238195
1.58616 0.58733
1.5971 0.811075
1.60804 0.342906
1.61898 1.24045
1.62992 0.778851
1.64086 0.658744
1.6518 1.19181
1.66274 1.81781
1.67367 1.05541
1.68461 0.833435
1.69555 1.13128
1.70649 0.812269
1.71743 0.801987
1.72837 0.989875
1.73931 0.782001
1.75025 0.675751
1.76119 0.762753
1.77213 1.50679
1.78306 0.837232
1.794 1.19468
1.80494 1.45266
1.81588 0.71763
1.82682 0.797722
1.83776 0.700695
1.8487 1.12523
1.85964 0.769897
1.87058 0.591846
1.88152 1.17001
1.89246 1.23917
1.90339 0.980007
1.91433 1.29183
1.92527 1.03775
1.93621 1.42074
1.94715 0.85853
1.95809 0.77181
1.96903 1.06859
1.97997 1.05685
1.99091 1.11997
2.00185 1.32935
2.01278 0.730544
2.02372 0.65042
2.03466 1.07244
2.0456 1.2025
2.05654 0.979816
2.06748 1.03875
2.07842 1.30198
2.08936 0.881546
2.1003 0.805302
2.11124 0.99625
2.12218 1.24897
2.13311 1.30129
2.14405 1.28808
2.15499 1.40258
2.16593 1.07292
2.17687 1.12467
