1.42658 1.43908 -2.39047
-3.70406 -4.67867 2.06316
4.87609 -1.94877 0.0547218
4.81888 4.78461 0.0491439
-3.95775 -2.38474 -4.52247
3.27566 0.905928 -4.82484
0.526534 4.32073 1.42534
2.99342 -4.17559 3.91903
-4.80738 3.86327 -3.79792
3.64307 4.84789 -2.04172
-4.94505 2.23139 2.87371
4.04997 1.87274 -4.19222
-0.627849 4.34051 -0.879655
-3.89757 -2.11225 4.14807
-3.60046 4.6435 3.9678
0.331035 0.428932 -2.79194
0.0683474 -3.43943 4.96925
4.31145 -0.214578 -2.04212
4.26624 0.342924 -1.17802
3.142 3.8292 3.4097
4.0864 4.99121 2.09471
1.69546 3.2899 2.01159
-4.42577 -3.85067 -3.02249
0.337496 1.37736 -4.35941
-4.17941 -3.77417 -1.1842
-0.693315 -3.5837 4.07586
1.11281 -3.78253 4.92783
-0.0249572 -4.31575 3.18345
-3.19967 1.6294 -4.81993
4.70046 3.7485 3.13981
-3.17067 -4.88305 -1.80414
4.49906 -3.57117 3.61704
-2.45166 -4.21553 1.69129
2.68793 -1.05872 -2.17221
4.2655 0.642701 4.92163
4.3759 1.20302 3.4418
-1.03335 4.69226 0.384294
-0.600097 -0.333641 -4.00739
4.97231 -2.53959 2.04218
3.38518 1.20374 -4.23568
-1.21461 -1.50759 3.98808
-4.8639 -2.00515 3.64115
-1.10398 4.46574 -4.27979
3.7173 -4.73738 -3.21325
3.89192 -4.41079 -1.51892
-0.849928 -4.68539 -4.55526
-3.80573 2.37626 -4.21705
-2.96272 -0.727681 0.0610163
-4.70281 4.17314 -0.928562
1.93507 -1.05851 4.29953
3.16333 4.78964 -4.20533
-3.37501 0.269003 -0.259143
-2.02526 1.28937 -3.65717
4.15782 -4.30105 1.94589
3.07917 3.26255 4.96209
0.693547 -0.507072 4.6368
-0.124112 2.36994 1.56518
-4.69456 -4.90859 2.8514
3.74653 -1.32568 4.83539
-1.0863 -2.93534 -0.244288
-0.862589 -0.915669 3.92102
-4.68524 4.7312 -4.13096
2.14498 -4.62495 4.17643
3.26164 -2.69319 -1.06362
2.65616 4.74186 -4.70692
-4.41143 4.90421 -4.77574
1.87332 -4.52922 4.97493
-2.07269 -4.90921 4.57146
-3.04939 2.65473 -3.80411
4.4508 -0.873146 -3.59831
-4.43567 4.72786 -3.9678
-3.97062 4.3339 -1.68394
4.87325 -3.94033 4.42798
-3.17377 -3.91558 4.62471
2.15584 3.8303 -4.66939
4.00526 2.01572 1.06317
1.40664 4.21038 -2.98764
4.13606 3.65993 0.643516
1.19996 -2.57379 2.38881
4.30225 -1.15112 -4.91701
0.841032 3.08881 -2.8937
0.691204 -3.45673 0.812764
-1.01521 -3.71468 -2.0536
-0.840572 -0.42038 -1.68706
4.35909 -2.27825 4.82628
2.82684 -0.12605 2.30706
4.64273 -0.351922 -4.86963
-0.454819 -0.216942 1.2972
-0.0147787 4.94993 4.9875
-1.27754 0.521363 -0.0241714
4.7841 -3.4591 1.33654
4.83974 -3.80863 -4.63177
-2.71801 2.59726 -1.08608
-4.89582 4.65516 2.56223
-1.07104 1.06291 2.87772
2.92146 -3.07373 2.86192
-2.64111 0.716347 -4.08067
-1.03343 -4.11556 3.27089
-4.49294 1.19968 0.35803
2.22102 -1.63456 3.5665
