1.36768 1.4359 -2.42519
-3.73435 -4.66404 2.07358
4.85899 -1.96149 0.0556594
4.83524 4.80129 0.0498102
-3.96161 -2.40626 -4.52356
3.29795 0.900674 -4.86435
0.528766 4.3195 1.42789
3.01638 -4.18007 3.95608
-4.77905 3.90288 -3.84167
3.66609 4.85839 -2.05195
-4.96467 2.24146 2.89079
4.05545 1.88801 -4.17542
-0.63056 4.38158 -0.887875
-3.94458 -2.12524 4.14523
-3.59059 4.61128 3.91491
0.333756 0.435001 -2.80659
0.0693174 -3.46004 4.9947
4.3091 -0.216795 -2.05569
4.24729 0.347073 -1.18638
3.13125 3.8597 3.43042
4.05995 -4.99446 2.10153
1.70128 3.31115 2.01429
-4.41589 -3.87727 -3.04071
0.337621 1.39044 -4.32422
-4.16093 -3.80754 -1.18738
-0.704531 -3.61259 4.02265
1.11974 -3.75263 4.9149
-0.0272763 -4.32544 3.20542
-3.18603 1.64223 -4.76732
4.64707 3.79879 3.12829
-3.19937 -4.8991 -1.82036
4.57523 -3.58084 3.57868
-2.4709 -4.22397 1.70028
2.70487 -1.0584 -2.1901
4.2512 0.637136 4.98306
4.35359 1.21911 3.41679
-1.03806 4.66513 0.38355
-0.60978 -0.330005 -4.02914
4.92751 -2.5313 2.07596
3.42199 1.2238 -4.16125
-1.23523 -1.51754 3.94817
-4.83244 -2.02861 3.66107
-1.11238 4.46444 -4.24615
3.69518 -4.75765 -3.2566
3.86007 -4.42764 -1.53062
-0.857743 -4.65966 -4.58095
-3.83401 2.39091 -4.20966
-2.92881 -0.735619 0.0654626
-4.66383 4.20975 -0.934502
1.94394 -1.0613 4.32799
3.188 4.79256 -4.22
-3.39977 0.270243 -0.261805
-2.04733 1.30324 -3.64143
4.19997 -4.29588 1.949
3.09954 3.2862 4.97491
0.697359 -0.507133 4.65529
-0.126509 2.38551 1.56674
-4.67147 -4.97656 2.79654
3.70515 -1.3459 4.84637
-1.09855 -2.9566 -0.24745
-0.869709 -0.92168 3.94407
-4.74537 4.71958 -4.09529
2.16505 -4.61734 4.18619
3.28036 -2.70896 -1.06484
2.67396 4.69935 -4.6582
-4.36553 4.94365 -4.75303
1.88251 -4.57125 4.91651
-2.09719 -4.9644 4.55079
-3.07015 2.67486 -3.83525
4.4827 -0.873684 -3.62523
-4.4393 4.75424 -3.96143
-3.9523 4.35298 -1.69527
4.81548 -3.86978 4.43087
-3.1932 -3.94281 4.62713
2.16799 3.88057 -4.62103
4.03504 2.02468 1.06359
1.41318 4.17359 -3.01452
4.10895 3.68483 0.651789
1.20366 -2.58848 2.40064
4.31176 -1.16618 -4.95631
0.843388 3.10645 -2.91043
0.696386 -3.48943 0.81409
-1.02305 -3.7407 -2.06606
-0.848245 -0.422369 -1.69477
4.38036 -2.30054 4.76055
2.84507 -0.127473 2.31374
4.64724 -0.341153 -4.87664
-0.457759 -0.220972 1.29808
-0.0414424 4.98204 4.99155
-1.27785 0.525566 -0.0247669
4.78795 -3.49596 1.33323
4.82086 -3.84693 -4.66474
-2.68321 2.61801 -1.09204
-4.90712 4.64894 2.57911
-1.08097 1.07009 2.89209
2.93868 -3.08946 2.87417
-2.62631 0.728269 -4.07272
-0.993979 -4.06668 3.30024
-4.50116 1.20865 0.365616
2.25077 -1.65184 3.52334
