1.25032 1.43004 -2.49533
-3.7973 -4.63842 2.0947
4.82618 -1.98721 0.0574669
4.87081 4.83706 0.0511518
-3.97196 -2.44995 -4.52933
3.34291 0.890268 -4.94871
0.533233 4.31843 1.43308
3.06373 -4.19218 4.03273
-4.72678 3.98384 -3.93115
3.71371 4.88573 -2.07283
4.99036 2.26247 2.92641
4.06822 1.91923 -4.14373
-0.636019 4.46561 -0.904657
-4.04262 -2.15183 4.14357
-3.57279 4.55094 3.8119
0.339175 0.447122 -2.83633
0.071132 -3.5021 -4.95485
4.30523 -0.221309 -2.08321
4.211 0.355613 -1.20302
3.11058 3.92257 3.47308
4.00979 -4.97024 2.11544
1.71311 3.35444 2.01995
-4.39804 -3.93252 -3.0779
0.337804 1.41705 -4.25576
-4.12645 -3.87649 -1.19391
-0.727269 -3.67139 3.91835
1.13382 -3.6954 4.89378
-0.031743 -4.34679 3.25007
-3.15994 1.66813 -4.66396
4.54935 3.90374 3.10762
-3.25806 -4.93986 -1.85349
4.73468 -3.60404 3.50527
-2.5106 -4.24327 1.7185
2.7392 -1.05812 -2.22678
4.22435 0.626232 -4.8886
4.31129 1.25144 3.3685
-1.04767 4.61216 0.382106
-0.629451 -0.322889 -4.07516
4.84213 -2.51536 2.14408
3.49668 1.26435 -4.01552
-1.27746 -1.53831 3.86995
-4.78115 -2.07606 3.70414
-1.12942 4.46558 -4.18101
3.6553 -4.80988 -3.34569
3.79891 -4.46969 -1.55413
-0.87384 -4.61614 -4.64057
-3.89249 2.42075 -4.19622
-2.86216 -0.751863 0.0744335
-4.58947 4.28492 -0.946392
1.9618 -1.06688 4.38619
3.23924 4.80311 -4.25216
-3.45019 0.272826 -0.267186
-2.09184 1.33159 -3.61098
4.28746 -4.28846 1.95535
3.14133 3.33452 -4.99463
0.704933 -0.5072 4.69381
-0.131369 2.41708 1.57006
-4.63272 4.86441 2.68919
3.62295 -1.3867 4.87826
-1.12336 -3.00022 -0.253919
-0.883975 -0.93339 3.99113
-4.87316 4.7009 -4.02752
2.20555 -4.60577 4.208
3.31835 -2.74113 -1.06745
2.71021 4.61938 -4.56647
-4.27672 -4.97314 -4.71192
1.90097 -4.65945 4.80407
-2.14729 4.92366 4.51503
-3.11244 2.71625 -3.89857
4.54778 -0.874931 -3.68071
-4.44778 4.81332 -3.95011
-3.91798 4.39706 -1.71843
4.70414 -3.73161 4.44342
-3.23324 -3.99932 4.63429
2.19251 3.98442 -4.53123
4.09598 2.04294 1.06454
1.42662 4.10336 -3.07017
4.05612 3.73602 0.668314
1.21107 -2.61835 2.42453
4.33464 -1.19659 4.95326
0.848054 3.1423 -2.94444
0.706824 -3.55656 0.816543
-1.03888 -3.79407 -2.09162
-0.863786 -0.426506 -1.71049
4.42742 -2.34634 4.63514
2.88196 -0.130216 2.32748
4.6581 -0.319431 -4.89591
-0.463707 -0.229044 1.30003
-0.0946279 -4.94953 -4.99339
-1.27862 0.534084 -0.025955
4.79753 -3.57078 1.32645
4.78833 -3.92741 -4.73829
-2.61443 2.66036 -1.10404
-4.93619 4.65297 2.6131
-1.10105 1.08469 2.92151
2.97363 -3.12154 2.89905
-2.59823 0.751689 -4.05865
-0.916087 -3.97144 3.35995
-4.51991 1.22684 0.380906
2.31095 -1.68693 3.43855
