1.1335 1.42492 -2.56616
-3.86374 -4.61948 2.11626
4.79518 -2.01333 0.0591989
4.9102 4.87603 0.0525248
-3.98586 -2.4945 -4.54007
3.38826 0.880162 4.96273
0.537684 4.31922 1.43847
3.11306 -4.20859 4.11334
-4.6803 4.06849 -4.02325
3.76355 4.92266 -2.09424
4.9464 2.28457 2.96433
4.08336 1.95144 -4.11361
-0.641534 4.55233 -0.921784
-4.14666 -2.17924 4.1473
-3.55769 4.49541 3.71243
0.344547 0.459201 -2.86659
0.0727676 -3.54494 -4.91009
4.30246 -0.225927 -2.11119
4.17676 0.364475 -1.21949
3.09091 3.98806 3.51793
3.96299 -4.95242 2.1298
1.72516 3.39884 2.02611
-4.38269 -3.99058 -3.11606
0.33788 1.44428 -4.18962
-4.09527 -3.94865 -1.2006
-0.750345 -3.73129 3.8186
1.14824 -3.64077 4.88294
-0.0359553 -4.37063 3.29647
-3.13549 1.69433 -4.56286
4.46376 4.01388 3.09055
-3.31846 -4.99461 -1.88745
4.90451 -3.63322 3.43622
-2.552 -4.26611 1.73716
2.77411 -1.05832 -2.2646
4.19971 0.615608 -4.7642
4.27088 1.28397 3.32288
-1.05752 4.56081 0.380766
-0.64956 -0.315955 -4.12451
4.76224 -2.50044 2.21292
3.57271 1.3053 -3.8718
-1.321 -1.56014 3.79393
-4.74674 -2.12426 3.75097
-1.14676 4.47147 -4.11776
3.62141 -4.8792 -3.43761
3.74094 -4.5246 -1.5776
-0.890698 -4.57971 -4.70672
-3.95374 2.45135 -4.18437
-2.79703 -0.768578 0.0835308
-4.51983 4.36291 -0.958209
1.97978 -1.07246 4.44616
3.29322 4.82094 -4.2877
-3.50183 0.275515 -0.272616
-2.13692 1.3608 -3.58168
4.37954 -4.28589 1.96197
3.18447 3.38429 -4.965
0.712428 -0.50719 4.73453
-0.136337 2.4492 1.57372
-4.60238 4.72009 2.58458
3.5415 -1.42796 4.91492
-1.14863 -3.04534 -0.260512
-0.89831 -0.944734 4.03967
4.98953 4.69199 -3.96328
2.24665 -4.59878 4.23316
3.35706 -2.77414 -1.07026
2.74729 4.54575 -4.4807
-4.1918 -4.89929 -4.67622
1.91936 -4.75288 4.69792
-2.19894 4.82209 4.48739
-3.15581 2.75929 -3.96324
4.61459 -0.876405 -3.73883
-4.45974 4.8895 -3.94152
-3.88682 4.45094 -1.74216
4.5979 -3.59668 4.46567
-3.27491 -4.05874 4.64488
2.21712 4.09322 -4.4479
4.15858 2.06162 1.06569
1.44052 4.03783 -3.12764
4.005 3.78905 0.68484
1.21849 -2.64884 2.44889
4.36265 -1.22736 4.87795
0.852629 3.17901 -2.97898
0.717338 -3.62612 0.818857
-1.05492 -3.84923 -2.11782
-0.879598 -0.430853 -1.72653
4.48128 -2.39361 4.51567
2.91936 -0.13282 2.34176
4.6713 -0.297501 -4.92261
-0.469766 -0.237132 1.30227
-0.147585 -4.88623 -4.98018
-1.27964 0.542748 -0.0271147
4.80971 -3.64728 1.31948
4.76301 -4.01271 -4.82303
-2.54676 2.70388 -1.11607
-4.97548 4.66213 2.64768
-1.12146 1.09957 2.9519
3.00926 -3.15451 2.92454
-2.57218 0.774497 -4.04693
-0.839734 -3.87966 3.42159
-4.54192 1.24534 0.396385
2.37199 -1.72256 3.35582
