0.78591 1.41453 -2.78366
-4.09129 -4.60564 2.18384
4.71251 -2.09444 0.063893
-4.95453 -4.987 0.0567407
-4.04942 -2.63338 -4.60371
3.52696 0.852325 4.75317
0.550805 4.33302 1.45589
3.27332 -4.28734 4.38378
-4.64346 4.36531 -4.32132
3.92719 -4.91971 -2.16297
4.83705 2.35802 3.0917
4.14227 2.05412 -4.03638
-0.658505 4.83007 -0.975104
-4.50493 -2.26605 4.19454
-3.53054 4.35749 3.43254
0.360205 0.494792 -2.96088
0.0766716 -3.67833 -4.80563
4.30056 -0.240467 -2.19816
4.08543 0.392827 -1.26825
3.0368 4.20285 3.66698
3.83753 -4.93698 2.1754
1.76246 3.53912 2.04741
-4.35425 -4.18464 -3.23652
0.337233 1.52974 -4.00506
-4.02155 -4.19473 -1.22147
-0.827566 -3.92424 3.56367
1.19357 -3.49182 4.91048
-0.04694 -4.45801 3.44856
-3.07244 1.77492 -4.27226
4.26927 4.38472 3.06154
-3.50907 4.8323 -1.99626
-4.59058 -3.75847 3.25538
-2.68762 -4.35706 1.79619
2.88235 -1.06195 -2.38592
4.13752 0.585065 -4.43734
4.15785 1.38277 3.19792
-1.08864 4.41579 0.37742
-0.712761 -0.296121 -4.29437
4.55697 -2.46146 2.42328
3.80955 1.43006 -3.46161
-1.45907 -1.63039 3.57736
-4.77234 -2.27252 3.91103
-1.2007 4.5131 -3.9369
3.54884 4.83049 -3.73
3.58253 -4.77305 -1.64592
-0.947795 -4.50454 -4.93774
-4.15701 2.54808 -4.15861
-2.61025 -0.821365 0.111413
-4.33781 4.61485 -0.992843
2.03443 -1.08941 4.63642
3.4696 4.92493 -4.41851
-3.66441 0.283921 -0.289204
-2.27658 1.45397 -3.49967
4.68673 -4.31161 1.98432
3.32145 3.54325 -4.89776
0.734438 -0.50675 4.86977
-0.151963 2.54895 1.58665
-4.64886 4.35907 2.2765
3.30241 -1.55434 -4.95878
-1.2273 -3.19101 -0.280957
-0.942196 -0.97735 4.1952
4.74646 4.73569 -3.78756
2.37469 -4.60846 4.32931
3.47766 -2.87853 -1.07998
2.86438 4.35759 -4.25064
-3.96663 -4.74525 -4.60254
1.97177 4.93984 4.41446
-2.36417 4.57517 4.45262
-3.29469 2.8995 -4.16721
4.82628 -0.88223 -3.92976
-4.63913 -4.83199 -3.93719
-3.81609 4.65644 -1.81607
4.30835 -3.20733 4.58377
-3.41053 -4.25357 4.70128
2.28687 4.45424 -4.23399
4.35702 2.12044 1.07008
1.48449 3.86868 -3.31098
3.86114 3.96006 0.734135
1.24066 -2.74429 2.5248
4.47944 -1.32146 4.72854
0.865279 3.29419 -3.08572
0.749234 -3.85074 0.825027
-1.10451 -4.02751 -2.20015
-0.928755 -0.445253 -1.77673
4.70891 -2.54299 4.19015
3.03458 -0.13976 2.38724
4.72453 -0.230611 4.95924
-0.488615 -0.261501 1.3107
-0.304474 -4.72583 -4.97609
-1.28412 0.569557 -0.0304428
4.86334 -3.88802 1.29694
4.72883 -4.30027 4.8693
-2.35028 2.84074 -1.15241
4.92161 4.72925 2.75982
-1.18487 1.14597 3.04888
3.12062 -3.25935 3.00483
-2.50599 0.838643 -4.0264
-0.611087 -3.61054 3.59228
-4.62883 1.30259 0.44373
2.56033 -1.8322 3.11887
