0.728397 1.41364 -2.82067
-4.13456 -4.6096 2.19553
4.70027 -2.10834 0.0645959
-4.93348 -4.963 0.0574377
-4.06322 -2.65729 -4.61932
3.55062 0.848049 4.72615
0.552959 4.337 1.45896
3.30199 -4.30609 4.43355
-4.65113 4.42624 -4.37543
3.95697 -4.89554 -2.1753
4.82207 2.37139 3.11492
4.15408 2.07209 -4.02551
-0.661364 4.87924 -0.984258
-4.57415 -2.28108 4.20851
-3.52884 4.33866 3.38822
0.362742 0.500563 -2.97713
0.0772171 -3.70139 -4.79223
4.30119 -0.24299 -2.21312
4.07182 0.397807 -1.27631
3.02844 4.24151 3.69398
3.81822 -4.9401 2.18329
1.76886 3.56356 2.05134
-4.35213 -4.21974 -3.25761
0.336987 1.54452 -3.97629
-4.0118 -4.24144 -1.22507
-0.843107 -3.96055 3.52653
1.20145 -3.46958 4.92337
-0.0485204 -4.47509 3.47608
-3.06343 1.78871 -4.22559
4.24277 4.45409 3.05986
-3.54117 4.81184 -2.01623
-4.51982 -3.78504 3.22857
-2.71192 -4.37558 1.80646
2.90095 -1.06302 -2.40733
4.1287 0.580125 -4.38983
4.14015 1.39941 3.17852
-1.09404 4.39287 0.376953
-0.723725 -0.292935 -4.32615
4.52822 -2.45579 2.45885
3.85058 1.45116 -3.39551
-1.48308 -1.64263 3.54279
-4.80447 -2.29769 3.93941
-1.20994 4.52313 -3.90797
3.54103 4.78677 -3.78148
3.55816 -4.82028 -1.65683
-0.958488 -4.49624 -4.98135
-4.19396 2.56499 -4.15582
-2.58027 -0.830512 0.116123
-4.31044 4.66039 -0.998456
2.04365 -1.09229 4.67005
3.50109 4.94816 -4.44494
-3.69264 0.28535 -0.292013
-2.30059 1.47036 -3.48678
4.74323 -4.32128 1.98846
3.34544 3.57109 -4.88997
0.738052 -0.506633 4.89429
-0.154664 2.56607 1.58908
-4.68373 4.30793 2.22557
3.26345 -1.5758 -4.94198
-1.24081 -3.21692 -0.284462
-0.949687 -0.982678 4.22269
4.72779 4.75739 -3.76096
2.39675 -4.62159 4.34869
3.49851 -2.89667 -1.08181
2.88507 4.32953 -4.21571
-3.93274 -4.72587 -4.59614
1.98003 4.89466 4.3716
-2.39322 4.54206 4.45369
-3.31928 2.92468 -4.20302
4.86335 -0.883397 -3.96448
-4.68765 -4.80367 -3.94091
-3.80822 4.69472 -1.82837
4.2645 -3.14454 4.6082
-3.43467 -4.28841 4.71494
2.29752 4.51946 -4.20379
4.39191 2.13071 1.07093
1.49223 3.84417 -3.34333
3.83878 3.99063 0.742262
1.24436 -2.76085 2.5379
4.50435 -1.33734 4.71361
0.867181 3.3141 -3.10398
0.754633 -3.89073 0.825942
-1.11297 -4.05935 -2.21443
-0.937193 -0.447859 -1.78542
4.76531 -2.5691 4.14028
3.05425 -0.140789 2.3952
4.73536 -0.219286 4.93963
-0.491837 -0.265578 1.31234
-0.33021 -4.70336 -4.98056
-1.28507 0.574144 -0.0309798
4.87529 -3.92984 1.29285
4.72963 -4.35318 4.82058
-2.31838 2.86448 -1.15852
4.91753 4.74701 2.77976
-1.19574 1.15396 3.0659
3.13994 -3.27784 3.01881
-2.49659 0.84867 -4.02525
-0.570589 -3.56291 3.62037
-4.64652 1.3124 0.451722
2.5926 -1.85089 3.08114
