0.613707 1.41268 -2.89533
-4.2272 -4.62278 2.21929
4.6771 -2.13641 0.0659277
-4.89432 -4.91809 0.058808
-4.09365 -2.7058 -4.65521
3.59855 0.839795 4.67723
0.557242 4.34645 1.46524
3.36113 -4.34984 4.53805
-4.67659 4.56041 -4.48873
4.01902 -4.85065 -2.20071
4.79498 2.39917 3.16311
4.17946 2.10871 -4.0055
-0.667087 4.98044 -1.00279
-4.72947 -2.31122 4.24308
-3.52786 4.30458 3.30129
0.367758 0.511906 -3.01014
0.0782573 -3.74832 -4.7689
4.30328 -0.248118 -2.24345
4.04594 0.40799 -1.29241
3.01234 4.3215 3.74988
3.78095 -4.95151 2.19927
1.78182 3.61339 2.05953
-4.3502 -4.29249 -3.30069
0.336366 1.57456 -3.92049
-3.99431 -4.34124 -1.23235
-0.875317 -4.03518 3.454
1.21751 -3.4275 4.9558
-0.0514833 -4.51155 3.53314
-3.04672 1.81665 -4.1337
4.19432 4.60137 3.05918
-3.60396 4.77897 -2.05969
-4.38961 -3.84318 3.17759
-2.76208 -4.41553 1.82737
2.93869 -1.06555 -2.45122
4.11226 0.570346 -4.30028
4.10569 1.43287 3.14073
-1.105 4.3481 0.376081
-0.746037 -0.286637 -4.39302
4.47536 -2.44517 2.53037
3.9343 1.49374 -3.26477
-1.5319 -1.66746 3.47483
-4.92708 -2.34798 3.99575
-1.22863 4.5456 -3.85127
3.52934 4.70663 -3.88719
3.51098 -4.91832 -1.67831
-0.981083 -4.48278 4.93416
-4.27068 2.59956 -4.15161
-2.52125 -0.849068 0.125575
-4.25784 4.75638 -1.0095
2.0622 -1.09812 4.73924
3.56603 4.99993 -4.50279
-3.75009 0.288228 -0.297675
-2.34934 1.50388 -3.46164
4.86219 -4.34554 1.99715
3.39452 3.62794 -4.87753
0.745245 -0.506374 4.94511
-0.160145 2.60073 1.59417
-4.76817 4.21271 2.12401
3.18638 -1.61911 -4.91438
-1.26815 -3.27026 -0.291561
-0.964861 -0.993311 4.27909
4.70704 4.81454 -3.71006
2.44141 -4.6615 4.39078
3.54091 -2.93352 -1.08565
2.92738 4.27543 -4.14848
-3.86763 -4.6919 -4.58953
1.99621 4.81566 4.28895
-2.45265 4.48254 4.46145
-3.36986 2.97669 -4.27655
4.93919 -0.885883 -4.03698
-4.80154 -4.76846 -3.95303
-3.79719 4.77591 -1.85165
4.18043 -3.02064 4.66041
-3.48429 -4.36021 4.74693
2.31819 4.65459 -4.14811
4.46353 2.15173 1.07271
1.50815 3.79806 -3.40986
3.79555 4.05401 0.758406
1.25177 -2.7946 2.56448
4.55981 -1.36917 4.69038
0.870763 3.35455 -3.14094
0.765519 -3.97312 0.82766
-1.13006 -4.12507 -2.24355
-0.95428 -0.453248 -1.80308
4.92394 -2.62334 4.0439
3.09401 -0.142735 2.4114
4.75867 -0.196458 4.9046
-0.49834 -0.27374 1.31584
-0.381239 -4.66199 -4.99804
-1.28714 0.583428 -0.0320439
4.90217 -4.01478 1.28429
4.73713 -4.46397 4.72955
-2.25526 2.91287 -1.17083
4.91702 4.7887 2.82067
-1.21777 1.17015 3.10066
3.17925 -3.31587 3.0473
-2.47909 0.86816 -4.02502
-0.489259 -3.46758 3.68007
-4.68487 1.33228 0.467758
2.65797 -1.88866 3.0071
