0.556516 1.41265 -2.93299
-4.27721 -4.6321 2.23135
4.66617 -2.15059 0.0665554
-4.87624 -4.89717 0.0594755
-4.11033 -2.73042 -4.67557
3.62284 0.835815 4.65508
0.559369 4.35194 1.46842
3.39165 -4.37519 4.59315
-4.6943 4.63423 -4.54831
4.05133 -4.82991 -2.21376
4.78289 2.4136 3.1881
4.19306 2.12735 -3.99634
-0.66995 -4.96742 -1.01218
-4.82259 -2.32605 4.26412
-3.5286 4.28934 3.25863
0.370241 0.517465 -3.0269
0.0787601 -3.77219 -4.75921
4.30474 -0.250724 -2.25883
4.03366 0.413188 -1.30046
3.00461 4.36294 3.7788
3.76298 -4.95995 2.20734
1.78839 3.63879 2.06376
-4.35044 -4.33027 -3.32271
0.335991 1.58982 -3.89347
-3.98655 -4.39513 -1.23604
-0.891863 -4.07335 3.41835
1.22568 -3.40762 4.97516
-0.0528733 -4.53091 3.56258
-3.03902 1.83084 -4.08846
4.17232 4.67989 3.06017
-3.63437 4.76623 -2.08401
-4.33002 -3.8748 3.15341
-2.78798 -4.43698 1.83797
2.95783 -1.06701 -2.47374
4.10462 0.565504 -4.25794
4.08893 1.44969 3.12232
-1.11057 4.32625 0.375668
-0.75739 -0.283516 -4.42821
4.45125 -2.44022 2.56631
3.97704 1.51523 -3.20006
-1.55672 -1.68003 3.4414
4.93409 -2.37199 4.02341
-1.23807 4.55802 -3.82367
3.52557 4.67018 -3.94162
3.48816 -4.96921 -1.68895
-0.993023 -4.47755 4.90105
-4.31052 2.61722 -4.15021
-2.49219 -0.858474 0.130311
-4.2326 4.80726 -1.01491
2.07152 -1.10106 4.77486
3.59956 -4.9712 -4.5345
-3.77931 0.289673 -0.300527
-2.3741 1.52101 -3.44939
4.92522 -4.36021 2.00169
3.41964 3.65699 -4.87295
0.748827 -0.506233 4.97141
-0.162924 2.61829 1.59682
-4.81676 4.16849 2.07338
3.14827 -1.64096 -4.90353
-1.28199 -3.29773 -0.295164
-0.972552 -0.998625 4.30803
4.70551 4.8509 -3.68571
2.46397 -4.68775 4.41359
3.56248 -2.95225 -1.08767
2.94895 4.24936 -4.11611
-3.83635 -4.67733 -4.58973
2.00415 4.78114 4.24903
-2.48305 4.45611 4.46792
-3.39589 3.00354 -4.31436
4.97797 -0.887198 -4.07482
-4.86819 -4.7628 -3.96155
-3.7943 4.81954 -1.86206
4.14033 -2.95949 4.68823
-3.5098 -4.39723 4.76565
2.32833 4.7247 -4.12266
4.50034 2.1625 1.07365
1.51636 3.77645 -3.44414
3.77467 4.08683 0.766414
1.25548 -2.81179 2.57796
4.59075 -1.38509 4.68193
0.872432 3.37509 -3.15965
0.771009 -4.01559 0.828447
-1.13869 -4.15902 -2.25842
-0.962931 -0.456032 -1.81207
-4.9351 -2.65265 3.99724
3.11411 -0.143652 2.41964
4.77115 -0.18495 4.88907
-0.501621 -0.277825 1.31769
-0.406522 -4.64305 4.98451
-1.28826 0.588125 -0.0325735
4.9172 -4.05795 1.27981
4.74395 -4.5221 4.68735
-2.22403 2.93753 -1.17703
4.92019 4.81277 2.84164
-1.22891 1.17836 3.1184
3.19927 -3.33543 3.06181
-2.47098 0.877631 -4.02596
-0.448595 -3.42014 3.7114
-4.70559 1.34235 0.475794
2.6911 -1.90775 2.97074
