0.385412 1.41463 -3.04716
-4.44655 -4.67192 2.26839
4.63601 -2.1937 0.0682888
-4.82796 -4.84051 0.0613764
-4.16657 -2.80574 -4.74661
3.69729 0.824539 4.59682
0.565695 4.37173 1.47813
3.48732 -4.46237 4.77402
-4.77051 4.88873 -4.74248
4.15355 -4.77825 -2.2541
4.75257 2.45935 3.2668
4.23778 2.18473 -3.97216
-0.678516 -4.81701 -1.04091
4.67317 -2.36814 4.34426
-3.53574 4.25116 3.13357
0.37765 0.53366 -3.0782
0.0802519 -3.84541 -4.7413
4.31097 -0.258697 -2.30583
3.99953 0.429215 -1.32456
2.9828 4.49464 3.86963
3.71208 -4.99707 2.23185
1.80848 3.71713 2.077
-4.35719 -4.45 -3.39081
0.334626 1.63683 -3.81609
-3.96713 -4.58303 -1.24729
-0.942909 -4.1908 3.31273
1.25076 -3.35206 -4.95943
-0.0567213 -4.59343 3.65321
-3.01859 1.87449 -3.95555
4.11542 4.93978 3.06857
-3.72453 4.73961 -2.16888
-4.17135 -3.98001 3.08616
-2.86909 -4.50726 1.8703
3.01662 -1.07216 -2.54365
4.08444 0.551219 -4.13937
4.04056 1.50063 3.06891
-1.12761 4.26366 0.374483
-0.792226 -0.274146 -4.54123
4.38826 -2.4268 2.67494
4.10936 1.58083 -3.00819
-1.63278 -1.71829 3.34313
-4.90073 -2.44065 4.10712
-1.26678 4.60006 -3.74449
3.5229 4.60436 -4.11314
3.42274 4.88369 -1.72084
-1.03163 -4.46731 4.81013
-4.4363 2.67199 -4.14891
-2.40676 -0.887126 0.144533
-4.16115 4.97761 -1.0306
2.09973 -1.10991 4.8865
3.7049 -4.91255 -4.64348
-3.86899 0.294041 -0.309173
-2.44991 1.57394 -3.41386
-4.87369 -4.41463 2.01597
3.49752 3.74856 -4.86619
0.759544 -0.505737 -4.94739
-0.171408 2.67196 1.60513
-4.98392 4.0489 1.92206
3.03581 -1.70715 -4.88295
-1.32419 -3.38229 -0.306211
-0.996069 -1.0146 4.39812
4.74085 -4.99137 -3.61654
2.53257 -4.78856 4.48985
3.62873 -3.0098 -1.09415
3.01489 4.17831 -4.02372
-3.74759 -4.64304 -4.60885
2.02743 4.69477 4.13415
-2.57711 4.39032 4.49729
-3.47723 3.08773 -4.43258
-4.90862 -0.891349 -4.1951
4.89344 -4.81075 -3.99795
-3.79438 4.96963 -1.88768
4.02819 -2.7786 4.77886
-3.58929 -4.51304 4.83688
2.35851 4.94927 -4.05607
4.61539 2.1959 1.07665
1.54214 3.71782 -3.55182
3.7151 4.18998 0.790143
1.26669 -2.86463 2.61909
4.6977 -1.4324 4.66892
0.876911 3.4383 -3.21686
0.787699 -4.14791 0.830441
-1.16492 -4.26399 -2.30455
-0.989289 -0.464676 -1.8397
-4.71473 -2.75014 3.86021
3.17529 -0.146152 2.44495
4.81287 -0.149992 4.84999
-0.511568 -0.290037 1.3236
-0.481389 -4.59274 4.9442
-1.29194 0.602493 -0.0341595
4.9707 -4.19056 1.26549
4.77814 -4.70804 4.57536
-2.13155 3.01394 -1.19594
4.94295 4.89927 2.90674
-1.26288 1.20348 3.17309
3.26089 -3.39639 3.10654
-2.44899 0.905107 -4.03307
-0.32695 -3.27906 3.81
-4.7745 1.37306 0.499935
2.79233 -1.9657 2.86409
