0.328456 1.41596 -3.08541
-4.50789 -4.68972 2.28115
4.62687 -2.20829 0.0688285
-4.8138 -4.82368 0.0619757
-4.18757 -2.83135 -4.77369
3.72271 0.821005 4.57995
0.567791 4.37947 1.48144
3.52055 -4.49541 4.84178
-4.80739 4.98709 -4.81405
4.18932 -4.76525 -2.26788
4.74451 2.47547 3.29436
4.25407 2.20435 -3.96516
-0.681356 -4.76878 -1.05064
4.50185 -2.38201 4.37574
-3.5397 4.24101 3.09283
0.380124 0.538883 -3.09555
0.0807552 -3.87038 -4.73862
4.31373 -0.26141 -2.32176
3.98907 0.434689 -1.33257
2.97604 4.54143 3.90136
3.6964 4.98636 2.24012
1.81532 3.74399 2.08161
-4.36255 -4.49192 -3.41423
0.334109 1.65295 -3.79145
-3.96186 -4.66192 -1.25112
-0.960327 -4.2309 3.27801
1.2593 -3.33489 -4.94033
-0.0579082 -4.61572 3.68436
-3.01269 1.88945 -3.91214
4.09994 -4.96426 3.07323
-3.75567 4.73463 -2.20025
-4.12412 -4.0187 3.0656
-2.89715 -4.53275 1.88127
3.03674 -1.07414 -2.5677
4.07877 0.546541 -4.10231
4.02509 1.51778 3.0517
-1.13339 4.24376 0.37411
-0.804089 -0.271 -4.58115
4.37061 -2.42284 2.71151
4.15496 1.60311 -2.94488
-1.65865 -1.73121 3.31113
-4.80912 -2.46354 4.13681
-1.27648 4.61567 -3.71921
3.52451 4.59702 -4.17371
3.40192 4.84011 -1.7315
-1.04548 -4.46563 4.78259
-4.4805 2.69091 -4.14945
-2.37883 -0.896821 0.149292
-4.13884 -4.9546 -1.03552
2.10921 -1.11286 4.92581
3.7415 -4.90145 -4.68584
-3.89956 0.295504 -0.312077
-2.47569 1.59207 -3.40236
-4.81292 -4.4362 2.02084
3.52432 3.78077 -4.86635
0.763115 -0.50555 -4.92128
-0.17428 2.69019 1.60805
4.95437 4.01322 1.87185
2.99895 -1.72945 -4.88009
-1.33848 -3.41123 -0.309945
-1.00406 -1.01995 4.4295
4.75958 -4.93106 -3.59437
2.5557 -4.82935 4.51832
3.65136 -3.02951 -1.09644
3.03717 4.15682 -3.99432
-3.71997 -4.63459 -4.6237
2.035 4.67101 4.09746
-2.60949 4.37299 4.5106
-3.50555 3.1171 -4.47369
-4.87402 -0.89279 -4.23755
4.82004 -4.84426 -4.01421
-3.79653 -4.97197 -1.89518
3.99293 -2.71913 4.81167
-3.61691 -4.55336 4.86776
2.36854 -4.97091 -4.03698
4.65549 2.20741 1.07773
1.55113 3.70027 -3.58935
3.69637 4.22595 0.797956
1.27045 -2.88267 2.63317
4.7383 -1.44796 4.66874
0.878215 3.45992 -3.23626
0.793358 -4.19382 0.831022
-1.17379 -4.3001 -2.3204
-0.998205 -0.467657 -1.84908
-4.66758 -2.78462 3.81565
3.19601 -0.146904 2.45362
4.82858 -0.138189 4.83941
-0.51491 -0.294095 1.32574
-0.506011 -4.57806 4.9351
-1.29327 0.607374 -0.0346769
4.99352 -4.2359 1.26045
4.7946 -4.77484 4.5438
-2.10111 3.04024 -1.20232
4.95565 4.93336 2.92925
-1.27437 1.21202 3.19185
3.28202 -3.41755 3.12192
-2.44239 0.91399 -4.03684
-0.286542 -3.23252 3.84475
-4.79988 1.38345 0.50799
2.82675 -1.98527 2.82945
