-3.63058 2.31759 -0.67031
-2.69648 -4.68263 1.55612
4.52531 -1.28409 -0.0424817
-4.5639 -4.6055 0.0559012
-4.9011 -1.28838 -4.65438
2.00743 0.781479 4.11557
0.392025 -4.23078 1.30271
2.14021 4.04352 2.40633
-4.46625 2.26978 -1.98
2.69938 4.85415 -1.59105
-4.9073 2.12121 2.30215
-4.21421 1.21586 3.63994
-0.516441 2.57841 -0.469066
-2.15145 -1.52532 -3.61577
4.13283 4.01729 -4.69477
0.168726 0.0613055 -2.061
0.0603025 -2.46553 -4.37151
-4.18131 -0.102647 -1.40445
4.39524 0.195699 -0.607789
-4.50302 2.52615 2.4732
-3.64877 -4.98993 1.65253
1.41944 2.27018 2.0109
4.03522 -2.79166 -2.18908
0.2572 0.809647 3.25609
3.57378 -2.43372 -1.08562
-0.20911 -2.26101 -3.47931
0.838465 2.93732 4.94006
0.103523 4.49849 2.2532
4.08573 1.14095 3.20495
-2.77654 2.04802 -4.00239
-2.14273 -4.96207 -1.10574
2.24182 4.33171 -2.88502
-1.71499 3.82503 1.28629
1.9413 -1.24477 -1.3739
-3.43355 0.766207 3.2329
4.79736 0.464231 -3.79118
-0.796033 -3.71385 0.409399
0.000750534 -0.477777 4.52576
-2.91146 -1.93267 1.06026
1.65924 1.09687 2.82329
-0.140475 -1.21466 -3.2439
4.33056 -0.858097 -3.90054
-0.780465 -3.82839 3.63803
-3.29619 -4.50535 -1.60225
-3.54178 2.86518 -0.718637
-0.363942 3.00088 4.1343
-2.74115 1.69996 3.88228
3.77844 -0.401876 -0.174261
3.3181 2.47915 -0.621876
1.45537 -0.723326 3.0261
2.15789 4.80812 4.35084
-2.01592 0.264782 -0.099299
-0.765788 0.667296 3.58971
2.44429 3.60569 1.91017
2.19794 2.31642 -4.99524
0.373212 -0.474994 -4.67755
0.00685063 1.58108 1.57866
4.35635 3.59052 3.7175
-3.51989 -0.611142 4.73462
-0.430935 -1.96786 -0.095928
-0.48853 -0.44464 2.84175
-2.78237 4.93439 -3.73576
1.28214 4.9326 4.82942
2.4067 -1.93111 -1.06071
1.93676 -3.08676 3.14798
3.43156 -4.21309 -4.46925
1.42453 -2.99744 -3.12708
-1.00597 4.48559 4.30115
-2.19676 1.8224 -2.41654
2.97931 -0.88378 -2.43402
-4.89666 -3.23324 4.6681
3.35364 -3.81459 -1.26234
-3.13045 3.19551 -3.68923
-2.31857 -2.79053 -4.25013
1.47773 1.87844 2.74366
2.66942 1.59245 1.09285
1.1078 -2.89025 -2.06087
-3.73583 2.53274 0.0449047
1.00363 -1.82521 1.7989
-3.30422 -0.273573 3.40056
0.69119 2.29045 -2.09101
0.411682 -2.02405 0.645897
-0.57873 -2.54082 -1.54406
-0.418724 -0.351229 -1.36441
-4.16115 -1.4244 -2.72409
1.89815 0.0261079 2.04916
4.64932 -0.504969 4.22636
-0.278715 0.0559905 1.36896
1.17682 4.80723 -3.79828
-1.42859 0.312038 -0.0099564
-4.77064 -2.37405 1.19406
4.39316 -2.45895 4.51836
3.62415 1.82811 -0.694276
-4.6891 -3.52031 1.83948
-0.523797 0.720904 2.28428
2.0909 -2.32544 2.30611
4.92058 -0.145477 -4.57516
4.27916 2.7568 2.23901
-4.94234 0.744615 -0.0509132
0.598015 -1.21467 -3.11878
