0.271475 1.41764 -3.12369
-4.57202 -4.71011 2.29424
4.61818 -2.22294 0.0693516
-4.80068 -4.80744 0.0625552
-4.20962 -2.85717 -4.80254
3.74844 0.817611 4.56427
0.569873 4.38782 1.48477
3.55445 -4.53024 4.91547
-4.85142 -4.90591 -4.89056
4.22594 -4.75366 -2.28181
4.73736 2.4921 3.32263
4.27111 2.22428 -3.95867
-0.68419 -4.72135 -1.06044
4.33601 -2.39605 4.40864
-3.54457 4.23225 3.05254
0.382609 0.544028 -3.11301
0.0812658 -3.89559 -4.73756
4.31683 -0.264133 -2.33784
3.97905 0.440255 -1.34057
2.96952 4.59015 3.93388
3.6812 4.97195 2.24846
1.82223 3.77122 2.08633
-4.36967 -4.5345 -3.43804
0.333573 1.66934 -3.7674
-3.95705 -4.74144 -1.25517
-0.977928 -4.27147 3.24354
1.26791 -3.31821 -4.92317
-0.0590577 -4.63872 3.71601
-3.00727 1.9047 -3.86917
4.08605 -4.87449 3.07886
-3.78779 4.75488 -2.23269
-4.07956 -4.05916 3.04599
-2.9258 -4.55924 1.89236
3.05712 -1.0762 -2.59212
4.0736 0.541933 -4.06636
4.00991 1.53505 3.03479
-1.13923 4.22435 0.373749
-0.816076 -0.267811 -4.62228
4.35474 -2.41909 2.7483
4.20134 1.62571 -2.88185
-1.68477 -1.74418 3.27951
-4.72607 -2.48626 4.16889
-1.28626 4.63214 -3.69446
3.52729 4.59829 -4.23644
3.38155 4.799 -1.7422
-1.05985 -4.46474 4.75638
-4.52595 2.71028 -4.1505
-2.35117 -0.906556 0.154061
-4.11743 -4.88815 -1.04008
2.11873 -1.11579 4.96628
3.77892 -4.89401 -4.73269
-3.93047 0.296983 -0.314991
-2.50174 1.6105 -3.39101
-4.75678 -4.45933 2.02563
3.55153 3.81413 -4.86781
0.766684 -0.505341 -4.89585
-0.177178 2.70861 1.61104
4.89465 3.97955 1.82175
2.96238 -1.75182 -4.87935
-1.35288 -3.44046 -0.313697
-1.01213 -1.02531 4.46165
4.78112 -4.87291 -3.57243
2.57892 -4.87347 4.54849
3.67426 -3.04942 -1.09878
3.05957 4.13708 -3.96556
-3.6933 -4.62743 -4.64503
2.04247 4.6496 4.06153
-2.64244 4.3581 4.52576
-3.53454 3.14724 -4.51574
-4.84102 -0.89423 -4.28127
4.75158 -4.88142 -4.03285
-3.7995 -4.93142 -1.90263
3.9586 -2.65999 4.84588
-3.64512 -4.59458 4.90414
2.37858 -4.8943 -4.01946
4.69648 2.21916 1.07885
1.5603 3.68417 -3.62773
3.67805 4.26266 0.805718
1.27423 -2.90093 2.64745
4.78169 -1.46335 4.67066
0.879421 3.48191 -3.25583
0.799055 -4.24069 0.831566
-1.18272 -4.33671 -2.33649
-1.00719 -0.470669 -1.85855
-4.62329 -2.81982 3.77171
3.21688 -0.147608 2.46241
4.84521 -0.126295 4.83001
-0.518265 -0.298135 1.32796
-0.530471 -4.56432 4.92826
-1.29465 0.612316 -0.0351874
-4.981 -4.28184 1.25527
4.81443 -4.8448 4.516
-2.07089 3.06711 -1.20874
4.97092 4.97135 2.9522
-1.28596 1.22066 3.21089
3.30345 -3.43912 3.13756
-2.43615 0.922789 -4.04131
-0.246213 -3.18619 3.8805
-4.82661 1.39394 0.516044
2.86152 -2.00495 2.79525
