0.0998185 1.42451 -3.23834
-4.7803 -4.78491 2.33671
4.59517 -2.26722 0.0708506
-4.76569 -4.76209 0.0641599
-4.28198 -2.93545 -4.90079
3.82758 0.808361 4.52411
0.576078 4.4167 1.49504
3.66003 -4.64543 -4.81023
4.95952 -4.59382 4.84858
4.34133 -4.72596 -2.32442
4.72165 2.5457 3.4119
4.3272 2.28614 -3.94222
-0.692562 -4.58365 -1.09021
3.85391 -2.43851 4.5153
-3.56407 4.21568 2.93437
0.390184 0.559018 -3.16602
0.0828953 -3.97272 -4.74421
4.32815 -0.272336 -2.38682
3.95166 0.45753 -1.36445
2.9517 4.75091 4.03667
3.63946 4.94188 2.27399
1.84338 3.85533 2.10111
-4.40313 -4.66556 -3.51202
0.332117 1.72053 -3.69888
-3.94268 -4.98658 -1.27218
-1.03164 -4.39584 3.14155
1.2942 -3.27095 -4.88275
-0.0622723 -4.7118 3.81425
-2.99398 1.95238 -3.74293
4.05706 -4.63203 3.10172
-3.89124 4.94301 -2.33616
-3.95927 -4.18877 2.99318
-3.01438 -4.64449 1.92631
3.1199 -1.08276 -2.66751
4.061 0.528608 -3.96441
3.96618 1.58771 2.98579
-1.15703 4.16907 0.372735
-0.852753 -0.257847 -4.75377
4.31813 -2.40867 2.8605
4.34549 1.69561 -2.69429
-1.7645 -1.78331 3.18696
-4.50605 -2.55366 4.28243
-1.31597 4.68689 -3.6232
3.5422 4.65904 -4.44083
3.32342 4.68853 -1.77458
-1.10604 -4.46647 4.68536
-4.6704 2.77156 -4.15678
-2.26964 -0.935959 0.168442
-4.06034 -4.69472 -1.04836
2.14753 -1.12434 -4.91038
3.89778 -4.89271 -4.91721
-4.02534 0.30154 -0.323776
-2.5814 1.66747 -3.35767
-4.60198 -4.5343 2.03817
3.63594 3.92254 -4.88034
0.777402 -0.504566 -4.8229
-0.186 2.76507 1.62046
4.72827 3.89096 1.67221
2.85431 -1.81929 -4.88844
-1.39671 -3.5299 -0.325014
-1.03679 -1.0415 4.56324
4.86629 -4.70647 -3.50915
2.64919 4.97235 4.65097
3.74485 -3.11027 -1.10616
3.12788 4.08756 -3.88286
-3.61801 -4.61015 -4.77008
2.06437 4.59802 3.95813
-2.7446 4.32955 4.58362
-3.62579 3.24318 -4.64798
-4.75198 -0.898431 -4.42045
4.57041 4.99389 -4.10301
-3.81282 -4.89525 -1.9254
3.86038 -2.48429 4.95854
-3.73383 -4.72231 -4.93798
2.40906 -4.68013 -3.97606
4.82557 2.25593 1.08253
1.58907 3.6443 -3.74828
3.6262 4.3776 0.828695
1.28573 -2.95696 2.69165
4.9296 -1.50857 4.68979
0.882481 3.55023 -3.31553
0.816524 -4.38757 0.832991
-1.20988 -4.44983 -2.38614
-1.03453 -0.479854 -1.88744
-4.50413 -2.92815 3.64437
3.28054 -0.14939 2.48963
4.90081 -0.0900124 4.80897
-0.528369 -0.310108 1.33523
-0.602876 -4.5284 4.92169
-1.29913 0.627528 -0.0366665
-4.91094 -4.42301 1.239
4.9061 4.9373 4.46179
-1.98134 3.15134 -1.22828
-4.97005 -4.90577 3.02412
-1.32124 1.24723 3.26977
3.36986 -3.5062 3.18628
-2.41954 0.948908 -4.05888
-0.125651 -3.0484 3.99427
-4.91554 1.42606 0.540188
2.96821 -2.06442 2.69543
