0.0421102 1.4272 -3.27643
-4.85379 -4.81306 2.35193
4.58852 -2.28211 0.0713404
-4.75543 -4.74807 0.0646489
-4.30829 -2.96198 -4.93798
3.85464 0.805555 4.51296
0.578135 4.42768 1.49856
3.69594 -4.69022 -4.71859
4.88868 -4.49872 4.76779
4.38172 -4.71904 -2.33885
4.71845 2.56478 3.44327
4.34779 2.30737 -3.93769
-0.695297 -4.53919 -1.10025
3.69619 -2.453 4.55349
-3.57193 4.21362 2.89592
0.392764 0.56387 -3.18386
0.0834819 -3.99899 -4.74972
4.33259 -0.275091 -2.40339
3.94341 0.463457 -1.37236
2.94639 4.80864 4.07309
3.62706 4.93607 2.28275
1.85059 3.88417 2.10627
-4.41925 -4.71096 -3.53754
0.3318 1.73833 -3.67723
-3.93841 4.92779 -1.27888
-1.0498 -4.43823 3.10806
1.3031 -3.25629 -4.87272
-0.0632714 -4.73758 3.84819
-2.9906 1.96897 -3.70173
4.05366 -4.55792 3.1115
-3.92859 -4.94992 -2.37286
-3.92253 -4.23442 2.97776
-3.04467 -4.67492 1.93792
3.14138 -1.08511 -2.69327
4.05774 0.524311 -3.93218
3.95223 1.60554 2.97004
-1.16305 4.1516 0.372427
-0.865213 -0.254365 -4.80069
4.30954 -2.4055 2.8987
4.39528 1.71958 -2.63219
-1.79153 -1.79644 3.1569
-4.44014 -2.57623 4.32747
-1.32601 4.70695 -3.60038
3.54898 4.69942 -4.514
3.305 4.65539 -1.78545
-1.12246 -4.46852 4.66415
-4.7216 2.79298 -4.15992
-2.24294 -0.94583 0.173269
-4.04324 -4.631 -1.04974
2.15719 -1.12712 -4.87043
3.93985 -4.90132 -4.98682
-4.05768 0.303091 -0.326711
-2.60843 1.68691 -3.34672
-4.55311 -4.56051 2.04179
3.66502 3.96134 -4.88726
0.780977 -0.504268 -4.79946
-0.188978 2.78429 1.62377
4.67712 3.86547 1.62264
2.81876 -1.84195 -4.89477
-1.41152 -3.56031 -0.32878
-1.04517 -1.04695 4.59908
4.90286 -4.65652 -3.48928
2.67277 4.91929 4.6903
3.76903 -3.13095 -1.10871
3.15107 4.07373 -3.8563
-3.59376 -4.60529 -4.81773
2.07152 4.58367 3.92516
-2.77982 4.32552 4.60799
-3.65776 3.27694 -4.69421
-4.72576 -0.8998 -4.46974
4.51597 4.95899 -4.13112
-3.81868 -4.91277 -1.93295
3.82914 -2.42632 -4.99988
-3.76578 -4.76727 -4.88462
2.41935 -4.61381 -3.9642
4.8709 2.26872 1.08388
1.59906 3.63349 -3.7903
3.61 4.41757 0.836258
1.28962 -2.97611 2.7069
4.98517 -1.52349 4.70101
0.883324 3.57379 -3.33575
0.822486 -4.43887 0.833414
-1.21906 -4.48878 -2.40313
-1.04377 -0.482974 -1.89722
-4.46844 -2.96504 3.60367
3.30211 -0.149886 2.49903
4.92129 -0.0777291 4.80438
-0.531746 -0.314055 1.33787
-0.62672 -4.51817 4.92434
-1.30072 0.632725 -0.0371365
-4.88954 -4.47116 1.23337
4.94531 4.87028 4.44994
-1.95184 3.18064 -1.23486
-4.95298 -4.86735 3.04926
-1.33318 1.2563 3.29001
3.39277 -3.52945 3.20323
-2.41471 0.957541 -4.06612
-0.0856077 -3.00291 4.03455
-4.94836 1.43696 0.548229
3.0046 -2.08447 2.66314
