-0.0159788 1.43001 -3.3145
-4.92934 -4.8428 2.36749
4.58238 -2.29706 0.0718344
-4.74587 -4.73474 0.0651145
-4.33581 -2.9888 -4.97783
3.88206 0.802868 4.50291
0.580183 4.43936 1.50214
3.73221 -4.74154 -4.62919
4.82072 -4.40905 4.69214
4.42313 -4.71322 -2.35336
4.71628 2.58441 3.47551
4.36949 2.32885 -3.93361
-0.698002 -4.49545 -1.11033
3.53925 -2.46791 4.60662
-3.58045 4.21331 2.85794
0.395377 0.568653 -3.20179
0.0840935 -4.02558 -4.75691
4.33735 -0.27786 -2.42007
3.93559 0.469452 -1.38024
2.94138 4.86778 4.11071
3.61543 4.93217 2.29167
1.85789 3.9134 2.11156
-4.43849 -4.7573 -3.56349
0.331633 1.75652 -3.65613
-3.93477 4.85552 -1.28552
-1.06809 -4.48113 3.07482
1.31205 -3.24224 -4.86431
-0.06424 -4.76412 3.88277
-2.98778 1.98592 -3.66099
4.05347 -4.48704 3.12244
-3.9677 -4.84536 -2.41071
-3.88731 -4.28155 2.96347
-3.07534 -4.7065 1.94967
3.16314 -1.08756 -2.7193
4.05493 0.520075 -3.90073
3.93858 1.62349 2.9546
-1.16912 4.13458 0.372134
-0.877789 -0.250784 -4.84944
4.30269 -2.40253 2.93753
4.44598 1.74386 -2.57026
-1.81878 -1.80962 3.12724
-4.3775 -2.59899 4.37752
-1.33612 4.72797 -3.578
3.55641 4.75238 -4.58998
3.28704 4.62385 -1.79635
-1.13939 -4.47131 4.64414
-4.77454 2.81487 -4.16359
-2.21646 -0.955744 0.178118
-4.02679 -4.5743 -1.05091
2.16688 -1.12986 -4.83099
3.98293 -4.91536 4.94039
-4.0904 0.304652 -0.329645
-2.63567 1.70651 -3.3358
-4.50529 -4.58758 2.04534
3.69457 4.00138 -4.89559
0.784552 -0.503955 -4.77644
-0.191976 2.80371 1.62717
4.628 3.84175 1.57321
2.7834 -1.86474 -4.90241
-1.42645 -3.59105 -0.332531
-1.05365 -1.05246 4.63605
4.94448 -4.6096 -3.47002
2.69636 4.86841 4.73258
3.79354 -3.15185 -1.1113
3.17448 4.06098 -3.83021
-3.56948 -4.60055 -4.8664
2.07861 4.5702 3.89291
-2.81569 4.32429 4.63526
-3.69061 3.3116 -4.74159
-4.70142 -0.901157 -4.52057
4.46386 4.93218 -4.16117
-3.82525 -4.93521 -1.94037
3.79872 -2.36858 -4.96811
-3.79948 -4.81399 -4.83287
2.42972 -4.55003 -3.95352
4.91748 2.28177 1.08531
1.60922 3.62374 -3.83327
3.59435 4.45837 0.843778
1.29354 -2.99553 2.72244
-4.95589 -1.53841 4.71532
0.884083 3.59772 -3.35614
0.828518 -4.49151 0.833814
-1.22831 -4.52843 -2.42032
-1.05309 -0.486128 -1.90707
-4.43466 -3.00233 3.56402
3.32386 -0.15034 2.50861
4.94277 -0.0653584 4.80105
-0.535128 -0.317985 1.34062
-0.650448 -4.50878 4.92948
-1.30237 0.63798 -0.0375928
-4.8691 -4.51995 1.22766
4.98661 4.80875 4.44079
-1.92252 3.21053 -1.24148
-4.93807 -4.83027 3.07506
-1.3452 1.26548 3.31057
3.41606 -3.55321 3.22063
-2.41024 0.966148 -4.07404
-0.0456441 -2.95766 4.07611
-4.98289 1.44792 0.556268
3.04141 -2.10467 2.63142
