-0.13349 1.43589 -3.39095
4.92248 -4.90712 2.39924
4.57159 -2.32721 0.0728181
-4.72887 -4.71006 0.065941
-4.39406 -3.04347 4.93727
3.93813 0.797843 4.48597
0.58425 4.46502 1.50947
3.80709 -4.88151 -4.47555
4.69456 -4.24051 4.55131
4.50932 -4.70475 -2.38277
4.71516 2.62536 3.54258
4.41685 2.37255 -3.9269
-0.703308 -4.40999 -1.1307
3.22758 -2.49928 4.74734
-3.59957 4.21822 2.78326
0.400718 0.578037 -3.23793
0.0854149 -4.07973 -4.77638
4.34791 -0.283442 -2.45376
3.9212 0.481641 -1.39591
2.93224 4.99065 4.189
3.5943 4.92989 2.3099
1.87274 3.97306 2.12248
-4.48789 -4.85292 -3.61693
0.331875 1.79412 -3.61546
-3.92951 4.73688 -1.29849
-1.10498 -4.56847 3.00906
1.33011 -3.21604 -4.85264
-0.0660807 -4.81944 3.9539
-2.98389 2.02109 -3.58093
4.06224 -4.35406 3.14708
-4.05174 -4.64213 -2.48928
-3.82163 -4.38054 2.93796
-3.13794 -4.77335 1.97356
3.2076 -1.09277 -2.77227
4.05075 0.51179 -3.84004
3.91223 1.65977 2.92457
-1.18139 4.10189 0.371588
-0.903237 -0.243259 -4.95317
4.29451 -2.39718 3.01698
4.55023 1.7934 -2.44697
-1.8739 -1.83615 3.06905
-4.25854 -2.64496 4.49135
-1.35654 4.77299 -3.53461
3.57304 4.92042 -4.76746
3.25251 4.56521 -1.81835
-1.17469 -4.47913 4.60749
-4.88628 2.86013 -4.17272
-2.16418 -0.975699 0.187864
-3.99571 -4.47123 -1.0529
2.18642 -1.13519 -4.75367
4.07245 -4.96062 4.82328
-4.1571 0.3078 -0.335514
-2.69067 1.74599 -3.31398
-4.41584 -4.6446 2.05247
3.75534 4.08565 -4.9184
0.791719 -0.503287 -4.73165
-0.198028 2.84315 1.63421
4.53516 3.79938 1.47464
2.71338 -1.91063 -4.92262
-1.45664 -3.65358 -0.339992
-1.07084 -1.06366 4.71377
-4.9539 -4.52221 -3.43383
2.74363 4.77278 4.8257
3.8436 -3.19433 -1.11663
3.22211 4.03868 -3.77988
-3.52179 -4.59288 -4.9687
2.09269 4.5458 3.8303
-2.8893 4.33071 4.69903
-3.75896 3.38373 -4.84032
-4.65647 -0.90381 -4.62748
4.36715 4.90251 -4.23063
-3.84069 -4.99458 -1.95534
3.74114 -2.25358 -4.92643
-3.87083 -4.91187 -4.73315
2.45077 -4.4296 -3.93625
-4.98625 2.30869 1.08837
1.6301 3.60735 -3.92241
3.56462 4.54253 0.858645
1.30146 -3.03523 2.75435
-4.84574 -1.56834 4.75343
0.885377 3.64676 -3.39749
0.840797 -4.60122 0.834482
-1.247 -4.6101 -2.45538
-1.07192 -0.492536 -1.927
-4.37219 -3.07804 3.4873
3.36795 -0.151131 2.52831
4.98955 -0.0403513 4.79817
-0.541898 -0.325792 1.34645
-0.697612 -4.49246 4.94727
-1.30583 0.648669 -0.0384723
-4.83144 -4.61949 1.21597
-4.93005 4.69843 4.42899
-1.86441 3.27214 -1.25487
-4.91628 -4.75997 3.12845
-1.36951 1.28414 3.35265
3.46388 -3.60234 3.25659
-2.40232 0.983328 -4.09198
0.034061 -2.8679 4.16309
4.94513 1.47005 0.572316
3.11647 -2.14559 2.56941
