-0.192938 1.43898 -3.42953
4.85789 -4.9418 2.41537
4.56693 -2.34239 0.0733031
-4.72144 -4.69868 0.0662912
-4.42481 -3.07141 4.89687
3.96682 0.795502 4.47903
0.586266 4.4791 1.51322
3.84642 -4.98055 -4.40583
4.63721 -4.16026 4.48529
4.55478 -4.70203 -2.39768
4.71637 2.64669 3.57745
4.44299 2.39476 -3.92426
-0.705893 -4.36824 -1.141
3.07266 -2.51586 4.83084
-3.61021 4.22363 2.74652
0.40345 0.582651 -3.25615
0.0861366 -4.10731 -4.78871
4.3537 -0.286253 -2.47079
3.91459 0.48783 -1.40372
2.92811 -4.9455 4.22984
3.5846 4.93145 2.31922
1.88029 4.00351 2.1281
-4.51551 -4.90233 -3.64453
0.33231 1.8135 -3.59578
-3.92785 4.68744 -1.30481
-1.12356 -4.61293 2.97652
1.33923 -3.20388 -4.84947
-0.0669485 -4.84824 3.99051
-2.98286 2.03938 -3.54167
4.07072 -4.29159 3.1607
-4.09629 -4.54288 -2.52969
-3.79144 -4.43258 2.92662
-3.16997 -4.80878 1.98564
3.23035 -1.09552 -2.79925
4.04938 0.507746 -3.81077
3.89955 1.6781 2.90996
-1.18759 4.08621 0.371331
-0.916096 -0.239279 4.99142
4.2931 -2.3948 3.05758
4.60384 1.81867 -2.3856
-1.90176 -1.84949 3.04048
-4.20178 -2.66808 4.55065
-1.36683 4.79708 -3.51359
3.58241 -4.95134 -4.87256
3.23601 4.53798 -1.82948
-1.193 -4.48414 4.59077
-4.94546 2.88353 -4.17823
-2.13838 -0.985739 0.192753
-3.98099 -4.42275 -1.0538
2.19628 -1.13778 -4.71581
4.11963 -4.9928 4.77607
-4.19121 0.309386 -0.338452
-2.71833 1.76573 -3.30304
-4.37628 -4.67467 2.05611
3.78685 4.13024 -4.9332
0.795314 -0.50293 -4.70988
-0.201081 2.86318 1.63786
4.49129 3.78059 1.42548
2.67867 -1.93371 -4.93603
-1.47192 -3.68538 -0.343703
-1.07955 -1.06937 4.75471
-4.90285 -4.48091 -3.41691
2.76738 4.7278 4.87708
3.8692 -3.2159 -1.11938
3.24646 4.02912 -3.75565
-3.49849 -4.59039 4.97736
2.09973 4.53484 3.79992
-2.92687 4.33862 4.73593
-3.79439 3.42129 -4.89189
-4.63588 -0.905089 -4.68397
4.32388 4.90221 -4.27007
-3.84949 4.96872 -1.96314
3.71392 -2.19629 -4.91298
-3.90784 -4.96285 -4.6852
2.4616 -4.3727 -3.92963
-4.93949 2.32256 1.09
1.64085 3.60065 -3.96867
3.55051 4.58592 0.865984
1.30547 -3.05552 2.77072
-4.79421 -1.5834 4.77728
0.885935 3.67189 -3.41847
0.847049 -4.65856 0.834729
-1.25641 -4.65228 -2.47324
-1.08143 -0.495789 -1.9371
-4.34344 -3.11643 3.44981
3.3903 -0.151471 2.53842
-4.9851 -0.0277126 4.79864
-0.545285 -0.32967 1.34953
-0.721076 -4.48548 4.95995
-1.30765 0.654102 -0.0388985
-4.81456 -4.6703 1.21
-4.89343 4.64873 4.42636
-1.83558 3.30387 -1.26164
-4.91079 -4.72668 3.15599
-1.38179 1.29363 3.37418
3.4884 -3.62773 3.27514
-2.39885 0.991926 -4.10202
0.0738028 -2.82338 4.20859
4.91115 1.48121 0.580323
3.15473 -2.16632 2.53904
