-0.31309 1.44558 -3.50826
4.74268 4.98355 2.44805
4.55911 -2.37302 0.0742432
-4.70869 -4.67799 0.0668328
-4.48991 -3.12877 4.81963
4.02681 0.791191 4.46804
0.590264 4.51012 1.52089
3.92804 4.80407 -4.27569
4.53241 -4.00601 4.36065
4.65147 -4.70003 -2.428
4.72263 2.69123 3.64996
4.49996 2.43987 -3.92044
-0.710893 -4.2867 -1.16193
2.76456 -2.55082 -4.97805
-3.63356 4.241 2.67404
0.409049 0.591761 -3.29307
0.0877232 -4.16346 -4.81873
4.3664 -0.291916 -2.50525
3.90259 0.50038 -1.41935
2.92063 -4.827 4.3157
3.56688 4.94017 2.33827
1.89567 4.06587 2.13967
-4.57401 4.99464 -3.7019
0.333775 1.85336 -3.55771
-3.92642 4.59597 -1.31719
-1.16096 -4.70347 2.91201
1.35768 -3.18112 -4.84888
-0.068574 -4.90808 4.06588
-2.98273 2.07759 -3.46489
4.09586 -4.17302 3.19035
-4.19027 -4.35751 -2.61253
-3.73573 -4.5424 2.90622
-3.23539 -4.88425 2.00989
3.27707 -1.10131 -2.85434
4.04851 0.499872 -3.75428
3.8754 1.71522 2.88152
-1.20011 4.05614 0.370829
-0.942012 -0.230811 4.88404
4.29571 -2.39046 3.14061
4.71419 1.87016 -2.26342
-1.958 -1.87637 2.98407
-4.09246 -2.71441 4.6735
-1.38757 4.84869 -3.47306
3.60424 -4.72694 4.87951
3.20458 4.48735 -1.85203
-1.2308 -4.49639 4.5601
4.93223 2.93198 -4.19138
-2.0874 -1.00597 0.202515
-3.95312 -4.33159 -1.05557
2.21625 -1.14275 -4.6418
4.21937 4.94112 4.7022
-4.2609 0.312565 -0.344349
-2.77374 1.80464 -3.28112
-4.30412 -4.73812 2.06349
3.85224 4.22712 -4.97069
0.802548 -0.502153 -4.66799
-0.20722 2.90391 1.64536
4.40878 3.74759 1.32729
2.6098 -1.97985 -4.97358
-1.50281 -3.75021 -0.35112
-1.09721 -1.08107 4.8379
-4.80918 -4.40258 -3.38569
2.81515 4.65179 4.99024
3.92162 -3.2598 -1.12507
3.29634 4.01355 -3.70909
-3.45319 -4.59057 4.88016
2.11391 4.51735 3.74091
-3.00352 4.36394 4.81828
-3.86815 3.49935 4.99942
-4.59667 -0.907503 -4.80415
4.24853 4.94126 -4.3591
-3.86938 4.91029 -1.97984
3.66248 -2.082 -4.89512
-3.98415 4.93544 -4.59963
2.484 -4.26403 -3.92049
-4.8506 2.35115 1.09345
1.66297 3.59055 -4.06489
3.52384 4.67547 0.880453
1.31358 -3.09689 2.80427
-4.69646 -1.61381 4.83585
0.886908 3.72345 -3.46112
0.859812 -4.779 0.834955
-1.27536 -4.73998 -2.5097
-1.10063 -0.502404 -1.95771
-4.2907 -3.19426 3.37623
3.43572 -0.152028 2.55913
-4.93757 -0.00215321 4.80345
-0.552033 -0.33737 1.35593
-0.767862 -4.47381 4.99272
-1.31144 0.665137 -0.0397512
-4.78448 -4.77413 1.19782
-4.82921 4.5587 4.4273
-1.77835 3.36903 -1.27542
-4.90934 -4.6636 3.21257
-1.40655 1.31295 3.41805
3.53869 -3.6798 3.31341
-2.3928 1.00916 -4.12478
0.15307 -2.73496 4.30354
4.84815 1.50371 0.596284
3.23287 -2.20822 2.47937
