-0.495966 1.45659 -3.63119
4.59606 4.89136 2.49817
4.55112 -2.41989 0.0755851
-4.69479 -4.6524 0.0672056
-4.59784 -3.21999 4.71171
4.1233 0.785311 4.45856
0.59611 4.56512 1.53296
4.05689 4.50003 -4.1008
4.39772 -3.79395 4.18804
4.81294 -4.70835 -2.47489
4.74158 2.76137 3.7652
4.5896 2.50797 -3.91876
-0.717964 -4.16928 -1.19416
2.30573 -2.60932 -4.69328
-3.67382 4.2853 2.5673
0.417742 0.605159 -3.34967
0.0904649 -4.25046 -4.87482
4.38819 -0.300617 -2.55793
3.88761 0.519428 -1.44285
2.91072 -4.66941 4.45477
3.54422 4.96415 2.36777
1.91938 4.16284 2.15784
-4.67151 4.85259 -3.79396
0.337109 1.91544 -3.50332
-3.92924 4.47203 -1.33528
-1.2176 -4.84381 2.8168
1.38552 -3.15163 -4.86176
-0.0707931 4.99621 4.18652
-2.9882 2.13981 -3.35478
4.15452 -4.01574 3.23983
-4.34578 -4.10471 -2.74152
-3.66291 -4.72776 2.88102
-3.33674 4.98698 2.04603
3.35024 -1.11107 -2.93967
4.05137 0.488399 -3.67438
3.84199 1.77167 2.84065
-1.21919 4.01411 0.370101
-0.981409 -0.216915 4.73082
4.31285 -2.38601 3.27046
4.88719 1.94915 -2.0817
-2.04375 -1.91743 2.90131
-3.93742 -2.78694 4.87006
-1.41913 4.93577 -3.41585
3.64685 -4.47709 4.52565
3.16107 4.41926 -1.88676
-1.29017 -4.52084 4.53286
4.75769 3.00762 -4.21845
-2.01241 -1.03684 0.217111
-3.91519 -4.20591 -1.05838
2.24685 -1.14979 -4.53472
4.38356 4.87301 4.62354
-4.36925 0.317257 -0.353245
-2.85702 1.85883 -3.24825
-4.20926 -4.84763 2.07471
3.95632 4.38168 4.95451
0.813472 -0.500896 -4.60907
-0.216523 2.96666 1.65713
4.29734 3.70684 1.18004
2.50789 -2.04874 4.96521
-1.5501 -3.85105 -0.362177
-1.12428 -1.09942 4.96627
-4.68775 -4.31347 -3.34624
2.88763 4.56022 -4.83637
4.00348 -3.32793 -1.1341
3.37374 3.99518 -3.6442
-3.38876 -4.61048 4.74912
2.1355 4.5001 3.6569
-3.12283 4.42255 4.96053
-3.9881 3.62135 4.8443
-4.54272 -0.910806 4.99407
4.16132 -4.96794 -4.53102
-3.90591 4.84796 -2.00808
3.59185 -1.91178 -4.8799
-4.10466 4.7979 -4.48989
2.51958 -4.11513 -3.91676
-4.72804 2.39584 1.09898
1.69734 3.58224 -4.21871
3.48761 4.81617 0.901597
1.32595 -3.16134 2.85692
-4.56226 -1.6615 4.9565
0.88804 3.80393 -3.52688
0.879639 -4.97786 0.834433
-1.30411 -4.88261 -2.56605
-1.1299 -0.51269 -1.98965
-4.2234 -3.31524 3.26904
3.50566 -0.1527 2.5915
-4.8743 0.0367591 4.8207
-0.562095 -0.348863 1.36615
-0.838057 -4.4622 -4.9624
-1.31752 0.682048 -0.0410392
-4.74807 -4.93773 1.17898
-4.75504 4.43753 4.44245
-1.69353 3.47092 -1.29678
-4.92875 -4.58416 3.30066
-1.44428 1.34267 3.48581
3.61711 -3.76239 3.37378
-2.38618 1.03492 -4.16594
0.271307 -2.60411 4.45733
4.76503 1.53775 0.620113
3.35424 -2.27302 2.39254
