-0.557479 1.46061 -3.67362
4.55275 4.86693 2.51514
4.54945 -2.43578 0.076002
-4.69155 -4.64535 0.0672022
-4.63683 -3.25169 4.67757
4.15729 0.783498 4.45707
0.598003 4.58618 1.53718
4.10266 4.40482 -4.04776
4.35857 -3.7271 4.1336
4.87181 -4.71432 -2.49095
4.75062 2.78559 3.80527
4.62074 2.53069 -3.91936
-0.720201 -4.1314 -1.20514
2.15332 -2.63019 -4.60882
-3.68864 4.30517 2.53219
0.42071 0.609574 -3.36888
0.0914768 -4.28059 -4.89559
4.3962 -0.303573 -2.57582
3.88343 0.525828 -1.45075
2.90768 -4.62112 4.50422
3.53767 4.97479 2.37782
1.92746 4.1961 2.16411
-4.70695 4.80937 -3.82639
0.338445 1.93666 -3.48584
-3.93154 4.43352 -1.34123
-1.23661 -4.8921 2.78557
1.39476 -3.14315 -4.8702
-0.0714836 4.9656 4.22954
-2.99157 2.16226 -3.31944
4.18004 -3.96852 3.25727
-4.40215 -4.02533 -2.78574
-3.64129 -4.79837 2.87408
-3.37132 4.94719 2.0579
3.3755 -1.1146 -2.96904
4.05339 0.484672 -3.64909
3.8316 1.79069 2.82745
-1.22563 4.00088 0.369866
-0.994684 -0.212007 4.68162
4.32206 -2.38507 3.31501
4.947 1.97594 -2.02156
-2.07271 -1.93138 2.87419
-3.888 -2.81229 4.93889
-1.42978 4.96792 -3.39763
3.66411 -4.40699 4.41623
3.14751 4.39852 -1.8986
-1.3106 -4.53111 4.53317
4.70181 3.03372 -4.2298
-1.98779 -1.04729 0.221953
-3.90358 -4.16635 -1.0594
2.25723 -1.15202 -4.50081
4.44266 4.8574 4.60295
-4.40641 0.318791 -0.356231
-2.88481 1.87503 -3.23736
-4.18067 -4.88971 2.07844
3.99278 4.43667 4.9346
0.817129 -0.500453 -4.59051
-0.219647 2.988 1.66121
4.26331 3.69532 1.1309
2.4744 -2.0717 4.954
-1.56613 -3.88573 -0.365834
-1.13345 -1.10576 -4.98994
-4.65207 -4.29016 -3.3353
2.91211 4.53422 -4.7846
4.03169 -3.35128 -1.13726
3.40024 3.99041 -3.62386
-3.36822 -4.62156 4.7081
2.14282 4.49643 3.63015
-3.16382 4.44811 -4.98678
-4.03071 3.66336 4.79615
-4.52603 -0.911788 4.92423
4.13762 -4.94523 -4.60207
-3.92012 4.83267 -2.01837
3.56986 -1.85531 -4.87835
-4.14654 4.75502 -4.45771
2.53204 -4.06879 -3.91801
-4.68979 2.41119 1.1009
1.70909 3.58122 -4.27242
3.47653 4.86477 0.908484
1.33012 -3.18354 2.87509
-4.5206 -1.67805 -4.99729
0.888348 3.8316 -3.54926
0.886455 4.94971 0.833946
-1.31378 -4.93402 -2.58516
-1.13979 -0.51622 -2.0006
-4.20408 -3.35685 3.234
3.52946 -0.15289 2.60259
-4.85536 0.0498805 4.82841
-0.56543 -0.352693 1.36972
-0.861518 -4.46042 -4.95724
-1.31965 0.687773 -0.0414765
-4.73815 -4.99466 1.17254
-4.7363 4.40056 4.45073
-1.66551 3.50602 -1.30409
-4.94071 -4.56173 3.33077
-1.45701 1.35276 3.50894
3.64401 -3.79121 3.3946
-2.38465 1.0435 -4.18162
0.31051 -2.56106 4.51195
4.74007 1.54918 0.628023
3.39587 -2.29522 2.36405
