-0.619216 1.46481 -3.71671
4.51183 4.84521 2.53229
4.54828 -2.45183 0.0764118
-4.68901 -4.63905 0.0671442
-4.67744 -3.28401 4.64454
4.19224 0.781754 4.45641
0.599859 4.6076 1.54152
4.1501 4.31254 -3.99696
4.32225 -3.66172 4.08071
4.93347 -4.72195 -2.50719
4.76113 2.81024 3.84627
4.65259 2.55338 -3.9205
-0.722377 -4.09421 -1.21622
2.00113 -2.65157 -4.52824
-3.70416 4.32773 2.49739
0.42371 0.613967 -3.38824
0.0925366 -4.31155 -4.91742
4.40458 -0.306556 -2.59385
3.87967 0.532246 -1.45867
2.90477 -4.57462 4.55516
3.53161 4.98671 2.38798
1.93562 4.22972 2.1705
-4.74403 4.76793 -3.85963
0.339867 1.95812 -3.46863
-3.93453 4.39623 -1.34711
-1.25568 -4.9413 2.75461
1.40394 -3.13543 -4.8809
-0.0721533 4.93709 4.27414
-2.99567 2.18573 -3.28466
4.20878 -3.92367 3.27513
-4.46107 -3.94778 -2.83042
-3.62091 -4.87552 2.86813
-3.40626 4.91376 2.06971
3.40121 -1.11828 -2.99886
4.05593 0.480996 -3.62443
3.82157 1.80979 2.81447
-1.23211 3.98797 0.369642
-1.00803 -0.206995 4.63478
4.333 -2.38439 3.36034
-4.99205 2.00295 -1.9616
-2.10186 -1.94549 2.84742
-3.83971 -2.83834 -4.98968
-1.4405 -4.99806 -3.37979
3.68298 -4.34133 4.31
3.13441 4.37868 -1.91056
-1.33134 -4.54268 4.53814
4.64703 3.06032 -4.24231
-1.96336 -1.05784 0.226802
-3.8925 -4.12779 -1.06045
2.26772 -1.15421 -4.4678
4.50424 4.84545 4.58496
-4.4441 0.320306 -0.359218
-2.91272 1.88997 -3.22652
-4.15347 -4.93584 2.08219
4.03022 4.49434 4.91862
0.820792 -0.500001 -4.5724
-0.222782 3.00951 1.66537
4.23078 3.68476 1.08173
2.44118 -2.09476 4.94705
-1.5823 -3.92107 -0.369454
-1.14271 -1.1122 -4.94738
-4.61874 -4.2694 -3.32544
2.93677 4.51024 -4.7354
4.06038 -3.37496 -1.14049
3.42711 3.98636 -3.60412
-3.34815 -4.63478 4.66902
2.15021 4.49369 3.60399
-3.20548 4.47691 -4.939
-4.07472 3.70611 4.75047
-4.50998 -0.912715 4.85667
4.11635 -4.93289 -4.68116
-3.93546 4.81992 -2.02903
3.54857 -1.79895 -4.87847
-4.18934 4.71347 -4.42723
2.54483 -4.02391 -3.92049
-4.65273 2.42676 1.10287
1.72098 3.58103 -4.32738
3.46594 4.91417 0.915298
1.33432 -3.20618 2.8936
-4.48039 -1.69495 -4.95707
0.88863 3.85968 -3.57187
0.89339 4.87823 0.833273
-1.32348 -4.98786 -2.60438
-1.14974 -0.519809 -2.01165
-4.18631 -3.39917 3.19942
3.55352 -0.15307 2.61383
-4.8375 0.0630733 4.83688
-0.568756 -0.356538 1.37339
-0.885016 -4.45995 -4.95669
-1.32184 0.693531 -0.0419081
-4.72929 4.9471 1.16604
-4.72068 4.36526 4.46081
-1.63762 3.5417 -1.31147
-4.95544 -4.54122 3.36131
-1.46982 1.36293 3.53238
3.67127 -3.82073 3.41577
-2.38345 1.05207 -4.19816
0.349592 -2.51834 4.56853
4.71637 1.56064 0.635933
3.4381 -2.31777 2.33579
