-0.681132 1.46923 -3.76048
4.47315 4.82579 2.54965
4.54762 -2.46806 0.0768202
-4.68716 -4.63395 0.0670375
-4.71977 -3.31695 4.61341
4.2282 0.780077 4.45658
0.601678 4.6294 1.54601
4.19938 4.2224 -3.94807
4.28874 -3.59766 4.02945
4.99813 -4.73131 -2.5236
4.77318 2.83529 3.88826
4.68532 2.57607 -3.92218
-0.724488 -4.05761 -1.2274
1.84914 -2.67334 -4.45056
-3.7204 4.35338 2.46291
0.426745 0.618349 -3.40773
0.0936458 -4.34333 -4.94037
4.41338 -0.309568 -2.61202
3.8765 0.538678 -1.46661
2.902 -4.52975 4.60759
3.52603 4.99983 2.39827
1.94388 4.2637 2.177
-4.78285 4.72813 -3.8937
0.341373 1.97983 -3.45168
-3.93818 4.36006 -1.35293
-1.27481 -4.99142 2.72396
1.41305 -3.12847 -4.894
-0.0728015 4.91077 4.32041
-3.00038 2.21031 -3.25037
4.24092 -3.88113 3.29344
-4.52263 -3.87175 -2.87546
-3.60173 -4.96045 2.86329
-3.44153 4.88744 2.08142
3.42742 -1.12211 -3.02911
4.05904 0.477375 -3.60038
3.81192 1.82898 2.80173
-1.23863 3.97538 0.369432
-1.02145 -0.201889 4.59013
4.34571 -2.38398 3.40657
-4.93264 2.03019 -1.90179
-2.13121 -1.95977 2.82104
-3.79251 -2.86511 -4.92243
-1.45129 -4.96459 -3.36234
3.7035 -4.27964 4.2067
3.12181 4.35971 -1.92261
-1.35238 -4.55545 4.54785
4.59337 3.08739 -4.25602
-1.9391 -1.06849 0.231666
-3.88192 -4.09018 -1.06153
2.27831 -1.15635 -4.43564
4.56856 4.83703 4.56964
-4.48229 0.321796 -0.3622
-2.94075 1.90359 -3.21581
-4.12765 -4.98758 2.08598
4.0687 4.55531 4.90704
0.824466 -0.499535 -4.55473
-0.225924 3.03117 1.66962
4.19974 3.67483 1.03254
2.4082 -2.11794 4.94368
-1.59861 -3.95705 -0.373026
-1.15203 -1.11874 -4.90592
-4.58772 -4.25099 -3.31661
2.96167 4.48812 -4.68851
4.08958 -3.399 -1.14378
3.45438 3.983 -3.58492
-3.32853 -4.65008 4.63194
2.15768 4.49183 3.57842
-3.24783 4.5092 -4.89611
-4.12016 3.74962 4.70728
-4.49456 -0.913601 4.79122
4.09745 -4.93127 -4.76957
-3.95199 4.80968 -2.04003
3.52797 -1.74269 -4.88017
-4.23309 4.67321 -4.39839
2.55798 -3.98042 -3.92421
-4.61677 2.44251 1.10489
1.73302 3.5817 -4.38362
3.45585 4.96426 0.922045
1.33853 -3.22927 2.91246
-4.44158 -1.71216 -4.92162
0.888896 3.88822 -3.59471
0.900461 4.80764 0.832395
-1.33322 4.95754 -2.62367
-1.15975 -0.523448 -2.02279
-4.17008 -3.44229 3.16544
3.57783 -0.153243 2.62525
-4.82072 0.0763342 4.84614
-0.572065 -0.360399 1.37718
-0.908544 -4.46058 -4.96079
-1.32407 0.699323 -0.0423312
-4.72146 4.89055 1.1595
-4.70832 4.33158 4.47278
-1.60981 3.57803 -1.31891
-4.973 -4.52265 3.39231
-1.48271 1.37319 3.55617
3.6989 -3.85104 3.4373
-2.38258 1.06068 -4.21556
0.388545 -2.4759 4.62719
4.69392 1.57212 0.64385
3.48097 -2.34072 2.30775
