-3.65211 2.28687 -0.677383
-2.69873 -4.69809 1.5585
4.5455 -1.28776 -0.0415744
-4.57419 -4.61635 0.0553668
-4.93962 -1.29324 -4.6836
2.01414 0.781448 4.13323
0.392889 -4.24526 1.30368
2.14339 4.06012 2.41415
-4.48758 2.27598 -1.98786
2.70461 4.87252 -1.59289
-4.90644 2.1216 2.30469
-4.23459 1.21854 3.65113
-0.516669 2.58622 -0.471525
-2.15887 -1.52868 -3.63033
4.14549 4.02908 -4.71622
0.169805 0.0635775 -2.0651
0.0604009 -2.47194 -4.38511
-4.19498 -0.103131 -1.40668
4.44471 0.197663 -0.612174
-4.53405 2.53325 2.4771
-3.65645 4.99622 1.65506
1.4209 2.27568 2.00967
4.04526 -2.79695 -2.19349
0.258612 0.811883 3.26822
3.58708 -2.44018 -1.08575
-0.211959 -2.26943 -3.48749
0.839112 2.94491 4.91056
0.103051 4.51698 2.25643
4.10724 1.14131 3.21331
-2.7852 2.05147 -4.02599
-2.14579 -4.93722 -1.10901
2.24993 4.35329 -2.90095
-1.71849 3.84774 1.28799
1.94416 -1.24314 -1.37799
-3.44345 0.767119 3.2388
4.83463 0.468011 -3.80282
-0.79733 -3.72182 0.409353
-0.000987602 -0.480948 4.5835
-2.92159 -1.93836 1.06268
1.66843 1.09351 2.83408
-0.148549 -1.21462 -3.25691
4.39553 -0.863218 -3.92906
-0.781781 -3.83957 3.64526
-3.3095 -4.53946 -1.60792
-3.54747 2.90534 -0.728091
-0.366395 3.00776 4.15178
-2.74588 1.70418 3.8935
3.79633 -0.403914 -0.172502
3.32615 2.48886 -0.623619
1.45806 -0.726128 3.03253
2.16327 4.82267 4.36561
-2.02552 0.264434 -0.100703
-0.774506 0.670084 3.6113
2.45359 3.61335 1.90807
2.20226 2.31905 -4.98272
0.374378 -0.475016 -4.71112
0.00597856 1.58536 1.57786
4.38153 3.6044 3.73745
-3.53224 -0.613262 4.76207
-0.434747 -1.97354 -0.0970003
-0.490566 -0.448496 2.84681
-2.78857 4.95266 -3.74712
1.28174 4.94627 4.85133
2.41124 -1.93604 -1.0603
1.94058 -3.09751 3.15593
3.44007 -4.23066 -4.4858
1.42744 -3.007 -3.13509
-1.01091 4.51097 4.32325
-2.20002 1.8257 -2.42275
2.98627 -0.88384 -2.43959
-4.94365 -3.24842 4.69457
3.36634 -3.83932 -1.26393
-3.13721 3.20265 -3.69874
-2.32226 -2.79679 -4.25954
1.48151 1.88739 2.75545
2.67653 1.59438 1.09223
1.10976 -2.90813 -2.06431
-3.74589 2.53837 0.0521155
1.00491 -1.82992 1.80179
-3.31889 -0.279791 3.41381
0.692107 2.29356 -2.09519
0.413683 -2.03197 0.647286
-0.581287 -2.54785 -1.54644
-0.4213 -0.351793 -1.36565
-4.18403 -1.429 -2.73244
1.90356 0.0244886 2.05011
4.67679 -0.506239 4.24971
-0.279817 0.0536641 1.36733
1.17696 4.82448 -3.82126
-1.4246 0.313142 -0.00960439
-4.7847 -2.3768 1.19539
4.42674 -2.46474 4.53836
3.6468 1.82736 -0.698523
-4.69954 -3.52703 1.84269
-0.527258 0.722587 2.28658
2.09568 -2.32971 2.30854
4.8701 -0.143411 -4.62325
4.33392 2.76898 2.24318
-4.98773 0.74648 -0.0495777
0.610154 -1.21615 -3.13234
