-0.930137 1.48873 -3.94275
4.33737 4.77462 2.62116
4.55014 -2.53479 0.0784141
-4.68645 -4.62514 0.0661394
-4.90938 -3.45582 4.50437
4.38297 0.773991 4.46549
0.608517 4.72044 1.56539
4.41876 3.87573 -3.76754
4.18054 -3.3514 3.83974
-4.73707 -4.78812 -2.59101
4.83865 2.9391 4.06718
4.82628 2.66672 -3.93459
-0.732231 -3.91889 -1.27309
1.24255 -2.76375 -4.15915
-3.79316 4.47363 2.3281
0.439206 0.635783 -3.48718
0.0985738 -4.48117 4.95719
4.45288 -0.321941 -2.68604
3.86985 0.564507 -1.49861
2.89278 -4.36468 4.83231
3.50814 -4.95501 2.44057
1.9778 4.40444 2.20417
-4.95755 4.58278 -4.03932
0.348079 2.06874 -3.3864
-3.95836 4.22515 -1.37574
-1.35188 4.80857 2.60407
1.44922 -3.10904 -4.97428
-0.0752201 4.82841 4.5235
-3.02376 2.31908 -3.11648
4.40259 -3.73046 3.37008
-4.7887 -3.57949 -3.06009
-3.53679 4.67918 2.85662
-3.5849 4.82599 2.12643
3.53763 -1.13898 -3.15468
4.07708 0.463449 -3.50987
3.77707 1.90656 2.75301
-1.26501 3.92767 0.368715
-1.07586 -0.180962 4.42972
4.41433 -2.38467 3.60055
-4.70906 2.14117 -1.66398
-2.25074 -2.01923 2.71918
-3.61425 -2.98082 -4.68555
-1.49513 -4.85342 -3.29658
3.80104 -4.06755 3.8195
3.07693 4.29208 -1.97193
-1.4398 -4.62008 4.63417
4.38976 3.19959 -4.32309
-1.84367 -1.11233 0.25123
-3.84412 -3.94846 -1.06613
2.32179 -1.16459 -4.31463
4.85833 4.83661 4.5348
-4.64007 0.327451 -0.374067
-3.05686 1.94474 -3.17699
-4.03898 4.78753 2.10099
4.23582 4.87374 4.94589
0.839268 -0.49756 -4.48851
-0.23855 3.11907 1.68757
4.08978 3.64334 0.835366
2.27862 -2.21229 4.95854
-1.6651 -4.10919 -0.386869
-1.19003 -1.14585 -4.74924
-4.47909 -4.19931 -3.29118
3.06411 4.41607 -4.52087
4.21227 -3.49884 -1.1575
3.56816 3.97599 -3.51326
-3.2547 -4.73368 4.50288
2.18847 4.49325 3.48167
-3.42527 4.67372 -4.77441
-4.31832 3.93077 4.55904
-4.43938 -0.917077 4.54564
4.04247 4.90497 4.70637
-4.02709 4.79416 -2.08707
3.45177 -1.51853 -4.90164
-4.41844 4.52336 -4.29935
2.61479 -3.8196 -3.95226
-4.48283 2.50699 1.11339
1.78279 3.59251 -4.62219
3.42033 -4.83921 0.948371
1.35556 -3.32622 2.99139
-4.2996 -1.78402 -4.81778
0.889919 4.00668 -3.68874
0.930235 4.53338 0.826532
-1.37228 4.77111 -2.70155
-1.20036 -0.538628 -2.06831
-4.12208 -3.62601 3.03476
3.6777 -0.153891 2.67264
-4.76474 0.129891 4.89111
-0.585135 -0.376106 1.39347
-1.00268 -4.4753 4.97842
-1.3334 0.722704 -0.0439446
-4.7002 4.67734 1.13274
-4.69584 4.21122 4.54024
-1.49931 3.72828 -1.34932
4.94158 -4.46902 3.5211
-1.53501 1.41488 3.65479
3.8132 -3.98028 3.52625
-2.38235 1.09511 -4.29382
0.542874 -2.30902 4.88506
4.61573 1.61823 0.67564
3.65902 -2.43627 2.19743
