-0.992646 1.49404 -3.99033
4.30711 4.76936 2.63949
4.55208 -2.55192 0.0787839
-4.68796 -4.62572 0.0657878
-4.96308 -3.4927 4.48031
4.42462 0.772607 4.46971
0.610114 4.74421 1.57055
4.48003 3.79131 -3.72563
4.15879 -3.29183 3.79556
-4.6734 -4.80788 -2.60845
4.85984 2.96577 4.11482
4.86428 2.68938 -3.93932
-0.733997 -3.886 -1.28484
1.09099 -2.78726 -4.09045
-3.81354 4.50414 2.29523
0.442392 0.640132 -3.50744
0.0999283 -4.51909 4.93175
4.46383 -0.325125 -2.70489
3.86968 0.57098 -1.50669
2.89097 -4.327 4.89184
3.50458 -4.94909 2.45135
1.98648 4.44106 2.21119
4.99318 4.54924 -4.07872
0.349895 2.09145 -3.37077
-3.96466 4.19367 -1.3814
-1.37131 4.76024 2.5746
1.4584 -3.10627 4.99741
-0.0758037 4.81436 4.57686
-3.03045 2.34849 -3.08359
4.44979 -3.69732 3.38973
-4.85932 -3.50912 -3.10799
-3.52359 4.59508 2.85834
-3.62096 4.81523 2.13692
3.5666 -1.14363 -3.18732
4.08294 0.460107 -3.48863
3.76928 1.92616 2.74136
-1.27169 3.91634 0.368545
-1.08965 -0.175681 4.39342
4.43594 -2.38538 3.6513
-4.6564 2.16938 -1.60488
-2.28121 -2.03477 2.69449
-3.57228 -3.01219 -4.63314
-1.50626 -4.83156 -3.28141
3.82844 -4.02364 3.72914
3.06714 4.27712 -1.98462
-1.46262 -4.63985 4.6611
4.34161 3.22829 -4.3432
-1.8202 -1.12362 0.256123
-3.83571 -3.915 -1.0674
2.33294 -1.1666 -4.28617
4.94021 4.84257 4.53075
-4.68081 0.328776 -0.377022
-3.08748 1.95229 -3.16882
-4.02114 4.73496 2.10437
4.2822 4.96547 4.97102
0.842994 -0.49704 -4.4731
-0.241722 3.1413 1.69226
4.06566 3.63774 0.785909
2.24676 -2.23634 4.96827
-1.68203 -4.14946 -0.390271
-1.19971 -1.15285 -4.71205
-4.45443 -4.1915 -3.28721
3.09057 4.40116 -4.48385
4.24458 -3.52473 -1.1611
3.59797 3.97562 -3.49672
-3.23753 -4.76046 4.47506
2.19637 4.49578 3.45869
-3.47212 4.7239 -4.75685
-4.37267 3.97752 4.52773
-4.42724 -0.917996 4.48732
4.03175 4.84932 4.55633
-4.04751 4.7973 -2.09958
3.43413 -1.46269 -4.91047
-4.46766 4.48827 -4.27891
2.63013 -3.78263 -3.96319
-4.45159 2.52343 1.11561
1.79562 3.59711 -4.68578
3.4126 -4.79274 0.954758
1.35983 -3.35164 3.01189
-4.26735 -1.80274 -4.79954
0.890185 4.03738 -3.71315
0.938042 4.46661 0.824428
-1.38207 4.73278 -2.72141
-1.21065 -0.542579 -2.07996
-4.11515 -3.67545 3.00313
3.70334 -0.154048 2.6849
-4.75365 0.143362 4.90431
-0.588363 -0.380112 1.3978
-1.02611 -4.48211 4.96123
-1.33583 0.728588 -0.0443384
-4.69736 4.62659 1.12588
-4.70369 4.18418 4.56193
-1.47183 3.76711 -1.35714
4.92383 -4.46118 3.55436
-1.54829 1.42544 3.68033
3.84263 -4.01476 3.54835
-2.38315 1.1037 -4.31566
0.581036 -2.26795 4.95579
4.59888 1.6298 0.683613
3.70518 -2.46108 2.17014
