-1.43225 1.53694 -4.34975
4.13292 4.82997 2.77369
4.57998 -2.67669 0.0809809
-4.71851 -4.65868 0.0620692
4.67103 -3.77752 4.35022
4.75762 0.764953 4.52282
0.62029 4.92315 1.60893
4.97245 3.21896 -3.45381
4.03545 -2.88806 3.51499
-4.26013 4.95519 -2.73954
-4.93288 3.16099 4.49189
-4.86407 2.84928 -3.99391
-0.74523 -3.67327 -1.37059
0.0284193 -2.96379 -3.65441
-3.95697 4.72332 2.10844
0.465197 0.670974 -3.65376
0.111348 -4.87281 4.77084
4.55242 -0.348498 -2.84065
3.88531 0.616555 -1.56435
2.88404 -4.09358 -4.69427
3.48907 -4.97928 2.52913
2.04926 4.71592 2.26258
4.8499 4.34887 -4.39506
0.363635 2.2557 -3.269
-4.02501 3.99701 -1.42108
-1.50931 4.43898 2.37279
1.52327 -3.10846 4.89209
-0.0811638 4.85824 4.96984
-3.08539 2.57054 -2.85818
4.85274 -3.50823 3.54112
4.66423 -3.04287 -3.46739
-3.45951 4.05377 2.90407
-3.8501 4.84084 2.20889
3.78527 -1.18079 -3.43044
4.13823 0.438804 -3.35429
3.7254 2.06582 2.66607
-1.31945 3.84383 0.367364
-1.18866 -0.139014 4.1729
4.63235 -2.3935 4.03862
-4.32043 2.37247 -1.1939
-2.50282 -2.15094 2.52954
-3.31379 -3.25969 -4.32623
-1.58673 -4.73868 -3.18937
4.02275 -3.68496 3.22626
3.01178 4.19285 -2.07723
-1.63704 -4.81914 4.87191
4.03451 3.43729 -4.52315
-1.66015 -1.20624 0.290366
-3.7906 -3.69899 -1.07758
2.41339 -1.18055 -4.10192
-4.53883 4.96687 4.56266
-4.98181 0.337029 -0.397451
-3.32603 1.99082 -3.1314
-3.98927 4.38231 2.08496
4.66209 -4.4647 -4.87395
0.86923 -0.492941 -4.3761
-0.264136 3.3002 1.72725
3.93162 3.6207 0.437667
2.02854 -2.40948 -4.94994
-1.80448 -4.45908 -0.413753
-1.26977 -1.20395 -4.46795
-4.32787 -4.18406 -3.28151
3.28593 4.328 -4.26288
4.48952 -3.71708 -1.18819
3.82169 3.98978 -3.39328
-3.13237 4.98983 4.32416
2.25408 4.53757 3.31124
-3.84623 -4.83839 -4.77816
-4.81053 4.33396 4.35798
-4.36278 -0.925132 4.10219
4.01743 4.59213 3.57368
-4.21477 4.9537 -2.19124
3.3227 -1.073 4.99541
4.98965 4.26987 -4.18068
2.74804 -3.55338 -4.08331
-4.25407 2.64198 1.13206
1.88959 3.65182 4.8316
3.37021 -4.49407 0.997417
1.38946 -3.54408 3.16358
-4.08222 -1.94078 -4.73574
0.892322 4.26575 -3.89753
0.996012 4.01541 0.804502
-1.45159 4.54799 -2.86766
-1.28478 -0.571706 -2.16438
-4.12967 -4.0682 2.79199
3.89051 -0.155037 2.77586
-4.71418 0.237842 -4.98308
-0.610643 -0.408966 1.43121
-1.18628 -4.56231 4.87219
-1.35412 0.770208 -0.0469867
-4.70361 4.29567 1.07579
-4.87436 4.02906 4.79458
-1.28092 4.05575 -1.41468
4.85661 -4.47157 3.80363
-1.64374 1.50123 3.87046
4.06964 -4.33376 3.67738
-2.40001 1.16426 -4.49548
0.843753 -1.98557 -4.57623
4.50809 1.7116 0.739996
4.04761 -2.64567 1.98143
