-1.68381 1.56673 -4.57999
4.06292 4.95288 2.85506
4.6073 -2.75208 0.0819373
-4.75246 -4.69942 0.0591271
4.49285 -3.96259 4.31674
4.99451 0.762736 4.59214
0.625578 -4.96595 1.6322
-4.69322 2.90309 -3.30947
3.9798 -2.66544 3.37406
-4.04599 4.7873 -2.8243
-4.84026 3.28004 4.75522
-4.76085 2.94232 -4.04642
-0.75109 -3.56432 -1.42164
-0.580145 -3.07442 -3.42146
-4.06549 4.8683 2.0023
0.478586 0.689208 -3.74098
0.12165 4.77752 4.75974
4.6126 -0.36285 -2.92085
3.90678 0.642813 -1.59804
2.88488 -3.97977 -4.48056
3.4873 4.94568 2.57542
2.08661 4.88911 2.29366
4.95143 4.26454 -4.62968
0.372373 2.35371 -3.21708
-4.0727 3.90214 -1.44409
-1.5897 4.26752 2.26118
1.55914 -3.12751 4.9282
-0.0885488 -4.89072 -4.89839
-3.12244 2.70641 -2.73307
-4.87 -3.42909 3.64749
4.43746 -2.79423 -3.69238
-3.44325 3.77304 2.95132
-3.95768 4.96233 2.28357
3.92338 -1.20562 -3.58302
4.18148 0.428584 -3.28702
3.70972 2.14763 2.62816
-1.34749 3.80789 0.36673
-1.24709 -0.118797 4.06978
4.78142 -2.40166 4.29354
-4.15105 2.49289 -0.960221
-2.63699 -2.22333 2.4415
-3.19303 -3.42294 -4.19068
-1.63467 -4.72718 -3.1466
4.15339 -3.51661 2.95889
2.99037 4.1598 -2.1328
-1.74867 -4.95655 -4.98319
3.89107 3.56413 -4.65868
-1.5719 -1.25629 0.310133
-3.77671 -3.5883 -1.08422
2.46118 -1.18866 -4.00638
-4.31121 -4.90751 4.64508
4.8389 0.340897 -0.408751
-3.48036 2.00875 -3.12401
-4.01913 4.16747 2.0544
4.9227 -4.19656 -4.84914
0.884362 -0.490194 -4.32767
-0.276991 3.39389 1.74915
3.88104 3.62655 0.237155
1.90728 -2.5118 -4.94422
-1.8776 -4.66093 -0.426838
-1.31165 -1.2346 -4.3382
-4.29197 -4.22149 -3.2933
3.40769 4.30877 -4.15946
4.64585 -3.83688 -1.20494
3.96658 4.01083 -3.342
-3.08289 4.8416 4.26635
2.28929 4.58003 3.23709
-4.11018 -4.65238 -4.91946
4.88016 4.58746 4.30346
-4.34296 -0.929673 3.89835
4.05461 4.53337 3.05104
-4.33322 -4.88027 -2.24201
3.26685 -0.850514 4.94455
4.55081 4.16502 -4.14979
2.82292 -3.44153 -4.17603
-4.15553 2.71227 1.14232
1.94791 3.70113 4.57924
3.3547 -4.34307 1.02042
1.40613 -3.66715 3.25854
-4.01059 -2.02485 -4.74058
0.894229 4.40784 -4.01623
1.0316 3.76859 0.790697
-1.49224 4.5 -2.95828
-1.32893 -0.589336 -2.2145
-4.18767 -4.34447 2.67989
4.00421 -0.155495 2.83248
-4.72954 0.291306 -4.93722
-0.623131 -0.426139 1.453
-1.27417 -4.63388 4.84662
-1.36558 0.794312 -0.0483461
-4.72654 4.12291 1.04574
4.95039 3.96458 -4.97979
-1.17236 4.23665 -1.4496
4.86632 -4.53075 3.96549
-1.70006 1.54616 3.99042
4.21282 -4.56164 3.76489
-2.41894 1.1991 -4.62036
0.991242 -1.8281 -4.34003
4.47561 1.75895 0.772936
4.26105 -2.76114 1.87546
