-1.74666 1.57495 -4.64111
4.04856 4.991 2.87585
4.61545 -2.77142 0.0821303
-4.76294 -4.71201 0.0583132
4.45226 -4.01148 4.3139
-4.93822 0.762541 4.61739
0.626843 -4.9395 1.63816
-4.61396 2.82502 -3.27424
3.96816 -2.61066 3.34068
-3.99443 4.7555 -2.84657
-4.82986 3.31099 4.8318
-4.7395 2.96607 -4.06242
-0.752528 -3.53838 -1.43454
-0.732401 -3.10316 -3.36445
-4.09646 4.90805 1.97306
0.481956 0.693866 -3.76322
0.124624 4.69855 4.7777
4.62872 -0.366563 -2.94122
3.91313 0.649415 -1.60656
2.88561 -3.95344 -4.42947
3.4875 4.92884 2.58715
2.09608 4.93433 2.30162
4.98301 4.24718 -4.69667
0.374641 2.3787 -3.20475
-4.0862 3.88081 -1.4499
-1.61002 4.22599 2.23377
1.5678 -3.13454 4.95147
-0.0908927 -4.83866 -4.89617
-3.13233 2.74124 -2.70219
-4.8107 -3.41222 3.67713
4.38466 -2.73365 -3.75118
-3.44185 3.70551 2.96542
-3.98578 -4.99637 2.30713
3.95954 -1.2122 -3.62327
4.19359 0.426286 -3.27117
3.70679 2.16828 2.6193
-1.35458 3.79962 0.366588
-1.26191 -0.113859 4.04633
4.82438 -2.40437 4.36197
-4.11114 2.52357 -0.901837
-2.67148 -2.24213 2.42021
-3.16568 -3.46617 -4.16075
-1.6469 -4.72868 -3.13675
4.1907 -3.47949 2.89338
2.98611 4.15325 -2.14698
-1.77779 -4.99512 -4.95135
3.85792 3.59678 -4.69642
-1.5502 -1.2691 0.315118
-3.77471 -3.56173 -1.08595
2.47333 -1.19073 -3.98381
-4.26304 -4.88276 4.67917
4.79497 0.341769 -0.411517
-3.52094 2.01321 -3.12354
-4.02888 4.11489 2.04703
4.99287 -4.1332 -4.85043
0.888151 -0.489455 -4.31634
-0.280213 3.41787 1.75488
3.87118 3.62962 0.186865
1.87732 -2.5377 -4.95036
-1.89626 -4.71456 -0.430041
-1.32234 -1.24241 -4.30666
-4.28679 -4.23551 -3.29785
3.43909 4.30637 -4.13588
4.68711 -3.86796 -1.20928
4.00498 4.01758 -3.32992
-3.07188 4.80899 4.25476
2.2983 4.59244 3.21966
-4.186 -4.61615 -4.98155
4.80547 4.66179 4.29748
-4.33998 -0.93085 3.84898
4.0679 4.52498 2.9233
-4.36613 -4.85189 -2.25459
3.25367 -0.794854 4.93523
4.44493 4.14098 -4.14448
2.84245 -3.41522 -4.20192
-4.13242 2.73013 1.14501
1.96295 3.71545 4.521
3.35175 -4.30768 1.02603
1.41025 -3.69965 3.28337
-3.99675 -2.04641 -4.74617
0.894804 4.44489 -4.04737
1.04075 3.70857 0.787112
-1.50254 4.49419 -2.98172
-1.34021 -0.593822 -2.22723
-4.2074 -4.42359 2.65304
4.03346 -0.155595 2.84717
-4.73968 0.304511 -4.93187
-0.62624 -0.430505 1.45878
-1.29593 -4.6546 4.84903
-1.36858 0.800384 -0.0486608
-4.73443 4.0813 1.0381
4.90954 3.9517 -4.91839
-1.14523 4.28417 -1.45851
4.87457 -4.55154 4.00896
-1.71436 1.55761 4.02215
4.25038 -4.62432 3.78864
-2.42495 1.20778 -4.6543
1.02785 -1.7892 -4.28353
4.46932 1.77086 0.781278
4.31703 -2.79147 1.8491
