-1.80944 1.58356 -4.70393
4.03537 -4.96766 2.89705
4.62414 -2.79094 0.0823048
-4.77425 -4.72551 0.0574738
4.41312 -4.06154 4.31326
-4.87199 0.762547 4.64694
0.628086 -4.91391 1.64419
-4.53606 2.74727 -3.23931
3.95745 -2.55617 3.30804
-3.94359 4.72681 -2.86918
-4.8263 3.34251 4.91573
-4.72 2.99008 -4.07955
-0.753954 -3.51293 -1.44746
-0.884703 -3.1323 -3.30785
-4.12863 4.97079 1.94321
0.485338 0.698572 -3.78564
0.127655 4.62311 4.7993
4.64532 -0.370326 -2.96171
3.91989 0.656043 -1.61512
2.88655 -3.92797 -4.37924
3.48792 4.91328 2.59895
2.10558 4.98039 2.30966
-4.98322 4.23155 -4.7655
0.376947 2.4039 -3.19266
-4.10035 3.86043 -1.45573
-1.63042 4.18505 2.20659
1.57632 -3.14251 4.98176
-0.0932982 -4.79164 -4.89927
-3.14245 2.77642 -2.67145
-4.75724 -3.39634 3.70822
4.33328 -2.67363 -3.81107
-3.44154 3.63952 2.98051
-4.01497 -4.98917 2.33193
3.99647 -1.2189 -3.66439
4.2063 0.424099 -3.25569
3.7043 2.18904 2.61071
-1.36171 3.79168 0.366457
-1.27681 -0.108962 4.02377
4.86997 -2.40735 4.43258
-4.07214 2.55452 -0.843444
-2.70636 -2.26116 2.39922
-3.13943 -3.51032 -4.13225
-1.65922 -4.73193 -3.12717
4.23001 -3.44416 2.82843
2.98228 4.14739 -2.16125
-1.80734 4.96472 -4.92554
3.82559 3.62985 -4.73554
-1.52863 -1.28201 0.320127
-3.77333 -3.53554 -1.0877
2.48559 -1.19281 -3.96172
-4.21817 -4.86095 4.72514
4.75139 0.342608 -0.414253
-3.56228 2.01771 -3.12358
-4.03953 4.0643 2.03983
-4.93456 -4.07097 -4.85455
0.891948 -0.48869 -4.30531
-0.283432 3.44212 1.76074
3.86241 3.63338 0.136516
1.84752 -2.56369 -4.96031
-1.91508 -4.76951 -0.433203
-1.3331 -1.25026 -4.27546
-4.2831 -4.25124 -3.303
3.47083 4.30494 -4.11309
4.72933 -3.89948 -1.21366
4.04424 4.02497 -3.31805
-3.06142 4.77821 4.2444
2.3074 4.60557 3.20268
-4.26735 -4.58319 4.93259
4.73359 4.7418 4.29523
-4.33768 -0.932032 3.80018
4.08283 4.51845 2.79637
-4.40045 -4.82764 -2.26721
3.24084 -0.739163 4.92722
4.34019 4.11778 -4.13989
2.86233 -3.38941 -4.22896
-4.10987 2.74814 1.14775
1.97815 3.73061 4.46465
3.34917 -4.27317 1.03159
1.41436 -3.73286 3.30867
-3.98456 -2.06815 -4.75356
0.895425 4.48262 -4.07912
1.05001 3.64926 0.783498
-1.51288 4.4909 -3.00543
-1.35158 -0.598328 -2.24002
-4.22921 -4.50569 2.62681
4.06314 -0.155682 2.8621
-4.75052 0.317624 -4.92973
-0.629336 -0.434888 1.46469
-1.31766 -4.67629 4.85748
-1.37164 0.806483 -0.0489629
-4.74319 4.04044 1.03044
4.87283 3.93973 -4.86202
-1.11808 4.33272 -1.46748
4.88515 -4.5751 4.05392
-1.72873 1.56916 4.05475
4.28866 -4.68964 3.81321
-2.43147 1.21644 -4.68939
1.06439 -1.75048 -4.2279
4.46376 1.78282 0.789673
4.3742 -2.82237 1.8228
