-3.67681 2.25561 -0.685711
-2.70136 -4.71866 1.56125
4.56865 -1.29198 -0.0405397
-4.58605 -4.62908 0.0547669
-4.98693 -1.29885 -4.71776
2.02179 0.781411 4.15407
0.393878 -4.26196 1.30479
2.14713 4.07912 2.4231
-4.51232 2.28317 -1.99686
2.7106 4.89385 -1.59502
-4.91622 2.12151 2.3075
-4.25812 1.22159 3.66407
-0.516945 2.5953 -0.474346
-2.16755 -1.53253 -3.64716
4.16008 4.0427 -4.74094
0.171023 0.066177 -2.0698
0.0605011 -2.4793 -4.40075
-4.21102 -0.103686 -1.40925
4.50223 0.199722 -0.617235
-4.56794 2.54152 2.48172
-3.66527 4.98572 1.65797
1.42259 2.28195 2.00832
4.05675 -2.80303 -2.19856
0.260186 0.814419 3.2822
3.60232 -2.44764 -1.08593
-0.215225 -2.27906 -3.49692
0.839882 2.95367 4.88644
0.102509 4.53832 2.26014
4.13229 1.14173 3.22306
-2.79533 2.05551 -4.05329
-2.14933 -4.91658 -1.11277
2.25924 4.37828 -2.91927
-1.7225 3.87387 1.28994
1.94744 -1.24132 -1.38266
-3.45492 0.768148 3.24565
4.875 0.472338 -3.81622
-0.798817 -3.7309 0.409303
-0.00320018 -0.484513 4.65497
-2.93332 -1.94498 1.06548
1.67895 1.08976 2.84665
-0.157666 -1.21458 -3.27192
4.4702 -0.869155 -3.96195
-0.783304 -3.85253 3.65357
-3.32489 -4.57712 -1.61447
-3.55447 2.9489 -0.738419
-0.369246 3.01566 4.17118
-2.75137 1.70899 3.90642
3.81689 -0.406222 -0.170527
3.33542 2.49989 -0.62561
1.46114 -0.729332 3.03997
2.16944 4.83934 4.38258
-2.03643 0.264049 -0.10229
-0.784465 0.673242 3.6361
2.46427 3.62221 1.90579
2.20719 2.32207 -4.97409
0.375805 -0.475062 -4.75241
0.00498384 1.59027 1.57697
4.41071 3.62026 3.76079
-3.54712 -0.615687 4.79369
-0.439116 -1.98001 -0.0982205
-0.492905 -0.452889 2.85266
-2.79574 4.97384 -3.76024
1.28132 4.9622 4.8769
2.41642 -1.94168 -1.05984
1.94496 -3.1099 3.16508
3.44991 -4.251 -4.50495
1.43076 -3.018 -3.14432
-1.01659 4.54025 4.34859
-2.20385 1.82955 -2.42992
2.9942 -0.883919 -2.44597
-4.99956 -3.26613 4.72531
3.38098 -3.86799 -1.26575
-3.14503 3.21091 -3.7097
-2.32656 -2.80398 -4.27038
1.48586 1.8976 2.76911
2.68471 1.59659 1.09156
1.11201 -2.92867 -2.06832
-3.75743 2.54487 0.06013
1.00636 -1.83533 1.80512
-3.33609 -0.286916 3.42916
0.69315 2.29715 -2.09998
0.415954 -2.04106 0.648879
-0.58423 -2.55584 -1.54919
-0.424266 -0.352423 -1.3671
-4.21084 -1.43427 -2.74208
1.90976 0.022647 2.05125
4.7081 -0.507709 4.27769
-0.281089 0.051019 1.36552
1.17713 4.84436 -3.84824
-1.42021 0.314404 -0.00922968
-4.80094 -2.38004 1.19694
4.46644 -2.47139 4.56167
3.67284 1.82667 -0.703361
-4.71155 -3.53512 1.84638
-0.531218 0.724506 2.28925
2.10116 -2.33463 2.31135
4.82834 -0.140921 -4.68
4.40096 2.78298 2.24806
4.96161 0.748715 -0.0479454
0.623813 -1.21789 -3.14809
