-2.18267 1.64538 4.88165
3.98207 -4.90659 3.03576
4.68855 -2.91114 0.0827832
-4.86014 -4.824 0.0518354
4.21909 -4.38767 4.34614
-4.49253 0.769298 4.97675
0.63525 -4.77458 1.68171
-4.09057 2.28707 -3.03591
3.91312 -2.23255 3.12641
-3.65 4.60235 -3.01257
-4.95925 3.54417 -4.56898
-4.63526 3.14044 -4.19888
-0.761878 -3.3706 -1.52541
-1.79943 -3.31714 -2.97629
-4.34527 -4.62307 1.75529
0.50595 0.727928 -3.92394
0.146378 4.20584 4.97179
4.75581 -0.393967 -3.08755
3.96968 0.696556 -1.66725
2.89801 -3.79237 -4.09175
3.49615 4.91093 2.67255
2.16397 -4.76127 2.35976
4.9212 4.17987 4.80376
0.391848 2.55929 -3.12531
-4.19903 3.75728 -1.49144
-1.75444 3.95142 2.04792
1.62544 -3.21163 -4.86177
-0.107768 -4.56671 -4.9773
-3.20744 2.99459 -2.48983
-4.522 -3.317 3.92518
4.06051 -2.32326 -4.19891
-3.45877 3.27332 3.09223
-4.20699 4.99633 2.4922
4.23787 -1.26078 -3.93091
4.29565 0.413466 -3.16993
3.69898 2.31732 2.56501
-1.40494 3.75099 0.365891
-1.36712 -0.0805404 3.90639
-4.82509 -2.42989 4.91408
-3.85546 2.74698 -0.492826
-2.92342 -2.37981 2.27903
-2.99749 -3.79975 -3.99705
-1.73463 -4.79366 -3.07516
4.50833 -3.25455 2.44948
2.96919 4.12721 -2.2491
-1.99177 4.83858 -4.88592
3.65534 3.84078 4.99998
-1.40154 -1.36154 0.350686
-3.77823 -3.38553 -1.09884
2.56181 -1.20546 -3.83817
-3.98278 -4.78403 -4.95347
4.49697 0.347097 -0.42997
-3.82348 2.04454 -3.13407
-4.1209 3.80234 2.00055
-4.54761 -3.71412 -4.9653
0.914965 -0.48348 -4.24522
-0.302436 3.59422 1.79836
3.83302 3.67235 -0.166811
1.67194 -2.7196 4.98875
-2.03126 4.87822 -0.451413
-1.39897 -1.29844 -4.09469
-4.28504 -4.38044 -3.35094
3.67249 4.31973 -3.99187
-4.99338 -4.0979 -1.24116
4.30424 4.08375 -3.25065
-3.00691 4.62609 4.20358
2.36447 4.71626 3.11035
-4.90382 -4.44553 4.5646
4.37418 -4.63802 4.34731
-4.33728 -0.939006 3.51819
4.21536 4.65012 2.0412
-4.63686 -4.74337 -2.34613
3.17166 -0.403949 4.90521
3.74574 3.99344 -4.12716
2.99337 -3.24193 -4.41701
-3.98553 2.86095 1.16545
2.07481 3.84318 4.16467
3.34151 -4.08019 1.06397
1.4392 -3.9452 3.47283
-3.94191 -2.20208 -4.8434
0.900656 4.72434 -4.28444
1.10817 3.30726 0.761545
-1.5752 4.52654 -3.1545
-1.42145 -0.625737 -2.31832
-4.41284 4.91753 2.48778
4.2515 -0.155591 2.95688
-4.83169 0.392764 4.97082
-0.647459 -0.461445 1.50315
-1.44647 -4.91073 -4.97732
-1.39089 0.843694 -0.0505204
-4.81371 3.81339 0.983821
-4.86769 3.8894 -4.59813
-0.954093 4.64709 -1.52263
-4.9692 -4.78694 4.35135
-1.81565 1.64061 4.27648
4.54123 4.86816 3.97466
-2.48195 1.26578 -4.9371
1.28299 -1.52178 -3.90851
4.44632 1.85641 0.841203
4.74719 -3.01613 1.66536
