-2.30636 1.67136 4.78922
3.97478 -4.93965 3.08633
4.71541 -2.95254 0.0826446
-4.89549 -4.86386 0.0496943
4.16829 -4.50626 4.36868
-4.37103 0.774459 -4.86942
0.637558 -4.73289 1.69475
-3.95117 2.13781 -2.96953
3.90588 -2.12588 3.07081
-3.55596 4.57546 -3.06325
4.98663 3.61464 -4.42505
-4.62072 3.19264 -4.24473
-0.764164 -3.32757 -1.55152
-2.10494 -3.38305 -2.86837
-4.42696 -4.51089 1.69097
0.512948 0.738161 -3.97175
0.152693 4.074 -4.96104
4.79712 -0.402292 -3.13097
3.99003 0.710347 -1.68514
2.90409 -3.75303 -4.00031
3.50179 4.94453 2.69824
2.18406 -4.68816 2.37712
4.89204 4.17792 4.68718
0.397263 2.61268 -3.10499
-4.23734 3.72965 -1.50379
-1.79639 3.87753 1.99667
1.64166 -3.24374 -4.87871
-0.112509 -4.50505 4.984
-3.2307 3.07009 -2.4305
-4.46621 -3.29662 4.01297
3.98447 -2.2098 -4.34096
-3.47156 3.16021 3.13733
-4.26797 4.99958 2.54796
4.32787 -1.27509 -4.02827
4.33063 0.410839 -3.14431
3.70101 2.36156 2.55181
-1.41946 3.73938 0.36578
-1.3975 -0.0714934 3.87312
-4.73797 -2.43936 -4.90123
-3.78921 2.81372 -0.37599
-2.99889 -2.4213 2.24112
-2.95517 -3.90708 -3.96415
-1.76023 -4.83343 -3.05954
4.61714 -3.19928 2.32741
2.9688 4.12622 -2.27955
-2.05611 4.84463 -4.90511
3.6068 3.9172 4.91272
-1.35991 -1.38895 0.361052
-3.78429 -3.33829 -1.10281
2.58843 -1.20975 -3.80023
-3.91465 -4.77418 -4.84281
4.41474 0.348364 -0.434957
-3.91251 2.05024 -3.14423
-4.15463 3.72711 1.989
-4.43194 -3.59986 4.96881
0.92272 -0.481523 -4.22768
-0.308585 3.64748 1.81188
3.83232 3.6916 -0.268453
1.61435 -2.77113 -4.98459
-2.07121 4.76389 -0.457232
-1.42134 -1.31492 -4.03686
-4.29447 -4.43688 -3.37337
3.74487 4.33611 -3.95873
-4.89669 -4.16796 -1.25078
4.40199 4.10946 -3.23048
-2.9917 4.58652 4.19922
2.38461 4.76802 3.0829
4.8236 -4.42478 4.49205
4.29281 -4.46247 4.38414
-4.34192 -0.94133 3.42772
4.27824 4.72815 1.79014
-4.72731 -4.73355 -2.37416
3.15162 -0.291761 4.90691
3.55685 3.95511 -4.13206
3.04254 -3.19595 -4.49209
-3.94792 2.9002 1.17173
2.1092 3.8897 4.07773
3.34202 -4.02096 1.07438
1.44762 -4.02122 3.5326
-3.93591 -2.24803 -4.89454
0.903061 4.81129 -4.35886
1.1286 3.19759 0.754173
-1.59586 4.56349 -3.20689
-1.44533 -0.635033 -2.34517
-4.50455 4.72233 2.44831
4.31873 -0.155308 2.99041
-4.86598 0.41614 4.90865
-0.653288 -0.470434 1.51705
-1.48828 4.96671 -4.89728
-1.39762 0.856267 -0.0509849
-4.8443 3.74391 0.968035
-4.78517 3.88611 -4.54755
-0.89878 4.75975 -1.5415
-4.91894 -4.88521 4.46145
-1.8444 1.66529 4.35911
4.64184 4.74835 4.0332
-2.50349 1.28001 4.93332
1.35594 -1.44695 -3.80762
4.44677 1.88159 0.858741
4.88536 -3.08466 1.61264
