-2.36851 1.6857 4.74542
3.9731 -4.96584 3.1124
4.73002 -2.97356 0.0825133
-4.91433 -4.8853 0.0485715
4.13969 -4.56982 4.3812
-4.31122 0.777297 -4.80073
0.638695 -4.71292 1.70138
-3.88352 2.06504 -2.93408
3.90349 -2.07284 3.044
-3.50967 4.56442 -3.08907
-4.99102 3.65069 -4.35737
-4.62077 3.21899 -4.26901
-0.765233 -3.30694 -1.56458
-2.25791 -3.41701 -2.81476
-4.46994 -4.45959 1.65876
0.516464 0.743355 -3.99599
0.155851 4.00882 -4.92837
4.81866 -0.406551 -3.15297
4.00092 0.717282 -1.69419
2.90752 -3.73432 -3.9552
3.50523 4.96781 2.71127
2.19421 -4.65417 2.38593
4.88175 4.17958 4.63304
0.400049 2.63964 -3.09519
-4.25756 3.71701 -1.51005
-1.8175 3.84113 1.97135
1.64987 -3.26179 -4.8889
-0.114888 -4.47641 4.96617
-3.2427 3.10836 -2.40108
-4.44217 -3.28784 4.06028
3.9491 -2.15367 -4.41401
-3.47938 3.10456 3.1613
-4.30011 -4.99207 2.57713
4.37498 -1.2823 -4.07841
4.3491 0.409675 -3.13204
3.70273 2.3839 2.54555
-1.42673 3.73385 0.365743
-1.41275 -0.0670811 3.85733
-4.69836 -2.44461 -4.81309
-3.75712 2.84755 -0.317608
-3.03732 -2.44255 2.22259
-2.93496 -3.96344 -3.94967
-1.77312 -4.85809 -3.05192
4.67442 -3.17329 2.26731
2.96934 4.12677 -2.29504
-2.08897 4.85245 -4.91684
3.58354 3.95671 4.87313
-1.33922 -1.40287 0.366274
-3.78793 -3.31519 -1.10483
2.60198 -1.21192 -3.78172
-3.88242 -4.77207 -4.79107
4.37408 0.348943 -0.437398
-3.95701 2.0507 -3.15458
-4.17277 3.69045 1.98353
-4.37637 -3.54365 4.93677
0.9266 -0.480521 -4.21933
-0.311622 3.67456 1.81885
3.83374 3.70233 -0.319375
1.58559 -2.79676 -4.97252
-2.0914 4.70811 -0.460097
-1.4326 -1.32326 -4.00838
-4.30095 -4.46779 -3.38576
3.78245 4.34645 -3.94394
-4.84939 -4.20384 -1.25565
4.45301 4.12357 -3.22097
-2.98471 4.56835 4.19911
2.39487 4.79685 3.06976
4.71693 -4.42029 4.46143
4.26394 -4.37892 4.40589
-4.3452 -0.942524 3.38313
4.31363 4.77107 1.66464
-4.77461 -4.73172 -2.38855
3.14211 -0.235591 4.90939
3.46301 3.93632 -4.13681
3.06816 -3.17379 -4.53175
-3.92979 2.92002 1.17493
2.12672 3.91469 4.03653
3.34286 -3.99238 1.07954
1.45183 -4.0604 3.56363
-3.93426 -2.27131 -4.92299
0.904373 4.85603 -4.39691
1.13902 3.14336 0.750499
-1.60614 4.58801 -3.23355
-1.45739 -0.639726 -2.35876
-4.55479 4.62779 2.42889
4.35327 -0.15513 3.00758
-4.88457 0.427682 4.88385
-0.656166 -0.474975 1.5242
-1.50886 4.90353 -4.85891
-1.40105 0.862565 -0.0512094
-4.86101 3.71 0.960094
-4.77591 3.88715 -4.52714
-0.870981 4.81753 -1.55098
-4.91188 -4.94099 4.51891
-1.85859 1.67778 4.40086
4.69648 4.69637 4.06349
-2.51523 1.28631 4.8709
1.39245 -1.40983 -3.75772
4.44821 1.89425 0.867569
4.95759 -3.12006 1.58618
