-2.49397 1.71769 4.6625
3.97384 4.96287 3.16611
4.76191 -3.01622 0.0821035
-4.95448 -4.93125 0.0462016
4.08486 -4.70812 4.4094
-4.19351 0.783221 -4.67314
0.640951 -4.6747 1.71485
-3.74806 1.9198 -2.85966
3.9012 -1.96726 2.99217
-3.41827 4.54704 -3.14176
-4.95936 3.72509 -4.22813
-4.62396 3.27204 -4.32058
-0.767207 -3.26747 -1.59078
-2.56435 -3.48709 -2.70828
-4.5605 -4.36227 1.59436
0.523541 0.753893 -4.0452
0.162203 3.87961 -4.86484
4.86356 -0.415264 -3.19758
4.02425 0.731244 -1.71252
2.91522 -3.69867 -3.8662
3.51353 -4.97218 2.7376
2.2148 -4.59145 2.4038
4.87073 4.18785 4.53115
0.405811 2.69408 -3.07631
-4.30014 3.69406 -1.52279
-1.85995 3.76949 1.92129
1.66684 -3.30208 -4.91314
-0.119677 -4.42339 4.93566
-3.26737 3.186 -2.34273
-4.40103 -3.27289 4.16073
3.88335 -2.0425 -4.56458
-3.49763 2.99533 3.21203
-4.36956 4.98335 2.63761
4.47391 -1.29678 -4.18176
4.38808 0.407627 -3.10852
3.70774 2.42911 2.53369
-1.44128 3.72336 0.365701
-1.44335 -0.0584786 3.82739
-4.62675 -2.4562 -4.64552
-3.69484 2.91626 -0.200962
-3.11555 -2.4859 2.18634
-2.89613 -4.08242 -3.92494
-1.79908 -4.91962 -3.03701
4.79942 -3.12382 2.14891
2.9721 4.13002 -2.32656
-2.15594 4.87238 -4.94511
3.53957 4.03862 4.80086
-1.29805 -1.43108 0.376788
-3.79641 -3.26999 -1.10896
2.62958 -1.21633 -3.74555
-3.82073 -4.77368 -4.69417
4.29365 0.350002 -0.442173
-4.05149 2.05191 -3.18419
-4.21153 3.61982 1.9732
-4.26868 -3.43311 4.87915
0.934371 -0.478483 -4.20349
-0.317599 3.72969 1.83318
3.84029 3.72615 -0.42143
1.52799 -2.84775 -4.95087
-2.13218 4.59928 -0.465778
-1.45525 -1.34018 -3.95227
-4.31727 -4.5353 -3.41303
3.86152 4.37087 -3.91803
-4.75675 -4.27738 -1.26555
4.5608 4.15451 -3.20309
-2.97179 4.5351 4.203
2.41586 4.86087 3.04462
4.53443 -4.42753 4.40848
4.21449 -4.21482 4.45463
-4.35373 -0.944967 3.29514
4.39313 4.86551 1.41362
-4.87353 -4.73418 -2.41814
3.12416 -0.123094 4.91751
3.27677 3.89984 -4.15019
3.12156 -3.13129 -4.61561
-3.8948 2.9602 1.18143
2.16258 3.96833 3.95838
3.34582 -3.9372 1.08973
1.4603 -4.14134 3.62801
-3.93349 -2.31846 -4.98715
0.907228 4.94813 -4.47507
1.16027 3.03603 0.743171
-1.62644 4.65257 -3.288
-1.4817 -0.649208 -2.38626
-4.66249 4.47424 2.39078
4.42437 -0.154682 3.0427
-4.92445 0.450672 4.84173
-0.661834 -0.484142 1.53888
-1.54924 4.78103 -4.78558
-1.408 0.875189 -0.0516477
-4.8973 3.64397 0.944109
-4.76429 3.89443 -4.4952
-0.81505 4.93609 -1.57008
-4.92121 4.94259 4.63893
-1.88635 1.70307 4.48542
4.81546 4.60478 4.12603
-2.54042 1.29677 4.75067
1.46558 -1.33614 -3.659
4.45365 1.91975 0.885325
-4.90004 -3.1929 1.53291
