-2.55756 1.73541 4.62332
3.9763 4.92983 3.19374
4.77948 -3.0379 0.0818201
-4.97583 -4.95591 0.0449469
4.05927 -4.78303 4.42525
-4.13564 0.786227 -4.61291
0.642078 -4.65643 1.7217
-3.68051 1.84703 -2.82221
3.90138 -1.91476 2.96711
-3.37313 4.54068 -3.16862
-4.94972 3.76349 -4.16587
-4.62711 3.29859 -4.34802
-0.768107 -3.24865 -1.60391
-2.71787 -3.5233 -2.65538
-4.60795 -4.31664 1.5622
0.527104 0.759235 -4.07016
0.165404 3.8155 -4.83391
4.88696 -0.419726 -3.22021
4.03672 0.738262 -1.7218
2.91949 -3.68172 -3.8223
3.51845 -4.94458 2.7509
2.22525 -4.56267 2.41285
4.87005 4.19335 4.48297
0.408792 2.72156 -3.06723
-4.32253 3.68373 -1.52925
-1.88129 3.73416 1.89654
1.67572 -3.3244 -4.92732
-0.122096 -4.39891 4.92286
-3.28004 3.22536 -2.31379
-4.38368 -3.2671 4.21398
3.85278 -1.98746 -4.6422
-3.50806 2.94141 3.23877
-4.40704 4.9686 2.66884
4.52592 -1.3041 -4.23502
4.40862 0.406725 -3.09727
3.71105 2.45195 2.52808
-1.44854 3.71838 0.365696
-1.45869 -0.0543023 3.81323
-4.59461 -2.46267 -4.56583
-3.66461 2.95113 -0.142716
-3.15529 -2.5081 2.16861
-2.87745 -4.14549 -3.91465
-1.81217 -4.95818 -3.02966
4.87238 -3.10045 2.09065
2.97434 4.13269 -2.34262
-2.18997 4.88456 -4.9618
3.5188 4.081 4.76782
-1.27755 -1.44541 0.382078
-3.80123 -3.24789 -1.11106
2.64365 -1.21858 -3.72789
-3.79114 -4.77784 -4.64868
4.25389 0.350476 -0.444506
-4.10108 2.05305 -3.20111
-4.23212 3.5854 1.96835
-4.21628 -3.37897 4.85364
0.938261 -0.477459 -4.196
-0.320534 3.75773 1.84054
3.84547 3.73922 -0.47256
1.49908 -2.87314 -4.94125
-2.15276 4.54617 -0.468603
-1.46664 -1.34876 -3.92465
-4.32717 -4.57218 -3.42792
3.90311 4.38475 -3.90689
-4.71136 -4.3151 -1.27056
4.6179 4.17137 -3.19471
-2.96585 4.51978 4.20704
2.4266 4.89649 3.03259
4.45434 -4.44254 4.38559
4.19226 -4.13552 4.48158
-4.35901 -0.94624 3.2517
4.43763 4.91699 1.2881
-4.92531 -4.73858 -2.43337
3.1157 -0.0667758 4.9231
3.1843 3.88215 -4.1586
3.14936 -3.11107 -4.6599
-3.8779 2.98051 1.18473
2.18094 3.99706 3.92138
3.34805 -3.91059 1.09479
1.46456 -4.18319 3.66141
-3.93436 -2.34242 4.97655
0.908764 4.99556 -4.51524
1.17111 2.98287 0.739522
-1.6364 4.69498 -3.31588
-1.49396 -0.654004 -2.40018
-4.71977 4.40326 2.37213
4.46102 -0.154421 3.06066
-4.94574 0.462145 4.82341
-0.664618 -0.488777 1.54642
-1.56908 4.72154 -4.75052
-1.41153 0.881506 -0.0518615
-4.9169 3.61171 0.936068
-4.76168 3.90022 -4.48357
-0.78691 4.99693 -1.57968
-4.93645 4.8901 4.70169
-1.89988 1.71587 4.52832
4.88023 4.56238 4.15827
-2.55375 1.30078 4.69277
1.50221 -1.29958 -3.61014
4.45768 1.93256 0.894251
-4.83951 -3.23062 1.50606
