-2.68705 1.77419 4.54941
3.98542 4.87984 3.25049
4.81796 -3.08204 0.0810641
4.97849 4.9909 0.0422555
4.01187 -4.94461 4.4606
-4.02196 0.792233 -4.49794
0.644329 -4.62153 1.73558
-3.54628 1.70135 -2.7478
3.90425 -1.81034 2.91851
-3.28396 4.53258 -3.22344
-4.94243 3.84344 -4.04533
-4.63671 3.35179 -4.40665
-0.769754 -3.21267 -1.63032
-3.0257 -3.59833 -2.55042
-4.70791 -4.23149 1.49803
0.534278 0.770068 -4.12083
0.171872 3.68835 -4.77359
4.93567 -0.428864 -3.2662
4.06332 0.752379 -1.74063
2.92892 -3.64942 -3.73566
3.52996 -4.9022 2.77776
2.24648 -4.51047 2.43116
4.87852 4.2066 4.39143
0.414957 2.77712 -3.04975
-4.36962 3.66532 -1.54239
-1.92419 3.66443 1.84757
1.69448 -3.37308 -4.96019
-0.127019 -4.35342 4.90198
-3.30611 3.3052 -2.25638
-4.35521 -3.25897 4.32463
3.79573 -1.87834 -4.80279
-3.53159 2.83468 3.29497
-4.48807 4.94689 2.73309
4.63546 -1.31891 -4.34544
4.45183 0.405139 -3.07581
3.71935 2.49807 2.51748
-1.46302 3.70897 0.365712
-1.48945 -0.0462039 3.78639
-4.53725 -2.47701 -4.42248
-3.60592 3.02194 -0.0264396
-3.23614 -2.55359 2.13376
-2.84146 -4.28024 -3.89854
-1.83866 4.95191 -3.0149
-4.95744 -3.05613 1.9759
2.98062 4.14023 -2.37536
-2.25891 4.91362 4.99924
3.47962 4.16918 4.70716
-1.2367 -1.47448 0.392702
-3.8121 -3.20465 -1.1154
2.67233 -1.22317 -3.69338
-3.73424 -4.79286 -4.56316
4.17523 0.351314 -0.449074
-4.20415 2.05615 -3.23767
-4.27573 3.51793 1.95928
-4.11386 -3.27279 4.80769
0.946046 -0.475413 -4.18188
-0.326304 3.81481 1.85565
3.85977 3.76779 -0.575039
1.44091 -2.92381 -4.92432
-2.19428 4.44261 -0.474272
-1.48956 -1.36617 -3.8703
-4.35067 -4.65274 -3.46037
3.99084 4.41584 -3.8883
-4.6224 -4.39262 -1.28073
4.7396 4.20828 -3.17911
-2.95502 4.49155 4.21942
2.44863 4.97597 3.00958
4.30995 -4.49168 4.3457
4.15245 -3.98148 4.54078
-4.37171 -0.948904 3.16566
4.53702 -4.97071 1.03701
4.96591 -4.75404 -2.46476
3.09983 0.0460001 4.93719
3.00048 3.84796 -4.17842
3.2072 -3.07264 -4.75368
-3.84528 3.02151 1.19141
2.2185 4.05878 3.85137
3.354 -3.85929 1.10481
1.47312 -4.26979 3.73073
-3.93875 -2.39109 4.9169
0.912031 -4.90852 -4.59796
1.19324 2.8775 0.73226
-1.65577 4.79889 -3.37338
-1.51869 -0.663706 -2.4284
-4.841 4.26531 2.3356
4.5367 -0.153824 3.09733
-4.99101 0.485096 4.79082
-0.670092 -0.498148 1.56186
-1.60822 4.6057 -4.68356
-1.41866 0.894149 -0.052288
-4.95903 3.54861 0.919884
-4.76283 3.91572 -4.4689
-0.73028 -4.88065 -1.59901
-4.98751 4.79398 4.83329
-1.92626 1.74182 4.61565
-4.97881 4.48322 4.2246
-2.58153 1.30636 4.58093
1.57562 -1.22694 -3.51336
4.46853 1.95829 0.912178
-4.74267 -3.30906 1.45174
