-3.69061 2.23988 -0.690332
-2.70282 -4.73122 1.56276
4.58124 -1.2943 -0.0399756
-4.59258 -4.63619 0.0544429
4.98585 -1.30195 -4.73681
2.02596 0.781391 4.16569
0.394416 -4.27115 1.30539
2.1492 4.0895 2.428
-4.52608 2.28714 -2.00179
2.71387 4.90565 -1.59619
-4.92542 2.12123 2.309
-4.27111 1.22325 3.67121
-0.517114 2.6003 -0.475891
-2.17237 -1.53465 -3.65643
4.1681 4.05022 -4.75456
0.171678 0.0675974 -2.07238
0.0605501 -2.48334 -4.40935
-4.22009 -0.103992 -1.41067
4.53252 0.200758 -0.620031
-4.58614 2.54609 2.48431
-3.67012 4.98239 1.65957
1.42351 2.28538 2.00761
4.06304 -2.80637 -2.20133
0.261024 0.815797 3.28988
3.61065 -2.45174 -1.08603
-0.217017 -2.28433 -3.50211
0.840314 2.95848 4.87638
0.102208 4.55008 2.26217
4.14615 1.14196 3.22847
-2.80097 2.05775 -4.06835
-2.15128 -4.90785 -1.11483
2.26434 4.39208 -2.92934
-1.72471 3.88821 1.29101
1.94922 -1.24035 -1.38523
-3.46129 0.768703 3.24944
4.89635 0.474701 -3.8236
-0.799636 -3.73587 0.409276
-0.00454342 -0.486438 4.69726
-2.93982 -1.94865 1.06702
1.68469 1.08776 2.8536
-0.162606 -1.21456 -3.28019
4.51162 -0.872429 -3.98008
-0.784146 -3.8597 3.65813
-3.33337 -4.59732 -1.61807
-3.55855 2.97187 -0.74389
-0.370828 3.01998 4.18161
-2.75442 1.71161 3.91353
3.82787 -0.407477 -0.169465
3.34046 2.50589 -0.626699
1.46282 -0.731084 3.04406
2.17281 4.84847 4.39192
-2.04239 0.263842 -0.103149
-0.789915 0.674954 3.64971
2.47011 3.62708 1.9046
2.20989 2.32373 -4.97122
0.376644 -0.475096 -4.7767
0.00443497 1.59295 1.5765
4.42679 3.62893 3.77377
-3.55554 -0.617016 4.81109
-0.44152 -1.98355 -0.0988852
-0.494192 -0.455286 2.85588
-2.79969 4.98554 -3.76747
1.28109 4.97103 4.89111
2.41924 -1.94477 -1.0596
1.94736 -3.11671 3.1701
3.45535 -4.26224 -4.51553
1.43257 -3.02405 -3.14939
-1.01972 4.55636 4.36249
-2.206 1.83169 -2.43387
2.99852 -0.883967 -2.44947
4.96883 -3.27599 4.74234
3.38903 -3.88385 -1.26676
-3.14935 3.21546 -3.71572
-2.32894 -2.80793 -4.27634
1.48824 1.90317 2.77664
2.68916 1.59779 1.09121
1.11322 -2.93995 -2.07053
-3.76384 2.54845 0.0644161
1.00715 -1.83829 1.80696
-3.34568 -0.29082 3.43763
0.693713 2.29912 -2.10261
0.417179 -2.04604 0.649751
-0.585852 -2.56019 -1.5507
-0.425904 -0.352766 -1.36789
-4.2258 -1.43715 -2.74739
1.91313 0.0216429 2.0519
4.72527 -0.508522 4.29364
-0.281799 0.0495763 1.36455
1.17722 4.8553 -3.86331
-1.4179 0.315093 -0.00903597
-4.80991 -2.38186 1.19779
4.48879 -2.47504 4.57461
3.68691 1.82636 -0.706001
-4.71817 -3.53972 1.84841
-0.533392 0.725551 2.29072
2.10415 -2.33734 2.31291
4.81066 -0.139496 -4.71192
4.43962 2.79067 2.25077
4.93795 0.749985 -0.0470015
0.631185 -1.21886 -3.15681
