-2.88795 1.83923 4.44965
4.01098 4.84066 3.33917
4.88442 -3.15049 0.0793926
4.9161 4.91992 0.0375511
3.95181 4.81122 4.52311
-3.85781 0.801089 -4.33666
0.647693 -4.57285 1.75686
-3.34781 1.48272 -2.63797
3.91541 -1.6549 2.84922
-3.15357 4.53165 -3.30911
-4.96514 3.97253 -3.87518
-4.66028 3.4319 -4.50551
-0.771998 -3.16188 -1.67043
-3.49089 -3.71841 -2.39544
-4.8713 -4.11553 1.40225
0.545129 0.78673 -4.19878
0.181749 3.50073 -4.68684
-4.98656 -0.443104 -3.33717
4.10732 0.773775 -1.76958
2.94506 -3.60462 -3.60858
3.55207 -4.86549 2.81876
2.27918 -4.44217 2.45907
-4.95283 4.22959 4.26457
0.424649 2.86229 -3.02533
-4.44808 3.64293 -1.56272
-1.98918 3.56211 1.77527
1.72543 -3.45433 4.97806
-0.134736 -4.29123 4.88178
-3.34769 3.42771 -2.17158
-4.3282 -3.25605 4.50018
3.71898 -1.7165 4.94238
-3.57359 2.67719 3.38561
-4.6246 4.93269 2.83343
4.81419 -1.3417 -4.52174
4.52182 0.403225 -3.04619
3.73622 2.56858 2.50309
-1.48472 3.69641 0.365777
-1.53589 -0.0346642 3.74975
-4.46782 -2.50229 -4.24045
-3.52319 3.13083 0.147219
-3.36026 -2.62451 2.08294
-2.79131 -4.51081 -3.88885
-1.87955 4.82406 -2.99231
-4.70144 -2.99377 1.80824
2.99385 4.15734 -2.42624
-2.36403 4.96955 4.96187
3.42681 4.31082 4.62807
-1.17579 -1.51908 0.408718
-3.83227 -3.14235 -1.12223
2.71669 -1.23031 -3.64362
-3.65462 -4.83266 -4.44855
4.05928 0.352311 -0.45569
-4.36868 2.06236 -3.29863
-4.34792 3.42015 1.94722
-3.9646 -3.11842 4.75042
0.957703 -0.472361 -4.16284
-0.334736 3.90323 1.87921
3.88935 3.81637 -0.729328
1.35261 -2.9996 -4.90459
-2.25798 4.29407 -0.482986
-1.52433 -1.39294 -3.79106
-4.40044 -4.79342 -3.51638
4.13491 4.471 -3.86996
-4.49673 -4.51563 -1.29642
4.94303 4.27299 -3.15862
-2.94123 4.45496 4.24573
2.48316 -4.89549 2.97768
4.12359 -4.63077 4.29986
4.10492 -3.76246 4.64327
-4.39659 -0.95321 3.03855
4.70929 -4.81936 0.660433
4.81797 -4.79584 -2.51436
3.07826 0.215535 4.96536
2.72713 3.7997 -4.21479
3.29943 -3.01996 -4.90882
-3.79974 3.08415 1.20164
2.27715 4.16629 3.75587
3.36672 -3.78605 1.1197
1.48609 -4.4062 3.84158
-3.9526 -2.4657 4.85424
0.91732 -4.77088 -4.72873
1.22741 2.72186 0.721449
-1.68315 4.96166 -3.46619
-1.5564 -0.678503 -2.47172
4.96101 4.06864 2.28264
4.65655 -0.152685 3.1543
4.93984 0.519622 4.75019
-0.678094 -0.512402 1.58592
-1.66608 4.43888 -4.60275
-1.42963 0.913154 -0.0529421
4.97226 3.45745 0.895343
-4.78231 3.94797 -4.46893
-0.64463 -4.70677 -1.62845
4.92662 4.66684 -4.95152
-1.96456 1.78162 4.751
-4.91369 4.37725 4.32922
-2.62548 1.30969 4.42162
1.686 -1.11891 -3.37037
4.4917 1.99717 0.939208
-4.6223 -3.4342 1.3685
