-3.16912 1.93457 4.33841
4.06775 4.8478 3.46454
4.99089 -3.24602 0.0759897
4.84865 4.87882 0.029018
3.89363 4.55379 4.63073
-3.65087 0.812535 -4.13871
0.652035 -4.51416 1.78592
-3.08827 1.19142 -2.4949
3.94219 -1.44952 2.76169
-2.98578 4.55762 -3.43003
4.9812 4.16611 -3.66624
-4.71254 3.53986 -4.65969
-0.774763 -3.09927 -1.72517
-4.12104 -3.89266 -2.19371
4.88724 -3.97907 1.27588
0.559744 0.809719 -4.30663
0.195235 3.25534 -4.57766
-4.89339 -0.463046 -3.43621
4.17484 0.802779 -1.80972
2.97026 -3.55137 -3.4458
3.59029 -4.85693 2.87492
2.32397 -4.35807 2.49651
-4.58995 4.25537 4.10819
0.438357 2.97963 -2.99611
-4.56951 3.62313 -1.59091
-2.07759 3.42971 1.68098
1.77196 -3.5758 4.96791
-0.145957 -4.21768 4.87457
-3.40837 3.59733 -2.06077
-4.32388 -3.27265 4.75582
3.63111 -1.50312 4.62047
-3.64424 2.47186 3.51855
-4.84685 4.94566 2.97481
-4.91972 -1.37335 -4.7867
4.63359 0.401323 -3.01168
3.76595 2.66529 2.48673
-1.51374 3.6826 0.365933
-1.59863 -0.0203308 3.70736
-4.40282 -2.54335 -4.0461
-3.42669 3.28181 0.376938
-3.53135 -2.72395 2.01789
-2.73154 -4.88572 -3.90648
-1.93527 4.68027 -2.96254
-4.38584 -2.91534 1.59117
3.01884 4.19156 -2.49786
-2.50675 -4.944 4.95942
3.36561 4.51667 4.54318
-1.09525 -1.58032 0.43015
-3.86693 -3.06355 -1.132
2.77877 -1.24044 -3.58231
-3.55932 -4.91861 -4.31834
3.90821 0.353203 -0.464165
-4.60759 2.07347 -3.39085
-4.47319 3.29554 1.93429
-3.77022 -2.92058 4.69133
0.973236 -0.468425 -4.14174
-0.345758 4.02684 1.91221
3.94202 3.89243 -0.936116
1.23305 -3.10144 -4.92803
-2.34638 4.1079 -0.49526
-1.57142 -1.42977 -3.6897
-4.49952 4.96864 -3.60423
4.35786 4.5619 -3.86174
-4.34426 -4.69377 -1.31811
-4.77861 4.3841 -3.13524
-2.92728 4.41898 4.29446
2.53192 -4.74353 2.93964
3.91695 -4.99951 4.27015
4.06226 -3.49193 4.80636
-4.44252 -0.959588 2.87196
4.97479 -4.71845 0.160314
4.66499 -4.89248 -2.58493
3.05304 0.442252 -4.98721
2.36602 3.7406 -4.27384
3.43268 -2.95886 4.85816
-3.75016 3.17018 1.21591
2.35933 4.34884 3.64473
3.39038 -3.69424 1.13928
1.5035 -4.59968 4.00146
-3.98644 -2.56535 4.81069
0.924842 -4.5976 -4.92024
1.27434 2.51846 0.707192
-1.71744 -4.84198 -3.60129
-1.60778 -0.698577 -2.53147
4.72246 3.82288 2.21563
4.82896 -0.150611 3.23375
4.8606 0.565973 4.70858
-0.688517 -0.5317 1.61952
-1.74239 4.2344 -4.52549
-1.44484 0.938592 -0.0538619
4.89661 3.34164 0.862124
-4.85973 4.00734 -4.50271
-0.529305 -4.49006 -1.66883
4.8837 4.52001 -4.69472
-2.0146 1.83629 4.9409
4.97922 4.26315 4.50536
-2.68797 1.30842 4.22235
1.83392 -0.976106 -3.18456
4.53307 2.04947 0.975428
-4.49677 -3.6157 1.25536
