-3.24177 1.95953 4.31466
4.08605 4.86062 3.49713
-4.97934 -3.27067 0.0749143
4.83407 4.88782 0.0264538
3.88295 4.50179 4.66255
-3.60075 0.81536 -4.09185
0.65308 -4.50058 1.79329
-3.02419 1.11867 -2.45968
3.95096 -1.39846 2.74046
-2.94491 4.57137 -3.46147
4.99262 4.21862 -3.61703
-4.73119 3.56714 -4.70291
-0.775436 -3.08437 -1.73912
-4.2811 -3.93896 -2.14419
4.83223 -3.94773 1.24453
0.56343 0.81561 -4.33428
0.198656 3.19477 -4.55144
-4.87292 -0.468191 -3.46181
4.19344 0.810128 -1.82
2.97724 -3.53915 -3.40648
3.60134 -4.8615 2.88921
2.33529 -4.33825 2.50581
-4.50568 4.26326 4.07154
0.44192 3.00974 -2.98938
-4.60309 3.62005 -1.59814
-2.10005 3.39732 1.65778
1.78453 -3.60831 4.98119
-0.148971 -4.20063 4.87633
-3.42456 3.64108 -2.03344
-4.328 -3.28058 4.82459
3.61213 -1.45007 4.5448
-3.66479 2.42146 3.55396
-4.91095 4.95464 3.01148
-4.8546 -1.38147 -4.85902
4.66548 0.400936 -3.00387
3.77462 2.68996 2.48317
-1.52101 3.67968 0.365987
-1.61445 -0.0169127 3.6979
-4.39027 -2.55495 -4.00484
-3.40513 3.32078 0.433985
-3.57533 -2.74965 2.00218
-2.71784 -4.9947 -3.91708
-1.94928 4.65071 -2.95537
-4.31215 -2.89648 1.5376
3.02644 4.20228 -2.51653
-2.5429 -4.92875 4.96686
3.35127 4.57337 4.52526
-1.07523 -1.59592 0.435521
-3.87706 -3.04454 -1.13458
2.79491 -1.24311 -3.56791
-3.53748 -4.94619 -4.28966
3.87104 0.353356 -0.466228
-4.67116 2.0768 -3.41587
-4.51078 3.26533 1.93163
-3.72202 -2.87257 4.67874
0.97714 -0.467473 -4.13719
-0.348497 4.05884 1.92074
3.95771 3.91363 -0.987997
1.2029 -3.12715 -4.94337
-2.36917 4.06341 -0.49848
-1.5833 -1.43915 -3.66511
-4.53196 4.9051 -3.62867
4.4194 4.58809 -3.86251
-4.30878 -4.74109 -1.32365
-4.7214 4.41686 -3.12988
-2.92462 4.41364 4.30918
2.54458 -4.70905 2.93088
3.87168 4.86747 4.26807
4.05524 -3.4274 4.85065
-4.45647 -0.961302 2.83075
-4.95343 -4.72938 0.0357851
4.63549 -4.92562 -2.60337
3.04743 0.499051 -4.97609
2.27619 3.72677 -4.2903
3.46792 -2.94507 4.80259
-3.73986 3.19221 1.21966
2.38048 4.40279 3.61958
3.39724 -3.67228 1.14413
1.50786 -4.65048 4.0438
-3.99788 -2.58963 4.80621
0.926757 -4.55592 -4.97206
1.28628 2.46828 0.703674
-1.72573 -4.80245 -3.63686
-1.62079 -0.703627 -2.54677
4.67034 3.76404 2.19952
4.87468 -0.149978 3.25431
4.84308 0.577635 4.70039
-0.691091 -0.536562 1.6282
-1.76139 4.18828 -4.51047
-1.44876 0.944976 -0.0540976
4.88084 3.3136 0.853718
-4.89604 4.02492 -4.51678
-0.500287 -4.43809 -1.67916
4.88713 4.48699 -4.6392
-2.02707 1.85027 4.99021
4.9529 4.23713 4.55677
-2.70425 1.30757 4.17466
1.87113 -0.940536 -3.1389
4.54527 2.0626 0.984514
-4.47946 -3.66394 1.22701
