-3.31539 1.98478 4.2926
4.10609 4.8763 3.53021
-4.95058 -3.29567 0.0737513
4.82927 4.90641 0.0238686
3.87353 4.45045 4.69648
-3.55119 0.818163 -4.04595
0.654118 -4.48743 1.8007
-2.9604 1.04595 -2.42466
3.96061 -1.34753 2.71948
-2.90449 4.58958 -3.49337
-4.98341 4.27231 -3.569
-4.75278 3.59443 -4.74843
-0.776086 -3.06976 -1.75317
-4.44235 -3.98657 -2.09505
4.7814 -3.9174 1.21328
0.56713 0.821548 -4.36219
0.202094 3.13446 -4.52564
-4.85346 -0.473407 -3.48775
4.21278 0.817504 -1.83037
2.98451 -3.52741 -3.36766
3.61304 -4.86898 2.90359
2.34667 -4.31895 2.51507
-4.42421 4.27169 4.03592
0.44554 3.04016 -2.98286
-4.63799 3.61772 -1.60546
-2.12263 3.36519 1.63474
1.79747 -3.64176 4.99982
-0.152076 -4.18409 4.87957
-3.44115 3.68538 -2.00625
-4.33405 -3.29014 4.89558
3.59432 -1.39717 4.47075
-3.68658 2.37138 3.59022
-4.9789 4.96572 3.04868
-4.79124 -1.38971 -4.93387
4.69894 0.400566 -2.99637
3.78381 2.7148 2.47984
-1.52826 3.67699 0.366048
-1.63034 -0.0135662 3.6889
-4.37898 -2.56718 -3.96624
-3.38445 3.36028 0.490865
-3.61971 -2.77571 1.98673
-2.70461 4.88627 -3.93051
-1.96329 4.62292 -2.94833
-4.24005 -2.87797 1.48415
3.0346 4.21384 -2.53553
-2.57928 -4.91657 4.97759
3.33709 4.63105 4.50856
-1.05523 -1.61165 0.440902
-3.88754 -3.02582 -1.13723
2.81132 -1.24584 -3.55385
-3.5165 -4.97665 -4.26253
3.83412 0.353479 -0.468269
-4.73639 2.08029 -3.44169
-4.55094 3.23545 1.9292
-3.67382 -2.82517 4.66685
0.981059 -0.466543 -4.1329
-0.351226 4.09128 1.92938
3.97471 3.93573 -1.03994
1.17267 -3.153 -4.96184
-2.39218 4.01969 -0.501768
-1.59521 -1.44863 -3.64083
-4.56903 4.8444 -3.65423
4.48354 4.61552 -3.86445
-4.27406 -4.78967 -1.32924
-4.67016 4.45111 -3.12465
-2.92231 4.40983 4.32496
2.55745 -4.67611 2.92243
3.82856 4.73771 4.26789
4.04967 -3.3642 4.89629
-4.47146 -0.96308 2.78971
-4.90015 -4.75838 -0.0887732
4.60958 -4.96316 -2.62214
3.04212 0.555886 -4.9657
2.18651 3.71328 -4.3074
3.50392 -2.93196 4.74843
-3.73034 3.21446 1.22351
2.40187 4.46024 3.59544
3.40458 -3.65073 1.14895
1.51224 -4.70246 4.08729
-4.01077 -2.61373 4.80426
0.928668 -4.5149 4.97426
1.29832 2.41832 0.700181
-1.73391 -4.76557 -3.67313
-1.63386 -0.708696 -2.56222
4.62102 3.70608 2.18365
4.92157 -0.149307 3.27518
4.82647 0.589315 4.69307
-0.693643 -0.541443 1.63699
-1.78035 4.14405 -4.49699
-1.4527 0.951365 -0.054334
4.86637 3.28588 0.845267
-4.94308 4.04316 -4.5334
-0.471178 -4.38696 -1.68958
4.89823 4.45511 -4.58681
-2.03958 1.86435 -4.9597
4.9306 4.21165 4.61133
-2.72081 1.30657 4.12778
1.90846 -0.905014 -3.0935
4.55828 2.07573 0.993612
-4.46744 -3.71347 1.19873
