-3.7054 2.22413 -0.695249
-2.70441 -4.74531 1.56435
4.59451 -1.29676 -0.0393809
-4.59951 -4.6438 0.0541033
4.95936 -1.30525 -4.75724
2.03034 0.781369 4.17812
0.394979 -4.28092 1.30602
2.1514 4.10049 2.43317
-4.5408 2.29135 -2.007
2.71731 4.91822 -1.59744
-4.93772 2.12077 2.31057
-4.28499 1.225 3.6788
-0.517309 2.60562 -0.477525
-2.17759 -1.53689 -3.66629
4.17656 4.0582 -4.76905
0.172358 0.0690974 -2.07511
0.0605881 -2.48763 -4.41846
-4.2299 -0.104317 -1.41217
4.56386 0.201784 -0.62301
-4.6053 2.55095 2.48709
-3.67529 4.98033 1.66126
1.42448 2.28899 2.00687
4.06965 -2.80992 -2.20428
0.261883 0.817246 3.29804
3.61942 -2.45609 -1.08614
-0.218928 -2.28991 -3.50762
0.840762 2.9636 4.86763
0.10188 4.56257 2.26433
4.1609 1.14219 3.23423
-2.80703 2.06013 -4.08437
-2.15339 -4.90017 -1.11702
2.2697 4.40676 -2.94003
-1.72707 3.90341 1.29213
1.95106 -1.23933 -1.38794
-3.46812 0.769286 3.25347
4.91837 0.477193 -3.83145
-0.800508 -3.74112 0.409248
-0.00611083 -0.488453 4.74518
-2.94679 -1.95256 1.06866
1.69073 1.08567 2.861
-0.167812 -1.21455 -3.28897
4.55404 -0.875903 -3.99936
-0.785054 -3.86732 3.66296
-3.34243 -4.61847 -1.62189
-3.56303 2.9956 -0.749553
-0.372525 3.02456 4.19252
-2.75769 1.71437 3.92107
3.8393 -0.408798 -0.168354
3.34576 2.51222 -0.627851
1.46457 -0.732936 3.04841
2.17635 4.85815 4.40183
-2.0487 0.263625 -0.104052
-0.795697 0.676753 3.66414
2.47628 3.63226 1.90337
2.21273 2.32549 -4.96932
0.377581 -0.47514 -4.8041
0.00384774 1.59578 1.576
4.44384 3.63809 3.78764
-3.56487 -0.618421 4.82956
-0.444078 -1.98728 -0.0995859
-0.495567 -0.457814 2.8593
-2.80395 4.99798 -3.77514
1.28084 4.98042 4.90632
2.42219 -1.94804 -1.05935
1.94987 -3.12394 3.17543
3.461 -4.27421 -4.52679
1.43445 -3.03047 -3.15476
-1.02306 4.57347 4.37722
-2.20833 1.83396 -2.43806
3.00302 -0.884021 -2.45318
4.93806 -3.28653 4.76049
3.39754 -3.90076 -1.26783
-3.15396 3.22029 -3.72211
-2.33152 -2.81213 -4.28266
1.49075 1.90905 2.78464
2.69385 1.59907 1.09085
1.11447 -2.95192 -2.07289
-3.77068 2.55224 0.0688763
1.00797 -1.84144 1.80891
-3.35608 -0.294952 3.44664
0.694297 2.30122 -2.1054
0.418452 -2.05132 0.650674
-0.587584 -2.56479 -1.5523
-0.427654 -0.353127 -1.36875
-4.24197 -1.44021 -2.75304
1.91667 0.020584 2.0526
4.74308 -0.509388 4.31104
-0.282567 0.0480544 1.36354
1.17729 4.8669 -3.87949
-1.41553 0.315819 -0.00883921
-4.81948 -2.38381 1.19871
4.51152 -2.47889 4.58844
3.70169 1.82607 -0.708788
-4.72523 -3.5447 1.85056
-0.5357 0.726653 2.2923
2.10729 -2.34022 2.31456
4.79414 -0.137937 -4.74641
4.48214 2.79886 2.25364
4.91538 0.751365 -0.045963
0.63888 -1.2199 -3.1661
