-3.61977 2.08695 4.22767
4.20005 4.96794 3.66868
-4.84644 -3.39945 0.0682647
4.8915 -4.94432 0.014999
3.84694 4.25058 4.85507
-3.35807 0.828949 -3.87006
0.658182 -4.4394 1.83075
-2.70783 0.755019 -2.28599
4.00893 -1.14506 2.63763
-2.74722 4.67517 -3.62341
-4.9756 4.49389 -3.38642
-4.90812 3.70233 -4.96383
-0.778498 -3.01463 -1.81057
4.8979 -4.19515 -1.9016
4.61221 -3.80507 1.0892
0.5821 0.845654 -4.47637
0.216012 2.89534 -4.42628
-4.78537 -0.495087 -3.59558
4.29762 0.847098 -1.87277
3.01665 -3.4854 -3.21698
3.66512 -4.92806 2.96223
2.39243 -4.24716 2.55146
-4.11649 4.31044 3.90317
0.460648 3.16466 -2.95883
-4.79108 3.61497 -1.63545
-2.21417 3.23898 1.54433
1.85301 -3.78548 -4.93381
-0.16549 -4.12353 4.90143
-3.51128 3.86779 -1.89864
-4.37683 -3.34647 -4.82351
3.53377 -1.18707 4.18756
-3.78727 2.17387 3.74463
4.74739 -4.97637 3.20316
-4.55362 -1.4242 4.76622
4.84827 0.399005 -2.96947
3.82581 2.81574 2.46884
-1.55713 3.66823 0.3664
-1.69437 -0.00101327 3.65828
-4.34602 -2.62383 -3.83645
-3.30996 3.52416 0.716731
-3.80164 -2.884 1.92856
-2.65444 4.46162 -4.01296
-2.01919 4.52225 -2.92126
-3.96556 -2.80791 1.27021
3.07399 4.26749 -2.61517
-2.72752 -4.91196 -4.96317
3.28155 4.87427 4.45373
-0.975387 -1.67596 0.462548
-3.93282 -2.95419 -1.1486
2.87961 -1.25759 -3.50099
-3.44089 4.89352 -4.16784
3.68879 0.353634 -0.476242
4.98538 2.09502 -3.5532
-4.7396 3.11889 1.92185
-3.48092 -2.64053 4.62723
0.996927 -0.463152 -4.11831
-0.362091 4.22556 1.96509
4.05824 4.03328 -1.2483
1.05112 -3.25828 4.95319
-2.48634 3.85176 -0.515575
-1.64317 -1.48758 -3.5466
-4.76542 4.62126 -3.76923
4.80265 4.736 -3.88419
-4.14204 -4.99869 -1.35208
-4.48615 4.59824 -3.10421
-2.91675 4.4079 4.40212
2.61107 -4.56081 2.89166
3.67496 4.24199 4.28394
4.04197 -3.12363 -4.91319
-4.54055 -0.970928 2.62682
-4.83793 4.98007 -0.589718
4.54995 4.87894 -2.70033
3.02379 0.783456 -4.93159
1.82902 3.66255 -4.38224
3.6555 -2.88649 4.54832
-3.70003 3.30568 1.24033
2.48939 4.73107 3.50774
3.43848 -3.56851 1.16811
1.52992 -4.92397 4.26855
-4.07786 -2.71341 4.82849
0.936058 -4.35731 4.77023
1.34747 2.22043 0.68653
-1.76567 -4.64836 -3.82498
-1.68666 -0.729333 -2.62531
4.44929 3.48248 2.12277
-4.88514 -0.146351 3.36162
4.76939 0.636065 4.67224
-0.70364 -0.561238 1.67338
-1.85588 3.97894 -4.45597
-1.46882 0.976894 -0.0552287
4.82113 3.17815 0.810974
4.86092 4.11667 -4.63786
-0.353777 -4.19071 -1.73239
-4.98571 4.33933 -4.40589
-2.09 1.92137 -4.76972
4.87595 4.11433 4.87687
-2.78987 1.30118 3.95401
2.0592 -0.763428 -2.91432
4.61893 2.12804 1.03012
-4.46359 -3.92576 1.0869
