-3.85938 2.16483 4.20591
4.28123 -4.94041 3.78197
-4.78126 -3.48145 0.0633793
4.98475 -4.83535 0.0100162
3.83838 4.10842 -4.9997
-3.21871 0.83663 -3.74525
0.661118 -4.40817 1.85374
-2.52112 0.536703 -2.18321
4.0576 -0.994195 2.57838
-2.63345 4.75392 -3.72181
4.94898 4.66649 -3.25405
4.85109 3.7808 4.86721
-0.780291 -2.97672 -1.85481
4.41065 -4.37778 -1.75864
4.51378 -3.7277 0.99718
0.593488 0.864024 -4.5647
0.226546 2.7178 -4.35536
-4.74425 -0.5122 -3.68102
4.3686 0.869306 -1.90547
3.04384 -3.45915 -3.10751
3.70871 -4.99711 3.00792
2.42658 -4.19884 2.57802
-3.899 4.34623 3.81303
0.47256 3.26114 -2.94279
-4.92332 3.61857 -1.65874
-2.28408 3.14654 1.47849
1.89847 -3.90459 -4.93349
-0.176676 -4.08397 4.92675
-3.56866 4.0101 -1.81892
-4.42843 -3.40797 -4.66551
3.49899 -1.03074 3.98731
-3.87858 2.02843 3.86689
4.56667 -4.97067 3.32597
-4.38971 -1.4516 4.55837
4.97515 0.397615 -2.95251
3.86323 2.8937 2.46334
-1.57862 3.66379 0.366819
-1.74288 0.00755243 3.64084
-4.33437 -2.67489 -3.75759
-3.26198 3.65468 0.884525
-3.94426 -2.96963 1.88994
-2.62089 4.17239 -4.09764
-2.06115 4.45474 -2.90161
-3.77092 -2.75884 1.10844
3.11049 4.31505 -2.67892
-2.84236 -4.9612 -4.94214
3.24293 -4.93067 4.42497
-0.915646 -1.72571 0.478978
-3.97122 -2.90433 -1.15787
2.93346 -1.26734 -3.46455
-3.39322 4.81214 -4.10696
3.5821 0.35343 -0.482041
4.77982 2.10658 -3.64646
-4.91514 3.03518 1.91887
-3.33717 -2.50558 4.608
1.00903 -0.460995 -4.11003
-0.37026 4.33119 1.99318
4.14087 4.11658 -1.40489
0.95953 -3.33938 4.90511
-2.55959 3.73217 -0.526521
-1.67953 -1.51805 -3.47891
4.93263 4.46484 -3.87023
-4.81111 4.83988 -3.91295
-4.05128 4.83359 -1.36971
-4.37169 4.71665 -3.08972
-2.91648 4.42123 4.48264
2.65379 -4.4933 2.87213
3.57436 3.89135 4.31545
4.05083 -2.95339 -4.80312
-4.59907 -0.977512 2.50577
-4.87649 4.78363 -0.967344
4.55579 4.77992 -2.76173
3.01305 0.954364 -4.91373
1.5619 3.62813 -4.4448
3.77806 -2.85946 4.44139
-3.68569 3.37669 1.25485
2.55681 4.99163 3.45178
3.46818 -3.51033 1.18253
1.54341 4.89795 4.41368
-4.1429 -2.79511 4.89942
0.941091 -4.24613 4.62845
1.38531 2.07391 0.676722
-1.78887 -4.58767 -3.9447
-1.72691 -0.745229 -2.67398
4.34795 3.32477 2.07982
-4.74813 -0.143912 3.42954
4.73721 0.671128 4.6651
-0.710929 -0.57637 1.702
-1.91214 3.86476 -4.43583
-1.4813 0.996 -0.055805
4.8001 3.10098 0.784671
4.88914 4.1749 -4.83533
-0.264779 -4.0517 -1.76558
-4.99154 4.26231 -4.29948
-2.12861 1.96471 -4.63588
4.90911 4.04719 -4.83438
-2.84469 1.29615 3.83541
2.17382 -0.65763 -2.78209
4.67466 2.16705 1.05762
-4.49949 -4.09948 1.00517
