-3.94224 2.19191 4.20484
4.31015 -4.9146 3.8224
-4.76228 -3.50967 0.0616164
-4.97984 -4.80283 0.00851017
3.83728 4.06343 -4.95247
-3.17334 0.839126 -3.70481
0.66207 -4.39871 1.8615
-2.4594 0.463904 -2.14913
4.07634 -0.944034 2.55902
-2.59616 4.78352 -3.75519
4.94345 4.72621 -3.21057
4.76794 3.80662 4.85349
-0.780926 -2.96475 -1.86978
4.25255 -4.44475 -1.71124
4.48548 -3.70299 0.966698
0.597303 0.870186 -4.59467
0.230054 2.65889 -4.33234
-4.73239 -0.51806 -3.71036
4.39356 0.876694 -1.91653
3.05343 -3.45137 -3.07157
3.72405 4.97696 3.02359
2.43787 -4.18385 2.58672
-3.82849 4.35962 3.78463
0.47661 3.29391 -2.93779
-4.97169 3.62033 -1.66666
-2.30763 3.11608 1.45692
1.91428 -3.94705 -4.94211
-0.180635 -4.07202 4.9369
-3.58893 4.0582 -1.79252
-4.44948 -3.43211 -4.62236
3.4892 -0.978796 3.92265
-3.9123 1.97972 3.90785
4.51069 -4.97429 3.36834
-4.33755 -1.461 4.49197
-4.97997 0.397091 -2.94743
3.87693 2.92025 2.46215
-1.58576 3.66269 0.366989
-1.75916 0.0102509 3.63606
-4.33308 -2.69356 -3.73423
-3.24733 3.69982 0.940222
-3.99337 -2.99906 1.87796
-2.61117 4.07978 -4.12936
-2.07522 4.43341 -2.89517
-3.70761 -2.74311 1.05434
3.12379 4.33243 -2.70091
-2.88159 -4.98881 -4.94124
3.23079 -4.86942 4.41815
-0.895766 -1.7426 0.484499
-3.98497 -2.88857 -1.1611
2.95187 -1.27077 -3.45295
-3.37918 4.78819 -4.08834
3.54693 0.353304 -0.483941
4.71462 2.11053 -3.67951
-4.9816 3.00803 1.91836
-3.28959 -2.46112 4.60327
1.0131 -0.460356 -4.10776
-0.373005 4.36736 2.00279
4.17326 4.14622 -1.45709
0.928938 -3.36694 4.89186
-2.5846 3.6932 -0.530267
-1.69174 -1.52846 -3.45691
4.8378 4.41342 -3.90594
-4.68942 4.87808 -3.92489
-4.02267 4.77949 -1.37564
-4.34132 4.75761 -3.08523
-2.91721 4.42908 4.51475
2.66858 -4.47515 2.86632
3.54266 3.77999 4.33395
4.05641 -2.89801 -4.77346
-4.61994 -0.97982 2.46561
-4.89763 4.72476 -1.09315
4.56511 4.75025 -2.78251
3.00996 1.01138 -4.90922
1.47298 3.61732 -4.46681
3.82081 -2.8516 4.41358
-3.68257 3.40084 1.2601
2.57958 -4.90596 3.43535
3.47883 -3.49152 1.18739
1.54792 4.8417 4.46411
-4.16725 -2.82384 4.9332
0.942654 -4.21122 4.58321
1.39809 2.02539 0.673554
-1.79655 -4.57217 -3.98576
-1.74047 -0.750617 -2.69048
4.32026 3.27421 2.06599
-4.70426 -0.143074 3.4528
4.72842 0.682815 4.66435
-0.713334 -0.581475 1.7118
-1.93084 3.8282 -4.4311
-1.48554 1.00235 -0.0559717
4.79549 3.07591 0.775774
4.92012 4.20268 -4.92471
-0.234947 -4.00684 -1.77685
4.97476 4.23772 -4.26806
-2.1417 1.97926 -4.59265
4.93299 4.02194 -4.75503
-2.86364 1.29436 3.79776
2.21232 -0.622421 -2.73836
4.69547 2.17997 1.06682
-4.51811 -4.1603 0.97843
