-4.20418 2.27944 4.21845
4.40197 -4.85412 3.95306
-4.71177 -3.59699 0.0559545
-4.87957 -4.71334 0.00416694
3.83592 3.93429 -4.83436
-3.03962 0.846401 -3.58661
0.664848 -4.3731 1.88511
-2.27534 0.245432 -2.04735
4.14064 -0.793892 2.50203
-2.48611 4.88232 -3.85786
4.96976 4.91354 -3.08424
4.52388 3.88546 4.89091
-0.782977 -2.93084 -1.91542
3.78875 -4.66395 -1.56953
4.41402 -3.6319 0.87572
0.608794 0.888739 -4.6862
0.24052 2.48277 -4.26497
-4.69997 -0.536105 -3.80098
4.47562 0.898792 -1.95013
3.08366 -3.43083 -2.96522
3.77223 4.92198 3.07206
2.4712 -4.14062 2.61231
-3.62227 4.40336 3.7039
0.488926 3.39411 -2.92384
4.88292 3.62702 -1.69091
-2.37911 3.0255 1.39328
1.96327 -4.08289 -4.99275
-0.193242 -4.0399 4.97254
-3.65397 4.20442 -1.71401
-4.52551 -3.51666 -4.5172
3.4649 -0.82343 3.73436
-4.02248 1.82957 4.03347
4.35343 4.98347 3.4992
-4.18775 -1.49022 4.30079
-4.85268 0.395289 -2.93385
3.92072 3.00139 2.46101
-1.60713 3.66052 0.367592
-1.80843 0.017866 3.62481
-4.33714 -2.75494 -3.67188
-3.20692 3.84088 1.10707
-4.14577 -3.09023 1.84425
-2.58819 3.80881 -4.23459
-2.11789 4.37229 -2.87623
-3.5211 -2.698 0.891987
3.16606 4.38973 -2.76916
-3.00343 4.91386 -4.96292
3.19599 -4.6971 4.40615
-0.836158 -1.79422 0.501214
-4.02872 -2.84373 -1.17118
3.00864 -1.28157 -3.41971
-3.34355 4.72345 -4.03734
3.44263 0.352751 -0.489552
4.52811 2.1226 -3.78484
4.80879 2.92845 1.91824
-3.14805 -2.32938 4.59388
1.02544 -0.45869 -4.10236
-0.381347 4.47891 2.03243
4.28718 4.24223 -1.61365
0.836973 -3.45111 4.85933
-2.66158 3.57864 -0.541754
-1.7286 -1.56059 -3.39257
4.5769 4.2654 -4.01975
-4.36482 -4.99986 -3.9669
-3.94139 4.62201 -1.39332
-4.27404 4.88494 -3.07303
-2.92229 4.46021 4.63185
2.71479 -4.42743 2.85073
3.45041 3.45626 4.41726
4.08058 -2.73534 -4.70113
-4.68707 -0.987102 2.34564
-4.98411 4.56135 -1.46998
4.60807 4.6696 -2.84535
3.00216 1.18255 -4.9
1.20639 3.58683 -4.53638
3.95514 -2.83148 4.34886
-3.67868 3.47457 1.27695
2.64847 -4.61862 3.39389
3.51329 -3.43688 1.20215
1.56137 4.68537 4.62244
-4.24877 -2.91509 -4.94254
0.947008 -4.11201 4.45307
1.43689 1.88069 0.664384
-1.81965 -4.54078 -4.11278
-1.78149 -0.767083 -2.74081
4.2505 3.12755 2.02546
-4.5778 -0.140586 3.52452
4.70805 0.717791 4.66705
-0.720485 -0.596983 1.74199
-1.98673 3.72164 -4.42295
-1.49854 1.02136 -0.05638
4.78756 3.00254 0.748621
-4.97565 4.29778 4.81639
-0.144938 -3.87651 -1.81129
4.88894 4.16647 -4.18663
-2.18184 2.02305 -4.46666
-4.987 3.94571 -4.57106
-2.92275 1.28871 3.68984
2.32904 -0.516953 -2.60812
4.76386 2.21824 1.09444
-4.58836 -4.35228 0.899971
