-4.29629 2.31039 4.22752
4.43497 -4.84775 3.99965
-4.69705 -3.62697 0.0539555
-4.84812 -4.68587 0.00271811
3.83684 3.89285 -4.8036
-2.99579 0.848751 -3.54816
0.66575 -4.36551 1.89309
-2.21433 0.172591 -2.01353
4.16491 -0.743955 2.48341
-2.4499 4.91864 -3.89305
4.99137 4.98005 -3.0437
4.44945 3.9127 4.91715
-0.783718 -2.9202 -1.93086
3.63685 -4.74297 -1.52239
4.3944 -3.6092 0.845519
0.612643 0.894929 -4.71726
0.243992 2.42424 -4.24306
-4.69022 -0.542274 -3.83202
4.50536 0.906134 -1.96148
3.09424 -3.42492 -2.93023
3.78903 4.90974 3.08865
2.48211 -4.12678 2.62065
-3.55492 4.41892 3.67835
0.493086 3.42816 -2.91955
4.83959 3.62964 -1.69916
-2.40327 2.99551 1.3724
1.98012 -4.13117 4.98225
-0.197676 -4.03047 4.98618
-3.67719 4.25378 -1.68814
-4.55512 -3.549 -4.48631
3.45841 -0.771808 3.6734
-4.06213 1.77835 4.07729
4.30449 4.97854 3.54401
-4.13992 -1.50037 4.24
-4.81263 0.394602 -2.92987
3.93575 3.02892 2.46156
-1.61424 3.66016 0.367823
-1.82499 0.0202404 3.6221
-4.3411 -2.77722 -3.65273
-3.19467 3.88989 1.16276
-4.19837 -3.12166 1.83371
-2.58257 3.71981 -4.27315
-2.13228 4.35277 -2.87006
-3.45995 -2.68371 0.837958
3.18096 4.41075 -2.79275
-3.04539 4.88455 -4.98138
3.18507 -4.64322 4.40479
-0.816298 -1.81175 0.506845
-4.04413 -2.82957 -1.17466
3.02807 -1.28534 -3.40911
-3.33347 4.70402 -4.02197
3.40824 0.35251 -0.491395
4.46897 2.12669 -3.8222
4.74158 2.90242 1.91861
-3.10125 -2.28602 4.59271
1.0296 -0.458223 -4.10102
-0.384168 4.51713 2.04257
4.33145 4.27704 -1.66585
0.806265 -3.47965 4.85071
-2.68798 3.54118 -0.545658
-1.74096 -1.57162 -3.37166
4.49593 4.21873 -4.06087
-4.26388 -4.96376 -3.98308
-3.91603 4.5711 -1.39905
-4.25877 4.92997 -3.06944
-2.92479 4.47149 4.68014
2.7309 -4.41382 2.84601
3.421 3.35062 4.45259
4.09115 -2.68216 -4.68163
-4.7111 -0.98966 2.30583
4.97553 4.51061 -1.59542
4.62729 4.64524 -2.86665
3.00005 1.23962 -4.8984
1.11757 3.57727 -4.56081
4.00214 -2.82601 4.3329
-3.67936 3.49956 1.2829
2.67175 -4.529 3.38296
3.5256 -3.41926 1.20715
1.56585 4.63684 4.67777
-4.2788 -2.9473 -4.90376
0.948385 -4.08054 4.41138
1.44994 1.83272 0.661439
-1.82732 -4.53587 -4.15647
-1.79527 -0.772676 -2.75788
4.22867 3.08014 2.01208
-4.53733 -0.139791 3.54911
4.70328 0.729398 4.66961
-0.722855 -0.602222 1.75233
-2.00514 3.68687 -4.42228
-1.50297 1.02768 -0.0564818
4.78634 2.97868 0.739389
-4.9458 4.33243 4.74744
-0.114753 -3.83444 -1.82299
4.87297 4.14406 -4.16404
-2.19548 2.03767 -4.42582
-4.97017 3.92078 -4.52361
-2.94323 1.28674 3.65542
2.36838 -0.481851 -2.56499
4.78814 2.23079 1.10366
-4.6163 -4.41966 0.874468
