-3.7212 2.2084 -0.700455
-2.70611 -4.76094 1.56604
4.60844 -1.29936 -0.038756
-4.60687 -4.65191 0.0537482
4.93359 -1.30875 -4.77912
2.03492 0.781347 4.19136
0.395565 -4.29127 1.30668
2.15373 4.11207 2.43862
-4.55648 2.29582 -2.0125
2.72093 4.9316 -1.59876
-4.95329 2.12012 2.31221
-4.29976 1.22683 3.68684
-0.517531 2.61125 -0.479249
-2.18322 -1.53926 -3.67674
4.18545 4.06668 -4.78442
0.173063 0.0706764 -2.07799
0.0606152 -2.49216 -4.4281
-4.24046 -0.104661 -1.41377
4.59628 0.20279 -0.626177
-4.62555 2.55611 2.49007
-3.68078 4.97956 1.66304
1.42549 2.29279 2.00611
4.07658 -2.81366 -2.20739
0.262761 0.818767 3.30667
3.62864 -2.4607 -1.08626
-0.220958 -2.29579 -3.51345
0.84123 2.96901 4.8602
0.101524 4.57581 2.26662
4.17654 1.14244 3.24036
-2.81351 2.06266 -4.10136
-2.15564 -4.89353 -1.11932
2.27531 4.42234 -2.95134
-1.72957 3.91949 1.29333
1.95298 -1.23827 -1.3908
-3.47542 0.769896 3.25775
4.94107 0.479812 -3.83977
-0.801436 -3.74665 0.409219
-0.00796337 -0.490555 4.80029
-2.95423 -1.95671 1.07039
1.69707 1.08351 2.86885
-0.173277 -1.21455 -3.29829
4.59752 -0.87957 -4.01982
-0.78603 -3.87542 3.66807
-3.35207 -4.64056 -1.62594
-3.56793 3.02008 -0.755404
-0.374338 3.0294 4.20392
-2.76118 1.71728 3.92905
3.8512 -0.410184 -0.167198
3.35133 2.51885 -0.629065
1.46639 -0.734887 3.05302
2.18006 4.86838 4.41233
-2.05535 0.263399 -0.104996
-0.801808 0.678639 3.67939
2.48277 3.63775 1.90211
2.21571 2.32735 -4.96837
0.378649 -0.475192 -4.83546
0.00322243 1.59877 1.57548
4.46185 3.64774 3.80244
-3.57514 -0.619903 4.84912
-0.44679 -1.99122 -0.100322
-0.497028 -0.460474 2.86292
-2.80852 -4.98884 -3.78326
1.28057 4.9904 4.92256
2.42529 -1.95148 -1.05908
1.95249 -3.13158 3.18105
3.46688 -4.28692 -4.53875
1.43642 -3.03726 -3.16044
-1.02662 4.5916 4.39279
-2.21083 1.83637 -2.44249
3.00773 -0.884081 -2.45709
4.90813 -3.29778 4.77979
3.40652 -3.91873 -1.26896
-3.15887 3.2254 -3.72887
-2.33431 -2.81656 -4.28933
1.49338 1.91524 2.7931
2.69876 1.60042 1.09048
1.11575 -2.96457 -2.0754
-3.77795 2.55625 0.0735018
1.00881 -1.84476 1.81097
-3.36728 -0.29931 3.45621
0.694904 2.30344 -2.10835
0.419772 -2.05689 0.651645
-0.589426 -2.56962 -1.55399
-0.429515 -0.353506 -1.36966
-4.25939 -1.44344 -2.75902
1.92038 0.0194707 2.05335
4.76153 -0.510307 4.33003
-0.283391 0.046454 1.36248
1.17735 4.87917 -3.89682
-1.4131 0.316583 -0.00864025
-4.82964 -2.38589 1.19968
4.53463 -2.48296 4.60318
3.71717 1.82583 -0.711722
-4.73275 -3.55005 1.85284
-0.538143 0.727812 2.29397
2.11058 -2.34326 2.31631
4.77875 -0.136232 -4.78368
4.52896 2.80757 2.25668
4.89389 0.752863 -0.0448228
0.646891 -1.22101 -3.17599
