-4.58738 2.40689 4.26663
4.54469 -4.88004 4.14798
-4.65917 -3.7194 0.0476576
-4.7598 -4.60976 -0.00191328
3.8452 3.77249 -4.74449
-2.86625 0.855659 -3.43537
0.668414 -4.34566 1.91728
-2.03218 -0.0459182 -1.91227
4.24712 -0.594375 2.42858
-2.34226 -4.95854 -4.00313
-4.95482 -4.84898 -2.92601
4.24953 3.9991 -4.95987
-0.786139 -2.89021 -1.97796
3.18513 -4.99542 -1.38116
4.347 -3.54381 0.755073
0.624267 0.913485 -4.8122
0.254384 2.24907 -4.17885
-4.66412 -0.561184 -3.92774
4.60189 0.928177 -1.99604
3.12763 -3.40974 -2.82674
3.84204 4.88771 3.13936
2.51413 -4.08676 2.64477
-3.35578 4.46844 3.60513
0.50575 3.53239 -2.90794
4.71858 3.63889 -1.72428
-2.4768 2.90612 1.31065
2.03225 -4.28577 4.91607
-0.211612 -4.00594 -4.97574
-3.75202 4.40378 -1.61315
-4.65661 -3.65766 -4.40347
3.44347 -0.617394 3.49532
-4.19039 1.62309 4.21668
4.16819 -4.97915 3.68311
-4.00218 -1.53213 4.06532
-4.69936 0.392302 -2.91956
3.98239 3.11352 2.46651
-1.6356 3.66024 0.368587
-1.87507 0.0269189 3.61705
-4.36062 -2.84897 -3.59943
-3.16126 4.04342 1.33067
-4.36205 -3.21914 1.80388
-2.57196 3.45662 -4.40135
-2.17593 4.29683 -2.85216
-3.27925 -2.64311 0.676259
3.22838 4.481 -2.86664
-3.17567 4.80802 4.94999
3.15474 -4.49138 4.40662
-0.756719 -1.86533 0.523908
-4.09299 -2.78917 -1.18546
3.08788 -1.29715 -3.37879
-3.30727 4.65643 -3.98294
3.30613 0.351656 -0.496866
4.30087 2.13936 -3.9418
4.54803 2.82542 1.92062
-2.9618 -2.15742 4.59428
1.04225 -0.457083 -4.09842
-0.392755 4.6351 2.07375
4.47126 4.39168 -1.82255
0.714009 -3.56678 4.83095
-2.76978 3.43096 -0.557591
-1.77826 -1.60565 -3.31051
4.27521 4.08709 -4.19824
-3.97192 -4.88499 -4.03841
-3.84851 4.42405 -1.4143
-4.228 -4.92444 -3.06046
-2.93372 4.50814 4.85107
2.78163 -4.38007 2.83241
3.33778 3.03793 4.57811
4.13062 -2.52513 -4.63499
-4.78873 -0.997737 2.18687
4.87617 4.36974 -1.97174
4.7184 4.59959 -2.93339
2.99525 1.4109 -4.89833
0.851234 3.55038 -4.6383
4.15068 -2.81323 4.29927
-3.68691 3.57597 1.30146
2.74331 -4.27571 3.3582
3.56498 -3.36809 1.22245
1.57948 4.50044 4.8501
-4.37775 -3.04906 -4.80159
0.952471 -3.99008 4.28899
1.48946 1.68952 0.652923
-1.84998 -4.54018 -4.29246
-1.83694 -0.789705 -2.8101
4.16632 2.94153 1.97174
-4.42066 -0.137556 3.62499
4.69537 0.764023 4.68231
-0.729926 -0.618139 1.78415
-2.059 3.58516 -4.42703
-1.51655 1.04662 -0.0566856
4.78667 2.90889 0.711041
-4.88497 4.44593 4.56239
-0.0236089 -3.71201 -1.85881
4.89092 4.08299 -4.10545
-2.23715 2.08163 -4.30656
-4.9882 3.8481 -4.39937
-3.007 1.28079 3.5564
2.48779 -0.376676 -2.43651
4.86572 2.2677 1.13132
-4.71301 -4.63271 0.800141
