-4.68971 2.44022 4.28386
4.58564 -4.89878 4.20051
-4.64853 -3.75095 0.0454788
-4.73217 -4.58629 -0.00360395
3.84965 3.73362 -4.73304
-2.82368 0.857963 -3.39857
0.669297 -4.34001 1.92546
-1.97171 -0.118722 -1.87855
4.2779 -0.544531 2.41065
-2.30669 -4.91772 -4.04172
-4.95428 -4.81065 -2.88783
4.18856 4.03015 -4.91319
-0.787007 -2.88077 -1.99389
3.03568 4.91625 -1.3341
4.33486 -3.52279 0.72494
0.628171 0.919674 -4.84445
0.257845 2.19084 -4.15793
-4.65648 -0.567589 -3.96053
4.63658 0.935582 -2.00773
3.13937 -3.40544 -2.7927
3.86065 4.88861 3.15662
2.52455 -4.07379 2.65253
-3.29022 4.486 3.58166
0.510041 3.56793 -2.90448
4.68116 3.64267 -1.73266
-2.50168 2.87652 1.29033
2.05012 -4.34058 4.89712
-0.21646 -3.99892 -4.96664
-3.77783 4.45502 -1.59063
-4.6947 -3.6973 -4.37918
3.43995 -0.566019 3.43747
-4.23658 1.57119 4.26606
4.12618 -4.97417 3.73171
-3.95809 -1.5431 4.00938
-4.66385 0.391485 -2.91667
3.99857 3.14271 2.46933
-1.64272 3.66068 0.368868
-1.8919 0.0290285 3.6164
-4.36958 -2.87417 -3.58301
-3.15116 4.09691 1.38707
-4.41869 -3.25264 1.79451
-2.5706 3.37051 -4.44873
-2.19063 4.2794 -2.84644
-3.21984 -2.63027 0.62251
3.2453 4.50724 -2.89228
-3.221 4.78748 4.9351
3.14546 -4.44335 4.40923
-0.736849 -1.88349 0.529663
-4.11012 -2.77627 -1.18918
3.10833 -1.30121 -3.36915
-3.29967 4.64616 -3.97293
3.27244 0.351345 -0.49867
4.24793 2.14385 -3.98423
4.48638 2.80006 1.92154
-2.91562 -2.11496 4.59633
1.04653 -0.456775 -4.098
-0.395659 4.67561 2.08442
4.52048 4.43398 -1.8745
0.68322 -3.59631 4.8273
-2.79789 3.39501 -0.561632
-1.79076 -1.61729 -3.29064
4.20868 4.04615 -4.24807
-3.87715 -4.86676 -4.05939
-3.82904 4.37711 -1.41738
-4.22071 -4.87909 -3.05812
-2.93688 4.52166 4.91225
2.79939 -4.37105 2.82804
3.31166 2.93508 4.62687
4.1464 -2.4734 -4.62299
-4.81663 -1.00055 2.14735
4.85101 4.32731 -2.09758
4.76491 4.59928 -2.95682
2.99417 1.46803 -4.89995
0.762471 3.54203 -4.66553
4.2029 -2.80996 4.29251
-3.69116 3.60204 1.30785
2.76791 -4.19505 3.35281
3.57896 -3.35152 1.22766
1.58412 4.45786 4.90993
-4.41383 -3.08443 -4.77202
0.953858 -3.96104 4.24931
1.50275 1.64205 0.650204
-1.85735 -4.54639 -4.33964
-1.85095 -0.795413 -2.82787
4.146 2.89651 1.95829
-4.3833 -0.136853 3.65102
4.69495 0.775514 4.68825
-0.732269 -0.623495 1.79504
-2.07639 3.55262 -4.43095
-1.52118 1.05295 -0.0567164
4.78809 2.88627 0.70136
-4.8726 4.48803 4.50669
0.00698868 -3.67235 -1.87097
4.92272 4.06518 -4.08785
-2.25129 2.09637 -4.26784
4.97983 3.8247 -4.36194
-3.02907 1.27887 3.52473
2.5281 -0.341634 -2.39397
4.89329 2.27982 1.14058
-4.74937 -4.70746 0.776166
