-4.90421 2.50853 4.32538
4.67617 -4.94738 4.31073
-4.63009 -3.81522 0.0410489
-4.67935 -4.54214 -0.0072402
3.85943 3.65708 -4.71539
-2.73945 0.862587 -3.32603
0.671059 -4.33022 1.942
-1.8511 -0.264288 -1.8111
4.34496 -0.444824 2.37535
-2.23616 -4.84391 -4.12167
-4.97753 -4.7579 -2.81269
4.07051 4.09641 -4.82738
-0.788861 -2.86274 -2.02611
2.73794 4.7426 -1.23999
4.31575 -3.48196 0.664645
0.636011 0.932045 -4.90987
0.264751 2.07461 -4.11674
-4.64282 -0.580544 -4.02748
4.70975 0.950456 -2.03135
3.16375 -3.39814 -2.7252
3.89938 4.90371 3.19178
2.54495 -4.04839 2.66768
-3.16023 4.52274 3.53613
0.518691 3.64021 -2.8982
4.61013 3.65104 -1.74921
-2.5521 2.81764 1.25009
2.08641 -4.45549 4.86392
-0.226485 -3.98651 -4.95411
-3.83134 4.56376 -1.55104
-4.77797 -3.78185 -4.33555
3.43498 -0.463411 3.32389
-4.33525 1.46746 4.36959
4.04692 -4.98801 3.83344
-3.87254 -1.56567 3.90052
-4.59621 0.389755 -2.9117
4.03207 3.20287 2.47669
-1.65696 3.66217 0.369477
-1.92581 0.0330958 3.61667
-4.39139 -2.92645 -3.5521
-3.13249 4.20737 1.50071
-4.53539 -3.32119 1.7766
-2.57157 3.20044 -4.55035
-2.22034 4.24664 -2.83538
-3.10215 -2.60565 0.515259
3.28064 4.56316 -2.94503
-3.31573 4.75482 4.91648
3.12804 -4.35068 4.41751
-0.697091 -1.92029 0.541283
-4.14567 -2.75131 -1.19677
3.15 -1.30953 -3.35054
-3.28645 4.63658 -3.95741
3.20554 0.350678 -0.502245
4.14585 2.15318 -4.07314
4.36807 2.74942 1.92368
-2.82371 -2.03055 4.60251
1.05518 -0.456273 -4.09783
-0.401551 4.75849 2.10618
4.62386 4.52495 -1.97704
0.621583 -3.65618 4.82498
-2.85547 3.32427 -0.569781
-1.81588 -1.64101 -3.25167
4.07891 3.96826 -4.35111
-3.69133 -4.84335 -4.10554
-3.7939 4.28274 -1.41904
-4.21101 -4.79622 -3.05442
-2.94327 4.55176 -4.95754
2.8362 -4.35642 2.81959
3.26128 2.73105 4.7357
4.18184 -2.37071 -4.60376
-4.87577 -1.00639 2.06851
4.81212 4.24822 -2.35083
4.87915 4.61851 -3.00571
2.99268 1.5823 -4.90603
0.584904 3.52623 -4.72206
4.31165 -2.80484 4.28536
-3.7021 3.65518 1.32091
2.81842 -4.03789 3.34622
3.60823 -3.31912 1.23829
1.59349 4.37666 -4.96659
-4.49123 -3.15736 -4.71931
0.9567 -3.90436 4.17145
1.52952 1.54742 0.644966
-1.87175 -4.56275 -4.43711
-1.87919 -0.806823 -2.86402
4.10438 2.80818 1.93164
-4.31079 -0.135527 3.70421
4.69759 0.798388 4.70277
-0.736951 -0.634285 1.81726
-2.11055 3.49012 -4.44209
-1.53059 1.06564 -0.056717
4.79284 2.84195 0.681629
-4.86123 4.5811 4.40288
0.0685039 -3.59471 -1.89561
4.99135 4.03355 -4.05406
-2.28002 2.12598 -4.19183
4.92051 3.77868 -4.29115
-3.07462 1.27523 3.46335
2.60945 -0.271612 -2.30929
4.95117 2.30381 1.15924
-4.82823 -4.86321 0.729445
