4.76654 2.61452 4.40809
4.85468 4.94141 4.49049
-4.6093 -3.91474 0.03439
-4.60576 -4.48379 -0.0131528
3.87737 3.54331 -4.70195
-2.61527 0.869533 -3.21956
0.673739 -4.31953 1.96742
-1.67081 -0.482606 -1.70978
4.46029 -0.295148 2.32389
-2.13214 -4.75086 -4.24545
4.96778 -4.73992 -2.70204
3.90173 4.20709 -4.71589
-0.79197 -2.83785 -2.07521
2.29351 4.48837 -1.09875
4.2994 -3.4238 0.574047
0.647852 0.950548 4.98968
0.275082 1.90075 -4.05628
-4.62655 -0.600368 -4.13145
4.8294 0.972904 -2.06736
3.20258 -3.3904 -2.62519
3.96179 4.94969 3.24654
2.57449 -4.01207 2.68988
-2.96769 4.5817 3.47232
0.531826 3.75173 -2.88993
4.51243 3.6662 -1.77333
-2.62947 2.73001 1.19073
2.14206 -4.64263 4.83041
-0.242388 -3.972 -4.95035
-3.92033 4.74087 -1.49473
-4.9223 -3.92353 -4.28225
3.4324 -0.309942 3.15858
-4.50465 1.31232 4.53776
3.9402 4.96916 3.99969
-3.75052 -1.60135 3.74411
-4.50321 0.386856 -2.90625
4.08584 3.2975 2.49175
-1.67838 3.66592 0.370568
-1.97735 0.0388264 3.6211
-4.43449 -3.01006 -3.51016
-3.10824 4.38152 1.67377
-4.71989 -3.42851 1.75194
-2.58127 2.94911 -4.71606
-2.26578 4.20223 -2.8194
-2.92827 -2.57152 0.355095
3.33773 4.6562 -3.02743
-3.46802 4.72619 4.98562
3.10482 -4.22084 4.43797
-0.637399 -1.97673 0.559076
-4.20243 -2.71594 -1.20845
3.21441 -1.32254 -3.32421
-3.27137 4.65456 -3.94153
3.10638 0.349556 -0.507505
4.00199 2.16772 -4.21838
4.20859 2.67265 1.92837
-2.68694 -1.90521 4.61686
1.0684 -0.455821 -4.09919
-0.410622 4.88776 2.14009
4.79689 4.68123 -2.12774
0.529149 -3.74847 4.83641
-2.94534 3.22078 -0.582021
-1.85391 -1.67779 -3.19502
3.89413 3.86017 -4.5121
-3.42053 -4.84923 -4.18484
-3.74692 4.14128 -1.41874
-4.21245 -4.69195 -3.05104
-2.95352 4.60802 -4.81188
2.89464 -4.34349 2.80817
3.18997 2.42834 4.93252
4.24462 -2.21858 -4.5856
-4.97354 -1.01579 1.95067
4.78058 4.14321 -2.73398
-4.92119 4.69755 -3.08467
2.99197 1.75346 -4.92487
0.318414 3.50471 -4.81014
4.48646 -2.8013 4.29028
-3.72418 3.73761 1.34127
2.89817 -3.81156 3.3464
3.65566 -3.2725 1.25487
1.6078 4.26389 -4.7872
-4.62187 -3.27317 -4.65581
0.961185 -3.82241 4.05873
1.57011 1.40617 0.637721
-1.89212 -4.59721 -4.59032
-1.92225 -0.823819 -2.91984
4.03256 2.68015 1.89226
-4.20744 -0.13382 3.78706
4.71114 0.832284 4.73136
-0.743984 -0.650697 1.85176
-2.16095 3.40265 -4.46426
-1.54512 1.08473 -0.0565256
4.80654 2.77761 0.651116
-4.89454 4.75246 4.26281
0.161598 -3.48231 -1.93322
-4.94947 3.99557 -4.00671
-2.32432 2.17065 -4.08076
4.87908 3.71092 -4.19368
-3.14688 1.27024 3.37622
2.73344 -0.166798 -2.18325
-4.96035 2.33929 1.18795
-4.96191 4.89277 0.662037
