4.66228 2.65045 4.44197
4.94163 4.90414 4.55503
-4.60413 -3.94915 0.0322055
-4.5826 -4.4677 -0.0151919
3.88474 3.50497 -4.70112
-2.5744 0.871831 -3.18465
0.67466 -4.31711 1.97607
-1.61084 -0.555407 -1.67598
4.50287 -0.245238 2.30714
-2.09795 -4.72422 -4.28732
4.96459 -4.75155 -2.66559
3.84765 4.24677 -4.6829
-0.793087 -2.83017 -2.09179
2.14585 4.40497 -1.05167
4.29712 -3.40547 0.543778
0.651824 0.956687 4.95666
0.278524 1.84291 -4.0367
-4.62229 -0.607101 -4.16712
4.87209 0.980396 -2.07954
3.21615 -3.38872 -2.59215
3.98395 4.96765 3.2654
2.5841 -4.00064 2.69723
-2.90405 4.60227 3.45226
0.536259 3.78973 -2.8875
4.48232 3.67202 -1.78122
-2.65568 2.70094 1.1712
2.16095 -4.70959 4.82392
-0.247934 -3.96827 -4.95362
-3.95227 4.80273 -1.47601
-4.97592 -3.97569 -4.26787
3.43282 -0.25896 3.1047
-4.56896 1.26071 4.59743
3.90806 4.96108 4.0592
-3.71145 -1.61386 3.69361
-4.47446 0.385777 -2.90499
4.10499 3.33001 2.49773
-1.68553 3.66754 0.370982
-1.99472 0.0406263 3.62362
-4.45176 -3.03957 -3.49735
-3.10107 4.4415 1.7322
-4.78415 -3.4659 1.7443
-2.58634 2.86605 -4.77471
-2.28113 4.18857 -2.81421
-2.87094 -2.561 0.301893
3.35819 4.68972 -3.05579
-3.5214 4.72215 -4.96784
3.0979 -4.18057 4.44691
-0.617474 -1.99592 0.565106
-4.2223 -2.70475 -1.21242
3.23639 -1.32704 -3.31585
-3.26745 4.671 -3.93791
3.07366 0.34914 -0.509235
3.95646 2.17255 -4.27086
4.16326 2.6468 1.93113
-2.64163 -1.86378 4.62294
1.07287 -0.455764 -4.10021
-0.413708 4.93222 2.15175
4.86145 4.74035 -2.1774
0.498419 -3.78001 4.84483
-2.97616 3.18685 -0.586096
-1.86669 -1.6904 -3.17661
3.83553 3.82588 -4.56751
-3.3319 -4.86561 -4.21437
-3.73259 4.09476 -1.41853
-4.21756 -4.66298 -3.0505
-2.95722 4.63074 -4.77575
2.91501 -4.34182 2.80476
3.16719 2.3282 -4.98841
4.26811 -2.16844 -4.5822
4.99136 -1.01915 1.91149
4.78146 4.1116 -2.8624
-4.87223 4.73762 -3.11259
2.99205 1.81026 -4.93614
0.229552 3.4981 -4.84028
4.54816 -2.80158 4.29605
-3.73279 3.76568 1.34828
2.92602 -3.73885 3.34885
3.6725 -3.25761 1.26057
1.61265 4.22846 -4.72986
-4.66964 -3.31405 -4.63888
0.962751 -3.79587 4.02219
1.5838 1.35922 0.635463
-1.89848 -4.61147 -4.64348
-1.93681 -0.82944 -2.93892
4.00403 2.63827 1.87842
-4.17438 -0.13336 3.81554
4.7187 0.843408 4.74273
-0.746327 -0.656248 1.86356
-2.17771 3.37502 -4.47292
-1.55005 1.0911 -0.0564132
4.81553 2.75659 0.640694
-4.93405 4.81289 4.21921
0.192865 -3.44591 -1.94593
-4.96205 3.98506 -3.99201
-2.33942 2.18558 -4.04444
4.89194 3.68846 -4.16323
-3.17208 1.26866 3.34846
2.77533 -0.131954 -2.14153
-4.93813 2.35095 1.19777
4.98952 4.81718 0.640098
