-3.56743 2.43792 -0.653433
-2.69035 -4.6395 1.54947
4.46948 -1.27371 -0.0451187
-4.53525 -4.57488 0.0574647
-4.80722 -1.27477 -4.57479
1.98873 0.781551 4.067
0.38961 -4.19041 1.29988
2.13227 3.99702 2.38368
-4.40758 2.25318 -1.95807
2.68489 4.8041 -1.58619
4.96113 2.11832 2.29433
-4.15586 1.20839 3.60898
-0.515729 2.55751 -0.462378
-2.13152 -1.51592 -3.5759
4.09812 3.98509 -4.6361
0.165601 0.0549474 -2.04962
0.0599786 -2.44759 -4.33375
-4.14398 -0.101244 -1.39828
4.26458 0.189521 -0.595582
-4.38697 2.50765 2.463
-3.6271 -4.9512 1.64544
1.41572 2.25469 2.01442
4.00713 -2.77691 -2.17677
0.253134 0.803243 3.22183
3.53681 -2.41577 -1.08543
-0.201048 -2.23723 -3.45696
0.836849 2.91661 -4.91578
0.104925 4.44758 2.24389
4.02977 1.14018 3.18193
-2.75322 2.03907 -3.93781
-2.13419 4.92638 -1.09682
2.21932 4.27295 -2.84204
-1.70485 3.76404 1.28136
1.93377 -1.24969 -1.36264
-3.40561 0.763719 3.21683
4.67998 0.453728 -3.75912
-0.79233 -3.69099 0.409528
0.00509269 -0.468445 4.37832
-2.88337 -1.91642 1.05353
1.63388 1.1073 2.79274
-0.116834 -1.21495 -3.20828
4.14577 -0.843969 -3.82223
-0.776824 -3.7976 3.61786
-3.25938 -4.40172 -1.58669
-3.52874 2.73202 -0.688256
-0.357129 2.98194 4.07989
-2.72786 1.68818 3.85106
3.73046 -0.395909 -0.179552
3.29654 2.45152 -0.617144
1.44788 -0.715355 3.00826
2.14293 4.76609 4.30763
-1.98811 0.265925 -0.0952825
-0.740817 0.659348 3.52887
2.4188 3.58505 1.91653
2.18601 2.30918 4.95359
0.370199 -0.475014 -4.59147
0.0094603 1.56909 1.58089
4.2892 3.55217 3.66302
-3.48901 -0.605071 4.65782
-0.420115 -1.9516 -0.092958
-0.4828 -0.433541 2.82765
-2.76529 4.88491 -3.70462
1.28353 4.89756 4.7705
2.39406 -1.91715 -1.06206
1.92622 -3.0569 3.12572
3.40821 -4.16479 -4.42395
1.4163 -2.97085 -3.10491
-0.992141 4.41609 4.23853
-2.18799 1.81376 -2.3997
2.95966 -0.883645 -2.41854
-4.77238 -3.19174 4.5958
3.31878 -3.74655 -1.25812
-3.11179 3.17609 -3.66314
-2.30853 -2.77301 -4.22411
1.46773 1.85308 2.7099
2.65038 1.58716 1.09471
1.10246 -2.84029 -2.05185
-3.70675 2.51798 0.0231065
1.00019 -1.81209 1.79082
-3.2645 -0.255881 3.36419
0.688649 2.28203 -2.0798
0.405995 -2.00176 0.641932
-0.571621 -2.52067 -1.53748
-0.411481 -0.349436 -1.36121
-4.09982 -1.41139 -2.70114
1.8832 0.0308262 2.04666
4.57123 -0.501426 4.165
-0.275578 0.0627986 1.37376
1.17654 4.75911 -3.73781
-1.44079 0.308997 -0.0112193
-4.73185 -2.36642 1.19047
4.30298 -2.44276 4.46378
3.56247 1.83151 -0.682428
-4.66015 -3.50154 1.83048
-0.513911 0.716188 2.27788
2.07757 -2.3136 2.29943
-4.8495 -0.151008 -4.4462
4.15692 2.72316 2.22768
-4.8218 0.73985 -0.0544349
0.562407 -1.21089 -3.08238
