-3.73803 2.19273 -0.705942
-2.70795 -4.77812 1.56783
4.62307 -1.30209 -0.0381014
-4.61463 -4.66053 0.053378
4.90851 -1.31245 -4.80252
2.0397 0.781329 4.20541
0.396175 -4.30221 1.30737
2.15619 4.12424 2.44434
-4.57312 2.30056 -2.01829
2.72471 4.9458 -1.60016
-4.97237 2.11926 2.31391
-4.31545 1.22876 3.69535
-0.517781 2.6172 -0.481063
-2.18925 -1.54173 -3.68779
4.19479 4.07567 -4.80069
0.173792 0.0723371 -2.08102
0.0606312 -2.49692 -4.43827
-4.2518 -0.105021 -1.41546
4.62984 0.20377 -0.629535
-4.64704 2.56155 2.49324
-3.68658 4.98008 1.66493
1.42656 2.29678 2.00533
4.08384 -2.8176 -2.21066
0.263657 0.820365 3.31577
3.63831 -2.46555 -1.0864
-0.223104 -2.30197 -3.51962
0.84172 2.97473 4.85408
0.101142 4.58982 2.26903
4.19312 1.1427 3.24685
-2.82043 2.06541 -4.11933
-2.15804 -4.88786 -1.12175
2.28119 4.43884 -2.96329
-1.73222 3.93648 1.29458
1.95496 -1.23717 -1.39382
-3.48319 0.770542 3.26227
4.96446 0.482563 -3.84859
-0.802418 -3.75246 0.40919
-0.0101977 -0.492736 4.86504
-2.96213 -1.96109 1.07222
1.70371 1.08127 2.87716
-0.178995 -1.21455 -3.30815
4.64212 -0.883407 -4.0415
-0.787073 -3.88397 3.67346
-3.36228 -4.66347 -1.63021
-3.57325 3.04532 -0.761435
-0.376268 3.03451 4.21581
-2.7649 1.72033 3.93748
3.86356 -0.41163 -0.165999
3.35717 2.52581 -0.630343
1.46829 -0.736935 3.05788
2.18393 4.87917 4.42342
-2.06232 0.263168 -0.105982
-0.808246 0.68062 3.69547
2.48959 3.64355 1.90083
2.21883 2.32932 -4.96838
0.379901 -0.47525 -4.87209
0.00255934 1.60191 1.57495
4.48083 3.65793 3.81819
-3.58637 -0.621451 4.86979
-0.449655 -1.99535 -0.101094
-0.498577 -0.46326 2.86675
-2.81339 -4.97643 -3.79183
1.28027 -4.99903 4.93989
2.42852 -1.9551 -1.05881
1.95521 -3.13965 3.18698
3.47297 -4.30037 -4.55142
1.43846 -3.04442 -3.16644
-1.0304 4.61085 4.40922
-2.21351 1.83895 -2.44717
3.01263 -0.884145 -2.46122
4.87901 -3.3097 4.80028
3.41597 -3.9378 -1.27015
-3.16408 3.23094 -3.73601
-2.3373 -2.82118 -4.29638
1.49613 1.92174 2.80204
2.70392 1.60183 1.09011
1.11707 -2.97789 -2.07806
-3.78565 2.56049 0.078284
1.00968 -1.84825 1.81315
-3.3793 -0.303884 3.46633
0.695533 2.30578 -2.11145
0.421139 -2.06275 0.652667
-0.591378 -2.57468 -1.55578
-0.431488 -0.353899 -1.37062
-4.27805 -1.44683 -2.76534
1.92426 0.0183054 2.05415
4.78066 -0.511278 4.35081
-0.284272 0.0447788 1.36139
1.17739 4.89214 -3.91537
-1.41062 0.317388 -0.00843998
-4.84042 -2.38811 1.20071
4.55813 -2.48721 4.61888
3.73336 1.82563 -0.714802
-4.74071 -3.55578 1.85524
-0.540719 0.729031 2.29575
2.11403 -2.34646 2.31816
4.76449 -0.134361 -4.82399
4.5807 2.81683 2.25988
4.87345 0.754488 -0.0435743
0.655211 -1.22219 -3.18648
