4.46095 2.72313 4.52285
-4.8455 4.83396 4.69339
-4.59728 -4.01966 0.0279853
-4.53996 -4.44046 -0.0193029
3.90234 3.42724 -4.70385
-2.49343 0.876398 -3.11559
0.676536 -4.31409 1.99364
-1.49106 -0.701086 -1.60835
4.59031 -0.145374 2.27435
-2.03024 -4.67692 -4.371
4.98099 -4.8085 -2.59316
3.74251 4.33012 -4.62175
-0.795475 -2.81579 -2.12525
1.851 4.23989 -0.957447
4.29661 -3.37036 0.483125
0.659795 0.968924 4.89303
0.285399 1.72737 -3.99866
-4.61561 -0.62077 -4.24002
4.96187 0.995397 -2.10409
3.24419 -3.38668 -2.52644
4.03062 -4.99267 3.30432
2.60298 -3.97887 2.712
-2.77751 4.64476 3.41427
0.54518 3.86702 -2.88307
4.42549 3.68499 -1.79678
-2.70884 2.64298 1.13257
2.19921 -4.85102 4.81827
-0.259461 -3.96245 -4.96815
-4.01982 4.93052 -1.43841
4.91698 -4.08861 -4.24401
3.43499 -0.157265 2.99879
-4.71431 1.15775 4.723
3.84978 4.95298 4.18539
-3.636 -1.63985 3.59495
-4.42043 0.383427 -2.90327
4.14518 3.39639 2.51113
-1.69987 3.67134 0.371907
-2.02985 0.0440699 3.63024
-4.49146 -3.10139 -3.47332
-3.08849 4.5643 1.85037
-4.918 -3.54327 1.72996
-2.59891 2.70082 -4.89662
-2.3122 4.16286 -2.80394
-2.75747 -2.54125 0.19579
3.40142 4.7608 -3.11369
-3.63235 4.72345 -4.88036
3.08529 -4.10435 4.46801
-0.577635 -2.03488 0.577337
-4.26365 -2.68329 -1.22043
3.28112 -1.33629 -3.29973
-3.26142 4.72355 -3.93104
3.00868 0.348245 -0.512643
3.86908 2.18215 -4.38001
4.08618 2.59631 1.94129
-2.55146 -1.78142 4.63703
1.08191 -0.455796 -4.10323
-0.420008 -4.97664 2.17565
-4.99675 4.87828 -2.2757
0.437196 -3.84437 4.86995
-3.03929 3.11978 -0.594176
-1.89243 -1.71616 -3.14048
3.72125 3.76036 -4.6818
-3.15665 -4.92799 -4.27516
-3.70601 4.00293 -1.41802
-4.23428 -4.61476 -3.05005
-2.96518 4.68487 -4.70602
2.95701 -4.34233 2.79859
3.12348 2.13021 -4.83574
4.31873 -2.06898 -4.57904
4.92286 -1.02625 1.83328
4.80079 4.05308 -3.12005
-4.80543 4.8394 -3.17051
2.99232 1.92275 -4.96112
0.0517813 3.48572 -4.9017
4.67691 -2.80442 4.31393
-3.75219 3.82273 1.36268
2.9836 -3.59698 3.35708
3.70757 -3.22881 1.27226
1.62246 4.1606 -4.61845
-4.77475 -3.39978 -4.61122
0.96596 -3.74384 3.95063
1.61135 1.26547 0.631219
-1.91054 -4.64445 -4.75299
-1.96631 -0.840589 -2.97783
3.93734 2.55372 1.84669
-4.11047 -0.132617 3.87389
4.74058 0.865316 4.76855
-0.751074 -0.667479 1.88762
-2.21145 3.32187 -4.49173
-1.56008 1.10383 -0.0561068
4.84083 2.7151 0.619507
4.94234 4.93668 4.13561
0.25573 -3.37466 -1.9716
4.96 3.96728 -3.96396
-2.37014 2.21549 -3.97263
4.9613 3.6434 -4.10493
-3.22433 1.26565 3.29495
2.85994 -0.062423 -2.0585
-4.90714 2.37411 1.21796
4.90327 4.67529 0.596869
