4.26818 2.79745 4.62548
-4.65291 4.77151 4.84433
-4.59493 -4.09186 0.0240843
-4.50119 -4.41956 -0.0234722
3.92386 3.349 -4.71251
-2.41337 0.880967 -3.04747
0.678471 -4.31249 2.01159
-1.37146 -0.846873 -1.54068
4.68092 -0.0454125 2.24249
-1.96322 -4.63669 -4.45441
-4.95413 -4.98178 -2.5228
3.64049 4.4187 -4.56661
-0.798048 -2.80269 -2.15913
1.55671 4.07698 -0.863156
4.30151 -3.33703 0.422299
0.667798 0.98115 4.83253
0.292262 1.61204 -3.96209
-4.61148 -0.634695 -4.31516
-4.94481 1.01048 -2.12893
3.27354 -3.3864 -2.46119
4.07998 -4.95855 3.34494
2.62147 -3.95818 2.72702
-2.65192 4.68934 3.37897
0.554175 3.94615 -2.87926
4.37403 3.7 -1.81214
-2.76301 2.58538 1.09447
2.23798 4.99712 4.82273
-0.271674 -3.95867 -4.9954
-4.09102 -4.93592 -1.40052
4.83335 -4.21412 -4.2271
3.43887 -0.0558527 2.89523
-4.90215 1.05567 4.85746
3.79758 4.96257 4.32209
-3.56412 -1.66704 3.49918
-4.3705 0.38083 -2.90265
4.18791 3.46511 2.52632
-1.71428 3.67599 0.372968
-2.06553 0.0473686 3.63899
-4.53933 -3.1672 -3.45147
-3.07829 4.69141 1.97031
4.94038 -3.62381 1.71685
-2.61452 2.53685 4.97519
-2.34375 4.13926 -2.79381
-2.64542 -2.52307 0.090076
3.44821 4.83777 -3.17327
-3.74966 4.73795 -4.80083
3.07404 -4.03302 4.4934
-0.537789 -2.07452 0.589806
-4.30711 -2.66304 -1.22852
3.32688 -1.34585 -3.28439
-3.25829 4.80666 -3.92438
2.94428 0.347294 -0.515977
3.78672 2.19189 -4.49565
4.0233 2.54921 1.95885
-2.46191 -1.69963 4.65364
1.09107 -0.456004 -4.10755
-0.426497 -4.88624 2.20032
-4.89126 -4.8793 -2.37092
0.37645 -3.91039 4.90826
-3.10438 3.0538 -0.602151
-1.91844 -1.74266 -3.10523
3.60893 3.69945 -4.80291
-2.98365 4.95493 -4.33819
-3.68169 3.91282 -1.41744
-4.25821 -4.58146 -3.0505
-2.97412 4.76086 -4.64003
3.00057 -4.34679 2.79332
3.08465 1.93747 -4.68551
4.37395 -1.97047 -4.58055
4.8565 -1.03378 1.75529
4.84127 4.00074 -3.37875
-4.77034 4.97279 -3.23144
2.99118 2.03265 -4.99202
-0.126032 3.47456 -4.96462
4.81279 -2.80994 4.34033
-3.7744 3.88126 1.37764
3.04359 -3.45821 3.36941
3.74476 -3.20108 1.28434
1.63233 4.09676 -4.5112
-4.9001 -3.49112 -4.59231
0.969238 -3.69294 3.88101
1.63914 1.17202 0.627345
-1.92206 -4.6838 -4.86734
-1.99632 -0.851573 -3.01777
3.86167 2.46647 1.80817
-4.04939 -0.132085 3.93422
4.78018 0.886648 4.79855
-0.755906 -0.678829 1.9123
-2.24573 3.27148 -4.51262
-1.57033 1.1166 -0.0556912
4.87589 2.67435 0.597859
4.83028 -4.93915 4.05743
0.319052 -3.30533 -1.99762
4.88284 3.95416 -3.93801
-2.40161 2.24562 -3.90183
-4.96623 3.59798 -4.05007
-3.27917 1.26294 3.24412
2.94581 0.00691387 -1.97602
-4.89362 2.39728 1.23896
4.82977 4.544 0.554338
