4.08403 2.87377 4.75891
-4.47328 4.7193 -4.98936
-4.59765 -4.16429 0.0207267
-4.46529 -4.40461 -0.0278316
3.94999 3.27152 -4.72917
-2.33395 0.88558 -2.98043
0.680479 -4.31203 2.0299
-1.25195 -0.992762 -1.47304
4.7748 0.0546328 2.21153
-1.89632 -4.60447 -4.53802
-4.90261 4.79448 -2.45903
3.54154 4.51229 -4.51775
-0.800731 -2.79091 -2.19353
1.26295 3.9161 -0.76883
4.31091 -3.30511 0.361269
0.675847 0.993374 4.77501
0.299137 1.49689 -3.92704
-4.61001 -0.648863 -4.39277
-4.85544 1.02576 -2.15418
3.30449 -3.38772 -2.39637
4.13153 -4.93151 3.38734
2.63958 -3.93853 2.74243
-2.52718 4.73612 3.34612
0.563297 4.02712 -2.87622
4.32858 3.71811 -1.82746
-2.81823 2.52828 1.05685
2.27728 4.84951 4.83776
-0.284699 -3.957 4.9667
-4.16462 -4.80573 -1.36238
4.77438 -4.3533 -4.21779
3.44436 0.0453105 2.7938
4.81839 0.957497 -4.99582
3.74994 4.99256 4.47066
-3.49576 -1.69539 3.40602
-4.32283 0.378006 -2.9033
4.23318 3.53652 2.54316
-1.72876 3.68162 0.37415
-2.10179 0.0505589 3.64971
-4.59453 -3.23698 -3.432
-3.07072 4.82329 2.09197
4.80055 -3.70726 1.70492
-2.6327 2.37391 4.85973
-2.37562 4.11764 -2.78395
-2.53471 -2.50621 -0.015288
3.4999 4.92165 -3.23479
-3.87311 4.76095 -4.73212
3.06402 -3.96698 4.523
-0.497918 -2.11477 0.602499
-4.35258 -2.64366 -1.23671
3.37379 -1.3557 -3.26984
-3.25788 4.90204 -3.91811
2.88056 0.346313 -0.519252
3.71012 2.20205 -4.62221
3.96914 2.5055 1.98221
-2.37294 -1.61839 4.67266
1.1004 -0.456394 -4.11318
-0.433194 -4.79785 2.22574
-4.79244 -4.60641 -2.45828
0.316442 -3.97843 4.95932
-3.17127 2.98926 -0.610065
-1.9447 -1.76989 -3.07086
3.49873 3.64268 -4.93316
-2.81137 4.82813 -4.40201
-3.65912 3.82584 -1.41688
-4.28545 -4.56228 -3.05196
-2.98448 4.8492 -4.57983
3.04547 -4.35469 2.78892
3.04914 1.74393 -4.5519
4.4339 -1.87277 -4.58656
4.79198 -1.04168 1.67748
4.9097 3.95639 -3.63788
-4.75075 -4.86986 -3.29588
2.98945 2.14299 4.9818
-0.303839 3.46457 4.97078
4.95622 -2.8178 4.37531
-3.7994 3.94158 1.39313
3.10575 -3.32196 3.38551
3.78339 -3.17424 1.29675
1.64231 4.03555 -4.40808
4.95406 -3.58824 -4.58276
0.97257 -3.64328 3.81309
1.66719 1.07889 0.623809
-1.93343 -4.73161 -4.98704
-2.02679 -0.86237 -3.0589
3.78286 2.37688 1.76469
-3.99112 -0.131741 3.99658
4.86075 0.906155 4.83133
-0.760834 -0.690281 1.93756
-2.28059 3.2234 -4.53918
-1.58074 1.12945 -0.0551888
4.92073 2.6344 0.575725
4.72758 -4.82847 3.98477
0.382878 -3.23784 -2.0241
4.85952 3.94577 -3.9154
-2.43375 2.27604 -3.83345
-4.94614 3.55271 -3.99854
-3.33675 1.2606 3.19555
3.03338 0.0760838 -1.89418
-4.89709 2.42073 1.26082
4.76719 4.4223 0.512314
