3.99476 2.91258 4.84373
-4.38746 4.69609 -4.9055
-4.60129 -4.20022 0.0193705
-4.44801 -4.39946 -0.0301643
3.96455 3.23332 -4.74263
-2.29451 0.887906 -2.9473
0.681507 -4.31223 2.03914
-1.19223 -1.06575 -1.43926
4.82295 0.104665 2.1964
-1.86285 -4.59139 -4.58026
-4.88092 4.70585 -2.42712
3.493 4.56088 -4.49583
-0.802126 -2.78552 -2.211
1.11622 3.83635 -0.721681
4.31714 -3.28963 0.330681
0.679875 0.999486 4.74723
0.302569 1.43937 -3.91015
-4.61049 -0.65604 -4.43248
-4.81227 1.03348 -2.16696
3.32054 -3.38898 -2.36412
4.15801 -4.92034 3.40929
2.64849 -3.92913 2.7503
-2.46513 4.76035 3.33057
0.567887 4.06832 -2.87516
4.308 3.72822 -1.83513
-2.84628 2.49991 1.0382
2.29703 4.77886 4.84937
-0.291579 -3.95696 4.9492
-4.20235 -4.74304 -1.34323
4.75215 -4.42818 -4.21567
3.4476 0.0957962 2.74385
4.68175 0.911019 4.78463
3.72757 -4.98544 4.55011
-3.46297 -1.71 3.36036
-4.29994 0.376501 -2.90406
4.25675 3.57324 2.55219
-1.73604 3.6848 0.374781
-2.12021 0.0521177 3.6558
-4.62567 -3.27329 -3.42314
-3.06799 4.89109 2.15346
4.73247 -3.75011 1.6994
-2.64282 2.29277 4.80801
-2.39171 4.10755 -2.77914
-2.47985 -2.49826 -0.0678501
3.52752 4.96639 -3.26632
-3.93728 4.77525 -4.7007
3.05936 -3.93594 4.53938
-0.477981 -2.13514 0.608916
-4.37613 -2.63427 -1.24084
3.39765 -1.36073 -3.26287
-3.25872 4.95211 -3.91514
2.84892 0.345813 -0.520871
3.67357 2.20728 -4.69352
3.94428 2.48463 1.99547
-2.32869 -1.57796 4.68305
1.10511 -0.456659 -4.11652
-0.436633 -4.7544 2.23867
-4.74613 -4.4903 -2.50166
0.286777 -4.01328 4.98601
-3.20546 2.95752 -0.614003
-1.95795 -1.78377 -3.05402
3.44422 3.61567 4.99735
-2.72446 4.76783 -4.43345
-3.64849 3.78344 -1.41663
-4.30036 -4.55593 -3.053
-2.99128 4.8958 -4.55239
3.06835 -4.35989 2.78704
3.03173 1.6465 -4.5018
4.46543 -1.82422 -4.59117
4.76034 -1.04576 1.63866
4.95979 3.93767 -3.76608
-4.74665 -4.80018 -3.32927
2.9886 2.19845 4.98043
-0.39274 3.46 4.93892
-4.96979 -2.8226 4.39607
-3.81297 3.97245 1.40108
3.13751 -3.2547 3.3949
3.80313 -3.16113 1.30308
1.6473 4.00571 -4.35822
4.88141 -3.63906 -4.58142
0.974237 -3.6189 3.77957
1.68129 1.03243 0.622151
-1.93921 -4.75914 4.95093
-2.04224 -0.8677 -3.07996
3.74328 2.33154 1.74181
-3.96317 -0.131636 4.02865
4.9022 0.914716 4.97533
-0.763351 -0.696048 1.95039
-2.29832 3.20013 -4.55476
-1.58603 1.13591 -0.0549113
4.9468 2.61471 0.564476
4.6785 -4.7769 3.95078
0.414965 -3.20477 -2.03758
4.86328 3.94341 -3.90602
-2.45012 2.29138 -3.80019
-4.95451 3.53016 -3.97387
-3.36672 1.25957 3.17212
3.0778 0.110606 -1.85353
-4.90511 2.4326 1.2721
4.73959 4.3647 0.491459
