3.8217 2.99132 -4.90789
-4.22354 4.65533 -4.7427
-4.6142 -4.27119 0.0175868
-4.41351 -4.39389 -0.0353808
3.99692 3.15904 -4.80572
-2.21606 0.892626 -2.88187
0.683639 -4.31348 2.05776
-1.07285 -1.21179 -1.37178
4.92188 0.204733 2.16674
-1.79572 -4.57077 -4.68583
-4.84479 4.54483 -2.36337
3.39776 4.66436 -4.45961
-0.804981 -2.77573 -2.24654
0.822981 3.67816 -0.627467
4.33267 -3.25952 0.269346
0.687943 1.01175 4.69352
0.309431 1.32446 -3.87767
-4.6139 -0.670536 -4.51393
-4.72887 1.04915 -2.19291
3.35385 -3.3925 -2.29995
4.21247 -4.90117 3.4545
2.66615 -3.91098 2.76637
-2.34153 4.81064 3.30089
0.57714 4.15226 -2.87412
4.27127 3.75062 -1.85062
-2.90325 2.44355 1.00119
2.33677 4.64488 4.88036
-0.306116 -3.95827 4.92173
-4.27967 -4.62184 -1.30484
4.72193 -4.58858 -4.21677
3.45516 0.196613 2.64527
4.40999 0.817866 4.3545
3.68591 -4.95358 4.71954
-3.39962 -1.74002 3.2707
-4.25595 0.373326 -2.90658
4.30582 3.64898 2.57128
-1.75067 3.6919 0.376101
-2.15754 0.0551959 3.66935
-4.69515 -3.3484 -3.40739
-3.06464 -4.96938 2.27765
4.59997 -3.83802 1.68912
-2.66498 2.1312 4.71417
-2.42415 4.0889 -2.76991
-2.37104 -2.48328 -0.17278
3.58662 -4.94257 -3.33143
-4.06971 4.81156 -4.64139
3.05085 -3.87615 4.57522
-0.438077 -2.17633 0.621872
-4.42486 -2.61598 -1.24918
3.44622 -1.37097 -3.24954
-3.26218 -4.95036 -3.91005
2.78608 0.344804 -0.524093
3.60386 2.21796 -4.86132
3.898 2.44452 2.02422
-2.24058 -1.49743 4.7055
1.11464 -0.457312 -4.12426
-0.443678 -4.66898 2.26489
-4.65945 -4.26889 -2.58799
0.228264 -4.0847 -4.96522
-3.27535 2.89507 -0.621878
-1.98467 -1.81206 -3.02104
3.33637 3.56544 4.87592
-2.54956 4.65364 -4.49959
-3.62849 3.70053 -1.41624
-4.33252 -4.54898 -3.05571
-3.00751 4.9977 -4.50175
3.11502 -4.37239 2.78385
2.99776 1.45084 -4.41589
4.53257 -1.72757 -4.6036
4.69829 -1.05413 1.56114
4.73033 3.90687 -4.01661
-4.7499 -4.67429 -3.39848
2.9869 2.30989 4.99256
-0.570512 3.45179 4.87706
-4.82927 -2.83364 4.44391
-3.84219 4.03575 1.41735
3.20286 -3.1212 3.41624
3.84351 -3.13543 1.31594
1.65732 3.94775 -4.26221
4.74669 -3.74473 -4.58589
0.977597 -3.57091 3.71351
1.70967 0.939751 0.619008
-1.95106 -4.82168 4.85465
-2.07353 -0.878212 -3.12316
3.66473 2.24032 1.69461
-3.90944 -0.131537 4.09454
4.98934 0.931876 -4.73652
-0.768472 -0.707651 1.97642
-2.33437 3.15515 -4.59042
-1.59673 1.14888 -0.0543217
-4.99391 2.57586 0.541592
4.58437 -4.67805 3.88706
0.479506 -3.13986 -2.06508
-4.91043 3.94331 -3.89358
-2.48342 2.32237 -3.73537
4.99113 3.48487 -3.92675
-3.42908 1.25784 3.12674
3.168 0.179565 -1.77284
-4.93342 2.45677 1.29534
4.69137 4.25552 0.449945
