-3.7559 2.17717 -0.711702
-2.70991 -4.79685 1.5697
4.63837 -1.30496 -0.0374177
-4.62282 -4.66963 0.0529928
4.88413 -1.31636 -4.82751
2.04469 0.781327 4.2203
0.39681 -4.31373 1.30809
2.15878 4.13707 2.45033
-4.59075 2.30559 -2.02437
2.72867 4.96086 -1.60164
-4.9952 2.11819 2.31569
-4.33207 1.23079 3.70433
-0.518057 2.62348 -0.482965
-2.19569 -1.54429 -3.69945
4.20457 4.08522 -4.81788
0.174545 0.0740821 -2.08421
0.060636 -2.5019 -4.44897
-4.26392 -0.105395 -1.41724
4.66458 0.20472 -0.633089
-4.67001 2.5673 2.49662
-3.69271 4.98189 1.66691
1.42767 2.30097 2.00452
4.09142 -2.82173 -2.21411
0.26457 0.82205 3.32536
3.64843 -2.47065 -1.08654
-0.225368 -2.30841 -3.52611
0.842232 2.98095 4.84925
0.100732 4.60465 2.27157
4.21064 1.14299 3.25372
-2.82778 2.06837 -4.1383
-2.16059 -4.88313 -1.12431
2.28734 4.45641 -2.97588
-1.73503 3.95442 1.2959
1.95702 -1.23602 -1.39699
-3.49145 0.771227 3.26706
4.98856 0.485446 -3.85791
-0.803455 -3.75855 0.409159
-0.0129687 -0.494984 4.94334
-2.9705 -1.96571 1.07415
1.71066 1.07899 2.88592
-0.18496 -1.21452 -3.31857
4.68791 -0.887395 -4.06446
-0.788183 -3.89296 3.67912
-3.37307 -4.6872 -1.63471
-3.57898 3.07131 -0.76764
-0.378316 3.03997 4.2282
-2.76885 1.72355 3.94636
3.87639 -0.413133 -0.164757
3.36329 2.53309 -0.631683
1.47026 -0.739073 3.06301
2.18796 4.89127 4.43512
-2.06963 0.262933 -0.107007
-0.815008 0.68271 3.71238
2.49674 3.64969 1.89953
2.22209 2.33142 -4.96935
0.381421 -0.475302 -4.91611
0.00185879 1.6052 1.5744
4.5008 3.66867 3.83491
-3.59857 -0.623063 4.8916
-0.452674 -1.99965 -0.1019
-0.500211 -0.466167 2.87079
-2.81857 -4.96477 -3.80087
1.27995 -4.99048 4.95835
2.43189 -1.9589 -1.05854
1.95804 -3.14809 3.19321
3.47928 -4.31451 -4.56482
1.44058 -3.05191 -3.17274
-1.03439 4.63138 4.42652
-2.21637 1.8417 -2.4521
3.01773 -0.884207 -2.46555
4.8507 -3.32228 4.82198
3.42591 -3.95795 -1.2714
-3.16959 3.23693 -3.74351
-2.3405 -2.82599 -4.30378
1.49901 1.92857 2.81145
2.70931 1.60333 1.08972
1.11842 -2.99186 -2.08087
-3.79379 2.56496 0.0832145
1.01058 -1.85191 1.81545
-3.39216 -0.308667 3.47703
0.696185 2.30827 -2.1147
0.422554 -2.06888 0.653737
-0.59344 -2.57996 -1.55767
-0.43357 -0.3543 -1.37164
-4.298 -1.45036 -2.772
1.9283 0.017093 2.05501
4.80047 -0.512298 4.37358
-0.285208 0.0430346 1.36027
1.17741 4.90653 -3.9352
-1.40809 0.318236 -0.00823925
-4.8518 -2.39046 1.2018
4.58203 -2.49165 4.63555
3.75028 1.8255 -0.718029
-4.74913 -3.56187 1.85776
-0.54343 0.730316 2.29762
2.11762 -2.34982 2.32011
4.75137 -0.132305 -4.86768
4.63813 2.8267 2.26323
4.85406 0.75625 -0.0422111
0.663833 -1.22341 -3.1976
