3.64956 3.06944 -4.6407
-4.06985 4.61966 -4.58689
-4.63569 -4.34189 0.017277
-4.37768 -4.39337 -0.0414315
4.03557 3.08911 -4.89274
-2.13809 0.89751 -2.81735
0.685903 -4.3158 2.07668
-0.953472 -1.35788 -1.30437
-4.9753 0.304801 2.13806
-1.72828 -4.55605 -4.81523
-4.81757 4.39857 -2.29969
3.30471 4.77907 -4.43355
-0.807881 -2.76715 -2.28279
0.530039 3.52167 -0.533271
4.35233 -3.23037 0.207868
0.696035 1.02411 4.64225
0.316299 1.20974 -3.84673
-4.62061 -0.68515 -4.59772
-4.64916 1.06523 -2.21913
3.38886 -3.39703 -2.2361
4.26886 -4.88615 3.50159
2.6837 -3.89365 2.78308
-2.2185 4.86462 3.27305
0.586504 4.23855 -2.87428
4.2407 3.77627 -1.86616
-2.96118 2.38785 0.964606
2.37676 4.52063 4.92337
-0.321675 -3.96115 4.91923
-4.35943 -4.50529 -1.26639
4.7131 -4.76362 -4.2251
3.46433 0.29726 2.54867
4.14408 0.72461 3.9409
3.64851 -4.93945 4.90685
-3.33903 -1.77091 3.18328
-4.21422 0.369965 -2.91009
4.35775 3.72803 2.59197
-1.76536 3.70012 0.377534
-2.19552 0.0582956 3.6849
-4.77407 -3.42603 -3.39426
-3.06401 -4.83501 2.40367
4.4722 -3.92872 1.6799
-2.68952 1.97087 4.63165
-2.45694 4.07271 -2.7611
-2.2633 -2.46931 -0.277405
3.65119 -4.86226 -3.39906
-4.20669 4.86736 -4.58462
3.04338 -3.819 4.61543
-0.398103 -2.21805 0.635051
-4.47583 -2.59819 -1.25759
3.49601 -1.38136 -3.23692
-3.26772 -4.87283 -3.90598
2.72383 0.343807 -0.527254
3.53865 2.22859 4.9432
3.85611 2.40631 2.05555
-2.1529 -1.41723 4.73028
1.12433 -0.458101 -4.1333
-0.450931 -4.58531 2.29171
-4.57995 -4.05484 -2.67355
0.170912 -4.15843 -4.94135
-3.34695 2.83408 -0.629651
-2.01169 -1.84093 -2.98888
3.22979 3.52045 4.77956
-2.37468 4.5531 -4.5713
-3.60997 3.61999 -1.41596
-4.36762 -4.54853 -3.05902
-3.02573 -4.88982 -4.45563
3.16287 -4.3875 2.78154
2.96527 1.25459 -4.33918
4.6055 -1.63138 -4.62
4.63787 -1.0627 1.48386
4.18947 3.88568 -4.27225
-4.7686 -4.56194 -3.47079
2.98494 2.42207 -4.97953
-0.74821 3.44498 4.81789
-4.69778 -2.84633 4.50003
-3.87388 4.10194 1.4342
3.27069 -2.9887 3.44118
3.88517 -3.11027 1.32911
1.66738 3.89221 -4.17057
4.62563 -3.85529 -4.59997
0.980997 -3.52379 3.64922
1.73835 0.847401 0.616187
-1.9634 -4.89384 4.79123
-2.10534 -0.888475 -3.16778
3.58823 2.14893 1.64644
-3.85827 -0.131523 4.16331
-4.9216 0.949165 -4.45462
-0.773684 -0.719293 2.00301
-2.37128 3.11263 -4.63147
-1.60756 1.16198 -0.0536586
-4.93475 2.53776 0.518274
4.49526 -4.5837 3.82893
0.544549 -3.0764 -2.09317
-4.53112 3.94958 -3.88279
-2.51748 2.354 -3.67237
4.94872 3.44007 -3.88133
-3.49459 1.2567 3.08364
3.26023 0.248486 -1.69277
-4.97043 2.48173 1.31959
4.65311 4.15403 0.408732
