3.39545 3.19405 -4.28004
-3.84788 4.58185 -4.36127
-4.68275 -4.45146 0.0191079
-4.32184 -4.39821 -0.0514924
4.10236 2.98845 4.95809
-2.02169 0.905211 -2.72214
0.689606 -4.32128 2.10566
-0.774297 -1.57708 -1.20338
-4.8283 0.454821 2.09675
-1.62641 -4.54197 4.95066
-4.79322 4.19852 -2.20442
3.168 4.98123 -4.41201
-0.812206 -2.75647 -2.33857
0.0911289 3.28981 -0.391945
4.38973 -3.18825 0.115512
0.708272 1.0429 4.56982
0.32665 1.03801 -3.80289
-4.63678 -0.707151 -4.72804
-4.53579 1.09022 -2.25887
3.44475 -3.40564 -2.14083
4.35715 -4.87223 3.57633
2.71002 -3.86922 2.80964
-2.03478 4.95384 3.23461
0.600755 4.37274 -2.87654
4.20686 3.82084 -1.8895
-3.04967 2.30555 0.910531
2.4369 4.35168 -4.98396
-0.346785 -3.9678 4.96602
-4.48387 -4.33764 -1.20878
4.74399 4.94115 -4.25012
3.48363 0.447849 2.40701
3.75663 0.584707 3.33314
3.60076 -4.96525 -4.79595
-3.25247 -1.81862 3.05611
-4.15505 0.364562 -2.91709
4.44132 3.85331 2.62618
-1.78751 3.71458 0.379924
-2.25328 0.0630653 3.71203
-4.91043 -3.54644 -3.37986
-3.06822 -4.64863 2.59655
4.28884 -4.07021 1.66794
-2.72984 1.73278 4.52569
-2.50671 4.05331 -2.7486
-2.10342 -2.45018 -0.433777
3.75881 -4.76218 -3.50479
-4.43312 4.99355 -4.50805
3.03409 -3.73778 4.68545
-0.337929 -2.28163 0.655285
-4.55661 -2.57225 -1.27029
3.57324 -1.39721 -3.21926
-3.27949 -4.774 -3.90157
2.63162 0.342337 -0.531905
3.44966 2.24405 4.72406
3.8008 2.35204 2.10644
-2.02192 -1.29742 4.7718
1.13925 -0.459532 -4.14924
-0.462167 -4.46299 2.33315
-4.47196 -3.74154 -2.80082
0.0871395 -4.27381 -4.95478
-3.45741 2.74523 -0.641033
-2.05273 -1.88519 -2.9421
3.07195 3.46171 4.67825
-2.11319 4.43195 -4.69187
-3.58472 3.5032 -1.41574
-4.42638 -4.55955 -3.06447
-3.05532 -4.7431 -4.39436
3.23677 -4.41488 2.78
2.92064 0.959685 -4.2337
4.72763 -1.4879 -4.65171
4.55135 -1.07585 1.36839
3.39477 3.87275 -4.6703
-4.82662 -4.41363 -3.58484
2.98152 2.59188 -4.97261
-1.01452 3.43771 4.73464
-4.51501 -2.86822 4.59939
-3.92592 4.20705 1.46061
3.37736 -2.79146 3.48575
3.95031 -3.0734 1.34945
1.68249 3.81329 -4.04029
4.46873 -4.03096 -4.63878
0.986205 -3.45457 3.55588
1.78212 0.709452 0.612617
-1.98317 4.97947 4.75348
-2.15387 -0.903401 -3.23761
3.47837 2.01221 1.57348
-3.78488 -0.131567 4.27221
-4.79465 0.975439 -4.03656
-0.781549 -0.736785 2.04399
-2.42822 3.05377 -4.70255
-1.62395 1.18187 -0.0525104
-4.85285 2.48187 0.482641
4.37006 -4.44801 3.75272
0.643094 -2.98372 -2.13637
-3.98634 3.96858 -3.86921
-2.56978 2.40286 -3.58075
4.90605 3.37657 -3.81572
-3.59767 1.25621 3.02313
3.40306 0.35188 -1.5737
4.96687 2.521 1.35785
4.61443 4.01508 0.34743
