3.23075 3.28253 -4.05854
-3.70513 4.57367 -4.21526
-4.72207 -4.52831 0.0213681
-4.28474 -4.40404 -0.058374
4.1512 2.92359 4.86252
-1.94439 0.910554 -2.65968
0.692283 -4.32636 2.12541
-0.654732 -1.72332 -1.13614
-4.73758 0.554703 2.07024
-1.55812 -4.54776 4.78956
-4.7882 4.07478 -2.14119
3.07801 -4.86304 -4.40267
-0.815052 -2.75092 -2.37682
-0.201174 3.13694 -0.297688
4.42001 -3.16122 0.0539356
0.716476 1.05559 4.52432
0.333579 0.923722 -3.77523
-4.6527 -0.7218 -4.81831
-4.46425 1.10746 -2.28568
3.48439 -3.41262 -2.07753
4.41899 -4.86932 3.62969
2.72764 -3.85403 2.82857
-1.91278 -4.98159 3.21083
0.610365 4.46547 -2.87926
4.1926 3.85455 -1.9051
-3.11014 2.25143 0.874986
2.47674 4.25101 -4.92112
-0.364591 -3.97395 -4.96807
-4.57031 -4.22997 -1.17057
4.79706 4.75588 -4.27343
3.50006 0.547887 2.31401
3.50387 0.49137 2.93382
3.57545 4.9747 -4.61219
-3.19746 -1.85143 2.97373
-4.11782 0.360632 -2.92296
4.50046 3.94154 2.65106
-1.80242 3.72559 0.381684
-2.29234 0.066289 3.73262
4.9858 -3.63009 -3.37388
-3.07466 -4.53398 2.72781
4.17158 -4.16846 1.6611
-2.75898 1.57533 4.46512
-2.5403 4.04337 -2.74083
-1.99793 -2.43869 -0.537691
3.83877 -4.7096 -3.57724
-4.602 -4.90978 -4.46349
3.02915 -3.68655 4.73999
-0.29768 -2.32473 0.669095
-4.61354 -2.55546 -1.2788
3.62651 -1.40796 -3.2083
-3.28955 -4.72014 -3.89986
2.57083 0.341361 -0.534998
3.39503 2.25404 4.62445
3.76715 2.31766 2.14251
-1.9349 -1.21789 4.80236
1.14946 -0.460675 -4.16147
-0.469904 -4.38368 2.36157
-4.40591 -3.53677 -2.88546
0.0327758 -4.35465 -4.99828
-3.53351 2.68755 -0.648429
-2.08045 -1.91535 -2.91189
2.96789 3.42747 4.64134
-1.9394 4.36242 -4.78556
-3.56956 3.42768 -1.41577
-4.47013 -4.57502 -3.06824
-3.07617 -4.65684 -4.35927
3.28734 -4.43626 2.78052
2.8936 0.762874 -4.16896
4.81936 -1.39292 -4.67744
4.49623 -1.0848 1.29168
2.86977 3.87671 -4.95561
-4.88435 -4.3297 -3.66446
2.97925 2.70608 -4.99418
-1.19189 3.43459 4.68317
-4.40154 -2.88498 4.67562
-3.96401 4.28095 1.47896
3.45185 -2.66094 3.52057
3.99561 -3.04938 1.36344
1.6925 3.76348 -3.95674
4.38048 -4.15808 -4.67562
0.989747 -3.40938 3.49561
1.81169 0.617797 0.610682
-1.99739 4.90448 4.75324
-2.1868 -0.91314 -3.28631
3.40726 1.92156 1.52468
-3.73802 -0.131634 4.34885
-4.7137 0.993198 -3.76039
-0.786844 -0.748503 2.07202
-2.46735 3.01709 -4.75644
-1.635 1.19527 -0.0516437
-4.80641 2.44536 0.458559
4.29116 -4.36042 3.70909
0.709442 -2.9236 -2.1659
-3.6293 3.98676 -3.86179
-2.60545 2.43629 -3.52143
4.88495 3.33676 -3.77402
-3.66985 1.25663 2.98539
3.50146 0.420842 -1.49497
4.93482 2.54851 1.38448
4.59998 3.93058 0.30686
