3.14975 3.32868 -3.95128
-3.63534 4.57632 -4.14355
-4.74375 -4.56799 0.0227264
-4.26652 -4.40766 -0.0617906
4.17679 2.89182 4.81811
-1.90582 0.913291 -2.62874
0.693684 -4.32931 2.13545
-0.594909 -1.79649 -1.10254
-4.6943 0.604605 2.05729
-1.52393 -4.55602 4.71166
-4.78922 4.01535 -2.10968
3.03316 -4.79273 -4.39918
-0.816474 -2.74861 -2.39626
-0.347229 3.061 -0.250538
4.43678 -3.148 0.0231678
0.720586 1.06199 4.50237
0.337049 0.866633 -3.76184
-4.66273 -0.729078 -4.86454
-4.42967 1.11627 -2.29917
3.50488 -3.41647 -2.04594
4.45095 -4.86971 3.65758
2.73649 -3.84676 2.83844
-1.85191 -4.94948 3.19944
0.615191 4.51289 -2.88092
4.18802 3.87266 -1.91292
-3.14085 2.22459 0.857363
2.49626 4.205 -4.89372
-0.373762 -3.9775 -4.93277
-4.61473 -4.17718 -1.15154
4.8346 4.67658 -4.28704
3.50932 0.597853 2.26758
3.37873 0.444606 2.73586
3.5649 4.95518 -4.52357
-3.17076 -1.86809 2.93323
-4.09986 0.358549 -2.92625
4.53107 3.98718 2.6641
-1.80993 3.73153 0.382621
-2.31205 0.0679198 3.74367
4.94217 -3.67288 -3.37188
-3.079 -4.47865 2.7943
4.1143 -4.2188 1.65797
-2.77422 1.49699 4.43752
-2.55723 4.03928 -2.73711
-1.94553 -2.43331 -0.589546
3.88134 -4.68731 -3.61403
-4.69408 -4.87003 -4.44315
3.02704 -3.66169 4.76971
-0.277524 -2.34649 0.67611
-4.64305 -2.54719 -1.28307
3.65366 -1.41338 -3.20307
-3.29534 -4.69684 -3.89937
2.54061 0.340877 -0.536558
3.36887 2.25899 4.58454
3.75114 2.30098 2.16112
-1.89147 -1.1782 4.81852
1.15463 -0.461301 -4.16805
-0.473848 -4.34458 2.37605
-4.37733 -3.43521 -2.92791
0.00599719 -4.39634 4.97552
-3.57237 2.65916 -0.652066
-2.09444 -1.93061 -2.89705
2.91626 3.41155 4.63629
-1.85262 4.32971 -4.83773
-3.56248 3.39058 -1.41585
-4.49406 -4.58491 -3.07016
-3.08694 -4.61668 -4.3435
3.31299 -4.44789 2.78125
2.88087 0.664451 -4.13802
4.86909 -1.34565 -4.69166
4.46937 -1.08933 1.25341
2.60812 3.88178 4.89098
-4.92157 -4.29128 -3.70539
2.97823 2.76347 4.98743
-1.28052 3.43356 4.65887
-4.34717 -2.89392 4.71674
-3.98411 4.31911 1.48836
3.49009 -2.59591 3.53953
4.01883 -3.03753 1.37058
1.69746 3.73945 -3.91563
4.34098 -4.22509 -4.69746
0.991537 -3.38705 3.46612
1.82656 0.572053 0.609855
-2.00487 4.87372 4.75899
-2.20346 -0.917953 -3.31135
3.37227 1.87645 1.50027
-3.7152 -0.131666 4.38847
-4.67425 1.00217 -3.62297
-0.789514 -0.754369 2.08627
-2.48731 2.99946 -4.78542
-1.64057 1.20202 -0.051177
-4.78553 2.42732 0.44645
4.25281 -4.3174 3.6891
0.742802 -2.89401 -2.18086
-3.45188 3.99758 -3.85858
-2.62354 2.45328 -3.49227
4.87612 3.31763 -3.75383
-3.70703 1.25708 2.96726
3.55166 0.455349 -1.45578
4.92207 2.5627 1.3981
4.59606 3.89065 0.286656
