-3.77483 2.16173 -0.71773
-2.71199 -4.81716 1.57167
4.65437 -1.30795 -0.0367053
-4.63143 -4.67924 0.0525931
4.86042 -1.32046 -4.85417
2.04989 0.781344 4.23601
0.397469 -4.32585 1.30884
2.16151 4.15054 2.4566
-4.60937 2.31091 -2.03074
2.73279 4.97682 -1.60319
4.97788 2.1169 2.31755
-4.34966 1.23293 3.71379
-0.518361 2.63011 -0.484957
-2.20253 -1.54694 -3.71172
4.21479 4.09535 -4.83603
0.175323 0.0759109 -2.08755
0.0606295 -2.50708 -4.4602
-4.27686 -0.105785 -1.41912
4.70056 0.205633 -0.636838
-4.6948 2.57332 2.50021
-3.69917 4.985 1.66898
1.42883 2.30535 2.0037
4.09933 -2.82605 -2.21772
0.265497 0.823823 3.33544
3.65901 -2.47599 -1.08671
-0.227747 -2.31512 -3.53294
0.84277 2.98766 4.84572
0.100295 4.62031 2.27423
4.22915 1.1433 3.26097
-2.83557 2.07156 -4.15828
-2.16329 -4.87934 -1.12699
2.29375 4.47508 -2.98912
-1.73797 3.97331 1.29728
1.95916 -1.23482 -1.40031
-3.50021 0.771952 3.2721
-4.98663 0.488458 -3.86774
-0.804546 -3.76492 0.409127
-0.0164911 -0.4973 -4.95935
-2.97935 -1.97056 1.07618
1.7179 1.07666 2.89515
-0.191167 -1.21448 -3.32957
4.73498 -0.891527 -4.08875
-0.789361 -3.90238 3.68506
-3.38445 -4.71177 -1.63944
-3.58514 3.09806 -0.774014
-0.380483 3.04576 4.24107
-2.77303 1.72693 3.95569
3.88971 -0.414691 -0.163477
3.36969 2.54069 -0.633087
1.47231 -0.741301 3.06841
2.19216 4.90467 4.44745
-2.07726 0.262695 -0.108072
-0.822092 0.684907 3.73014
2.50421 3.65617 1.8982
2.22549 2.33367 -4.97128
0.383324 -0.475345 -4.97046
0.00112109 1.60866 1.57383
4.52176 3.67997 3.85263
-3.61177 -0.624736 4.91456
-0.455844 -2.00415 -0.102741
-0.501932 -0.469193 2.87504
-2.82406 -4.95387 -3.81036
1.27961 -4.98399 4.978
2.4354 -1.96286 -1.05825
1.96098 -3.15691 3.19975
3.48582 -4.32936 -4.57897
1.44277 -3.05974 -3.17936
-1.03861 4.6532 4.44469
-2.21941 1.84462 -2.45728
3.02304 -0.884268 -2.47009
4.82319 -3.33555 4.84492
3.43633 -3.97924 -1.27272
-3.1754 3.24335 -3.75139
-2.34391 -2.83097 -4.31156
1.50203 1.93574 2.82133
2.71494 1.6049 1.08934
1.11981 -3.00648 -2.08383
-3.80235 2.56967 0.0882852
1.01151 -1.85572 1.81786
-3.40589 -0.313658 3.48831
0.696859 2.3109 -2.11812
0.424016 -2.0753 0.654856
-0.59561 -2.58545 -1.55965
-0.435763 -0.35471 -1.37273
-4.31924 -1.45404 -2.77902
1.93252 0.0158341 2.05592
4.821 -0.513372 4.39866
-0.2862 0.041222 1.35911
1.17741 4.92243 -3.95641
-1.40551 0.319127 -0.00803888
-4.8638 -2.39293 1.20295
4.60635 -2.49626 4.65323
3.76793 1.82545 -0.721402
-4.758 -3.56834 1.8604
-0.546273 0.731665 2.29961
2.12137 -2.35333 2.32217
4.73936 -0.130046 -4.91518
4.70233 2.83724 2.26671
4.83569 0.758152 -0.0407282
0.67275 -1.22468 -3.20936
