2.75558 3.57723 -3.45459
-3.30224 4.65427 -3.79669
-4.87004 -4.77954 0.0310297
-4.1806 -4.43297 -0.0784106
4.31532 2.73878 4.61384
-1.71363 0.927602 -2.47705
0.701299 -4.34831 2.18661
-0.295274 -2.16309 -0.934872
-4.49681 0.853657 1.99494
-1.35322 -4.63502 4.34291
-4.83165 3.73802 -1.95412
2.81005 -4.50385 -4.39913
-0.823648 -2.74178 -2.49725
-1.07645 2.68569 -0.014844
4.53796 -3.08483 -0.130321
0.741228 1.09459 4.39939
0.354459 0.581711 -3.69934
-4.74042 -0.764195 4.90735
-4.26824 1.16231 -2.36762
3.61376 -3.43932 -1.88874
4.62122 -4.88851 3.80961
2.78125 -3.81383 2.89127
-1.54892 -4.79822 3.14645
0.63944 4.76119 -2.89405
4.1915 3.97609 -1.95313
-3.29935 2.09259 0.770542
2.59568 4.01243 4.99691
-0.42118 -4.0004 -4.83668
-4.85111 -3.9222 -1.05745
-4.88428 4.40708 -4.37721
3.57058 0.85052 2.03504
2.75676 0.205482 1.75841
3.52915 -4.99054 -4.11022
-3.0449 -1.95372 2.7366
-4.01622 0.346392 -2.94691
4.69481 4.23216 2.7342
-1.84826 3.76572 0.387791
-2.41257 0.0761392 3.80611
4.84153 -3.89718 -3.36913
-3.11248 -4.21754 3.13555
3.84003 -4.48338 1.64396
-2.85716 1.10912 4.32243
-2.6436 4.02732 -2.72021
-1.68705 -2.41005 -0.848189
4.12023 -4.62803 -3.80618
4.76692 -4.75415 -4.36191
3.01966 -3.54463 4.94221
-0.176508 -2.45736 0.71206
-4.80272 -2.50705 -1.3048
3.79492 -1.44095 -3.17973
-3.33442 -4.62269 -3.90078
2.39123 0.338514 -0.544922
3.24749 2.28389 4.40598
3.67868 2.22251 2.2584
-1.675 -0.980529 4.90802
1.18123 -0.464988 -4.20615
-0.494311 -4.15377 2.45039
-4.27729 -2.93338 -3.14505
-0.124964 -4.61826 4.91856
-3.77576 2.52137 -0.669954
-2.1659 -2.00858 -2.8257
2.66225 3.34344 4.64931
-1.41904 4.18419 4.85385
-3.5321 3.21113 -1.41719
-4.64594 -4.65483 -3.08109
-3.14528 -4.44282 -4.2826
3.44472 -4.51549 2.78887
2.8249 0.172357 -3.99787
-4.83878 -1.1125 -4.79494
4.34152 -1.11239 1.06265
1.29791 3.92389 4.33175
4.85141 -4.12726 -3.9241
2.97618 3.05303 4.9222
-1.72349 3.43357 4.55454
-4.09756 -2.9441 4.95222
-4.09546 4.52251 1.53727
3.69186 -2.27279 3.64883
4.14104 -2.9801 1.40742
1.7217 3.62712 -3.72242
4.18468 -4.6016 -4.84614
1.00068 -3.27777 3.32329
1.90167 0.343972 0.606702
-2.04701 4.77079 4.84319
-2.28891 -0.941644 -3.44448
3.20284 1.65356 1.37757
-3.60694 -0.131749 4.59944
-4.48664 1.04829 -2.94243
-0.803148 -0.783738 2.15949
-2.59189 2.91759 -4.9536
-1.66893 1.23609 -0.0486048
-4.70106 2.33923 0.385397
4.07029 -4.11084 3.6039
0.911375 -2.7507 -2.25841
-2.57123 4.06644 -3.84955
-2.7167 2.5408 -3.3516
4.84665 3.22882 -3.66014
-3.9043 1.26182 2.88355
3.81355 0.62823 -1.26186
4.88658 2.63849 1.46868
4.60969 3.71316 0.185931
