2.60236 3.68607 -3.2679
-3.17518 4.71574 -3.66271
-4.92837 -4.87059 0.034829
-4.14904 -4.4466 -0.0848401
4.37557 2.68017 4.53884
-1.63695 0.933621 -2.41788
0.704638 -4.35797 2.20743
-0.175111 -2.31028 -0.868004
-4.42598 0.953072 1.97084
-1.28531 -4.67965 4.20213
-4.8665 3.63501 -1.89293
2.72119 -4.40227 -4.40803
-0.826527 -2.74126 -2.53965
-1.36768 2.53744 0.0793962
4.58756 -3.06087 -0.191421
0.749559 1.10793 4.36103
0.361471 0.467993 -3.67635
-4.77713 -0.777 4.85199
-4.20827 1.18197 -2.39479
3.66049 -3.45009 -1.82628
4.69417 -4.90326 3.87687
2.79948 -3.80216 2.91397
-1.42835 -4.74176 3.12659
0.649201 4.86623 -2.90189
4.20557 4.02414 -1.96988
-3.36513 2.04073 0.736363
2.63695 3.95053 4.92907
-0.440505 -4.01237 -4.82647
-4.95356 -3.82385 -1.0203
-4.78733 4.34296 -4.42408
3.60169 0.95202 1.94392
2.50946 0.108228 1.3697
3.52028 -4.93896 -3.95594
-2.99788 -1.98903 2.66025
-3.98524 0.34048 -2.95772
4.76564 4.3389 2.76447
-1.86398 3.78155 0.390061
-2.45356 0.0793498 3.83414
4.83374 -3.99162 -3.37025
-3.13155 -4.11994 3.27643
3.73545 -4.59555 1.63876
-2.89329 0.95585 4.28553
-2.67913 4.02636 -2.71431
-1.58526 -2.40244 -0.951519
4.22616 -4.62483 -3.88733
4.56029 -4.73436 -4.339
3.0181 -3.50017 -4.9771
-0.13602 -2.50271 0.726804
-4.87293 -2.49147 -1.31382
3.85437 -1.45213 -3.17193
-3.35572 -4.61474 -3.90357
2.33225 0.337639 -0.548688
3.20282 2.29458 4.34256
3.65311 2.19336 2.29906
-1.58858 -0.901754 4.94787
1.19225 -0.466703 -4.2239
-0.502811 -4.0795 2.48087
-4.2521 -2.73471 -3.23533
-0.176334 -4.71388 4.9205
-3.86177 2.46812 -0.677106
-2.1952 -2.04052 -2.79853
2.56087 3.32205 4.66831
-1.24531 4.13423 4.73169
-3.5222 3.14198 -1.41825
-4.72642 -4.69166 -3.08633
-3.17124 -4.3841 -4.26674
3.49902 -4.54698 2.79367
2.80632 -0.0242975 -3.94802
-4.72214 -1.02163 -4.89854
4.29326 -1.12181 0.986564
0.772735 3.94854 4.12818
4.78089 -4.07059 -4.01958
2.97792 3.17051 4.90722
-1.90093 3.43589 4.51955
-4.00729 -2.96659 -4.94299
-4.14526 4.61001 1.55766
3.77816 -2.14419 3.69904
4.19289 -2.95803 1.42269
1.73115 3.58578 -3.65093
4.13408 -4.76912 -4.92627
1.00446 -3.23506 3.26809
1.93197 0.252957 0.605718
-2.06615 4.74762 4.8908
-2.32403 -0.951022 -3.50201
3.13754 1.56594 1.32815
-3.56584 -0.131731 4.6888
-4.41604 1.06735 -2.67344
-0.808727 -0.7955 2.18967
-2.63625 2.8875 4.96588
-1.68052 1.24982 -0.0474991
-4.67549 2.30494 0.360842
4.00116 -4.03185 3.57606
0.979635 -2.69539 -2.29088
-2.22059 4.09997 -3.85072
-2.75531 2.57704 -3.29789
4.84174 3.19649 -3.62589
-3.98867 1.2649 2.85311
3.924 0.697618 -1.18525
4.88413 2.67124 1.49795
4.63114 3.65228 0.145715
