2.45147 3.80114 -3.0859
-3.05039 4.79365 -3.53101
-4.99129 -4.96556 0.0388204
-4.11946 -4.46233 -0.0911496
4.43858 2.62301 4.46695
-1.56033 0.939819 -2.35961
0.70815 -4.36887 2.22845
-0.0547576 -2.45792 -0.801222
-4.35953 1.0524 1.94708
-1.21769 -4.73001 4.06437
-4.91152 3.53594 -1.83235
2.63256 -4.30357 -4.42067
-0.829394 -2.74202 -2.58319
-1.65878 2.39021 0.173668
4.64296 -3.03761 -0.252188
0.757952 1.12147 4.3241
0.368513 0.354427 -3.65446
-4.81639 -0.788246 4.86661
-4.1485 1.20368 -2.42017
3.70915 -3.46172 -1.76399
4.77004 -4.92198 3.94854
2.81796 -3.79131 2.9378
-1.30816 -4.68745 3.10733
0.659013 4.9749 -2.91124
4.22703 4.07657 -1.98707
-3.43235 1.98936 0.702476
2.67905 3.89768 4.87081
-0.459899 -4.0262 -4.82837
4.94147 -3.72736 -0.983342
-4.70824 4.2955 -4.4773
3.63632 1.05326 1.85404
2.26346 0.0105408 0.982168
3.51377 -4.89582 -3.80596
-2.95266 -2.02493 2.58531
-3.95569 0.333995 -2.97028
4.83981 4.45128 2.79609
-1.87993 3.79865 0.392427
-2.49493 0.0824085 3.86385
4.84441 -4.08884 -3.37185
-3.15397 -4.02604 3.42052
3.63344 -4.71155 1.63374
-2.93111 0.803803 4.25282
-2.71531 4.02754 -2.709
-1.48434 -2.39576 -1.05481
4.33835 -4.62752 -3.97019
4.36362 -4.72279 -4.32166
3.01738 -3.45649 -4.8975
-0.0955148 -2.54865 0.741783
-4.94769 -2.47609 -1.32302
3.91562 -1.46336 -3.16493
-3.38031 -4.61928 -3.90772
2.2737 0.336847 -0.552772
3.16017 2.30613 4.28282
3.62942 2.16548 2.34062
-1.50219 -0.823115 4.99016
1.2035 -0.468534 -4.24309
-0.511464 -4.00633 2.51174
-4.23297 -2.5369 -3.32725
-0.227243 -4.81411 4.93279
-3.95076 2.41594 -0.684356
-2.22495 -2.07288 -2.77204
2.45856 3.30341 4.6905
-1.07135 4.08903 4.61292
-3.51352 3.07426 -1.41966
-4.81952 -4.73318 -3.09197
-3.19872 -4.33035 -4.25518
3.55431 -4.58107 2.79963
2.78991 -0.220745 -3.90128
-4.60796 -0.933427 4.88327
4.24658 -1.13134 0.910647
0.247582 3.97781 3.92738
4.72129 -4.01637 -4.1194
2.98181 3.2896 4.89709
-2.07876 3.43966 4.48697
-3.92203 -2.9904 -4.84355
-4.19825 4.70123 1.57854
3.86809 -2.01583 3.75384
4.24649 -2.93653 1.43834
1.74047 3.54648 -3.58271
4.08877 -4.94442 4.98142
1.00835 -3.19288 3.21402
1.96215 0.162092 0.604554
-2.08644 4.73237 4.94476
-2.35969 -0.960389 -3.56218
3.07352 1.47929 1.27853
-3.52587 -0.13168 4.78139
-4.34926 1.08592 -2.40708
-0.814381 -0.807268 2.22037
-2.6822 2.85881 4.88689
-1.69224 1.26354 -0.0463731
-4.65416 2.27121 0.336279
3.93412 -3.95463 3.55209
1.04836 -2.64115 -2.32415
-1.87028 4.13631 -3.85558
-2.79473 2.61404 -3.24603
4.84077 3.16603 -3.59341
-4.07637 1.26868 2.82444
4.03815 0.767185 -1.10915
4.8878 2.7055 1.52779
4.66229 3.59718 0.105556
