2.15519 4.05076 -2.73157
-2.80613 4.99056 -3.27336
4.88249 4.84723 0.0471696
-4.07157 -4.50354 -0.103525
4.5728 2.51243 4.33098
-1.40732 0.952788 -2.24563
0.715643 -4.39462 2.27116
0.186339 -2.75493 -0.6679
-4.2395 1.25083 1.89999
-1.08363 -4.84667 3.79766
4.96768 3.34765 -1.71329
2.45574 -4.1143 -4.45613
-0.835278 -2.74724 -2.67365
-2.24158 2.09896 0.362665
4.76532 -2.99365 -0.372278
0.774925 1.14918 4.25432
0.382637 0.12777 -3.61361
-4.9079 -0.806689 4.9591
-4.0222 1.25774 -2.47783
3.81057 -3.48795 -1.64015
4.93109 -4.97446 4.10283
2.85554 -3.7723 2.98866
-1.06903 -4.58534 3.07044
0.678671 -4.80738 -2.93444
4.29056 4.1954 -2.02318
-3.57158 1.88784 0.635518
2.76525 3.81848 4.77637
-0.498824 -4.05983 -4.86169
4.7471 -3.541 -0.910123
-4.59435 4.24005 -4.60786
3.71677 1.25491 1.67735
1.78072 -0.205273 0.213428
3.50771 -4.8338 -3.51983
-2.86783 -2.09877 2.43901
-3.90136 0.319774 -3.00144
4.99872 4.69378 2.86296
-1.91266 3.83659 0.397373
-2.57857 0.0875491 3.92875
4.93727 -4.29363 -3.37993
-3.20943 -3.84931 3.71996
3.43521 -4.9565 1.62385
-3.01258 0.504011 4.19898
-2.79006 4.0361 -2.7003
-1.28527 -2.3852 -1.26135
4.58889 -4.65427 -4.1462
3.98675 -4.73074 -4.32912
3.01847 -3.37172 -4.75014
-0.0146748 -2.64239 0.772486
4.89022 -2.44604 -1.34234
4.04345 -1.48602 -3.15374
-3.43967 -4.66107 -3.92114
2.15773 0.33567 -0.56218
3.08042 2.3321 4.17286
3.58736 2.11329 2.42629
-1.32943 -0.666164 -4.92562
1.22669 -0.47247 -4.28576
-0.529223 -3.86317 2.57471
-4.21112 -2.14358 -3.51786
-0.327864 4.96912 4.98365
-4.13934 2.31447 -0.699542
-2.2861 -2.13889 -2.72098
2.2506 3.27177 4.74447
-0.723493 4.01354 4.38488
-3.50011 2.94266 -1.42363
4.94473 -4.83091 -3.10509
-3.25892 -4.23538 -4.24384
3.66787 -4.65815 2.81454
2.76316 -0.612996 -3.81703
-4.37884 -0.764203 4.36086
4.15745 -1.15082 0.759219
-0.801657 4.05371 3.53205
4.62901 -3.91486 -4.3367
2.99622 3.53312 4.88961
-2.43595 3.45203 4.42802
-3.76612 -3.04247 -4.6615
-4.31565 4.89428 1.62153
4.06026 -1.76015 3.87562
4.35832 -2.89569 1.47069
1.75876 3.47383 -3.4555
4.01247 4.73383 4.85641
1.01642 -3.10995 3.10914
2.01716 -0.00333717 0.599239
-2.13029 4.72254 -4.93839
-2.4329 -0.979261 -3.69036
2.94848 1.30849 1.17868
-3.44929 -0.131493 4.97517
-4.23167 1.11813 -1.87444
-0.82601 -0.830853 2.28365
-2.77929 2.80512 4.74206
-1.716 1.29071 -0.0441933
-4.62398 2.20519 0.287267
3.80576 -3.80598 3.51361
1.18696 -2.53538 -2.39311
-1.17013 4.21669 -3.87587
-2.87627 2.69045 -3.14792
4.8499 3.11029 -3.53405
-4.26306 1.27804 2.77239
4.27905 0.90675 -0.958526
4.91228 2.77854 1.58906
4.75218 3.50129 0.0253662
