2.00857 4.18573 -2.5576
-2.68651 -4.89915 -3.14631
4.82578 4.76137 0.0515066
-4.0543 -4.53014 -0.109594
4.64401 2.45871 4.26659
-1.331 0.959573 -2.1897
0.7196 -4.40964 2.29296
0.306968 -2.90448 -0.601314
-4.18581 1.35002 1.8767
-1.01728 -4.91475 3.66945
4.90448 3.25762 -1.6548
2.36733 -4.02354 -4.47851
-0.838425 -2.75168 -2.72037
-2.53392 1.95481 0.457629
4.83009 -2.97305 -0.431245
0.783486 1.16333 4.22149
0.389678 0.0146639 -3.5944
-4.95816 -0.815834 -4.99027
-3.96208 1.28647 -2.51102
3.86244 -3.50275 -1.57863
-4.98304 4.99015 4.18581
2.8746 -3.76445 3.01568
-0.950089 -4.53795 3.053
0.688402 -4.70412 -2.948
4.32887 4.26237 -2.04208
-3.64401 1.8375 0.602496
2.80747 3.79221 4.73735
-0.518381 -4.08257 -4.88933
4.65422 -3.45161 -0.873879
-4.55856 4.22957 -4.68591
3.7629 1.35559 1.59024
1.53932 -0.324109 -0.17351
3.50734 -4.81443 -3.38197
-2.8283 -2.13692 2.36768
-3.87691 0.312215 -3.0199
-4.91898 4.82403 2.89833
-1.92956 3.85735 0.399966
-2.62043 0.0893074 3.96487
-4.98818 -4.40183 -3.38728
-3.24278 -3.76661 3.87704
3.33827 4.91682 1.61905
-3.05709 0.356586 4.17987
-2.82903 4.04386 -2.69676
-1.18713 -2.38129 -1.36447
4.72732 -4.68083 -4.24299
3.80188 -4.75135 -4.34959
3.02022 -3.33076 -4.6818
0.0255474 -2.69025 0.788297
4.81151 -2.43139 -1.35253
4.10993 -1.49748 -3.14955
-3.47504 -4.69443 -3.93024
2.10028 0.335432 -0.567592
3.04307 2.3465 4.12238
3.56888 2.08875 2.47044
-1.24306 -0.587824 -4.8873
1.2386 -0.474544 -4.30917
-0.53833 -3.79318 2.607
-4.20828 -1.94797 -3.61693
-0.377697 4.86226 -4.98223
-4.24082 2.26505 -0.707586
-2.31771 -2.17259 -2.6962
2.14522 3.25831 4.77663
-0.549622 3.9822 4.27669
-3.49609 2.87859 -1.42615
4.81454 -4.88767 -3.1124
-3.2923 -4.1931 -4.24285
3.72643 -4.70214 2.82349
2.75248 -0.808865 -3.77922
-4.26766 -0.680109 4.10327
4.1147 -1.16082 0.68373
-1.32622 4.10294 3.33726
4.59292 -3.86799 -4.45427
3.00727 3.65669 4.89264
-2.6156 3.46073 4.40245
-3.6955 -3.07092 -4.57825
-4.38072 4.99576 1.64366
4.16344 -1.63303 3.94249
4.41637 -2.87663 1.48742
1.76784 3.44034 -3.39605
3.98077 4.60804 4.82417
1.0206 -3.06926 3.05836
2.04533 -0.0775863 0.600012
-2.15393 4.72676 -4.8884
-2.47062 -0.988861 -3.75788
2.88711 1.22395 1.12861
-3.41275 -0.131373 -4.92581
-4.17727 1.13376 -1.60741
-0.832033 -0.842707 2.31646
-2.83063 2.77975 4.67619
-1.72798 1.30417 -0.0431601
-4.61536 2.17279 0.262934
3.74425 -3.73481 3.49881
1.25663 -2.48367 -2.42866
-0.820255 4.26049 -3.88977
-2.9187 2.72996 -3.10129
4.85918 3.08481 -3.50703
-4.36294 1.28335 2.74932
4.40661 0.976626 -0.8839
4.93268 2.81722 1.62056
4.80949 3.45861 -0.0145751
