1.9355 4.25572 -2.47112
-2.62721 -4.84631 -3.08309
4.79884 4.72001 0.0537214
-4.0471 -4.54482 -0.112593
4.68078 2.43216 4.23529
-1.29288 0.963048 -2.16194
0.721649 -4.41775 2.30402
0.367302 -2.97956 -0.568024
-4.16047 1.39961 1.86522
-0.98423 -4.95166 3.60685
4.87536 3.21355 -1.6258
2.32316 -3.97907 -4.49072
-0.840041 -2.75435 -2.74403
-2.68039 1.88302 0.505271
4.86344 -2.96306 -0.460374
0.787792 1.17047 4.2056
0.393192 -0.0418387 -3.58505
-4.98432 -0.82042 -4.96552
-3.93313 1.30106 -2.52824
3.88864 -3.51061 -1.54796
-4.94104 4.97298 4.22901
2.88429 -3.76112 3.02962
-0.890718 -4.51523 3.04462
0.693252 -4.65398 -2.95514
4.34904 4.29798 -2.05171
-3.681 1.8124 0.586122
2.82752 3.78238 4.71885
-0.528167 -4.09597 -4.90446
4.60863 -3.40786 -0.855835
-4.54526 4.22826 -4.72834
3.78756 1.40593 1.54695
1.41838 -0.383818 -0.367123
3.50805 -4.80742 -3.31401
-2.80919 -2.15637 2.33253
-3.86538 0.308353 -3.02963
-4.88001 4.89096 2.91656
-1.93814 3.86816 0.401301
-2.64117 0.0899339 3.98448
-4.96246 -4.45749 -3.39188
-3.2606 -3.72681 3.95788
3.29051 4.85593 1.61673
-3.08056 0.283515 4.17437
-2.84895 4.04915 -2.69516
-1.13835 -2.37967 -1.41595
4.80113 -4.6976 -4.29393
3.71057 -4.76518 -4.3631
3.02149 -3.31064 -4.64879
0.0456113 -2.71446 0.796345
4.773 -2.42414 -1.35776
4.14388 -1.50325 -3.14771
-3.49401 -4.71292 -3.93538
2.07172 0.335435 -0.570447
3.02509 2.35402 4.0983
3.56033 2.07678 2.49289
-1.19987 -0.548679 -4.86894
1.24465 -0.475601 -4.32137
-0.54292 -3.75858 2.62342
-4.20869 -1.85038 -3.66724
-0.402511 4.81158 -4.96753
-4.29383 2.24069 -0.711732
-2.33378 -2.18959 -2.68393
2.09233 3.25213 4.79411
-0.462618 3.96776 4.22451
-3.49485 2.847 -1.42751
4.7548 -4.91808 -3.11624
-3.30976 -4.17284 -4.24337
3.75665 -4.72614 2.82836
2.74781 -0.906765 -3.7612
-4.21313 -0.638158 3.97663
4.09378 -1.16591 0.64606
-1.58875 4.13079 3.24084
4.57777 -3.84569 -4.51522
3.01432 3.71875 4.89643
-2.7057 3.46572 4.39067
-3.66178 -3.08576 -4.53834
-4.41451 -4.95234 1.6549
4.21719 -1.56972 3.97795
4.44603 -2.86755 1.49596
1.77242 3.42422 -3.36721
3.96746 4.55138 4.81418
1.02276 -3.04914 3.03341
2.05971 -0.114716 0.600839
-2.1661 4.73107 -4.86541
-2.48975 -0.993716 -3.79229
2.85673 1.18181 1.10361
-3.39492 -0.131308 -4.87887
-4.15105 1.14153 -1.47392
-0.835084 -0.848662 2.33322
-2.85694 2.76736 4.6449
-1.73399 1.3109 -0.0426419
-4.61271 2.15673 0.250844
3.71442 -3.70016 3.49254
1.29157 -2.45813 -2.44666
-0.645346 4.28329 -3.89732
-2.94036 2.75011 -3.07849
4.86491 3.07265 -3.49414
-4.41467 1.28608 2.73865
4.47252 1.01155 -0.846709
4.94501 2.83704 1.63655
4.84137 3.43845 -0.0344752
