1.86258 4.32741 -2.38494
-2.56819 -4.79485 -3.02004
4.7728 4.67977 0.0559678
-4.0408 -4.56025 -0.115569
4.71837 2.40581 4.20459
-1.25479 0.966584 -2.1343
0.72375 -4.42625 2.3152
0.427651 -3.05487 -0.534735
-4.13612 1.44925 1.85389
-0.95124 -4.99034 3.54517
4.84791 3.17012 -1.59697
2.27903 -3.93518 -4.5036
-0.841679 -2.75733 -2.76791
-2.82706 1.81141 0.55302
4.89752 -2.95322 -0.489252
0.792117 1.17765 4.19005
0.396703 -0.0983084 -3.57586
4.98881 -0.82501 -4.94164
-3.90493 1.3158 -2.54582
3.91505 -3.51879 -1.51736
-4.90059 4.95719 4.27346
2.8941 -3.75816 3.04386
-0.831395 -4.49307 3.03648
0.6981 -4.60485 -2.96251
4.36997 4.33513 -2.06146
-3.71854 1.78737 0.56984
2.84655 3.77435 4.70041
-0.537955 -4.11064 -4.92046
4.56356 -3.36468 -0.83783
-4.53478 4.22945 -4.77321
3.81333 1.45633 1.50382
1.29734 -0.443659 -0.560791
3.5095 -4.80213 -3.24664
-2.7905 -2.17604 2.29773
-3.85431 0.304447 -3.03966
-4.84234 4.95937 2.93517
-1.9468 3.8793 0.40266
-2.66166 0.090418 4.00512
-4.94842 -4.51437 -3.39711
-3.27914 -3.68801 4.0404
3.2432 4.79665 1.61447
-3.105 0.210842 4.17165
-2.86914 4.05535 -2.69369
-1.08973 -2.37825 -1.46737
4.87874 -4.71681 -4.34661
3.62008 -4.78127 -4.37867
3.02306 -3.29077 -4.6165
0.0656442 -2.73885 0.80449
4.73505 -2.41692 -1.36308
4.17834 -1.50904 -3.14603
-3.51375 -4.73264 -3.94095
2.04327 0.335523 -0.573376
3.00758 2.36175 4.07499
3.55225 2.06501 2.51559
-1.15668 -0.509544 -4.85108
1.25077 -0.476666 -4.33389
-0.547533 -3.72421 2.64002
-4.21025 -1.75292 -3.71804
-0.427275 4.76258 -4.95433
-4.34851 2.2166 -0.715976
-2.35002 -2.20669 -2.67174
2.03936 3.24635 4.81254
-0.375568 3.95413 4.17351
-3.49412 2.81571 -1.42894
4.69961 -4.94986 -3.12022
-3.32769 -4.15319 -4.24456
3.78755 -4.75141 2.83352
2.74359 -1.00465 -3.74374
-4.15931 -0.596271 3.85128
4.07316 -1.17105 0.608441
-1.85152 4.16059 3.14506
4.56466 -3.82424 -4.57761
3.0226 3.78123 4.90211
-2.79599 3.47115 4.37957
-3.62902 -3.10099 -4.49954
-4.44913 -4.90157 1.66626
4.27257 -1.50657 4.01498
4.47612 -2.85871 1.50461
1.77705 3.40852 -3.33893
3.95609 4.49825 4.80791
1.02495 -3.02915 3.00876
2.07423 -0.151884 0.601878
-2.17848 4.73681 -4.84365
-2.50906 -0.998611 -3.82711
2.82655 1.13974 1.07867
-3.37737 -0.131233 -4.83351
-4.12549 1.14928 -1.34047
-0.838159 -0.854627 2.35021
-2.88363 2.75515 4.61467
-1.74 1.31766 -0.0421163
-4.61119 2.1408 0.238814
3.68525 -3.6661 3.48701
1.32658 -2.43278 -2.4648
-0.470449 4.30668 -3.90524
-2.96231 2.77054 -3.05602
4.87138 3.06088 -3.48164
-4.46767 1.28887 2.72857
4.54007 1.04646 -0.809593
4.95877 2.85726 1.65272
4.87555 3.4192 -0.0543223
