1.49999 4.71119 -1.95701
-2.2765 -4.55524 -2.70704
4.6559 4.49395 0.067679
-4.0213 -4.64833 -0.130129
4.91944 2.27703 4.05969
-1.06477 0.985188 -1.99783
0.735063 -4.47554 2.3729
0.729662 -3.43537 -0.36831
-4.0287 1.69857 1.80033
-0.787482 4.83628 3.24779
4.7369 2.96148 -1.45571
2.05892 -3.72362 -4.57762
-0.850332 -2.77691 -2.89068
-3.56264 1.45474 0.793995
-4.93647 -2.90645 -0.630497
0.813962 1.21417 4.1174
0.414158 -0.380244 -3.53223
4.86744 -0.84785 -4.8346
-3.77513 1.39142 -2.6387
4.05084 -3.56516 -1.36561
-4.71938 4.90353 4.52126
2.94484 -3.74881 3.11939
-0.53528 -4.40466 2.99976
0.722331 -4.37537 -3.00279
4.48774 4.54418 -2.11157
-3.91623 1.66313 0.489406
2.93513 3.74717 4.61168
-0.587067 -4.20281 4.9868
4.3527 -3.15645 -0.747346
-4.51952 4.27475 4.95675
3.96074 1.70985 1.29007
0.691481 -0.743723 -1.53
3.52857 -4.8077 -2.91769
-2.70345 -2.27796 2.12839
-3.80679 0.284412 -3.09421
-4.67248 -4.7026 3.03466
-1.99132 3.93961 0.409817
-2.75985 0.0930631 4.12437
4.97833 -4.85563 -3.43373
-3.38281 -3.5086 4.48398
3.01303 4.5221 1.60443
-3.24659 -0.150303 4.19894
-2.97423 4.09871 -2.6882
-0.848699 -2.37434 -1.72346
-4.71543 -4.85759 -4.6401
3.17908 -4.89531 -4.4867
3.03542 -3.19517 -4.46497
0.165305 -2.86373 0.846605
4.55541 -2.38123 -1.39126
4.35768 -1.53851 -3.1399
-3.62288 -4.85077 -3.9757
1.90233 0.336953 -0.588763
2.92696 2.40416 3.96974
3.51944 2.00893 2.63285
-0.940778 -0.313931 -4.7691
1.28227 -0.482 -4.40149
-0.571148 -3.55695 2.72611
-4.24009 -1.26775 -3.98034
-0.551086 4.53771 -4.90815
-4.65318 2.10046 -0.739384
-2.43402 -2.29383 -2.6119
1.77406 3.22344 4.91915
0.060201 3.89472 3.93352
-3.49775 2.66337 -1.4372
4.4838 4.90756 -3.14344
-3.42415 -4.06491 -4.26065
3.95327 -4.89371 2.86355
2.72779 -1.49422 -3.66446
-3.90406 -0.387949 3.23709
3.97462 -1.19743 0.421085
-3.16979 4.32774 2.67432
4.53126 -3.7309 -4.91245
3.077 4.10978 4.95872
-3.25099 3.50478 4.33406
-3.47916 -3.1832 -4.32286
-4.63486 -4.66111 1.72463
4.5675 -1.19297 4.22835
4.63386 -2.81756 1.54971
1.80122 3.33582 -3.20523
3.92975 4.2785 4.82618
1.03662 -2.93138 2.88972
2.14887 -0.338711 0.609498
-2.24307 4.78564 -4.75101
-2.60884 -1.02396 -4.00819
2.67913 0.930511 0.954971
-3.29597 -0.130524 -4.62822
-4.00888 1.1871 -0.674261
-0.853951 -0.8847 2.43892
-3.02268 2.69643 4.47869
-1.77032 1.352 -0.039238
-4.6212 2.06309 0.179734
3.54862 -3.50256 3.47066
1.50272 -2.30925 -2.55762
0.404033 4.43262 -3.95
-3.0767 2.87665 -2.94839
4.91497 3.00722 -3.42507
-4.75405 1.30345 2.68611
4.91314 1.22018 -0.625301
-4.95879 2.96527 1.73626
-4.92025 3.33671 -0.152716
