1.4279 4.79302 -1.87188
-2.2187 -4.51033 -2.64488
4.63591 4.4596 0.0701088
-4.01935 -4.66809 -0.132992
4.96265 2.25184 4.03232
-1.02681 0.989102 -1.97087
0.737524 -4.48689 2.38478
0.790167 -3.51239 -0.335033
-4.00946 1.74876 1.79043
-0.754983 4.80898 3.18997
4.72106 2.92127 -1.42814
2.01504 -3.68282 -4.59439
-0.852141 -2.7818 -2.91605
-3.70992 1.38319 0.843029
-4.91314 -2.89773 -0.658311
0.818393 1.22158 4.10386
0.417644 -0.436564 -3.52396
4.84577 -0.852381 -4.81598
-3.75128 1.40689 -2.65828
4.07923 -3.57572 -1.33556
-4.68671 4.8992 4.57719
2.95538 -3.74805 3.13536
-0.476106 -4.39213 2.9932
0.727201 -4.33286 -3.01163
4.51425 4.59033 -2.12185
-3.95785 1.63862 0.473258
2.95342 3.74393 4.59634
-0.596927 -4.22487 4.968
4.31752 -3.11608 -0.728938
-4.52249 4.29244 4.89908
3.99514 1.76095 1.24766
0.570366 -0.803776 -1.724
3.53463 -4.81741 -2.85339
-2.68719 -2.2991 2.09536
-3.79881 0.28033 -3.10598
-4.64188 -4.63838 3.0559
-2.0004 3.95259 0.411312
-2.7788 0.0941154 4.15169
4.95022 -4.94649 -3.44379
-3.40566 -3.4755 4.58028
2.96845 4.47109 1.60268
-3.27867 -0.222896 4.21215
-2.99604 4.10963 -2.68753
-0.800778 -2.37422 -1.77453
-4.64145 -4.898 -4.70823
3.09296 -4.92543 -4.51483
3.03887 -3.17688 -4.43654
0.185166 -2.88934 0.85527
4.52283 -2.37421 -1.39725
4.3951 -1.54454 -3.13914
-3.64658 -4.87857 -3.98438
1.87438 0.337388 -0.591971
2.91236 2.41343 3.95087
3.51478 1.99822 2.65701
-0.897607 -0.2748 -4.75412
1.28879 -0.483052 -4.41602
-0.576009 -3.52448 2.74393
-4.25089 -1.17115 -4.03475
-0.57593 4.49609 -4.90275
-4.72176 2.07814 -0.744705
-2.45136 -2.3116 -2.60017
1.72106 3.22004 4.94343
0.147455 3.88425 3.8879
-3.49975 2.63365 -1.43909
4.44934 4.89287 -3.14902
-3.44468 -4.04943 -4.26618
3.98893 -4.92502 2.87041
2.72576 -1.59227 -3.65021
-3.85525 -0.346507 3.11589
3.95598 -1.20285 0.383748
-3.43449 4.36447 2.58154
4.5314 -3.7153 -4.98446
3.08946 4.17954 4.97518
-3.34276 3.51279 4.32686
-3.45161 -3.20084 -4.29143
-4.6744 -4.61529 1.7366
4.63048 -1.13067 4.27807
4.66716 -2.80989 1.55909
1.80632 3.32236 -3.17993
3.93106 4.24247 4.83848
1.03912 -2.91225 2.8667
2.1643 -0.376324 0.611419
-2.25642 4.79933 -4.73557
-2.62941 -1.02926 -4.04596
2.65053 0.888888 0.930469
-3.28086 -0.130265 -4.59112
-3.98804 1.19439 -0.541279
-0.857156 -0.89077 2.4574
-3.05147 2.68517 4.45425
-1.77641 1.35899 -0.0385974
-4.62641 2.04801 0.168148
3.5232 -3.47096 3.46963
1.53822 -2.28523 -2.57664
0.578959 4.45971 -3.96017
-3.1005 2.89866 -2.9278
4.92602 2.9974 -3.41498
-4.81566 1.30646 2.67907
4.99891 1.25452 -0.588777
-4.94421 2.98833 1.7535
-4.88109 3.32299 -0.17225
