1.28408 4.96186 -1.70198
-2.1036 -4.42301 -2.52106
4.59975 4.39348 0.0750287
-4.01717 -4.7098 -0.138697
-4.94949 2.20198 3.97898
-0.95092 0.997138 -1.91728
0.74267 -4.51118 2.40883
0.911304 -3.66756 -0.268502
-3.97276 1.84968 1.77162
-0.690254 4.76031 3.0754
4.69717 2.84227 -1.37382
1.92741 -3.60264 -4.63002
-0.855877 -2.79262 -2.96786
-4.00531 1.23921 0.942459
-4.87708 -2.88107 -0.713707
0.827328 1.23652 4.07773
0.424623 -0.549152 -3.5079
4.80529 -0.861406 -4.78242
-3.70551 1.43815 -2.69852
4.13752 -3.59828 -1.27578
-4.62489 4.90164 4.69826
2.97686 -3.74773 3.16808
-0.357783 -4.37112 2.98071
0.736937 -4.25122 -3.0303
4.57008 4.68726 -2.14271
-4.04282 1.59015 0.440656
2.99139 3.74021 4.56904
-0.616708 -4.27229 4.93452
4.25336 -3.03631 -0.691685
-4.53435 4.33841 4.79657
4.07018 1.86365 1.16312
0.328263 -0.923874 -2.11219
3.54814 -4.84693 -2.72629
-2.65574 -2.34217 2.03
-3.78431 0.272129 -3.13041
-4.58384 -4.51329 3.09966
-2.0187 3.97945 0.414349
-2.81661 0.0969274 4.21012
4.90362 4.85583 -3.46802
-3.45368 -3.41196 4.78262
2.88078 4.37246 1.59936
-3.34611 -0.368888 4.24579
-3.04053 4.13354 -2.68671
-0.705152 -2.37471 -1.87658
-4.50086 4.99824 -4.86685
2.92208 -4.99466 -4.57962
3.04669 -3.14125 -4.38169
0.224822 -2.94122 0.872769
4.46123 -2.36031 -1.40965
4.47155 -1.55676 -3.13816
-3.69621 -4.93884 -4.00417
1.81874 0.338378 -0.598522
2.88486 2.4328 3.91519
3.50768 1.97724 2.70598
-0.811279 -0.196499 -4.72554
1.30205 -0.48512 -4.44613
-0.585924 -3.4604 2.7801
-4.27815 -0.978373 -4.14605
-0.625729 4.41582 -4.89607
-4.86804 2.03446 -0.756255
-2.48659 -2.34751 -2.577
1.6152 3.21443 4.99502
0.322041 3.86477 3.7984
-3.50489 2.57488 -1.44315
4.38252 4.87657 -3.16145
-3.48719 -4.02091 -4.2803
4.063 -4.99054 2.88488
2.72287 -1.78863 -3.62344
-3.75938 -0.263812 2.87455
3.91983 -1.21383 0.309184
-3.96539 4.44232 2.39697
4.53751 -3.68734 4.86988
3.11547 4.3244 -4.98605
-3.52716 3.53013 4.31412
-3.39879 -3.23737 -4.23365
-4.75597 -4.52601 1.76072
4.76103 -1.00651 4.38717
4.73575 -2.79509 1.57818
1.81681 3.29646 -3.13071
3.94011 4.17707 4.87011
1.04429 -2.87439 2.82132
2.19575 -0.451844 0.615584
-2.28356 4.83067 -4.7079
-2.67114 -1.04019 -4.12334
2.59435 0.805877 0.881707
-3.25169 -0.129568 -4.52059
-3.94858 1.20865 -0.275654
-0.863596 -0.902961 2.49507
-3.10992 2.6632 4.40776
-1.7886 1.37313 -0.0372508
-4.63984 2.01841 0.145197
3.47424 -3.4087 3.46962
1.60953 -2.23788 -2.61518
0.928825 4.51599 -3.98209
-3.14907 2.94349 -2.88762
4.95045 2.97858 -3.39616
-4.94325 1.31252 2.66627
-4.81893 1.32242 -0.516229
-4.91836 3.03597 1.78846
-4.81108 3.29839 -0.211246
