1.21234 -4.95109 -1.61719
-2.04627 -4.38056 -2.45939
4.58359 4.36163 0.0775165
-4.0169 -4.73178 -0.141542
-4.90671 2.17725 3.95304
-0.912961 1.00126 -1.89063
0.745366 -4.52417 2.42101
0.971946 -3.74579 -0.235238
-3.95511 1.90043 1.76272
-0.658017 4.73865 3.0186
4.68965 2.8034 -1.34709
1.88367 -3.56329 -4.64887
-0.857807 -2.79856 -2.99433
-4.15363 1.16675 0.992828
-4.86384 -2.87317 -0.741323
0.831843 1.24404 4.06515
0.428129 -0.605425 -3.50012
4.78658 -0.865926 -4.76788
-3.68347 1.45391 -2.71918
4.16749 -3.61034 -1.24605
-4.59576 4.90654 4.76903
2.98781 -3.74824 3.18481
-0.29863 -4.36243 2.97479
0.741808 -4.21206 -3.04011
4.59948 4.7378 -2.15327
-4.08577 1.56616 0.424341
3.01125 3.73976 4.56089
-0.626627 -4.29764 4.91979
4.22392 -2.99691 -0.672836
-4.54312 4.36426 4.75321
4.11136 1.91525 1.12101
0.207281 -0.983935 -2.30638
3.5556 -4.86741 -2.6634
-2.64052 -2.36413 1.99764
-3.77773 0.268003 -3.14307
-4.55633 -4.45258 3.12216
-2.02791 3.99333 0.415893
-2.83555 0.0986479 4.2413
4.88495 4.76082 -3.48239
-3.47887 -3.38174 4.88959
2.83771 4.32472 1.59783
-3.38136 -0.442311 4.26614
-3.06319 4.14643 -2.68657
-0.657422 -2.37534 -1.92758
-4.43351 4.94437 -4.96898
2.83723 4.96503 -4.61525
3.05107 -3.124 -4.35536
0.244624 -2.96751 0.881597
4.43215 -2.35347 -1.41607
4.51061 -1.56299 -3.13797
-3.72212 -4.97213 -4.01539
1.79106 0.338924 -0.601866
2.87214 2.44287 3.89851
3.50545 1.96693 2.73081
-0.768117 -0.157328 -4.71193
1.30881 -0.486139 -4.46172
-0.590983 -3.42878 2.79848
-4.29488 -0.882207 -4.20316
-0.650672 4.37707 -4.89464
-4.94411 2.01309 -0.762529
-2.50448 -2.36567 -2.56557
1.56239 3.21219 -4.97743
0.409376 3.85576 3.75444
-3.50794 2.54579 -1.44531
4.35011 4.87105 -3.16833
-3.50917 -4.00824 -4.28916
4.1015 4.97515 2.89251
2.72204 -1.88701 -3.61096
-3.71216 -0.222566 2.75433
3.90237 -1.21941 0.271953
-4.23177 4.48386 2.30514
4.54341 -3.67539 4.80022
3.12907 4.4002 -4.97025
-3.61974 3.53936 4.30858
-3.37342 -3.25645 -4.20783
-4.79804 -4.48266 1.77288
4.82891 -0.94468 4.44758
4.77109 -2.78798 1.58788
1.82222 3.28398 -3.10671
3.94794 4.147 4.89175
1.04697 -2.85566 2.79896
2.21184 -0.48977 0.617819
-2.29732 4.84822 -4.69564
-2.69229 -1.04586 -4.16304
2.56684 0.764485 0.857453
-3.23759 -0.129124 -4.48709
-3.92912 1.21556 -0.143042
-0.866817 -0.909089 2.51427
-3.13945 2.65245 4.38568
-1.79468 1.38025 -0.0365433
-4.6476 2.00393 0.133829
3.45069 -3.37804 3.47053
1.64535 -2.21459 -2.6347
1.10377 4.54519 -3.99386
-3.17382 2.96626 -2.86801
4.9639 2.96945 -3.38739
4.991 1.31554 2.66051
-4.72994 1.35585 -0.48026
-4.90698 3.06051 1.80619
-4.78 3.28747 -0.23072
