1.06911 -4.78083 -1.44774
-1.93205 -4.29791 -2.33645
4.55496 4.30016 0.0825535
-4.01801 -4.77807 -0.147206
-4.82401 2.12801 3.90264
-0.837036 1.0097 -1.83759
0.751009 -4.55198 2.44574
1.09338 -3.90326 -0.168668
-3.92225 2.00248 1.74588
-0.593815 4.7001 2.90591
4.68305 2.72689 -1.29448
1.79631 -3.48649 -4.68851
-0.861841 -2.81152 -3.04834
-4.45311 1.02092 1.09472
-4.84604 -2.85829 -0.796431
0.840942 1.25915 4.04115
0.435188 -0.717926 -3.48507
4.75234 -0.875074 -4.74441
-3.64117 1.4856 -2.76158
4.22921 -3.6361 -1.18684
-4.54343 4.92029 4.96302
3.01017 -3.75124 3.21915
-0.180362 -4.34827 2.96367
0.75153 -4.13633 -3.06057
4.66133 4.84329 -2.17462
-4.17312 1.51858 0.392231
3.0527 3.74015 4.55733
-0.646543 -4.35155 4.8943
4.16941 -2.91899 -0.634685
-4.56684 4.41765 4.68271
4.20099 2.01891 1.03721
-0.0346552 -1.10412 -2.69493
3.57186 -4.92047 -2.53859
-2.61114 -2.40899 1.93358
-3.76603 0.259688 -3.16924
-4.50427 -4.33579 3.16854
-2.04648 4.02201 0.419051
-2.87394 0.102594 4.30782
4.85628 4.57611 -3.51582
-3.53185 -3.32483 -4.88882
2.753 4.23163 1.59511
-3.4553 -0.590029 4.31402
-3.10942 4.17384 -2.6868
-0.562117 -2.37734 -2.02944
-4.29919 4.8441 4.72992
2.66831 4.88893 -4.69105
3.06076 -3.09105 -4.30469
0.284159 -3.02078 0.89942
4.37724 -2.34008 -1.42936
4.59039 -1.57573 -3.13817
-3.77618 4.95799 -4.041
1.73591 0.340111 -0.608669
2.84847 2.46342 3.86829
3.50294 1.94652 2.78128
-0.681825 -0.0789375 -4.68597
1.32257 -0.488157 -4.4939
-0.601337 -3.36639 2.83589
-4.33552 -0.690291 -4.3209
-0.700654 4.30211 -4.89511
4.9057 1.97102 -0.776071
-2.54083 -2.40243 -2.54299
1.45691 3.20846 -4.92615
0.584098 3.8391 3.66842
-3.51518 2.4881 -1.44991
4.28718 4.86488 -3.18346
-3.55463 -3.98715 -4.31056
4.18168 4.90986 2.90866
2.72162 -2.08443 -3.58772
-3.61937 -0.140312 2.51471
3.86861 -1.23073 0.197597
-4.76756 4.57274 2.12236
4.56076 -3.65634 4.66668
3.15759 4.55377 -4.94995
-3.80583 3.55868 4.29921
-3.32455 -3.2967 -4.16187
-4.88494 -4.39954 1.79737
4.97066 -0.821547 4.58392
4.84394 -2.77447 1.60761
1.83334 3.2599 -3.05943
3.96997 4.08944 4.94851
1.05251 -2.81867 2.75493
2.24463 -0.565991 0.622614
-2.32523 4.88679 -4.67414
-2.73523 -1.0577 -4.24462
2.51281 0.681914 0.80924
-3.21036 -0.128036 -4.42344
-3.89081 1.2288 0.121685
-0.873306 -0.921435 2.55344
-3.19928 2.63134 4.34382
-1.80685 1.39464 -0.0350479
-4.66635 1.97566 0.111308
3.40542 -3.31816 3.47429
1.71733 -2.16868 -2.67416
1.45367 4.60565 -4.01859
-3.2244 3.01241 -2.82969
4.99322 2.95162 -3.37107
4.86686 1.32142 2.65033
-4.55907 1.42158 -0.409193
-4.88776 3.11079 1.8422
-4.72634 3.26831 -0.269628
