0.997591 -4.69749 -1.36311
-1.87514 -4.25768 -2.27514
4.54245 4.27051 0.0850945
-4.0194 -4.80241 -0.150026
-4.78408 2.10348 3.87815
-0.799078 1.01401 -1.81119
0.753962 -4.56686 2.4583
1.15418 -3.98254 -0.135349
-3.907 2.05378 1.73791
-0.561854 4.683 2.84999
4.68289 2.68923 -1.26864
1.75269 -3.44902 -4.7093
-0.863964 -2.81857 -3.07588
-4.60476 0.947585 1.14618
-4.84124 -2.85134 -0.823937
0.845522 1.26674 4.02972
0.438762 -0.774148 -3.47781
4.73685 -0.879741 -4.73598
-3.62099 1.50152 -2.78334
4.26103 -3.64981 -1.15734
-4.52024 4.92908 -4.93737
3.0216 -3.75376 3.23675
-0.121257 -4.34266 2.95849
0.756379 -4.09971 -3.0712
4.6938 4.89833 -2.18545
-4.218 1.49504 0.376622
3.07433 3.74098 4.56086
-0.656545 -4.38011 4.88353
4.14407 -2.88048 -0.615391
-4.58214 4.44483 4.65006
4.24966 2.071 0.995514
-0.155691 -1.16428 -2.88932
3.58063 -4.95311 -2.47663
-2.59699 -2.43191 1.90189
-3.76095 0.255497 -3.18274
-4.47968 -4.27961 3.19236
-2.05586 4.0368 0.420664
-2.89349 0.104779 4.34329
4.84606 4.48568 -3.53512
-3.55974 -3.29824 -4.78117
2.71134 4.18623 1.59392
-3.4941 -0.66432 4.3417
-3.13301 4.18823 -2.68719
-0.51453 -2.37873 -2.08029
-4.23157 4.79653 4.58226
2.58408 4.85295 -4.73121
3.06607 -3.07536 -4.28033
0.303887 -3.04777 0.908412
4.35134 -2.33354 -1.43623
4.63112 -1.58226 -3.13856
-3.80436 4.9251 -4.05583
1.70842 0.340748 -0.612128
2.83747 2.4739 3.85469
3.50264 1.93639 2.80691
-0.638701 -0.0397125 -4.67361
1.32958 -0.489155 -4.51049
-0.606637 -3.33562 2.85495
-4.35991 -0.594496 -4.38193
-0.725695 4.26582 -4.89691
4.83964 1.95016 -0.7833
-2.5593 -2.42105 -2.53182
1.40423 3.20697 -4.90232
0.671483 3.83146 3.62631
-3.5195 2.45947 -1.45234
4.25665 4.86414 -3.1918
-3.57815 -3.97935 -4.32257
4.22357 4.8788 2.91717
2.72202 -2.18352 -3.57695
-3.57373 -0.0993123 2.39529
3.85228 -1.23648 0.16047
4.96233 4.62041 2.03132
4.57219 -3.6492 4.60256
3.17263 4.63159 -4.94463
-3.89939 3.56868 4.29528
-3.30095 -3.31812 -4.13993
-4.92984 -4.36002 1.80971
-4.95479 -0.760202 4.6617
4.88151 -2.76808 1.61764
1.83903 3.24827 -3.03613
3.98409 4.06178 4.98292
1.05536 -2.80041 2.73326
2.26132 -0.604297 0.625172
-2.33938 4.90758 -4.66489
-2.75705 -1.0639 -4.28656
2.48623 0.640736 0.78528
-3.19724 -0.127391 -4.39323
-3.87198 1.235 0.253793
-0.876582 -0.927655 2.57343
-3.22961 2.62094 4.32398
-1.81297 1.40189 -0.0342616
-4.67821 1.96191 0.100145
3.38367 -3.28887 3.47712
1.75348 -2.14606 -2.69409
1.62862 4.63688 -4.03156
-3.25028 3.03574 -2.81099
-4.99092 2.94286 -3.36354
4.80835 1.32426 2.64588
-4.47948 1.45395 -0.374267
-4.87997 3.13651 1.86047
-4.70433 3.26006 -0.289084
