0.854685 -4.53405 -1.19403
-1.76169 -4.17921 -2.15273
4.52076 4.2133 0.0902304
-4.02395 -4.85355 -0.155613
-4.70686 2.05456 3.83068
-0.723126 1.02283 -1.75857
0.760149 -4.59868 2.48382
1.27598 -4.14227 -0.0685882
-3.87876 2.15695 1.72287
-0.498217 4.65284 2.73895
4.68947 2.61512 -1.21786
1.66561 -3.37582 -4.75275
-0.868419 -2.83384 -3.13201
-4.91249 0.800188 1.24993
-4.83939 -2.83839 -0.878852
0.854768 1.28197 4.00804
0.446108 -0.886512 -3.4638
4.71561 -0.88936 -4.72663
-3.58207 1.53349 -2.82793
4.32673 -3.67891 -1.09846
-4.47733 4.94996 -4.75745
3.04498 -3.76092 3.27297
-0.00313583 -4.33404 2.9489
0.76609 -4.02879 -3.09325
4.76223 -4.98669 -2.2073
-4.31082 1.44841 0.346196
3.11962 3.74399 4.57857
-0.676624 -4.44038 4.8659
4.09668 -2.80427 -0.576372
-4.62022 4.50117 4.60658
4.35567 2.17583 0.91262
-0.39812 -1.28489 -3.2786
3.59975 4.96965 -2.35325
-2.56974 -2.47871 1.8392
-3.75207 0.247061 -3.21059
-4.43376 -4.17127 3.24163
-2.07483 4.06731 0.42398
-2.93304 0.109513 4.41893
4.83495 4.30815 -3.57741
-3.61848 -3.24833 -4.5713
2.62914 4.09766 1.59194
-3.57404 -0.813757 4.40499
-3.18102 4.21834 -2.68839
-0.419402 -2.38226 -2.1818
-4.09861 4.70657 4.30788
2.41597 4.78461 -4.81578
3.07775 -3.0456 -4.23337
0.343268 -3.10251 0.926558
4.30258 -2.32082 -1.45037
4.71443 -1.59565 -3.13989
-3.86286 4.86303 -4.08807
1.65361 0.342103 -0.619152
2.81721 2.49527 3.83063
3.50401 1.91629 2.85906
-0.552467 0.0388204 -4.65009
1.34388 -0.491126 -4.54467
-0.617482 -3.27488 2.89383
-4.41507 -0.403015 -4.51034
-0.775855 4.19551 -4.90344
4.72177 1.90851 -0.798489
-2.59681 -2.45879 -2.50967
1.29901 3.20471 -4.85799
0.846309 3.81757 3.54387
-3.52936 2.40264 -1.45743
4.19777 4.86714 -3.20969
-3.62676 -3.96909 -4.34858
4.31027 4.81971 2.93537
2.72422 -2.38264 -3.55698
-3.48362 -0.0175743 2.15718
3.82078 -1.24816 0.0863248
4.43123 4.72244 1.84992
4.60063 -3.63948 4.4801
3.2045 4.78959 -4.94089
-4.08766 3.58927 4.28939
-3.2549 -3.36369 -4.09743
4.97526 -4.2853 1.83468
-4.82586 -0.63776 4.84136
4.959 -2.75602 1.63808
1.85074 3.22579 -2.99014
4.01865 4.00853 -4.94357
1.06126 -2.76432 2.69062
2.29537 -0.681322 0.630627
-2.36804 4.95223 -4.64904
-2.80118 -1.07693 -4.37303
2.43398 0.558606 0.737671
-3.17164 -0.12589 -4.3359
-3.8344 1.24653 0.517978
-0.883173 -0.94019 2.61428
-3.29097 2.60048 4.28664
-1.82525 1.41652 -0.0326052
-4.70697 1.9352 0.0779989
3.34185 -3.23144 3.48479
1.82615 -2.10144 -2.73429
1.97857 4.70128 -4.0586
-3.30289 3.08293 -2.77438
-4.96175 2.92562 -3.34956
4.69841 1.32972 2.63838
-4.32846 1.51788 -0.30602
-4.86885 3.18909 1.89764
-4.66988 3.24623 -0.327988
