0.711775 -4.37467 -1.02526
-1.6487 -4.10311 -2.03053
4.5033 4.15885 0.0954408
-4.03101 -4.90789 -0.161106
-4.6331 2.0058 3.78532
-0.647128 1.0319 -1.7062
0.766713 -4.63346 2.50991
1.39806 -4.30378 -0.00161591
-3.8536 2.26093 1.70903
-0.434977 4.62772 2.6289
4.7055 2.54275 -1.16829
1.57868 -3.30481 -4.79865
-0.873205 -2.85069 -3.18952
4.77719 0.651924 1.35462
-4.84765 -2.82666 -0.933655
0.864116 1.2973 3.98794
0.453737 -0.998797 -3.45033
4.7073 -0.899489 -4.72751
-3.54499 1.56567 -2.87395
4.39532 -3.71015 -1.03968
-4.43887 4.9751 -4.58962
3.06903 -3.77098 3.31072
0.114805 -4.32855 2.94043
0.775822 -3.96086 -3.11628
4.83542 -4.87831 -2.22937
-4.4082 1.40159 0.316551
3.16764 3.74878 4.61277
-0.696824 -4.50484 4.85343
4.0531 -2.72915 -0.536802
-4.66819 4.56179 4.58528
4.47424 2.28168 0.83049
-0.641187 -1.40595 -3.66924
3.621 4.8946 -2.23026
-2.54407 -2.5268 1.7774
-3.74495 0.238571 -3.2396
-4.3927 -4.06791 3.29308
-2.09415 4.09909 0.427421
-2.97334 0.114683 4.50138
4.83665 4.13504 -3.62365
-3.68183 -3.20209 -4.36793
2.54817 4.01194 1.59056
-3.65726 -0.96441 4.47963
-3.2302 4.25037 -2.69011
-0.324279 -2.38677 -2.28306
-3.96896 4.62261 4.04449
2.24835 4.72046 -4.90587
3.09082 -3.01804 -4.18866
0.382509 -3.1583 0.944921
4.25768 -2.30858 -1.46505
4.80029 -1.60947 -3.14198
-3.92426 4.8056 -4.12337
1.59899 0.343563 -0.626306
2.79912 2.51725 3.81103
3.50787 1.89636 2.91252
-0.466255 0.117496 -4.62811
1.35856 -0.493065 -4.58016
-0.628672 -3.21518 2.93379
-4.47834 -0.211219 -4.65553
-0.826139 4.12812 -4.91367
4.6192 1.86665 -0.814458
-2.63511 -2.49717 -2.48776
1.19389 3.20344 -4.81765
1.0212 3.80556 3.46376
-3.54084 2.34634 -1.46282
4.14181 4.87515 -3.22893
-3.67758 -3.96576 -4.37725
4.40053 4.76447 2.95533
2.72822 -2.58334 -3.53887
-3.39509 0.0638003 1.92001
3.79071 -1.26006 0.0123191
3.90651 4.83238 1.66926
4.63636 -3.6356 4.3651
3.23865 4.95106 -4.94308
-4.27777 3.61058 4.28639
-3.20993 -3.41322 -4.0565
4.88128 -4.21581 1.86011
-4.72416 -0.515576 -4.9359
-4.96094 -2.74492 1.65903
1.86287 3.20421 -2.94483
4.06146 3.95784 -4.88319
1.06736 -2.7288 2.64891
2.33023 -0.758923 0.636556
-2.3972 -4.99891 -4.63661
-2.84605 -1.09081 -4.46353
2.38282 0.476784 0.690484
-3.14686 -0.12412 -4.28263
-3.79748 1.25736 0.782763
-0.889859 -0.952845 2.65631
-3.35338 2.58051 4.2525
-1.83765 1.43131 -0.030838
-4.74284 1.90953 0.0560264
3.30198 -3.17539 3.49518
1.8993 -2.0576 -2.77491
2.32864 4.76812 -4.08692
-3.35671 3.13091 -2.73872
-4.93614 2.9088 -3.3368
4.59729 1.3349 2.63277
-4.18525 1.5811 -0.240185
-4.86362 3.24326 1.93575
-4.64822 3.23611 -0.366884
