-3.83836 2.11635 -0.737321
-2.71912 -4.88777 1.57816
4.70659 -1.31773 -0.034399
-4.65987 -4.71108 0.0513143
4.7937 -1.33404 -4.9456
2.06673 0.781511 4.28826
0.399583 -4.36583 1.31127
2.17043 4.19488 2.47707
-4.67088 2.32866 -2.05162
2.74615 -4.97141 -1.60833
4.9419 2.11147 2.3236
-4.40909 1.23994 3.74508
-0.519457 2.652 -0.491436
-2.22539 -1.55545 -3.75209
4.24816 4.12929 -4.89646
0.177819 0.0818968 -2.09843
0.0605525 -2.52387 -4.4969
-4.32066 -0.107047 -1.42536
4.8167 0.208107 -0.649246
-4.80795 2.59285 2.51245
-3.72064 -4.99782 1.67581
1.43253 2.31968 2.00117
4.12511 -2.8401 -2.22958
0.268334 0.829665 3.36894
3.69354 -2.49342 -1.08728
-0.235549 -2.33687 -3.55522
0.844542 3.01076 4.84306
0.0987998 4.67245 2.2831
4.28959 1.14437 3.28498
-2.86129 2.0825 -4.22443
-2.17234 -4.8736 -1.13575
2.31465 4.5384 -3.0327
-1.74781 4.03607 1.30184
1.96612 -1.23092 -1.41117
-3.52989 0.774372 3.28884
-4.92117 0.498256 -3.9009
-0.808154 -3.78568 0.409038
-0.0314639 -0.504568 -4.71576
-3.00883 -1.98649 1.08291
1.74132 1.06947 2.92572
-0.211144 -1.21429 -3.3654
4.88854 -0.904714 -4.17166
-0.793304 -3.93337 3.70464
-3.42213 -4.79069 -1.65499
-3.60629 3.18281 -0.79409
-0.387714 3.06522 4.28284
-2.78711 1.73801 3.98655
3.9326 -0.419686 -0.15941
3.39054 2.56541 -0.637671
1.47889 -0.748512 3.08629
2.20568 4.95265 4.48901
-2.10206 0.261972 -0.111479
-0.845258 0.692134 3.78935
2.52839 3.67775 1.89421
2.23659 2.34126 -4.98275
0.391307 -0.475438 4.88859
-0.00133386 1.61999 1.57207
4.59006 3.7173 3.91229
-3.65723 -0.630122 4.99057
-0.466264 -2.01872 -0.105434
-0.507619 -0.478973 2.88929
-2.84245 -4.9257 -3.84164
1.27848 -4.97767 -4.95788
2.4468 -1.97572 -1.05736
1.97046 -3.18566 3.22129
3.50678 -4.37832 -4.62602
1.44986 -3.08523 -3.20105
-1.05261 4.72665 4.50478
-2.22949 1.85446 -2.47427
3.04039 -0.884434 -2.48499
4.74536 -3.37952 4.9215
3.47063 -4.04959 -1.27705
-3.19457 3.26526 -3.77729
-2.35533 -2.84703 -4.33706
1.51172 1.95924 2.85389
2.73303 1.6101 1.08816
1.12422 -3.0542 -2.09357
-3.83087 2.5852 0.104267
1.01444 -1.86814 1.82586
-3.45243 -0.329862 3.52579
0.699039 2.31964 -2.12928
0.428675 -2.0962 0.658551
-0.602758 -2.60321 -1.56613
-0.442977 -0.355989 -1.37628
-4.39039 -1.46597 -2.80227
1.94612 0.011788 2.05904
4.88763 -0.517024 4.48968
-0.289529 0.0353861 1.35553
1.17731 4.98041 -4.02817
-1.39762 0.322058 -0.00743035
-4.90355 -2.40115 1.20679
4.68205 -2.51121 4.71267
3.82535 1.8258 -0.732388
-4.7874 -3.59 1.86911
-0.555621 0.736107 2.30629
2.13352 -2.36479 2.32898
4.71415 -0.1218 4.92174
4.9347 2.87357 2.27758
4.78641 0.764728 -0.0355245
0.701295 -1.22878 -3.24815
