0.568724 -4.21884 -0.856781
-1.53614 -4.02903 -1.90846
4.49002 4.10711 0.100736
-4.04057 -4.96547 -0.166484
-4.5627 1.95724 3.74214
-0.57109 1.04122 -1.65405
0.773699 -4.67143 2.53658
1.52053 -4.46735 0.065554
-3.83179 2.36585 1.69639
-0.372134 4.60744 2.51976
4.73148 2.47216 -1.11995
1.4919 -3.23572 -4.84698
-0.878343 -2.86898 -3.24837
4.47452 0.502945 1.46015
-4.86567 -2.81607 -0.988355
0.873551 1.31273 3.96947
0.461567 -1.11104 -3.43732
4.7103 -0.910187 -4.7322
-3.50972 1.59814 -2.92133
4.46708 -3.74347 -0.980904
-4.40497 -4.99496 -4.429
3.09388 -3.78394 3.35015
0.232507 -4.32579 2.93313
0.7856 -3.89563 -3.14026
4.91358 -4.77975 -2.25177
-4.51101 1.35387 0.287751
3.21855 3.75608 4.6626
-0.717144 -4.57299 4.8461
4.01301 -2.65506 -0.496709
-4.7258 4.6282 4.58101
4.6063 2.3888 0.749258
-0.884764 -1.5274 -4.062
3.64456 4.82713 -2.10753
-2.51977 -2.57612 1.71649
-3.73962 0.230073 -3.26954
-4.35631 -3.96901 3.34673
-2.11381 4.13219 0.430994
-3.01449 0.120284 4.59193
4.85199 3.96611 -3.67371
-3.75026 -3.15853 -4.16958
2.46826 3.92897 1.5898
-3.74411 -1.11634 4.56913
-3.2806 4.28458 -2.69229
-0.229095 -2.3921 -2.38414
-3.84262 4.54434 3.78728
2.08104 4.66087 4.99828
3.10537 -2.99262 -4.14615
0.421616 -3.21521 0.963503
4.21657 -2.29683 -1.48023
4.8888 -1.62369 -3.14466
-3.98846 4.75301 -4.16151
1.54453 0.34513 -0.63358
2.78306 2.53998 3.79584
3.51403 1.87665 2.96741
-0.380055 0.196363 -4.60759
1.37361 -0.494958 -4.61691
-0.640187 -3.15644 2.97491
-4.54827 -0.0174243 -4.81062
-0.876554 4.06402 -4.92746
4.52896 1.82437 -0.831048
-2.67422 -2.53614 -2.46603
1.08883 3.20328 -4.78098
1.19616 3.79552 3.38587
-3.55396 2.29057 -1.46849
4.08877 4.88769 -3.24948
-3.73065 -3.96872 -4.40869
4.49456 4.71294 2.97694
2.73386 -2.786 -3.52224
-3.3083 0.144792 1.68375
3.76207 -1.27214 -0.0615434
3.38536 4.94885 1.48929
4.67966 -3.63712 4.25711
3.27501 -4.88748 -4.95066
-4.47017 3.6327 4.28646
-3.16564 -3.46653 -4.01725
4.79131 -4.15055 1.88607
-4.64702 -0.395089 -4.70665
-4.88296 -2.7347 1.68052
1.87542 3.18353 -2.9002
4.1126 3.91028 -4.83587
1.07368 -2.69383 2.60815
2.36589 -0.837115 0.643003
-2.42689 -4.95305 -4.62746
-2.8917 -1.1055 -4.55851
2.33253 0.395287 0.643729
-3.12286 -0.122093 -4.23298
-3.76231 1.2679 1.04822
-0.896657 -0.965585 2.69964
-3.41695 2.56125 4.22164
-1.85018 1.44629 -0.0289587
-4.78656 1.88474 0.0340984
3.26394 -3.12053 3.50831
1.97298 -2.01441 -2.81593
2.67916 4.8379 -4.11654
-3.41184 3.17984 -2.7039
-4.9144 2.89242 -3.32519
4.50342 1.33988 2.62921
-4.04765 1.64422 -0.176361
-4.86413 3.29912 1.97483
-4.63954 3.22981 -0.4058
