0.49713 -4.1421 -0.77265
-1.48001 -3.99265 -1.84747
4.48496 4.08225 0.10342
-4.04627 -4.99548 -0.169129
-4.5287 1.93305 3.72135
-0.533053 1.04599 -1.62805
0.777365 -4.69168 2.5501
1.58193 -4.55001 0.0991768
-3.82206 2.41874 1.69052
-0.340858 4.59908 2.46549
4.74845 2.43755 -1.09624
1.44857 -3.20174 -4.87215
-0.881046 -2.87862 -3.27831
4.32533 0.428239 1.51321
-4.87829 -2.81118 -1.01568
0.878303 1.3205 3.96083
0.465531 -1.16715 -3.43099
4.71521 -0.91572 -4.73528
-3.49274 1.61454 -2.94553
4.50423 -3.76088 -0.951509
-4.38978 -4.9854 -4.35075
3.10666 -3.79141 3.3705
0.291251 -4.32532 2.92992
0.790514 -3.86393 -3.15266
4.9546 -4.73363 -2.26312
-4.5644 1.3296 0.273623
3.24515 3.76139 4.69275
-0.727346 -4.60837 4.84432
3.9942 -2.61839 -0.476483
-4.75825 4.66509 4.58443
4.67816 2.44294 0.709012
-1.00669 -1.58826 -4.2594
3.65728 4.7961 -2.04629
-2.50808 -2.60122 1.68635
-3.73763 0.225842 -3.28484
-4.33983 -3.921 3.37437
-2.12377 4.14926 0.432828
-3.0354 0.12326 4.64064
4.86512 3.88367 -3.70025
-3.78641 -3.13746 -4.07188
2.4287 3.88851 1.58961
-3.78906 -1.19277 4.61994
-3.30627 4.30262 -2.69356
-0.18147 -2.39503 -2.43467
-3.78063 4.50739 3.66039
1.99748 4.63341 4.95233
3.11324 -2.98056 -4.12577
0.441123 -3.24409 0.972868
4.19744 -2.29114 -1.488
4.93411 -1.63093 -3.14621
-4.02154 4.73336 -4.18165
1.51735 0.345959 -0.637262
2.77579 2.55176 3.78979
3.51798 1.8669 2.9954
-0.336956 0.235882 -4.59786
1.38127 -0.495878 -4.63576
-0.64606 -3.12739 2.9959
-4.58544 0.0808457 -4.89047
-0.901812 4.03326 -4.9357
4.48793 1.80305 -0.839562
-2.69407 -2.55582 -2.45523
1.03631 3.20371 -4.76412
1.28369 3.79131 3.34764
-3.56113 2.26289 -1.47144
4.06335 4.89581 -3.26028
-3.75805 -3.97199 -4.42551
4.54311 4.68862 2.98831
2.73724 -2.88812 -3.51442
-3.26545 0.185132 1.56595
3.74829 -1.27824 -0.098426
3.12578 -4.99065 1.39953
4.70429 -3.63954 4.20557
3.29402 -4.81082 -4.95683
-4.56739 3.64423 4.28769
-3.14375 -3.4944 -3.99839
4.74785 -4.11925 1.89923
-4.6157 -0.336139 -4.5946
-4.8453 -2.72989 1.69147
1.88184 3.17356 -2.87818
4.14141 3.88845 -4.81736
1.07691 -2.67652 2.5881
2.38403 -0.876427 0.646423
-2.44193 -4.93196 -4.62409
-2.91483 -1.11311 -4.60792
2.3077 0.35467 0.620504
-3.11113 -0.120985 -4.20946
-3.74537 1.27312 1.18117
-0.900098 -0.97197 2.72181
-3.44918 2.55196 4.20744
-1.8565 1.45386 -0.027981
-4.81146 1.87264 0.0231092
3.24558 -3.09343 3.51585
2.01005 -1.99299 -2.83663
2.85468 4.87464 -4.13254
-3.43992 3.20474 -2.68679
-4.9051 2.88445 -3.31981
4.4591 1.34234 2.62817
-3.98045 1.67587 -0.144912
-4.86647 3.32773 1.99473
-4.64013 3.22814 -0.425289
