0.353814 -3.99068 -0.604561
-1.36803 -3.92111 -1.72554
4.47806 4.03463 0.108871
-4.05951 4.94353 -0.174327
-4.46299 1.8849 3.6814
-0.456947 1.05575 -1.57622
0.785058 -4.73485 2.57748
1.70501 -4.71707 0.166409
-3.80487 2.52543 1.6796
-0.278599 4.5859 2.35746
4.79099 2.36969 -1.04976
1.36201 -3.13477 -4.92453
-0.886726 -2.89882 -3.33922
4.03028 0.278491 1.61993
-4.91073 -2.80216 -1.0703
0.887875 1.33618 3.94473
0.473529 -1.27934 -3.4187
4.73036 -0.927083 -4.74302
-3.46004 1.64768 -2.99499
4.58118 -3.79719 -0.892676
-4.36313 -4.99187 -4.19751
3.13298 -3.80808 3.41248
0.408497 -4.32597 2.92442
0.800409 -3.80221 -3.17835
-4.95929 -4.647 -2.28619
-4.67516 1.28019 0.245795
3.30076 3.77521 4.76312
-0.747839 -4.68171 4.84449
3.95886 -2.54569 -0.4357
-4.83074 4.74703 4.6016
4.83511 2.55265 0.629324
-1.25078 -1.71031 -4.65672
3.68472 4.73908 -1.92408
-2.48563 -2.65229 1.62669
-3.735 0.217443 -3.31614
-4.31041 -3.82749 3.43132
-2.14394 4.18439 0.436586
-3.07791 0.129574 4.74561
4.90326 3.72291 -3.75652
-3.86259 -3.09666 -3.87889
2.35036 3.81124 1.58962
-3.88253 -1.34654 4.73396
-3.35862 4.34069 -2.69644
-0.0861635 -2.40138 -2.53581
-3.65893 4.43747 3.40934
1.83056 4.58242 4.86658
3.13022 -2.95759 -4.08685
0.480046 -3.30268 0.991741
4.162 -2.28008 -1.50392
-4.97303 -1.64566 -3.14977
-4.08951 4.72084 -4.22418
1.46309 0.347722 -0.644723
2.76278 2.57629 3.78059
3.52762 1.84773 3.0525
-0.250753 0.315089 -4.57943
1.39687 -0.497657 -4.67443
-0.658023 -3.0699 3.03882
-4.66436 0.278779 4.94449
-0.952442 3.97431 -4.95488
4.41332 1.76004 -0.857036
-2.73441 -2.59556 -2.43375
0.931306 3.20559 -4.73347
1.45886 3.7846 3.27241
-3.57671 2.2079 -1.47755
4.01474 4.91573 -3.28292
-3.81461 -3.98149 -4.46142
4.64354 4.64294 3.01211
2.74499 -3.09438 -3.49972
-3.18065 0.265445 1.33089
3.72181 -1.29051 -0.172106
2.60812 -4.87476 1.22035
4.75996 -3.6475 4.10712
3.33368 -4.6653 -4.97394
-4.76426 3.66835 4.29267
-3.10069 -3.55245 -3.96236
4.66385 -4.05871 1.92595
-4.56321 -0.219159 -4.37421
-4.77254 -2.72078 1.71375
1.89502 3.15442 -2.83479
4.20592 3.84846 -4.79109
1.08354 -2.6422 2.54867
2.42096 -0.955444 0.65366
-2.47243 -4.89323 -4.61973
-2.96173 -1.12883 -4.71125
2.25863 0.273724 0.574337
-3.08819 -0.118609 -4.16509
-3.71274 1.28353 1.44751
-0.907071 -0.984749 2.76721
-3.51461 2.53415 4.18157
-1.86923 1.46915 -0.0259577
-4.8677 1.84893 0.00103758
3.21009 -3.03972 3.53287
2.08469 -1.95046 -2.87847
3.20643 4.95271 -4.16691
-3.49721 3.25548 -2.65312
-4.88999 2.86895 -3.30987
4.37547 1.34724 2.62754
-3.84894 1.73947 -0.0824412
-4.87527 3.38645 2.03521
-4.65152 3.22768 -0.464388
