-0.00485056 -3.62334 -0.185446
-1.08915 -3.74906 -1.42126
4.48209 3.92515 0.123051
-4.10256 4.8022 -0.186843
-4.31092 1.76535 3.58933
-0.266369 1.08137 -1.44783
0.806328 -4.86017 2.64768
2.01483 4.85682 0.33282
-3.77369 2.79716 1.65637
-0.124594 4.57344 2.08986
4.95684 2.20602 -0.938953
1.14653 -2.97223 4.93694
-0.902189 -2.95475 -3.49894
3.30701 -0.0974362 1.89012
4.97198 -2.78497 -1.20706
0.912302 1.37617 3.91116
0.493967 -1.55963 -3.39073
4.79347 -0.956777 -4.77579
-3.38472 1.73242 -3.12612
4.79165 -3.89793 -0.745208
-4.31742 4.91745 -3.82497
3.20387 -3.85976 3.52515
0.700362 -4.3355 2.9161
0.825981 -3.65711 -3.24849
-4.76382 -4.4612 -2.34626
-4.97649 1.15145 0.17832
3.45524 3.82837 4.99875
-0.7994 -4.88094 4.86603
3.8835 -2.3682 -0.332095
4.94458 4.99438 4.70376
-4.73064 2.83488 0.434813
-1.8618 -2.01844 4.34943
3.7718 4.62204 -1.62039
-2.43448 -2.78594 1.48058
-3.7349 0.196883 -3.40055
-4.26081 -3.60722 3.58349
-2.19568 4.27749 0.446429
-3.18817 0.147393 -4.94507
-4.92685 3.33834 -3.91843
-4.07113 -3.0061 -3.40902
2.15975 3.63652 1.59149
-4.13971 -1.73687 -4.91613
-3.49413 4.44713 -2.70577
0.15256 -2.42047 -2.79063
-3.36724 4.28081 2.79367
1.4151 4.47503 4.67793
3.18113 -2.90564 -4.00032
0.577075 -3.45457 1.03976
4.09231 -2.25484 -1.54603
-4.74845 -1.68399 -3.16209
-4.26927 4.79653 -4.35009
1.32817 0.352712 -0.664022
2.73955 2.64337 3.77335
3.56227 1.80143 3.20173
-0.035157 0.513988 -4.53965
1.43761 -0.501807 -4.77726
-0.68901 -2.92971 3.15143
-4.88402 0.776129 4.57059
-1.07966 3.84143 4.98276
4.26782 1.65039 -0.90389
-2.83792 -2.69761 -2.38105
0.669153 3.21649 -4.67431
1.89812 3.77815 3.09047
-3.62269 2.07191 -1.49442
3.9099 4.99025 -3.34557
-3.96586 -4.02672 -4.56584
4.91616 4.54409 3.07759
2.77225 -3.62631 -3.47058
-2.97275 0.463921 0.745197
3.66224 -1.3214 -0.356016
1.32013 -4.6106 0.774921
4.94432 -3.68714 3.88546
3.44281 -4.33889 4.96762
4.73199 3.73433 4.32213
-2.99683 -3.71316 -3.88351
4.46965 -3.91917 1.99481
-4.46923 0.0729996 -3.87018
-4.60477 -2.70142 1.77151
1.93029 3.111 -2.73028
4.4132 3.7675 -4.79659
1.10106 -2.55804 2.45356
2.51769 -1.15546 0.673905
-2.55095 -4.8168 -4.6228
-3.08215 -1.17069 4.99761
2.13945 0.0728685 0.460222
-3.03275 -0.112259 -4.07351
-3.63755 1.30936 2.11608
-0.924958 -1.01675 2.88677
-3.68458 2.49376 4.13102
-1.90136 1.50815 -0.0206604
4.96224 1.7916 -0.0545223
3.12822 -2.90848 3.5859
2.27592 -1.84572 -2.98672
4.09419 -4.84537 -4.26815
-3.64673 3.38731 -2.57213
-4.87573 2.8321 -3.28979
4.19462 1.35906 2.63244
-3.53439 1.89963 0.0731811
-4.9207 3.54098 2.1402
-4.73947 3.23987 -0.563769
