-3.86187 2.10166 -0.744353
-2.72179 -4.91367 1.58052
4.72542 -1.32123 -0.033584
-4.67023 -4.72257 0.0508619
4.77286 -1.33898 -4.98086
2.07277 0.781618 4.30726
0.400335 -4.38039 1.31215
2.17366 4.211 2.4845
-4.6933 2.33523 -2.0592
2.75094 -4.95504 -1.61019
4.94539 2.10913 2.32573
-4.43124 1.24249 3.75637
-0.519885 2.66002 -0.493765
-2.23379 -1.55846 -3.76682
4.26019 4.14188 -4.9187
0.178705 0.0840636 -2.10237
0.0605071 -2.52988 -4.51018
-4.33704 -0.107494 -1.42768
4.85843 0.208859 -0.653773
-4.86516 2.59974 2.51716
-3.72852 -4.99128 1.67829
1.43384 2.32486 2.00031
4.1344 -2.84511 -2.23388
0.269293 0.831798 3.38105
3.706 -2.49962 -1.08751
-0.23837 -2.34464 -3.56328
0.845191 3.01949 4.84498
0.0982391 4.69163 2.28638
4.31148 1.14479 3.29363
-2.87066 2.08663 -4.24868
-2.17568 -4.87349 -1.13892
2.32217 4.5627 -3.04837
-1.75141 4.05927 1.3035
1.96864 -1.22948 -1.41511
-3.54095 0.775276 3.29489
-4.9022 0.501779 -3.91371
-0.809467 -3.79313 0.409011
-0.0373142 -0.50702 -4.65524
-3.01965 -1.9922 1.08535
1.74969 1.06704 2.93681
-0.218239 -1.21421 -3.37844
4.94419 -0.909341 -4.20454
-0.794757 -3.94462 3.71179
-3.43588 -4.81871 -1.66064
-3.61425 3.21264 -0.801094
-0.390372 3.07242 4.29786
-2.79232 1.74204 3.99777
3.94791 -0.421434 -0.158001
3.39806 2.57435 -0.639328
1.48123 -0.751085 3.09274
2.2105 4.97127 4.50532
-2.11096 0.261738 -0.11269
-0.85361 0.694769 3.81085
2.53704 3.68571 1.89289
2.2406 2.3441 -4.98848
0.394394 -0.475477 4.85287
-0.00223159 1.6241 1.57146
4.61468 3.73097 3.93448
-3.67446 -0.632026 -4.98185
-0.470039 -2.02391 -0.106393
-0.50969 -0.482456 2.89448
-2.84923 -4.9178 -3.85301
1.27807 -4.98028 -4.93845
2.45088 -1.9803 -1.05706
1.97384 -3.19601 3.22914
3.51422 -4.39613 -4.64324
1.45238 -3.09437 -3.20886
-1.05773 4.75394 4.52687
-2.23318 1.85811 -2.48045
3.04666 -0.884469 -2.49042
4.72094 -3.39555 4.9497
3.4831 -4.07436 -1.27861
-3.20154 3.27346 -3.7867
-2.35955 -2.85274 -4.34631
1.51518 1.96775 2.8657
2.73946 1.61201 1.08775
1.12577 -3.07127 -2.09709
-3.84133 2.5909 0.109821
1.01547 -1.87259 1.82877
-3.46982 -0.335653 3.53937
0.699819 2.32287 -2.1333
0.430318 -2.10369 0.659881
-0.605352 -2.60953 -1.56848
-0.445593 -0.356421 -1.37759
-4.41666 -1.47022 -2.81085
1.95097 0.0103594 2.06018
4.91168 -0.51844 4.52321
-0.290756 0.033322 1.35428
1.17724 -4.99623 -4.05361
-1.39495 0.323131 -0.00723472
-4.91807 -2.40411 1.20819
4.70826 -2.51656 4.73465
3.84602 1.82617 -0.736352
-4.79814 -3.59783 1.87226
-0.559008 0.737726 2.30873
2.13787 -2.36891 2.33147
4.70907 -0.118408 4.87088
-4.96095 2.88779 2.28101
4.77186 0.767232 -0.0335454
0.711391 -1.23023 -3.26245
