-0.0767265 -3.5518 -0.101911
-1.03356 -3.71574 -1.36058
4.48707 3.90474 0.125987
-4.11295 4.77581 -0.189284
-4.28255 1.74155 3.57216
-0.22822 1.0867 -1.42239
0.810827 -4.88856 2.66193
2.07738 4.7748 0.365661
-3.76928 2.85233 1.65233
-0.0940852 4.57445 2.0366
-4.99968 2.17405 -0.917705
1.10357 -2.94042 4.91079
-0.905537 -2.96686 -3.53255
3.16413 -0.172809 1.9448
4.94766 -2.78249 -1.23449
0.917264 1.3843 3.90552
0.498119 -1.61564 -3.38581
4.80979 -0.962859 -4.78433
-3.37069 1.74971 -3.1537
4.83626 -3.91986 -0.715642
-4.31148 4.90386 -3.75148
3.21888 -3.87176 3.54875
0.758597 -4.3386 2.91523
0.831234 -3.62958 -3.26397
-4.72914 -4.42908 -2.35877
4.95437 1.12484 0.16518
3.48844 3.84257 -4.94404
-0.809791 -4.92366 4.87318
3.87001 -2.33347 -0.31113
4.90108 -4.9481 4.73462
-4.65074 2.89263 0.396667
-1.98434 -2.08077 4.15518
3.79245 4.60258 -1.56009
-2.42518 -2.81376 1.45176
-3.73591 0.192866 -3.41841
-4.25636 -3.56521 3.61565
-2.20627 4.29703 0.448448
-3.21104 0.15131 -4.87887
-4.89187 3.26375 -3.95503
-4.11607 -2.99026 -3.31698
2.12248 3.60392 1.59205
-4.196 -1.81603 -4.84515
-3.52201 4.47037 -2.70804
0.200303 -2.42493 -2.84232
-3.31115 4.25208 2.67204
1.33226 4.4568 4.64343
3.19266 -2.896 -3.98508
0.596431 -3.4861 1.04947
4.08067 -2.25024 -1.55487
-4.70547 -1.69192 -3.16514
-4.30831 4.81527 -4.37946
1.30129 0.353804 -0.668011
2.73635 2.65782 3.77437
3.57099 1.79244 3.23272
0.00796561 0.553908 -4.53284
1.44604 -0.502592 -4.79904
-0.695382 -2.90227 3.17472
-4.93155 0.875707 4.50124
-1.10527 3.81731 4.97052
4.24424 1.6282 -0.91389
-2.85913 -2.71852 -2.37072
0.616769 3.21977 -4.66575
1.98627 3.77862 3.05491
-3.63323 2.04491 -1.49809
3.89165 -4.98904 -3.35938
-3.99825 -4.03998 -4.58951
4.97418 4.52676 3.09165
2.77908 -3.73594 -3.46713
-2.93188 0.503274 0.628278
3.65132 -1.32758 -0.392786
1.06296 -4.56444 0.686158
4.99036 -3.69864 3.8448
3.46608 -4.27749 4.9596
4.63298 3.74856 4.33165
-2.97696 -3.74825 -3.86985
4.4332 -3.89316 2.00889
-4.45533 0.131496 -3.77417
-4.57359 -2.69815 1.78339
1.93777 3.10307 -2.71013
4.46246 3.75477 -4.81238
1.10471 -2.54149 2.43498
2.53777 -1.19593 0.678278
-2.56718 -4.80503 -4.62606
-3.10692 -1.17944 4.93817
2.11614 0.0329207 0.437559
-3.02192 -0.111005 -4.05824
-3.6235 1.31446 2.25029
-0.928634 -1.02314 2.9116
-3.72005 2.48642 4.12333
-1.90784 1.51608 -0.019586
4.93312 1.78041 -0.0655956
3.11288 -2.88276 3.59801
2.315 -1.82502 -3.00929
4.274 -4.81125 -4.29265
-3.6777 3.41453 -2.55647
-4.87595 2.825 -3.28655
4.16295 1.3613 2.63433
-3.47404 1.93188 0.10435
-4.93398 3.57316 2.16178
-4.76729 3.24451 -0.584127
