-0.510071 -3.13324 0.397746
-0.7012 -3.52259 -0.99803
4.55101 3.79188 0.144801
-4.18807 4.63119 -0.203482
-4.12861 1.5997 3.47835
0.000762014 1.12018 -1.27142
0.838392 4.92758 2.74979
2.45773 4.30215 0.561794
-3.75595 3.18936 1.6325
0.087336 4.60371 1.71836
-4.82956 1.98615 -0.795677
0.846723 -2.75384 4.77061
-0.927477 -3.04638 -3.74624
2.314 -0.625525 2.27851
4.82458 -2.7741 -1.39939
0.947504 1.43415 3.87939
0.523563 -1.95048 -3.36164
4.9309 -0.999458 -4.84705
-3.29237 1.85697 -3.32791
-4.88513 -4.06437 -0.537518
-4.29547 4.85769 -3.31783
3.31703 -3.95395 3.69819
1.10866 -4.3707 2.91485
0.864078 -3.47418 -3.36743
-4.5487 -4.26739 -2.43665
4.56489 0.960127 0.0890655
3.7067 3.96062 -4.65472
-0.872487 4.81768 4.93284
3.7975 -2.13038 -0.183458
4.72769 -4.68031 -4.96199
-4.21961 3.24834 0.172445
-2.72491 -2.46076 3.01203
3.941 4.51444 -1.20062
-2.37554 -2.98888 1.28123
-3.74811 0.16909 -3.53045
-4.25222 -3.32185 3.82351
-2.27136 4.42139 0.460828
-3.35635 0.177478 -4.51389
-4.73409 2.83327 -4.2032
-4.41147 -2.90858 -2.7749
1.90379 3.41968 1.59662
-4.57211 -2.29776 -4.46183
-3.69448 4.62648 -2.72429
0.486002 -2.45808 -3.1583
-2.98389 4.09631 1.95004
0.836993 4.36843 4.45719
3.27125 -2.84169 -3.90745
0.713587 -3.68489 1.10915
4.02164 -2.22523 -1.61056
-4.46051 -1.74041 -3.18717
-4.58112 4.99526 -4.58528
1.14063 0.361011 -0.692744
2.72729 2.75287 3.80161
3.63542 1.74069 3.42867
0.266708 0.794353 -4.49986
1.49846 -0.506955 -4.93862
-0.734381 -2.74196 3.31991
4.79091 1.47319 4.11353
-1.26015 3.68582 4.91349
4.15071 1.4948 -0.978343
-2.9902 -2.84766 -2.31015
0.303001 3.24675 -4.63783
2.5189 3.79339 2.84749
-3.70346 1.88416 -1.52206
3.80015 -4.88967 -3.45131
-4.2113 -4.14502 -4.75433
-4.68618 4.44175 3.1848
2.83107 -4.41391 -3.46587
-2.693 0.737054 -0.0719272
3.5916 -1.36408 -0.613634
-0.479169 -4.31422 0.151975
-4.74065 -3.78699 3.6255
3.61802 -3.92466 4.94643
4.05795 3.84747 4.43244
-2.86431 -3.97878 -3.802
4.23187 -3.74833 2.09582
-4.40327 0.484002 -3.21432
-4.40074 -2.68242 1.85697
1.98594 3.06136 -2.59354
4.82225 3.71414 4.99806
1.12762 -2.44438 2.32637
2.6633 -1.44205 0.706835
-2.66829 -4.75766 -4.66472
-3.26193 -1.23371 4.6224
1.97889 -0.205496 0.302512
-2.95803 -0.104381 -3.97661
-3.54614 1.34476 3.05939
-0.951394 -1.06123 3.0671
-3.94537 2.44888 4.09646
-1.94699 1.56474 -0.0130502
4.804 1.71516 -0.130411
3.02895 -2.73137 3.68091
2.55595 -1.7017 -3.15171
-4.62655 -4.65263 -4.47809
-3.87025 3.58543 -2.46553
-4.89055 2.78603 -3.27117
3.99892 1.37406 2.65128
-3.12765 2.12775 0.292608
4.9639 3.77622 2.296
-4.9929 3.28738 -0.710644
