-0.655213 -2.99713 0.564287
-0.590663 -3.46062 -0.877957
4.58572 3.75763 0.151686
-4.21779 4.58844 -0.208073
-4.08504 1.55273 3.45053
0.0770801 1.13193 -1.22173
0.847594 4.87696 2.7802
2.58662 4.14966 0.626898
-3.75788 3.30397 1.62759
0.147391 4.61981 1.61267
-4.80832 1.92474 -0.756812
0.76146 -2.69338 4.73018
-0.935402 -3.07586 -3.82214
2.03257 -0.776547 2.39205
4.79436 -2.77395 -1.45438
0.957735 1.45109 3.87362
0.532248 -2.06107 -3.35587
4.97957 -1.01166 -4.87234
-3.2684 1.89416 -3.38953
-4.7953 -4.11791 -0.47786
-4.29615 4.85614 -3.17601
3.35329 -3.98544 3.75134
1.22592 -4.39426 2.91636
0.875726 -3.42637 -3.40589
-4.49728 -4.22645 -2.46361
4.44293 0.903567 0.0647023
3.78862 4.01309 -4.58287
-0.893454 4.73756 4.95933
3.777 -2.06471 -0.140088
4.72493 -4.62124 -4.8331
-4.09148 3.37059 0.0989652
-2.97438 -2.59019 2.63723
4.00138 4.49503 -1.08169
-2.36109 -3.05079 1.22521
-3.75487 0.160978 -3.57004
-4.25497 -3.24327 3.8999
-2.29361 4.46579 0.465018
-3.40864 0.187145 -4.40308
-4.69909 2.69463 -4.2993
-4.52081 -2.88628 -2.59722
1.83232 3.36143 1.59861
-4.7124 -2.46115 -4.34769
-3.75373 4.68561 -2.73059
0.580995 -2.47328 -3.26585
-2.87764 4.05002 1.71188
0.672516 4.34543 4.40247
3.30144 -2.82511 -3.88667
0.753443 -3.75629 1.12941
4.00655 -2.21791 -1.63005
-4.38332 -1.75687 -3.19594
-4.68938 -4.87826 -4.66565
1.08733 0.36361 -0.701266
2.72777 2.78752 3.81821
3.66101 1.72413 3.49789
0.352968 0.874788 -4.49192
1.5166 -0.508329 -4.9887
-0.747604 -2.69037 3.37055
4.71468 1.67237 3.99359
-1.3123 3.64504 4.90089
4.13435 1.45036 -1.00159
-3.03516 -2.89224 -2.29045
0.198677 3.25801 -4.63778
2.69824 3.80219 2.7804
-3.72961 1.83099 -1.53079
3.77722 -4.86571 -3.48565
-4.28934 -4.18978 -4.81859
-4.58218 4.4202 3.21963
2.85308 -4.64904 -3.47284
-2.61558 0.81396 -0.305047
3.57397 -1.37596 -0.687475
-0.993202 -4.23911 -0.0265965
-4.66555 -3.82476 3.56173
3.6747 -3.81231 4.95525
3.8724 3.88533 4.48108
-2.82873 -4.06375 -3.78441
4.17134 -3.70409 2.1258
-4.39699 0.602339 -3.03162
-4.34785 -2.67869 1.8824
2.00335 3.04959 -2.55628
4.96947 3.71312 4.92456
1.13566 -2.41306 2.29121
2.70738 -1.52541 0.717309
-2.70318 -4.75093 -4.68485
-3.31639 -1.25245 4.52937
1.93411 -0.284649 0.257818
-2.93686 -0.102762 -3.95251
-3.52274 1.35459 3.33061
-0.959262 -1.0739 3.12159
-4.02674 2.43888 4.09503
-1.96 1.58141 -0.0107963
4.77867 1.69399 -0.15115
3.00417 -2.6822 3.71259
2.6391 -1.6609 -3.20195
-4.27078 -4.65384 -4.55306
-3.93717 3.64549 -2.43633
-4.90041 2.77457 -3.26781
3.95239 1.37792 2.65869
-3.01676 2.19406 0.356047
4.93519 3.84785 2.34257
4.91425 3.30686 -0.754551
