-3.88654 2.08724 -0.751611
-2.7246 -4.94033 1.58299
4.74498 -1.32483 -0.0327417
-4.68103 -4.73443 0.0503997
4.75269 -1.34412 4.98142
2.07903 0.781765 4.32705
0.401115 -4.39558 1.31306
2.17705 4.22782 2.49225
-4.7167 2.34214 -2.06707
2.75589 -4.93936 -1.61213
4.96019 2.10652 2.32792
-4.45454 1.24517 3.76815
-0.520336 2.66842 -0.49617
-2.24259 -1.56155 -3.78206
4.27271 4.15518 -4.94206
0.17962 0.0863209 -2.10645
0.0604533 -2.53606 -4.52395
-4.35439 -0.107951 -1.43011
4.90186 0.209585 -0.658467
-4.92673 2.60668 2.52236
-3.73671 -4.98523 1.68086
1.43521 2.33025 1.99944
4.14404 -2.85025 -2.23836
0.270263 0.834036 3.39364
3.71894 -2.50599 -1.08775
-0.241298 -2.35265 -3.57164
0.845884 3.02888 4.84834
0.0976537 4.71178 2.28985
4.33442 1.14525 3.30263
-2.88043 2.09103 -4.27402
-2.17917 -4.87424 -1.14221
2.32999 4.58918 -3.06458
-1.75515 4.08375 1.30524
1.97126 -1.22796 -1.41921
-3.55257 0.776238 3.30126
-4.88459 0.505434 -3.92733
-0.810833 -3.80084 0.408987
-0.0434011 -0.509444 -4.60027
-3.03095 -1.9981 1.08791
1.75838 1.06461 2.94835
-0.225544 -1.21409 -3.39199
-4.99774 -0.914073 -4.23997
-0.796275 -3.95632 3.71927
-3.45022 -4.8476 -1.66651
-3.62263 3.24331 -0.808241
-0.393145 3.08004 4.31347
-2.79777 1.74625 4.00952
3.96375 -0.423213 -0.15656
3.4059 2.58367 -0.641045
1.48365 -0.753735 3.09944
2.21549 4.99136 4.523
-2.12016 0.261512 -0.113931
-0.862261 0.697533 3.83327
2.54605 3.69408 1.8916
2.24476 2.34712 -4.99515
0.397594 -0.475521 4.82021
-0.00316253 1.62839 1.57084
4.64045 3.7453 3.95795
-3.69281 -0.633977 -4.95564
-0.473961 -2.02924 -0.107375
-0.511844 -0.486043 2.89988
-2.85633 -4.91063 -3.86484
1.27765 -4.98426 -4.92047
2.45512 -1.98501 -1.05675
1.97733 -3.20672 3.23736
3.5219 -4.41467 -4.66126
1.45499 -3.10373 -3.21696
-1.06306 4.78278 4.55004
-2.23702 1.86196 -2.48687
3.05317 -0.884485 -2.49608
4.69727 -3.41223 4.97933
3.49612 -4.09966 -1.28023
-3.20881 3.28213 -3.7965
-2.36396 -2.85862 -4.3559
1.51878 1.97663 2.87799
2.74614 1.61403 1.08734
1.12737 -3.08883 -2.10074
-3.85222 2.59689 0.115481
1.01654 -1.87718 1.8318
-3.48816 -0.341625 3.55393
0.70063 2.32629 -2.13748
0.432011 -2.11142 0.661265
-0.608049 -2.61602 -1.57091
-0.448311 -0.356846 -1.37896
-4.44425 -1.4746 -2.81978
1.956 0.00889753 2.06136
4.93676 -0.519993 4.55843
-0.292035 0.0312069 1.35301
1.17714 -4.97398 -4.07965
-1.39226 0.324257 -0.00703923
-4.93323 -2.40717 1.20966
4.73498 -2.52208 4.75783
3.86752 1.8267 -0.740457
-4.80933 -3.60591 1.87555
-0.562523 0.739423 2.31129
2.14238 -2.37316 2.33407
4.70555 -0.11459 4.82329
-4.86118 2.90353 2.28405
4.75827 0.769897 -0.0314399
0.721776 -1.23169 -3.27742
