-0.800531 -2.86263 0.731105
-0.480072 -3.3997 -0.758336
4.62514 3.72496 0.158968
-4.25059 4.54868 -0.212612
-4.04547 1.50602 3.42421
0.153346 1.14403 -1.17238
0.856727 4.8331 2.81125
2.71654 3.99923 0.691901
-3.76382 3.41989 1.62358
0.207308 4.63851 1.50708
-4.80776 1.86391 -0.718718
0.676344 -2.63371 4.69283
-0.943609 -3.10683 -3.90051
1.75182 -0.927562 2.50674
4.77043 -2.77514 -1.50928
0.968038 1.46818 3.86927
0.540767 -2.17032 -3.35132
-4.96927 -1.02383 -4.8999
-3.24546 1.93224 -3.45313
-4.70833 -4.17441 -0.418066
-4.29973 4.86199 -3.03554
3.39136 -4.01896 3.80643
1.34354 -4.42419 2.91861
0.887784 -3.38062 -3.44634
-4.4499 -4.19267 -2.49104
4.32402 0.846368 0.0408044
3.87652 4.07364 -4.52508
-0.914454 4.6607 4.98928
3.75837 -1.99997 -0.0962681
4.761 -4.56977 -4.71507
-3.97233 3.49489 0.0258104
-3.22547 -2.72108 2.26468
4.06677 4.48043 -0.963188
-2.34765 -3.11463 1.16957
-3.76337 0.15278 -3.61076
-4.25995 -3.16549 3.98061
-2.31618 4.51196 0.469211
-3.4629 0.197293 -4.29716
-4.67139 2.55816 -4.40393
-4.63744 -2.86606 -2.42067
1.76124 3.30449 1.60086
-4.86036 -2.62578 -4.2396
-3.81379 4.74902 -2.73724
0.676542 -2.49245 -3.37489
-2.77272 4.0064 1.47478
0.508275 4.3253 4.3512
3.3338 -2.80924 -3.86841
0.793645 -3.83082 1.1497
3.9939 -2.21106 -1.64996
-4.30806 -1.77341 -3.20546
-4.81482 -4.75869 -4.75069
1.03415 0.366281 -0.709914
2.72989 2.82376 3.83826
3.68859 1.70788 3.56905
0.439249 0.955368 -4.48568
1.53507 -0.509657 4.96033
-0.760952 -2.63964 3.42239
4.64748 1.87186 3.87767
-1.36475 3.6057 4.89163
4.12394 1.406 -1.02574
-3.08075 -2.93763 -2.27099
0.0945147 3.27037 -4.64266
2.87862 3.8129 2.7142
-3.7574 1.77804 -1.53989
3.75799 -4.84593 -3.52178
-4.37204 -4.23597 -4.88769
-4.48304 4.40215 3.2565
2.8772 -4.88959 -3.48325
-2.53919 0.890368 -0.538223
3.55746 -1.3877 -0.761501
-1.50749 -4.16785 -0.205268
-4.59653 -3.86651 3.50278
3.73474 -3.70192 4.97141
3.68939 3.92574 4.53527
-2.79397 -4.15257 -3.76915
4.11378 -3.66169 2.15634
-4.39535 0.721015 -2.85032
-4.29719 -2.67568 1.90829
2.02138 3.03892 -2.5198
-4.87557 3.71945 4.86599
1.14387 -2.38231 2.25654
2.75264 -1.60942 0.728323
-2.73864 -4.74816 -4.70863
-3.37223 -1.27144 4.44131
1.88976 -0.363712 0.213269
-2.91553 -0.101501 -3.9298
-3.50001 1.36417 3.60295
-0.967304 -1.08654 3.17745
-4.112 2.4303 4.09736
-1.97299 1.59834 -0.00843956
4.7625 1.67305 -0.17135
2.98092 -2.63361 3.74636
2.72386 -1.62016 -3.25374
-3.91894 -4.65905 -4.63042
-4.00587 3.70736 -2.4077
-4.91278 2.76403 -3.26555
3.90932 1.38162 2.66679
-2.90798 2.26095 0.419928
4.91396 3.92174 2.39005
4.83504 3.32877 -0.799316
