-0.873219 -2.79599 0.814615
-0.424717 -3.36962 -0.698669
4.64667 3.70918 0.16277
-4.26822 4.52998 -0.214869
-4.02703 1.48274 3.41147
0.19146 1.15021 -1.14784
0.861275 4.81339 2.82702
2.78193 3.92475 0.724372
-3.76825 3.47841 1.62194
0.237232 4.64883 1.45431
-4.81571 1.83372 -0.69995
0.63385 -2.60415 4.67523
-0.947792 -3.12287 -3.94068
1.6117 -1.00305 2.56444
4.76122 -2.77624 -1.53669
0.97323 1.4768 3.86757
0.54478 -2.22427 -3.34941
-4.94437 -1.02991 -4.91458
-3.23429 1.95162 -3.48572
-4.66585 -4.20386 -0.388122
-4.30263 4.86757 -2.96584
3.41114 -4.0365 3.83472
1.40251 -4.44125 2.92
0.893997 -3.35855 -3.46735
-4.42764 -4.17873 -2.50495
4.26564 0.81756 0.0290181
3.92351 4.10722 -4.50115
-0.924947 4.62346 -4.99439
3.74976 -1.96793 -0.0741952
4.80413 -4.54662 -4.6596
-3.91559 3.55784 -0.0106884
-3.35161 -2.78713 2.07914
4.10146 4.47493 -0.9041
-2.34127 -3.14732 1.14189
-3.76821 0.148657 -3.6315
-4.26324 -3.1269 4.02266
-2.32756 4.53578 0.471301
-3.49058 0.202542 -4.24598
-4.65944 2.49062 -4.45951
-4.69919 -2.85673 -2.33282
1.72586 3.2765 1.60209
-4.93705 -2.7086 -4.18783
-3.84405 4.78243 -2.74067
0.725039 -2.50395 -3.43044
-2.72066 3.98555 1.35661
0.426255 4.31628 4.32683
3.35091 -2.80158 -3.86028
0.813876 -3.86934 1.15983
3.98857 -2.20781 -1.66008
-4.27101 -1.78173 -3.21051
-4.88943 -4.70113 -4.79499
1.00761 0.367635 -0.714291
2.73166 2.84251 3.84953
3.70321 1.69984 3.60534
0.482415 0.995715 -4.48333
1.54446 -0.510303 4.93562
-0.767665 -2.61458 3.44874
4.61747 1.9718 3.82113
-1.39108 3.58656 4.88828
4.12096 1.38386 -1.03818
-3.10377 -2.96064 -2.26136
0.0425185 3.27697 -4.64705
2.96928 3.81897 2.68141
-3.7719 1.75165 -1.54458
3.74981 -4.83759 -3.54053
-4.41555 -4.25971 -4.92412
-4.43508 4.39444 3.27572
2.89009 4.98779 -3.48971
-2.50133 0.928408 -0.654877
3.54964 -1.39352 -0.798598
-1.76476 -4.1337 -0.294676
-4.56402 -3.88888 3.47506
3.76618 -3.6474 4.98227
3.59897 3.94689 4.56438
-2.77683 -4.19849 -3.76238
4.0861 -3.64115 2.17181
-4.39605 0.78043 -2.76018
-4.27266 -2.67444 1.9214
2.03066 3.03401 -2.50186
-4.8017 3.72527 4.84179
1.14805 -2.36714 2.23935
2.77575 -1.65166 0.734032
-2.7565 -4.74826 -4.72192
-3.40047 -1.28102 4.399
1.86775 -0.403225 0.191037
-2.90471 -0.101007 -3.91898
-3.48878 1.36888 3.73974
-0.971379 -1.09285 3.20586
-4.15601 2.42652 4.09999
-1.97947 1.60688 -0.00721008
4.75821 1.66264 -0.181231
2.96991 -2.60954 3.764
2.76695 -1.5998 -3.28035
-3.7438 -4.66318 -4.67015
-4.04089 3.73898 -2.39359
-4.9198 2.75911 -3.26486
3.88909 1.3834 2.67106
-2.85429 2.29463 0.452044
4.9062 3.95958 2.41415
4.80011 3.34061 -0.822026
