-1.30974 -2.40408 1.3177
-0.091973 -3.19502 -0.341929
4.80272 3.62167 0.188072
-4.39444 4.43589 -0.228146
-3.92998 1.34305 3.34036
0.419697 1.18959 -1.0025
0.888282 4.72023 2.92594
3.18084 3.48648 0.919272
-3.8155 3.83896 1.61772
0.416414 4.72502 1.13823
4.97315 1.65555 -0.592079
0.37955 -2.43068 4.58576
-0.974191 -3.22749 -4.19502
0.773418 -1.45558 2.91636
4.79634 -2.79038 -1.69722
1.00494 1.52929 3.86433
0.562993 -2.54284 -3.33907
-4.80551 -1.06651 4.98417
-3.1714 2.0728 -3.69333
-4.42452 -4.40026 -0.207774
-4.34066 4.93748 -2.55384
3.54013 -4.15378 4.01917
1.75858 -4.56829 2.93255
0.933731 -3.23979 -3.60318
-4.31557 -4.14641 -2.59201
3.92882 0.642378 -0.0395436
4.24952 4.35622 -4.41495
-0.987922 4.41656 -4.92695
3.70806 -1.7795 0.0603036
-4.59845 -4.44259 -4.40365
-3.60619 3.94853 -0.229217
-4.11897 -3.1962 0.971261
4.34091 4.46656 -0.551404
-2.30737 -3.35586 0.978443
-3.80865 0.122621 -3.75796
-4.29689 -2.89957 4.29805
-2.3971 4.69047 0.483767
-3.66249 0.237146 -3.96593
-4.61421 2.09259 -4.8429
4.79345 -2.81317 -1.81597
1.51524 3.11471 1.61119
4.64162 -3.21562 -3.90832
-4.02583 -4.98938 -2.76404
1.032 -2.58891 -3.7889
-2.41317 3.87189 0.652765
-0.0646533 4.27551 4.20584
3.46465 -2.76066 -3.82322
0.93693 -4.12095 1.22078
3.97169 -2.19111 -1.72285
-4.0588 -1.83276 -3.24519
4.51474 -4.38572 4.88698
0.84922 0.375623 -0.741058
2.75171 2.96341 3.93494
3.80333 1.65173 3.8343
0.741836 1.23849 -4.47986
1.60274 -0.51398 4.79789
-0.808715 -2.46852 3.61382
4.48649 2.57636 3.49952
-1.55075 3.47918 4.90133
4.13574 1.25121 -1.11773
-3.24603 -3.10382 -2.20513
-0.268023 3.32197 -4.69748
3.52059 3.86548 2.48902
-3.86753 1.59451 -1.57424
3.71951 -4.83278 -3.66263
-4.73058 -4.41586 4.91045
-4.16822 4.36649 3.40212
2.9791 4.32796 -3.54554
-2.27766 1.15524 -1.35619
3.50884 -1.42829 -1.02225
-3.31176 -3.95147 -0.83224
-4.39594 -4.04518 3.33123
3.9748 -3.32971 -4.94619
3.06656 4.08585 4.7631
-2.67797 -4.49748 -3.73243
3.93435 -3.52698 2.26803
-4.42311 1.13678 -2.22675
-4.13749 -2.66999 2.00374
2.0899 3.00905 -2.39799
-4.39952 3.79431 4.75796
1.17406 -2.27944 2.13824
2.92114 -1.90908 0.771728
-2.85839 -4.77615 -4.81405
-3.57558 -1.33969 4.16756
1.73787 -0.64048 0.0582801
-2.83783 -0.0998838 -3.86158
-3.42459 1.39706 4.57376
-0.996928 -1.13041 3.38352
-4.443 2.41034 4.13909
-2.01871 1.65874 0.00100736
4.81322 1.60063 -0.236289
2.91167 -2.46838 3.8822
3.03526 -1.47804 -3.4499
-2.70737 -4.70033 -4.93169
-4.26187 3.93855 -2.31196
-4.97403 2.73389 -3.26694
3.78452 1.39298 2.70042
-2.54038 2.49978 0.647674
4.89801 4.20084 2.56425
4.64899 3.42302 -0.96287
