-3.9124 2.07311 -0.759101
-2.72753 -4.96778 1.58556
4.7653 -1.32854 -0.0318797
-4.69224 -4.74669 0.0499249
4.73425 -1.34947 4.94546
2.08555 0.781952 4.34762
0.401927 -4.4114 1.314
2.18063 4.24535 2.5003
-4.74105 2.34941 -2.07526
2.76101 -4.92435 -1.61414
4.98652 2.10364 2.33013
-4.47902 1.24797 3.7804
-0.520807 2.67721 -0.498656
-2.25173 -1.56472 -3.79786
4.28573 4.16919 -4.96659
0.180567 0.088668 -2.11069
0.0603957 -2.54241 -4.53825
-4.37272 -0.108421 -1.43266
4.94713 0.210292 -0.663328
-4.99316 2.61368 2.52804
-3.74521 -4.97968 1.68354
1.43664 2.33584 1.99857
4.15407 -2.85554 -2.24302
0.271251 0.836381 3.4067
3.73238 -2.51254 -1.08803
-0.244325 -2.36087 -3.5803
0.846629 3.03893 4.85312
0.0970456 4.73292 2.29349
4.35847 1.14575 3.31194
-2.89055 2.0957 -4.30048
-2.1828 -4.87584 -1.14561
2.33812 4.61788 -3.08137
-1.75901 4.10956 1.30705
1.97402 -1.22636 -1.42348
-3.56473 0.777258 3.30793
-4.86802 0.509222 -3.94185
-0.812249 -3.8088 0.408966
-0.0496621 -0.511829 -4.54955
-3.04275 -2.00416 1.09058
1.76739 1.06219 2.96032
-0.233043 -1.21395 -3.40605
-4.94527 -0.91892 -4.28044
-0.797854 -3.96848 3.72707
-3.46514 -4.87736 -1.67263
-3.63144 3.27482 -0.815531
-0.396029 3.08807 4.32964
-2.80344 1.75063 4.02178
3.98016 -0.425022 -0.155098
3.41407 2.59335 -0.642826
1.48616 -0.756463 3.10637
2.22065 -4.98705 4.54204
-2.12965 0.261295 -0.115205
-0.871194 0.700426 3.85658
2.55542 3.70287 1.89032
2.2491 2.35033 4.99721
0.400885 -0.475575 4.78992
-0.00412388 1.63284 1.57022
4.66739 3.7603 3.98275
-3.71207 -0.635973 -4.93102
-0.478022 -2.03472 -0.108384
-0.514078 -0.489732 2.9055
-2.86375 -4.9042 -3.87717
1.27723 -4.98962 -4.90394
2.45951 -1.98984 -1.05644
1.98096 -3.21779 3.2459
3.52984 -4.43395 -4.68013
1.45769 -3.11333 -3.22535
-1.06861 4.81323 4.57432
-2.24101 1.86601 -2.49353
3.05999 -0.884482 -2.502
4.67442 -3.42959 -4.98973
3.50972 -4.12548 -1.2819
-3.21635 3.29127 -3.80668
-2.36856 -2.86467 -4.36586
1.52253 1.98586 2.89077
2.75306 1.61614 1.08693
1.12903 -3.10687 -2.10452
-3.86354 2.60317 0.121236
1.01763 -1.88192 1.83495
-3.50741 -0.347777 3.56937
0.701474 2.32989 -2.1418
0.433759 -2.11939 0.662696
-0.610842 -2.6227 -1.57343
-0.451122 -0.357264 -1.38038
-4.47288 -1.47911 -2.82916
1.96119 0.0074032 2.06258
4.96335 -0.521712 4.59455
-0.293361 0.0290417 1.35172
1.17704 -4.95283 -4.1063
-1.38956 0.325438 -0.00684772
-4.94903 -2.41032 1.21119
4.76238 -2.52778 4.78169
3.88988 1.8274 -0.744713
-4.82097 -3.61422 1.87896
-0.566161 0.741197 2.31397
2.14706 -2.37756 2.33677
4.70425 -0.110287 4.77806
-4.76512 2.92079 2.28669
4.74562 0.772719 -0.0292181
0.732466 -1.23317 -3.29307
