-1.52887 -2.21235 1.57079
0.0745463 -3.11136 -0.164267
4.89903 3.5823 0.202291
-4.47457 4.40215 -0.234595
-3.88808 1.27312 3.30866
0.533393 1.21116 -0.931027
0.901616 4.68704 2.97824
3.38476 3.27223 1.01693
-3.85298 4.02692 1.61899
0.505767 4.77377 0.980309
4.79253 1.56899 -0.546074
0.252722 -2.34611 4.55148
-0.988276 -3.2852 -4.33207
0.355144 -1.68176 3.09638
4.87844 -2.79614 -1.75108
1.02112 1.5561 3.86722
0.569678 -2.70174 -3.33488
-4.74298 -1.08489 4.93294
-3.14291 2.13706 -3.80694
-4.31287 -4.51357 -0.117132
-4.3742 -4.94623 -2.34874
3.61113 -4.22047 4.1218
1.93809 -4.64512 2.94141
0.954878 -3.18983 -3.67747
-4.27512 -4.16207 -2.63923
3.76676 0.55374 -0.0726224
4.44282 4.51815 -4.40672
-1.01944 4.32434 -4.91495
3.69327 -1.68708 0.128516
-4.35441 -4.41432 -4.36015
-3.46754 4.15588 -0.338886
-4.51538 -3.41106 0.418604
4.4851 4.4799 -0.375978
-2.29324 -3.4694 0.898188
-3.84216 0.103108 -3.81791
-4.32376 -2.78855 4.44877
-2.4328 4.77596 0.49015
-3.7454 0.263684 -3.85121
-4.60887 1.89721 4.92392
4.46955 -2.80868 -1.60247
1.41078 3.03772 1.61687
4.47353 -3.4775 -3.79028
-4.11721 -4.92512 -2.78105
1.19229 -2.63331 -3.98538
-2.26191 3.82134 0.30308
-0.309354 4.26375 4.16333
3.5275 -2.743 -3.81153
0.999492 -4.26285 1.25147
3.97076 -2.18418 -1.75576
-3.95953 -1.85906 -3.26609
4.27172 -4.24267 4.72896
0.770452 0.379227 -0.754715
2.76766 3.02987 3.98871
3.86268 1.62766 3.95652
0.871877 1.3604 -4.4851
1.63307 -0.515623 4.73544
-0.829903 -2.39812 3.70098
4.45009 2.88331 3.34815
-1.63194 3.43073 4.931
4.16057 1.185 -1.16088
-3.32089 -3.17861 -2.1784
-0.422143 3.34814 -4.73966
3.80162 3.8955 2.39532
-3.92223 1.51696 -1.58979
3.71493 -4.85522 -3.73153
-4.92821 -4.5054 4.88874
-4.04715 4.36452 3.47169
3.03178 4.03304 -3.5866
-2.16763 1.26849 -1.7081
3.49188 -1.44561 -1.13471
-4.09115 -3.87549 -1.1016
-4.32909 -4.13862 3.27001
4.09147 -3.17549 -4.93267
2.80472 4.16326 4.87478
-2.63142 -4.66193 -3.72563
3.8669 -3.47539 2.31825
-4.45609 1.31457 -1.9658
-4.07652 -2.66969 2.04752
2.12165 2.99949 -2.34847
-4.22069 3.85042 4.74868
1.18777 -2.23761 2.08872
2.99804 -2.04069 0.792969
-2.90885 -4.81978 -4.85973
-3.66725 -1.36967 4.06337
1.67396 -0.759403 -0.00778997
-2.80362 -0.100288 -3.8384
-3.3949 1.41157 -4.99725
-1.01069 -1.14877 3.47707
-4.6032 2.40613 4.1774
-2.03911 1.68476 0.00544806
4.88784 1.56957 -0.258108
2.88708 -2.3997 3.94986
3.17554 -1.41698 -3.54187
-2.19476 -4.7161 4.91626
-4.38076 4.04892 -2.27345
4.99078 2.72425 -3.27241
3.74214 1.39723 2.71769
-2.38828 2.60447 0.747565
4.9178 4.33226 2.64275
4.60692 3.47242 -1.0366
