-1.60218 -2.14895 1.65539
0.130045 -3.08399 -0.10515
4.93405 3.56985 0.207245
-4.50465 4.3932 -0.236719
-3.87495 1.24981 3.29874
0.571224 1.21871 -0.90738
0.90604 4.67767 2.9961
3.45343 3.20146 1.04952
-3.86768 4.09099 1.61984
0.535508 4.79196 0.927638
4.73477 1.54049 -0.533228
0.210495 -2.31819 4.54158
-0.993099 -3.30523 -4.37962
0.215818 -1.75724 3.15698
4.91177 -2.79827 -1.76921
1.02656 1.56513 3.86885
0.571677 -2.75476 -3.33372
-4.72315 -1.09101 4.91729
-3.13405 2.15917 -3.84657
-4.27701 -4.55399 -0.0868206
-4.3872 -4.90587 -2.28026
3.63576 -4.24393 4.15738
1.99815 -4.67244 2.94472
0.962083 -3.17455 -3.70326
-4.26399 -4.16887 -2.65576
3.71332 0.524104 -0.0835044
4.51234 4.57917 -4.40941
-1.02995 4.29551 -4.91486
3.6892 -1.65642 0.151346
-4.27741 -4.40781 -4.35368
-3.42336 4.22769 -0.375614
-4.65042 -3.48437 0.234708
4.53806 4.48747 -0.317587
-2.28895 -3.50881 0.871577
-3.85691 0.0927821 -3.83753
-4.33429 -2.75191 4.50082
-2.44489 4.80572 0.492359
-3.77068 0.27768 -3.81685
-4.60989 1.83248 4.84457
4.35997 -2.80878 -1.53161
1.37606 3.01264 1.61892
4.42319 -3.5663 -3.75441
-4.14835 -4.90906 -2.78781
1.24642 -2.64809 -4.05355
-2.21177 3.80544 0.18658
-0.390804 4.2612 4.15211
3.54931 -2.73743 -3.80878
1.02051 -4.31315 1.26175
3.97128 -2.18195 -1.76704
-3.92736 -1.86791 -3.2737
4.19552 -4.19672 4.68011
0.744227 0.380324 -0.759311
2.77384 3.05305 4.00821
3.88407 1.61969 3.99837
0.915276 1.40113 -4.48791
1.64335 -0.516129 4.71551
-0.837097 -2.37503 3.73072
4.44172 2.9865 3.29878
-1.65926 3.41546 4.94454
4.17054 1.16295 -1.17582
-3.34646 -3.20389 -2.16976
-0.473308 3.35747 -4.7566
3.89621 3.90656 2.36438
-3.94166 1.49132 -1.59502
3.71478 -4.86583 -3.75594
-4.99958 -4.53734 4.88658
-4.00848 4.36569 3.49571
3.0506 3.93843 -3.60269
-2.1312 1.30633 -1.82565
3.48666 -1.45135 -1.17229
-4.35306 -3.85221 -1.1915
-4.30933 -4.17229 3.25082
4.13228 -3.12452 -4.93231
2.71787 4.19029 4.91356
-2.61638 -4.71874 -3.72543
3.84555 -3.45897 2.33528
-4.47145 1.37382 -1.87991
-4.05708 -2.66994 2.06238
2.1325 2.99678 -2.33235
-4.16403 3.87247 4.74973
1.19246 -2.22391 2.07234
3.02431 -2.08506 0.800405
-2.92673 -4.83636 -4.88285
-3.69848 -1.37972 4.02986
1.65276 -0.799103 -0.0297919
-2.79219 -0.100528 -3.83154
-3.38538 1.41654 -4.85428
-1.01547 -1.15476 3.50896
-4.65928 2.40535 4.19267
-2.04611 1.69345 0.00694281
4.91432 1.55928 -0.263764
2.87951 -2.37704 3.97364
3.22325 -1.39652 -3.5738
-2.02373 -4.72277 4.87134
-4.42202 4.08919 -2.26104
4.97938 2.72158 -3.275
3.72938 1.39862 2.72383
-2.33825 2.63973 0.781207
4.92789 4.37798 2.66942
4.5974 3.49052 -1.06173
