-1.97181 -1.83538 2.08042
0.407349 -2.95096 0.189746
-4.88721 3.5125 0.233551
-4.69104 4.36655 -0.2474
-3.81514 1.13349 3.25356
0.760241 1.25944 -0.790211
0.928031 4.64236 3.0887
3.80381 2.85187 1.21307
-3.95844 4.42415 1.62727
0.683834 4.90114 0.663705
4.48739 1.39888 -0.476808
-5.54349e-05 -2.18041 4.50368
-1.01829 -3.41159 -4.63447
-0.479304 -2.13594 3.46407
-4.90646 -2.81182 -1.86294
1.05403 1.61104 3.8822
0.579957 -3.02078 -3.32955
-4.63182 -1.12151 4.84992
-3.09557 2.27578 -4.05702
-4.10818 -4.77998 0.0656225
-4.46524 -4.72699 -1.93752
3.76374 -4.37211 4.34471
2.30008 -4.82074 2.964
0.999506 -3.10691 -3.84129
-4.22594 -4.2115 -2.74503
3.45042 0.375532 -0.136998
4.89756 4.95498 -4.47335
-1.08269 4.16866 -4.94928
3.67517 -1.50367 0.266201
-3.92667 -4.39741 -4.35922
-3.21508 4.6128 -0.560921
4.65913 -3.8677 -0.681468
4.87388 4.55289 -0.0252611
-2.27075 -3.71987 0.739473
-3.94643 0.019336 -3.95131
-4.40084 -2.57156 4.77643
-2.5069 4.96438 0.504198
-3.89518 0.376773 -3.6478
-4.6372 1.51006 4.47773
3.83485 -2.81819 -1.17614
1.20316 2.89166 1.63044
4.20778 -4.02588 -3.59965
-4.31269 -4.84672 -2.82839
1.52179 -2.72333 -4.41574
-1.96256 3.73353 -0.396486
-0.797196 4.26115 4.12171
3.66494 -2.71183 -3.80378
1.12715 -4.59309 1.31414
3.9825 -2.17089 -1.82661
-3.77285 -1.91289 -3.31672
3.83207 -3.97676 4.46125
0.613062 0.384821 -0.782667
2.81119 3.17772 4.11916
4.00552 1.5805 4.21552
1.13271 1.60559 -4.51012
1.69593 -0.51832 4.62222
-0.874663 -2.26253 3.88529
4.42409 3.51033 3.05941
-1.7984 3.34611 -4.96051
4.23722 1.05253 -1.25504
-3.47923 -3.33306 -2.1283
-0.727253 3.40901 -4.86551
4.37744 3.97016 2.21147
-4.04593 1.36395 -1.62167
3.72255 -4.94088 -3.88976
4.64513 -4.72017 4.91048
-3.8278 4.38567 3.62274
3.15382 3.48709 -3.70151
-1.95057 1.49663 -2.4156
3.46412 -1.47961 -1.36088
4.32107 -3.75128 -1.64196
-4.23253 -4.36335 3.16388
4.35076 -2.87255 -4.96064
2.2856 4.33497 -4.88592
-2.54528 4.98005 -3.73848
3.74627 -3.38239 2.42271
-4.59171 1.67227 -1.45766
-3.96658 -2.67408 2.13854
2.18866 2.98693 -2.25437
-3.9041 4.009 4.78728
1.21658 -2.15699 1.99159
3.16114 -2.31125 0.84024
-3.02251 -4.93584 4.97265
-3.86038 -1.43055 3.87062
1.54739 -0.998169 -0.139739
-2.73531 -0.102432 -3.80322
-3.34125 1.44253 -4.15432
-1.04111 -1.18327 3.67409
-4.96144 2.40683 4.28004
-2.0828 1.73699 0.0144757
-4.95848 1.50924 -0.285511
2.84587 -2.2654 4.10224
3.46983 -1.2933 -3.74374
-1.16948 -4.77098 4.67077
-4.64295 4.32076 -2.20213
4.93598 2.71226 -3.29366
3.67576 1.40565 2.75768
-2.09215 2.81932 0.952281
-4.99519 4.62382 2.80703
4.58857 3.59528 -1.19121
