-3.93947 2.05929 -0.766819
-2.7306 -4.99607 1.58824
4.78637 -1.33235 -0.0309961
-4.70389 -4.75933 0.0494407
4.71746 -1.35501 4.91125
2.09231 0.782196 4.36877
0.40277 -4.42787 1.31497
2.18438 4.26369 2.50864
-4.76636 2.35704 -2.08377
2.76631 -4.90999 -1.61623
-4.97579 2.1005 2.33235
-4.50474 1.2509 3.79311
-0.521298 2.68638 -0.501228
-2.26121 -1.56795 -3.8142
4.29926 4.18401 -4.99236
0.181548 0.0911069 -2.11508
0.060334 -2.54893 -4.55306
-4.39212 -0.108903 -1.43535
4.99438 0.210988 -0.66834
4.93539 2.62087 2.53409
-3.75403 -4.97463 1.68633
1.43812 2.34165 1.99767
4.16448 -2.86097 -2.24785
0.272254 0.838845 3.42018
3.74634 -2.51924 -1.08832
-0.247451 -2.36932 -3.58928
0.847427 3.04976 4.85895
0.0964149 4.7551 2.2973
4.3837 1.14631 3.32153
-2.90104 2.10065 -4.3281
-2.18658 -4.8783 -1.14914
2.34656 4.64893 -3.09878
-1.76299 4.13676 1.30893
1.97691 -1.22466 -1.42791
-3.57745 0.77834 3.3149
-4.85248 0.513145 -3.95726
-0.813714 -3.81701 0.408945
-0.0560635 -0.514155 -4.50229
-3.05503 -2.0104 1.09336
1.77674 1.0598 2.97264
-0.240732 -1.21378 -3.42063
-4.89836 -0.923882 -4.3259
-0.799495 -3.9811 3.7352
-3.48064 -4.90803 -1.67897
-3.64067 3.30719 -0.822961
-0.399025 3.09656 4.34635
-2.80934 1.7552 4.03458
3.99714 -0.426859 -0.153617
3.42257 2.60341 -0.644676
1.48875 -0.759259 3.11352
2.22598 -4.96614 4.56247
-2.13943 0.261091 -0.116512
-0.880405 0.703461 3.88077
2.56515 3.71211 1.88906
2.25361 2.35377 4.99006
0.404248 -0.475635 4.76152
-0.00511519 1.63748 1.56958
4.69551 3.77604 4.00897
-3.73226 -0.638008 -4.90798
-0.482224 -2.04035 -0.109419
-0.516391 -0.493517 2.91133
-2.87148 -4.89849 -3.88996
1.27681 -4.99567 -4.88888
2.46407 -1.99479 -1.05614
1.98471 -3.22916 3.25481
3.53804 -4.45382 -4.69967
1.46048 -3.12314 -3.23404
-1.07435 4.84535 4.59971
-2.24514 1.87027 -2.50045
3.06709 -0.884454 -2.50816
4.65239 -3.44754 -4.96146
3.5239 -4.15181 -1.28363
-3.22418 3.30088 -3.81726
-2.37335 -2.8709 -4.37616
1.52644 1.99549 2.9039
2.76023 1.61836 1.0865
1.13075 -3.12537 -2.10845
-3.87529 2.60974 0.12708
1.01877 -1.88678 1.83822
-3.5276 -0.354102 3.58572
0.702354 2.33368 -2.1463
0.43556 -2.12759 0.664173
-0.61373 -2.62955 -1.57604
-0.454028 -0.357674 -1.38186
-4.50256 -1.48373 -2.83897
1.96657 0.00588218 2.06384
4.99161 -0.523608 4.63172
-0.294734 0.0268318 1.3504
1.17691 -4.93257 -4.13359
-1.38684 0.326674 -0.00666188
-4.96547 -2.41356 1.21279
4.79048 -2.53365 4.80742
3.91311 1.82827 -0.749127
-4.83307 -3.62278 1.88252
-0.569922 0.743053 2.31675
2.15189 -2.38208 2.33957
4.70508 -0.105452 4.73506
-4.67216 2.9393 2.28916
4.73391 0.775697 -0.0268856
0.743458 -1.23465 -3.30942
