-2.27188 -1.58808 2.42326
0.628915 -2.84918 0.425062
-4.76929 3.47239 0.256313
-4.91733 4.36555 -0.258204
-3.77387 1.04079 3.22218
0.912118 1.29551 -0.69727
0.945706 4.62705 3.16768
4.0969 2.57656 1.34505
-4.04972 4.71061 1.63695
0.802184 -4.98575 0.451437
4.41454 1.2867 -0.431881
-0.167059 -2.07197 4.48719
-1.03976 -3.50581 -4.86342
-1.03186 -2.44291 3.71087
-4.79141 -2.82601 -1.94076
1.07641 1.64874 3.89965
0.584826 -3.23591 -3.32804
-4.56838 -1.14574 4.80935
-3.07184 2.3771 -4.24034
-3.98665 -4.99579 0.188714
-4.54467 -4.6114 -1.66345
3.87274 -4.49127 4.50791
2.54402 -4.95267 2.9833
1.0314 -3.06047 -3.96379
-4.21545 -4.25806 -2.82476
3.24649 0.256496 -0.178889
-4.7698 -4.67975 -4.61327
-1.1254 4.08982 4.98217
3.67116 -1.38189 0.3591
-3.68075 -4.41949 -4.4066
-3.05964 4.96146 -0.711659
4.14624 -4.20157 -1.41062
-4.69591 4.64895 0.21394
-2.25958 -3.90856 0.635011
-4.02876 -0.0481224 -4.06045
-4.47352 -2.43091 -4.98081
-2.55814 -4.90042 0.514667
-4.00419 0.4673 -3.51676
-4.69373 1.25286 4.211
3.43805 -2.83457 -0.890195
1.06601 2.80025 1.64171
4.0764 -4.41824 -3.5033
-4.45748 -4.8208 -2.86798
1.74722 -2.78747 -4.73275
-1.76409 3.68538 -0.864062
-1.12156 4.28362 4.13787
3.76655 -2.69414 -3.81092
1.21473 -4.85752 1.35844
4.00701 -2.16279 -1.87816
-3.65558 -1.95 -3.35734
3.55276 -3.80599 4.31062
0.507805 0.387285 -0.801872
2.84944 3.29011 4.22983
4.12244 1.55024 4.39981
1.30736 1.77027 -4.53749
1.73943 -0.519646 4.55508
-0.90816 -2.17581 4.01946
4.44214 3.94153 2.87833
-1.91316 3.29805 -4.88718
4.32171 0.963592 -1.32395
-3.59091 -3.4408 -2.09709
-0.927526 3.45597 -4.9765
4.78296 4.03135 2.09058
-4.13675 1.26173 -1.64498
3.73873 4.98049 -4.0124
4.38767 -4.9001 4.98286
-3.69539 4.41972 3.733
3.24823 3.14726 -3.79896
-1.80706 1.65043 -2.89046
3.45084 -1.50142 -1.51266
3.2896 -3.6875 -2.00594
-4.19509 -4.55245 3.10484
4.54639 -2.67431 4.98526
1.94141 4.46226 -4.73546
-2.49323 4.75077 -3.76754
3.67542 -3.32759 2.49571
-4.73834 1.91777 -1.12455
-3.90194 -2.68129 2.20161
2.23628 2.98381 -2.19464
-3.72249 4.1541 4.85806
1.2366 -2.10518 1.92863
3.27803 -2.49816 0.875162
-3.10626 4.96022 4.86289
-3.99765 -1.47211 3.75241
1.46388 -1.15827 -0.227733
-2.69041 -0.104769 -3.7875
-3.3108 1.46451 -3.60598
-1.06354 -1.20344 3.81342
4.79031 2.41498 4.36383
-2.11376 1.77211 0.0206443
-4.924 1.47067 -0.29953
2.82397 -2.17784 4.21781
3.6787 -1.20952 -3.89345
-0.486703 -4.83479 4.53464
-4.83942 4.54574 -2.1587
4.91685 2.70971 -3.31501
3.64554 1.41191 2.78924
-1.8983 2.96806 1.09263
-4.94334 4.84735 2.92324
4.63905 3.69868 -1.29878
