-2.34754 -1.52662 2.50945
0.684279 -2.82428 0.483832
-4.74221 3.46327 0.262193
-4.9782 4.36781 -0.261481
-3.7645 1.01768 3.21494
0.950259 1.30497 -0.67411
0.95018 4.62501 3.18812
4.17229 2.50828 1.37825
-4.07498 4.78607 1.63985
0.83178 -4.95575 0.398165
4.40995 1.25877 -0.420384
-0.208484 -2.04506 4.4849
-1.04528 -3.53098 -4.92483
-1.17012 -2.52133 3.77219
-4.76652 -2.83011 -1.96057
1.08207 1.65831 3.90497
0.58589 -3.29019 -3.328
-4.55391 -1.15176 4.80128
-3.06701 2.40336 -4.28854
-3.95716 4.94402 0.219603
-4.56669 -4.58632 -1.595
3.90159 -4.52323 4.55092
2.60545 -4.98745 2.98865
1.03963 -3.04965 -3.99625
-4.21498 -4.27176 -2.84594
3.19632 0.226757 -0.189279
-4.69629 -4.59374 -4.6601
-1.13615 4.07285 4.96631
3.67115 -1.3515 0.382475
-3.62192 -4.4308 -4.42522
-3.02162 -4.9438 -0.749795
4.02547 -4.28933 -1.59282
-4.58711 4.68232 0.275003
-2.25703 -3.95774 0.60906
-4.05067 -0.0653623 -4.09
-4.49504 -2.39629 -4.92051
-2.5711 -4.86857 0.517406
-4.03323 0.490368 -3.48506
-4.71434 1.18866 4.14711
3.34095 -2.83974 -0.818514
1.03191 2.77826 1.64481
4.05003 -4.52422 -3.483
-4.49559 -4.81795 -2.87885
1.80425 -2.80436 -4.81638
-1.7145 3.67489 -0.981174
-1.20271 4.29291 4.14716
3.79348 -2.69019 -3.81472
1.23699 -4.92795 1.3699
4.01543 -2.16101 -1.89154
-3.627 -1.95948 -3.36838
3.48415 -3.76414 4.27507
0.481413 0.38779 -0.806765
2.86018 3.32024 4.26065
4.15421 1.54282 4.44751
1.35114 1.81161 -4.54572
1.75051 -0.519917 4.53929
-0.916745 -2.15408 4.05506
4.45205 4.05162 2.83451
-1.94234 3.28677 -4.87198
4.34768 0.94125 -1.34196
-3.61945 -3.46848 -2.08957
-0.977118 3.46832 4.98852
4.88859 4.04812 2.06044
-4.16074 1.23615 -1.65113
3.74454 4.96524 -4.04594
4.32853 -4.9483 -4.99228
-3.66354 4.43071 3.76173
3.27361 3.06447 -3.8261
-1.77123 1.68911 -3.00968
3.44822 -1.50675 -1.55077
3.03426 -3.67343 -2.09769
-4.18837 -4.60705 3.09144
4.59935 -2.62527 4.97326
1.85556 4.49559 -4.69956
-2.48071 4.69789 -3.77782
3.65896 -3.31477 2.51436
-4.78177 1.98031 -1.04181
-3.88674 -2.68369 2.21766
2.24863 2.98372 -2.18007
-3.68004 4.19507 4.88157
1.24171 -2.09242 1.91313
3.30855 -2.54577 0.884257
-3.12794 4.936 4.84024
-4.03318 -1.48268 3.72417
1.44311 -1.19841 -0.249772
-2.67932 -0.10546 -3.78453
-3.30393 1.47022 -3.4699
-1.06933 -1.20805 3.84928
4.73251 2.41799 4.38674
-2.1217 1.781 0.0222072
-4.92297 1.46118 -0.302686
2.81925 -2.15617 4.24852
3.73285 -1.18843 -3.93318
-0.315902 -4.85453 4.50318
-4.8915 4.60809 -2.14837
4.91415 2.70973 -3.32124
3.63966 1.41363 2.79779
-1.8501 3.0063 1.12815
-4.93651 4.90838 2.95321
4.661 3.72763 -1.32622
