-2.49969 -1.40408 2.6826
0.794966 -2.77497 0.601332
-4.69122 3.44582 0.27414
4.90069 4.37445 -0.268246
-3.7468 0.971539 3.20116
1.02676 1.3244 -0.62788
0.959211 4.62304 3.22975
4.3257 2.37225 1.44496
-4.1292 4.94134 1.64626
0.891018 -4.8971 0.291389
4.41578 1.2029 -0.397048
-0.290855 -1.99144 4.48242
-1.05651 -3.58349 4.94668
-1.44757 -2.68017 3.89633
-4.72061 -2.83903 -2.00056
1.09346 1.67763 3.91668
0.587891 -3.39942 -3.32846
-4.52674 -1.16379 4.78827
-3.05875 2.45674 -4.38823
-3.89908 4.82714 0.281418
-4.61326 -4.54058 -1.4581
3.96131 -4.58984 4.64523
2.72887 4.94224 3.00002
1.05634 -3.0289 -4.06348
-4.21639 -4.30186 -2.88969
3.09684 0.167328 -0.209987
-4.5587 -4.42811 -4.7613
-1.1577 4.0418 4.93902
3.67231 -1.29082 0.429422
-3.50669 -4.46225 -4.47086
-2.94653 -4.76138 -0.82665
3.7918 -4.47053 -1.95752
-4.3757 4.7537 0.397814
-2.25208 -4.05823 0.557356
-4.09611 -0.100064 -4.15177
-4.54347 -2.32771 -4.80736
-2.59722 -4.80758 0.523012
-4.09361 0.536765 -3.42312
-4.76258 1.06037 4.02222
3.14877 -2.85141 -0.675007
0.963896 2.7354 1.65131
4.00487 -4.7512 -3.44534
-4.57437 -4.81679 -2.9016
1.91902 -2.83939 -4.98965
-1.61537 3.65605 -1.21575
-1.36521 4.31499 4.16766
3.84932 -2.68296 -3.82469
1.28193 4.92841 1.39325
4.03498 -2.15785 -1.91881
-3.57068 -1.97871 -3.3914
3.34827 -3.68188 4.2067
0.428523 0.38872 -0.816681
2.88305 3.38305 4.32642
4.22103 1.52813 4.54511
1.43884 1.89451 -4.56403
1.77289 -0.520391 4.50887
-0.933822 -2.11067 4.12791
4.47927 4.27499 2.74868
-2.00128 3.26496 -4.84935
4.40551 0.896432 -1.37888
-3.67722 -3.52474 -2.07483
-1.07573 3.49349 4.92458
-4.89458 4.08322 2.00042
-4.21054 1.18504 -1.66377
3.7581 4.94517 -4.11563
4.21466 4.95015 -4.95208
-3.60126 4.45555 3.82076
3.32645 2.90103 -3.88378
-1.69959 1.7668 -3.24907
3.44383 -1.51729 -1.6272
2.52511 -3.64723 -2.28197
-4.17811 -4.72874 3.06655
4.7117 -2.52794 4.95648
1.68405 4.56399 -4.62969
-2.45623 4.5968 -3.80248
3.62752 -3.2903 2.55225
-4.87685 2.10693 -0.877017
-3.85745 -2.68932 2.25016
2.27385 2.98441 -2.15137
-3.59846 4.28207 4.93649
1.25205 -2.06712 1.88243
3.3713 -2.64215 0.90288
-3.1721 4.89345 4.80096
-4.10587 -1.50411 3.66953
1.40168 -1.27881 -0.293927
-2.65734 -0.10695 -3.77976
-3.29104 1.48194 -3.19868
-1.0811 -1.21675 3.92224
4.62098 2.42516 4.43512
-2.13785 1.79895 0.0253472
-4.92919 1.44233 -0.30859
2.81074 -2.11311 4.31251
3.84378 -1.14612 -4.01557
0.0258709 -4.89763 4.44211
-4.99986 4.74073 -2.12823
4.91116 2.71055 -3.33474
3.62992 1.4173 2.81575
-1.754 3.08416 1.19959
-4.93048 -4.96145 3.01461
4.71595 3.78941 -1.38168
