-2.7301 -1.22106 2.94435
0.960889 -2.70269 0.777468
-4.62417 3.42196 0.292433
4.73499 4.38983 -0.278507
-3.72273 0.902566 3.18223
1.14208 1.3546 -0.558756
0.973028 4.62462 3.29391
4.5632 2.16943 1.54587
-4.2175 -4.8276 1.65732
0.980032 -4.81531 0.130714
4.46313 1.11875 -0.361265
-0.412967 -1.9116 4.48283
-1.0736 -3.66832 4.75664
-1.86557 -2.9226 4.08605
-4.66081 -2.85438 -2.06156
1.11072 1.70695 3.93696
0.590627 -3.56517 -3.33106
-4.49073 -1.18178 4.77691
-3.05017 2.53869 -4.54634
-3.8139 4.66022 0.37354
-4.69138 -4.48281 -1.25273
4.05624 -4.7144 4.81517
2.91574 4.84183 3.01874
1.08191 -3.00013 -4.17203
-4.22522 -4.35473 -2.95907
2.94959 0.0782988 -0.24096
-4.3707 -4.19736 -4.93321
-1.18973 4.0021 4.90877
3.67696 -1.20015 0.500295
-3.33925 -4.53547 -4.56335
-2.8367 -4.50209 -0.943485
3.45565 -4.75944 -2.5062
-4.07839 4.87569 0.583918
-2.24467 -4.21427 0.480156
-4.16856 -0.152398 -4.25144
-4.6354 -2.2265 -4.66175
-2.63715 -4.72313 0.531687
-4.19041 0.606776 -3.33411
-4.85117 0.868088 3.84142
2.86458 -2.87251 -0.459792
0.862352 2.673 1.66172
3.95432 4.87256 -3.39593
-4.70177 -4.82711 -2.93834
2.09288 -2.89603 4.74575
-1.46695 3.6325 -1.5687
-1.60958 4.35558 4.20334
3.93835 -2.67418 -3.84564
1.35031 4.71993 1.42905
4.07092 -2.15438 -1.96093
-3.48824 -2.00829 -3.42844
3.14763 -3.56328 4.11014
0.348907 0.389946 -0.831911
2.92097 3.48262 4.43597
4.32957 1.50624 4.69762
1.57077 2.01939 -4.59621
1.80706 -0.520989 4.4659
-0.959833 -2.04658 4.23963
4.54875 4.62765 2.62373
-2.09113 3.23398 -4.83488
4.50708 0.828829 -1.43644
-3.76599 -3.61163 -2.05354
-1.22236 3.53152 4.84381
-4.57545 4.14293 1.91122
-4.2904 1.10849 -1.68352
3.78294 4.93786 -4.22781
4.05231 4.82186 -4.92306
-3.51098 4.5011 3.91383
3.41066 2.66012 -3.97971
-1.59218 1.88401 -3.61105
3.43931 -1.53297 -1.74248
1.76357 -3.6126 -2.56065
-4.16976 -4.9335 3.03387
4.9026 -2.38417 4.95433
1.42723 4.6709 -4.52991
-2.42107 4.45618 -3.85033
3.58412 -3.25687 2.61048
4.95969 2.30093 -0.631255
-3.81623 -2.69973 2.29977
2.31291 2.98756 -2.10945
-3.48426 4.42598 -4.97153
1.26786 -2.02987 1.83709
3.47008 -2.79011 0.931726
-3.24023 4.84606 4.76209
-4.21948 -1.53708 3.5918
1.33974 -1.39986 -0.36048
-2.62497 -0.109416 -3.7756
-3.2739 1.50029 -2.79382
-1.09926 -1.22854 4.03433
4.46257 2.43864 4.51429
-2.16277 1.82634 0.0300809
-4.95997 1.41429 -0.316574
2.80038 -2.04935 4.41454
4.01759 -1.08248 -4.1473
0.538796 -4.97064 4.35438
4.83811 4.96046 -2.0992
4.91236 2.71357 -3.35762
3.62059 1.42326 2.84491
-1.61047 3.20444 1.30767
-4.93923 -4.77831 3.11072
4.82024 3.89226 -1.46643
