-2.80754 -1.16021 3.03227
1.01617 -2.67907 0.836147
-4.60426 3.41471 0.29862
4.68279 4.39642 -0.281904
-3.71537 0.879655 3.17639
1.18065 1.36491 -0.535769
0.977709 4.6266 3.31572
4.64433 2.10216 1.57977
-4.24879 -4.75721 1.6614
1.00975 -4.78959 0.0770434
4.48971 1.09051 -0.349147
-0.453197 -1.88513 4.48396
-1.07932 -3.69833 4.69511
-2.00534 -3.00448 4.15038
-4.64324 -2.86009 -2.08218
1.11651 1.71681 3.94445
0.591459 -3.62099 -3.33253
-4.48014 -1.18777 4.77543
-3.04842 2.56644 -4.60126
-3.78583 4.60658 0.403857
-4.72021 -4.46636 -1.18426
4.0894 -4.76661 4.8827
2.97853 4.80968 3.02541
1.09054 -2.99121 -4.21076
-4.23035 -4.37474 -2.98319
2.90096 0.0486567 -0.25128
-4.31214 -4.12491 -4.99574
-1.2002 3.99073 4.90161
3.67927 -1.17003 0.524031
-3.28478 -4.56833 -4.6007
-2.80085 -4.41875 -0.982825
3.34588 -4.86251 -2.68973
-3.98321 4.92246 0.646782
-2.24203 -4.26765 0.454481
-4.19395 -0.169859 -4.28665
-4.67389 -2.19318 -4.62208
-2.65074 -4.6969 0.534659
-4.2245 0.630192 -3.30552
-4.88474 0.804037 3.78278
2.77073 -2.88052 -0.388144
0.828607 2.65264 1.66538
3.94139 4.75157 -3.38139
-4.74772 -4.83409 -2.95124
2.15124 -2.91616 4.66101
-1.41758 3.62579 -1.68666
-1.69123 4.37102 4.21686
3.96951 -2.6719 -3.85424
1.37334 4.65284 1.44115
4.08461 -2.15364 -1.97529
-3.4613 -2.01837 -3.44148
3.08154 -3.52504 4.07926
0.322289 0.390323 -0.837085
2.93453 3.51727 4.47565
4.36792 1.49896 4.75028
1.61484 2.06116 -4.60824
1.81861 -0.521161 4.45222
-0.968763 -2.02563 4.27739
4.58022 4.75171 2.58296
-2.12146 3.22412 -4.83502
4.54478 0.806192 -1.45618
-3.79627 -3.64134 -2.04665
-1.27101 3.54408 4.82106
-4.47148 4.16552 1.88179
-4.31877 1.08301 -1.6903
3.79231 4.93929 -4.26766
3.99998 4.79023 -4.92494
-3.48169 4.51864 3.9469
3.43995 2.58069 -4.01442
-1.55642 1.92325 -3.73261
3.43833 -1.5382 -1.7811
1.51008 -3.60231 -2.65423
-4.16897 4.99284 3.02434
4.97499 -2.3369 4.96215
1.34172 4.70783 -4.4981
-2.40983 4.4121 -3.8689
3.57065 -3.24658 2.63024
4.90646 2.36669 -0.549586
-3.8032 -2.70368 2.31655
2.3262 2.98916 -2.09577
-3.44845 4.478 -4.9575
1.2732 -2.01762 1.82215
3.50434 -2.84038 0.941543
-3.26345 4.8353 4.76228
-4.25872 -1.54829 3.56695
1.31913 -1.44035 -0.382779
-2.61438 -0.110285 -3.77501
-3.2688 1.50659 -2.65928
-1.10548 -1.23211 4.07237
4.41182 2.44386 4.54261
-2.1713 1.83561 0.0316687
-4.97751 1.40504 -0.319054
2.79759 -2.0283 4.44979
4.07777 -1.06125 -4.19363
0.709792 -4.9974 4.32627
4.78904 -4.96092 -2.08977
4.91416 2.71501 -3.36593
3.61891 1.42541 2.85525
-1.56279 3.24552 1.34394
-4.94716 -4.72253 3.14403
4.85961 3.9293 -1.4951
