-2.88533 -1.09946 3.1206
1.07143 -2.65569 0.894812
-4.58562 3.40782 0.30485
4.63184 4.40383 -0.285279
-3.70834 0.856777 3.17081
1.21927 1.37534 -0.512806
0.982423 4.62949 3.33774
4.72641 2.03502 1.61381
-4.28113 -4.69069 1.66569
1.03948 -4.76453 0.0233276
4.52241 1.06212 -0.33694
-0.493136 -1.85873 4.48561
-1.08503 -3.72927 4.63447
-2.14535 -3.08698 4.21542
-4.62682 -2.86601 -2.10296
1.12233 1.72672 3.95231
0.592238 -3.67712 -3.3343
-4.47035 -1.19375 4.77514
-3.04725 2.59438 -4.65732
-3.75805 4.55377 0.433983
-4.75038 -4.45078 -1.11577
4.12339 -4.82641 4.95799
3.04159 4.77818 3.03232
1.09922 -2.98261 -4.25069
-4.23657 -4.39567 -3.00781
2.85253 0.0190348 -0.261604
-4.2554 -4.05462 4.93906
-1.2105 3.98029 4.89596
3.68195 -1.13996 0.54782
-3.23093 -4.60647 -4.64179
-2.76537 -4.33668 -1.02236
3.23696 -4.9694 -2.87367
-3.88937 4.97271 0.710013
-2.2392 -4.3218 0.428796
-4.22001 -0.187305 -4.32291
-4.71828 -2.16005 -4.58863
-2.6645 -4.67174 0.537682
-4.25957 0.65365 -3.27747
-4.92023 0.739996 3.7249
2.67726 -2.88897 -0.316559
0.794903 2.63248 1.66912
3.93034 4.63534 -3.36788
-4.79545 -4.84216 -2.96447
2.2098 -2.93695 4.57785
-1.36828 3.61963 -1.80479
-1.77299 4.3874 4.23137
4.00146 -2.66994 -3.86364
1.39648 4.58678 1.45331
4.09916 -2.15307 -1.98981
-3.43464 -2.02856 -3.45487
3.01582 -3.48742 4.04899
0.29563 0.390691 -0.842305
2.94854 3.55271 4.51706
4.40732 1.49168 4.80394
1.65896 2.10302 -4.62093
1.83023 -0.521319 4.43885
-0.977884 -2.00492 4.31543
4.61603 4.87898 2.54255
-2.15199 3.21447 -4.83761
4.58445 0.783514 -1.47618
-3.82693 -3.67138 -2.03987
-1.31961 3.5565 4.80042
-4.3685 4.18919 1.85253
-4.34816 1.05755 -1.69717
3.80222 4.94286 -4.30907
3.94836 4.76614 -4.93485
-3.45281 4.53697 3.98116
3.46985 2.50168 -4.05065
-1.52069 1.96256 -3.85468
3.4376 -1.54342 -1.81982
1.25674 -3.59259 -2.74813
-4.16934 4.92307 3.01553
-4.94621 -2.28999 4.97605
1.25625 4.74552 -4.46707
-2.39883 4.36938 -3.88877
3.55768 -3.23673 2.65018
4.85694 2.43301 -0.467994
-3.79052 -2.70794 2.33345
2.33962 2.99105 -2.08224
-3.41379 4.53228 -4.9591
1.27857 -2.00546 1.80731
3.53931 -2.89115 0.951449
-3.28693 4.82735 4.77331
-4.29873 -1.55964 3.54261
1.29851 -1.48089 -0.405141
-2.60389 -0.11117 -3.77484
-3.26401 1.513 -2.52492
-1.11181 -1.2355 4.11074
4.362 2.44941 4.57196
-2.17997 1.84494 0.0332623
-4.99958 1.39587 -0.321465
2.79513 -2.00733 4.48572
4.13923 -1.04001 -4.24127
0.88079 4.97439 4.29885
4.74231 -4.88369 -2.08044
4.91665 2.71669 -3.37458
3.61793 1.42762 2.86592
-1.51519 3.28707 1.38034
-4.95777 -4.67122 3.17805
4.9012 3.96862 -1.52398
