-2.96342 -1.0388 3.20934
1.12668 -2.63255 0.953459
-4.56823 3.40127 0.311114
4.58204 4.41203 -0.288639
-3.70164 0.833932 3.16547
1.25795 1.38588 -0.489869
0.987169 4.63276 3.35996
4.80946 1.968 1.64798
-4.31462 -4.62801 1.67014
1.06925 -4.74009 -0.0304318
4.56235 1.03354 -0.324648
-0.532733 -1.8324 4.48778
-1.09069 -3.76125 4.57467
-2.28553 -3.17016 4.28117
-4.61151 -2.87216 -2.12393
1.12817 1.73665 3.96055
0.59295 -3.7336 -3.33641
-4.46103 -1.19974 4.77608
-3.04668 2.6225 -4.7146
-3.73063 4.50175 0.463966
-4.78184 -4.43607 -1.04728
4.15835 -4.89573 -4.95713
3.10494 4.74728 3.03944
1.10797 -2.97442 -4.29183
-4.24383 -4.41755 -3.03309
2.8043 -0.0105695 -0.271938
-4.20013 -3.98645 4.87671
-1.22057 3.97072 4.89181
3.68501 -1.10995 0.571656
-3.17759 -4.65097 -4.68803
-2.73021 -4.25577 -1.0621
3.12877 4.91935 -3.05818
-3.79655 -4.97346 0.773475
-2.23609 -4.37682 0.403047
-4.24671 -0.204726 -4.36029
-4.7635 -2.12709 -4.56326
-2.67848 -4.6477 0.540758
-4.29562 0.677147 -3.25
-4.95753 0.675958 3.66776
2.58415 -2.89787 -0.245052
0.761241 2.6125 1.67297
3.9212 4.52402 -3.35553
-4.84493 -4.85132 -2.97808
2.26862 -2.95851 4.49617
-1.31903 3.614 -1.92311
-1.85484 4.40468 4.24691
4.03446 -2.6683 -3.87388
1.41974 4.52162 1.46554
4.11458 -2.15269 -2.00449
-3.40818 -2.03886 -3.46868
2.95053 -3.45047 4.01925
0.268934 0.391048 -0.847573
2.96302 3.58887 4.56028
4.44777 1.48441 4.85866
1.70312 2.14494 -4.63429
1.84194 -0.52147 4.42579
-0.987227 -1.98452 4.35374
4.65634 -4.99029 2.50242
-2.18271 3.20502 -4.84265
4.62629 0.76079 -1.49643
-3.85795 -3.70175 -2.03323
-1.36822 3.56873 4.78192
-4.26639 4.21389 1.82341
-4.37866 1.03212 -1.70414
3.81271 4.94907 -4.35255
3.89735 4.75124 -4.9547
-3.42431 4.55611 4.01659
3.50037 2.42303 -4.08852
-1.48497 2.00191 -3.97732
3.43715 -1.54864 -1.85865
1.00359 -3.58345 -2.84232
-4.17092 4.85663 3.00729
-4.86863 -2.24345 4.99764
1.17082 4.78373 -4.43684
-2.38806 4.32797 -3.91005
3.54524 -3.22736 2.67029
4.81085 2.49985 -0.386469
-3.77816 -2.7125 2.35045
2.35317 2.99325 -2.06885
-3.38027 4.58917 -4.98473
1.28398 -1.99337 1.79257
3.57504 -2.94247 0.961419
-3.31068 4.82265 4.80024
-4.33932 -1.57115 3.51873
1.27791 -1.52151 -0.427575
-2.5935 -0.112071 -3.77507
-3.25953 1.51949 -2.39073
-1.11824 -1.23869 4.14945
4.31305 2.45529 4.60236
-2.18876 1.85434 0.0348589
4.97334 1.38683 -0.323821
2.7931 -1.98646 4.52231
4.20236 -1.01876 -4.2903
1.05181 4.94676 4.27215
4.69783 -4.80778 -2.07125
4.91982 2.71861 -3.3836
3.61769 1.4299 2.8769
-1.46766 3.32908 1.41685
-4.97107 -4.62408 3.21267
4.94508 4.01022 -1.5531
