-3.2797 -0.796699 3.57039
1.34765 -2.54254 1.18789
-4.51189 3.37998 0.336522
4.39342 4.45359 -0.301868
-3.67913 0.743039 3.14678
1.4131 1.42908 -0.398321
1.00618 4.64965 3.45098
-4.85167 1.70141 1.78617
-4.464 -4.39808 1.68936
1.18859 -4.64795 -0.245813
4.72758 0.915761 -0.27439
-0.686638 -1.72741 4.50151
-1.11296 -3.89979 4.3435
-2.84844 -3.51116 4.55372
-4.56135 -2.89895 -2.20957
1.15169 1.77662 3.99741
0.595423 -3.96489 -3.34927
-4.42919 -1.22359 4.7968
-3.05094 2.73665 -4.95779
-3.62483 4.3234 0.583087
-4.9198 -4.38531 -0.773175
4.30946 4.74932 -4.63165
3.36132 4.63069 3.0708
1.14369 -2.94614 -4.46773
-4.28496 -4.51578 -3.14052
2.61273 -0.128795 -0.313401
-3.9927 -3.73367 4.65335
-1.25774 3.94114 4.89054
3.70073 -0.990334 0.667522
-2.96771 -4.94857 -4.98698
-2.59251 -3.94072 -1.22311
2.70107 4.49339 -3.8033
-3.43336 -4.81937 1.02864
-2.21992 -4.6045 0.298536
-4.36114 -0.273907 -4.52165
-4.95685 -1.99681 -4.50749
-2.73689 -4.55877 0.553786
-4.45109 0.771527 -3.14565
4.88621 0.419992 3.44681
2.21486 -2.9378 0.040247
0.626849 2.5343 1.68936
3.90257 4.10169 -3.31434
4.94387 -4.89976 -3.03593
2.50593 -3.05238 4.18456
-1.12256 3.59656 -2.39864
-2.18316 4.48453 4.32065
4.17755 -2.66537 -3.92158
1.51387 4.26904 1.51519
4.18505 -2.1531 -2.06462
-3.3045 -2.0812 -3.52772
2.69334 -3.30928 3.90581
0.161752 0.392431 -0.869102
3.02516 3.74056 4.75596
4.61944 1.45538 -4.91327
1.88022 2.31323 -4.69468
1.88964 -0.522001 4.37681
-1.02781 -1.90656 4.51016
4.85875 -4.49215 2.3448
-2.30751 3.16942 -4.88814
4.81624 0.669305 -1.57962
-3.98632 -3.82672 -2.00784
-1.56371 3.61658 4.72982
-3.86541 4.32784 1.70858
-4.51676 0.930735 -1.73302
3.85984 -4.99525 -4.53598
3.69714 4.76194 4.96086
-3.31451 4.64253 4.16789
3.62855 2.11096 -4.25847
-1.34231 2.15969 -4.4748
3.43787 -1.56971 -2.01509
-0.00805819 -3.55123 -3.21948
-4.19281 4.6229 2.98045
-4.56836 -2.06126 -4.89105
0.829335 4.94194 -4.32318
-2.34744 4.17518 -4.01239
3.50051 -3.19369 2.75279
4.64745 2.77266 -0.0606967
-3.73219 -2.7332 2.41967
2.40862 3.00437 -2.0166
-3.25059 4.8396 4.76084
1.30591 -1.94553 1.7348
3.72587 -3.15253 1.00194
-3.4147 4.87316 -4.92787
-4.50866 -1.61856 3.42912
1.19542 -1.68476 -0.518059
-2.55312 -0.115735 -3.7801
-3.24502 1.5464 -1.85537
-1.14541 -1.24909 4.30777
4.12494 2.48182 4.73729
-2.22555 1.89281 0.0412939
4.87341 1.35298 -0.332918
2.78887 -1.90396 4.6765
4.47514 -0.933652 -4.50015
1.73636 4.84196 4.17287
4.54044 -4.51637 -2.03548
4.93925 2.72846 -3.42326
3.62334 1.44006 2.92454
-1.27829 3.50242 1.56413
4.96316 -4.45649 3.35862
-4.87178 4.19929 -1.67189
