-3.36014 -0.736286 3.66276
1.4029 -2.52071 1.24646
-4.501 3.37578 0.342954
4.34893 4.46612 -0.305135
-3.67487 0.72044 3.14288
1.452 1.44013 -0.375476
1.01087 4.65486 3.47433
-4.76821 1.63507 1.82114
-4.50686 -4.345 1.69439
1.2185 -4.62619 -0.29974
4.77072 0.885087 -0.26145
-0.723701 -1.7011 4.50613
-1.11847 -3.93716 4.28771
-2.98987 -3.5991 4.62511
-4.55169 -2.90621 -2.23144
1.1576 1.78667 4.00763
0.596262 -4.02426 -3.35341
-4.42285 -1.22952 4.80764
-3.0538 2.76559 4.97762
-3.59927 4.28336 0.612724
-4.95705 -4.37463 -0.704619
4.34991 4.66442 -4.55682
3.42611 4.60319 3.07927
1.1528 -2.94021 -4.51451
-4.30077 -4.54324 -3.16902
2.56518 -0.158312 -0.323804
-3.94441 -3.6753 4.6033
-1.26613 3.9358 4.89424
3.70552 -0.960536 0.691622
-2.915 4.91304 4.88666
-2.55874 -3.86382 -1.26384
2.59495 4.39105 -3.99284
-3.34434 -4.79075 1.09278
-2.21497 -4.6639 0.271884
-4.39213 -0.291009 -4.56507
4.99054 -1.96472 -4.49619
-2.75209 -4.53813 0.557199
-4.49309 0.795222 -3.12079
4.85087 0.356035 3.39379
2.12321 -2.94883 0.111374
0.593307 2.51516 1.69373
3.9014 4.00119 -3.30642
4.89327 -4.91487 -3.05125
2.56539 -3.07726 4.11073
-1.07354 3.59343 -2.51818
-2.26544 4.50789 4.34299
4.21629 -2.66555 -3.93505
1.53767 4.20767 1.52777
4.20485 -2.15366 -2.07997
-3.27914 -2.09209 -3.54341
2.63004 -3.27587 3.87833
0.134866 0.392772 -0.874593
3.04164 3.78027 4.81079
4.66465 1.44817 -4.85801
1.92458 2.35547 -4.71156
1.90175 -0.522117 4.36541
-1.03902 -1.88823 4.55029
4.91773 -4.37283 2.30608
-2.33923 3.16112 -4.90585
4.87239 0.646208 -1.60084
-4.0197 -3.85893 -2.00177
-1.61304 3.62867 4.72277
-3.76677 4.36002 1.68031
-4.55684 0.905501 -1.7405
3.87262 -4.98996 -4.59067
3.64785 4.77264 4.95163
-3.2883 4.66725 4.20888
3.66208 2.03341 -4.3058
-1.30668 2.19918 -4.60124
3.43868 -1.57503 -2.05448
-0.261469 -3.54417 -3.31442
-4.20308 4.57079 2.97526
-4.49543 -2.01665 -4.86924
0.743988 4.98302 -4.29638
-2.33798 4.14014 -4.0426
3.49044 -3.18624 2.77392
4.61266 2.84214 0.0207176
-3.72169 -2.73898 2.43732
2.42282 3.00773 -2.00385
-3.21814 4.92952 4.76231
1.31143 -1.93362 1.72069
3.76564 -3.20632 1.01218
-3.44487 4.91025 -4.87064
-4.5531 -1.63079 3.4084
1.17476 -1.72578 -0.540885
-2.54335 -0.11665 -3.78235
-3.24224 1.55336 -1.72179
-1.1527 -1.25096 4.34828
4.07959 2.48912 4.77586
-2.23511 1.90265 0.0429213
4.8505 1.34533 -0.33517
2.78871 -1.8836 4.71714
4.54969 -0.912307 -4.55614
1.90766 4.81723 4.14971
4.50522 -4.44609 -2.02682
4.94579 2.73145 -3.43403
3.62631 1.44286 2.93758
-1.2311 3.54713 1.60128
4.95065 -4.41911 3.3969
-4.83183 4.25231 -1.70216
