-3.69034 -0.494841 4.04466
1.62439 -2.43646 1.48057
-4.47048 3.36318 0.368795
4.17958 4.52476 -0.318221
-3.66305 0.630564 3.13019
1.60816 1.48537 -0.284293
1.02942 4.68033 3.57055
-4.4443 1.37077 1.96253
-4.70799 -4.14686 1.71372
1.33845 -4.54376 -0.515867
4.95508 0.757422 -0.207918
-0.865188 -1.59488 4.52761
-1.14039 -4.09837 4.07142
-3.55987 -3.96908 4.92694
-4.52581 -2.93754 -2.32109
1.18131 1.82719 4.05265
0.600034 -4.26621 -3.37246
-4.41043 -1.2532 4.88236
-3.07316 2.88277 4.75814
-3.50035 4.13464 0.730646
4.88925 -4.33984 -0.430392
4.52042 4.35335 -4.27378
3.68864 4.49954 3.11551
1.18972 -2.92048 -4.71299
-4.38857 -4.66621 -3.29033
2.37631 -0.276247 -0.365681
-3.76687 -3.45847 4.42084
-1.2961 3.92159 4.9245
3.7282 -0.841701 0.788478
-2.70147 4.46386 4.44941
-2.42644 -3.56242 -1.42887
2.17166 3.99702 -4.77967
-2.99407 -4.70755 1.35128
-2.19335 -4.91408 0.162969
-4.53223 -0.35806 -4.75422
4.82042 -1.83865 -4.46372
-2.81474 -4.46112 0.570711
-4.67518 0.890497 -3.02643
4.72765 0.100397 3.18989
1.7588 -2.99713 0.394928
0.45931 2.44011 1.71222
3.90745 3.61667 -3.28531
4.70761 -4.98749 -3.11614
2.81295 -3.17444 3.84174
-0.877754 3.58584 -3.00021
-2.5924 4.6181 4.44408
4.37931 -2.66983 -3.99555
1.63402 3.96838 1.57878
4.29237 -2.15756 -2.14267
-3.18076 -2.13694 -3.61035
2.37553 -3.15289 3.76548
0.0270011 0.394177 -0.897044
3.11161 3.94783 -4.93729
4.85565 1.41968 -4.6506
2.10238 2.52531 -4.78694
1.95082 -0.522465 4.32312
-1.08877 -1.82102 4.71694
-4.82088 -3.91032 2.1549
-2.46819 3.12997 4.97698
-4.85815 0.550805 -1.68638
-4.15982 -3.99221 -1.97876
-1.8123 3.67963 4.71956
-3.37709 4.50505 1.56904
-4.74938 0.806208 -1.77204
3.92959 4.96744 -4.87335
3.45318 4.85735 4.98452
-3.18977 4.79337 4.38365
3.80235 1.72438 -4.51989
-1.16407 2.35734 4.88036
3.44424 -1.59653 -2.21337
-1.27614 -3.52172 -3.70133
-4.25983 4.38095 2.95956
-4.23761 -1.84157 -4.8108
0.402676 -4.8541 -4.19485
-2.3032 4.01011 -4.18954
3.4547 -3.16014 2.86032
4.49954 3.12529 0.346429
-3.68394 -2.76453 2.50927
2.481 3.02375 -1.95418
-3.10118 -4.90813 4.9315
1.3333 -1.88564 1.6657
3.93441 -3.42699 1.05322
-3.57711 -4.89191 -4.78962
-4.74162 -1.68127 3.33192
1.09193 -1.89068 -0.63321
-2.50596 -0.120187 -3.7957
-3.23463 1.58206 -1.18844
-1.18499 -1.2541 4.51418
3.90429 2.52111 4.9541
-2.2747 1.94298 0.0494546
4.76631 1.31817 -0.344401
2.79086 -1.8032 4.88846
4.87835 -0.826311 -4.7995
2.59362 4.72492 4.06325
4.37662 -4.17314 -1.9935
4.97868 2.74556 -3.48087
3.64449 1.45522 2.9945
-1.04269 3.73191 1.75103
4.9198 -4.28508 3.55668
-4.69913 4.48872 -1.82591
