-3.99717 2.03257 -0.782938
-2.73716 4.94715 1.59392
4.83101 -1.3403 -0.0291692
-4.7285 -4.78584 0.0484405
4.68972 -1.3667 4.84788
2.10663 0.782833 4.41277
0.404556 -4.46286 1.31698
2.1924 4.30278 2.52614
-4.81987 2.37339 -2.1018
2.77742 -4.88326 -1.62068
-4.92533 2.09363 2.33682
-4.55987 1.25715 3.81992
-0.522325 2.70589 -0.506632
-2.28116 -1.57467 -3.84854
4.32781 4.21618 4.95446
0.183617 0.0962505 -2.12433
0.060204 -2.56246 -4.58424
-4.43369 -0.109917 -1.44115
-4.91002 0.212371 -0.67874
4.81448 2.63614 2.54699
-3.77265 -4.9667 1.69222
1.44127 2.35391 1.99581
4.18649 -2.87223 -2.25802
0.274314 0.84411 3.44839
3.77585 -2.53318 -1.08897
-0.253985 -2.38688 -3.60815
0.849191 3.07355 4.87371
0.095087 4.80263 2.30546
4.43834 1.14759 3.34153
-2.92311 2.11139 -4.38701
-2.19458 -4.88587 -1.15658
2.3644 4.71804 -3.13558
-1.77127 4.1949 1.31291
1.98315 -1.22103 -1.43729
-3.60441 0.78068 3.32972
-4.82426 0.521394 -3.99081
-0.816789 -3.83425 0.408906
-0.069187 -0.518605 -4.41603
-3.08103 -2.02346 1.09926
1.79646 1.05513 2.99828
-0.256655 -1.21341 -3.45132
-4.82001 -0.934236 -4.43246
-0.802957 -4.00783 3.75243
-3.51339 -4.97226 -1.69236
-3.66039 3.37454 -0.838236
-0.405346 3.11482 4.38137
-2.82179 1.76484 4.06182
4.0335 -0.430622 -0.150605
3.44066 2.62461 -0.648592
1.49422 -0.765065 3.1285
2.23716 -4.92699 4.60752
-2.15981 0.26071 -0.119222
-0.899621 0.709928 3.93177
2.58566 3.73198 1.88654
2.26318 2.3613 4.97717
0.411154 -0.475794 4.70931
-0.0071768 1.64727 1.56825
4.755 3.8097 4.06501
-3.77518 -0.642199 -4.86679
-0.491027 -2.05205 -0.111569
-0.521243 -0.50138 2.92361
-2.88793 -4.88932 -3.91698
1.276 4.99436 -4.8633
2.47369 -2.00507 -1.05554
1.99262 -3.25284 3.27369
3.55523 -4.49544 -4.74105
1.46635 -3.14345 -3.25229
-1.08648 4.91468 4.65391
-2.25383 1.8794 -2.51507
3.08224 -0.884335 -2.52125
4.61077 -3.48533 -4.91268
3.55408 -4.20607 -1.28725
-3.24069 3.32154 -3.83964
-2.38347 -2.88387 -4.39782
1.53473 2.01587 2.93124
2.77535 1.62312 1.08559
1.1344 -3.16386 -2.11671
-3.90003 2.62374 0.139006
1.02116 -1.89693 1.84511
-3.57058 -0.367277 3.62116
0.704227 2.34182 -2.15583
0.439343 -2.14474 0.667253
-0.619783 -2.64379 -1.58153
-0.4601 -0.358476 -1.38502
-4.56509 -1.49335 -2.85986
1.97788 0.00275685 2.06643
-4.95518 -0.527923 4.71009
-0.297601 0.0222699 1.34768
1.17659 -4.89758 -4.19013
-1.38136 0.329305 -0.00631206
4.99973 -2.42034 1.21619
4.84899 -2.54597 4.86427
3.96248 1.83055 -0.758435
-4.85862 -3.64064 1.89005
-0.577794 0.746997 2.32264
2.16209 -2.39151 2.34551
4.72304 -0.0942089 4.65518
-4.51005 2.9792 2.29421
4.71472 0.782083 -0.0219139
0.766363 -1.23767 -3.34423
