-3.86206 -0.373888 4.24683
1.73589 -2.39627 1.5978
-4.46293 3.35923 0.381716
4.09863 4.55922 -0.324818
-3.66001 0.585942 3.12562
1.68669 1.50862 -0.238812
1.03867 4.69602 3.62076
-4.28762 1.23921 2.03412
-4.81801 -4.05588 1.72201
1.39862 -4.50514 -0.624204
-4.95026 0.691482 -0.180166
-0.931999 -1.5414 4.53925
-1.1512 -4.18571 3.96741
-3.84937 -4.16421 -4.91364
-4.52079 -2.9547 -2.36727
1.19324 1.84764 4.07771
0.602109 -4.38925 -3.38333
-4.41444 -1.26507 4.94578
-3.0879 2.94277 4.66472
-3.45282 4.06574 0.78925
4.81681 -4.32717 -0.2933
4.6107 4.20405 -4.13846
3.82239 4.45127 3.13546
1.20847 -2.91278 -4.81913
-4.44643 -4.73688 -3.35539
2.28276 -0.335156 -0.386807
-3.68611 -3.35644 4.34124
-1.30909 3.91904 4.94796
3.74188 -0.782471 0.837175
-2.60252 4.27201 4.24873
-2.36197 -3.41486 -1.51259
1.95994 3.80665 4.80832
-2.82128 -4.68559 1.48201
-2.18221 4.9526 0.107231
-4.61976 -0.390259 -4.86039
4.75142 -1.77686 -4.45533
-2.84714 -4.42598 0.577125
-4.7742 0.938521 -2.98229
4.67704 -0.027277 3.09259
1.5776 -3.02384 0.536152
0.392421 2.40348 1.72206
3.91655 3.43206 -3.28003
4.62388 4.97133 -3.15054
2.94606 -3.22694 3.71761
-0.779911 3.5854 -3.24448
-2.74959 4.69819 4.5042
4.46607 -2.67425 -4.02984
1.68295 3.85213 1.60482
4.34132 -2.16044 -2.17479
-3.13328 -2.16006 -3.64637
2.24587 -3.09505 3.71005
-0.0270813 0.39493 -0.908582
3.1496 4.03577 -4.80886
4.95809 1.4058 -4.55369
2.19154 2.61075 -4.82915
1.97577 -0.522565 4.304
-1.11594 -1.79125 4.80507
-4.69891 -3.68501 2.08278
-2.53383 3.11609 4.90703
-4.73025 0.49649 -1.72799
-4.23442 -4.06195 -1.96793
-1.91274 3.70829 4.72977
-3.18453 4.58954 1.51453
-4.85128 0.760252 -1.78959
3.96297 4.948 4.94706
3.35683 4.90734 -4.96111
-3.1449 4.88511 4.48132
3.87672 1.57006 -4.64203
-1.09257 2.43674 4.61893
3.44856 -1.60744 -2.29368
-1.78387 -3.514 -3.90028
-4.29609 4.29559 2.95481
-4.12081 -1.75605 -4.80317
0.232074 -4.77669 -4.14732
-2.28761 3.95288 -4.28331
3.44002 -3.14936 2.90472
4.45853 3.27027 0.50956
-3.66728 -2.77865 2.54619
2.51098 3.03331 -1.93005
-3.046 -4.937 -4.93521
1.34393 -1.8612 1.63897
4.02609 -3.54093 1.07378
-3.64974 -4.79356 -4.80342
-4.84276 -1.70741 3.29757
1.05046 -1.97366 -0.680033
-2.48821 -0.121807 -3.80518
-3.23262 1.59695 -0.922256
-1.20366 -1.25206 4.59981
3.82015 2.53875 -4.94408
-2.29517 1.96379 0.0527346
4.73147 1.30618 -0.349129
2.79366 -1.76367 4.97959
-4.92293 -0.783034 -4.93859
2.93723 4.68272 4.02563
4.31853 -4.04118 -1.97758
4.99933 2.75391 -3.50646
3.6574 1.46214 3.02623
-0.94857 3.82819 1.82655
4.9166 -4.2267 3.64109
-4.64869 4.62231 -1.88926
