-3.94956 -0.313253 4.35257
1.79194 -2.37665 1.65655
-4.46092 3.35776 0.388174
4.05895 4.5777 -0.328131
-3.65911 0.563687 3.12382
1.72611 1.52038 -0.216091
1.04331 4.70461 3.64643
-4.21035 1.17355 2.07017
-4.87557 -4.01247 1.72591
1.42877 -4.48649 -0.678442
-4.90997 0.658169 -0.166072
-0.964498 -1.51482 4.54513
-1.15654 -4.23117 3.91656
-3.99605 -4.26438 -4.83914
-4.52025 -2.96378 -2.39065
1.19924 1.8579 4.09088
0.603218 -4.45133 -3.38907
-4.41843 -1.27111 4.98685
-3.09663 2.97314 4.61982
-3.42952 4.03226 0.818501
4.78187 -4.32206 -0.224756
4.65716 4.1304 -4.07188
3.88998 4.42797 3.14602
1.21794 -2.90951 -4.87395
-4.47876 -4.7761 -3.38879
2.23624 -0.36461 -0.397416
-3.64728 -3.3069 4.30625
-1.31515 3.91886 4.96172
3.74944 -0.752908 0.861602
-2.55329 4.17843 4.15129
-2.33009 -3.34196 -1.55468
1.85407 3.71268 4.60477
-2.73522 -4.68071 1.54781
-2.17666 4.88781 0.0790815
-4.66687 -0.405751 -4.91713
4.72071 -1.74625 -4.45308
-2.8636 -4.40995 0.58024
-4.82572 0.962624 -2.96091
4.6547 -0.0910885 3.04512
1.48718 -3.03789 0.606658
0.359014 2.38536 1.72712
3.9226 3.34085 -3.2782
4.58416 4.95307 -3.16814
3.01397 -3.25484 3.65733
-0.730961 3.58603 -3.36767
-2.82801 4.74557 4.54131
4.51098 -2.67711 -4.04796
1.70763 3.79475 1.61801
4.3672 -2.16214 -2.19101
-3.1099 -2.17181 -3.66496
2.18098 -3.06672 3.68309
-0.0541453 0.395315 -0.914429
3.16933 4.08072 -4.74885
-4.98866 1.39895 -4.50644
2.23622 2.65357 -4.85152
1.98839 -0.522604 4.29496
-1.12984 -1.77728 4.85052
-4.64036 -3.57327 2.04767
-2.56691 3.10954 4.87423
-4.66725 0.466932 -1.7484
-4.27288 -4.09791 -1.96262
-1.96307 3.72359 4.73734
-3.08872 4.6354 1.48756
-4.90361 0.738585 -1.79881
3.98098 4.93984 4.86207
3.30892 4.93364 -4.93951
-3.12363 4.93914 4.53753
3.91522 1.49284 -4.70474
-1.05675 2.47653 4.48915
3.45116 -1.61297 -2.33405
-2.03784 -3.51122 -4.00128
-4.31614 4.25489 2.95337
-4.06409 -1.71384 -4.80609
0.146778 -4.73894 -4.12436
-2.28025 3.92626 -4.33632
3.43352 -3.14456 2.92726
4.4418 3.34364 0.591286
-3.65945 -2.78607 2.56498
2.52623 3.03844 -1.91812
-3.01895 -4.97109 -4.88755
1.34914 -1.84887 1.62574
4.07422 -3.59894 1.0841
-3.6876 -4.74912 -4.81456
-4.89506 -1.72073 3.28145
1.02974 -2.01533 -0.703609
-2.47953 -0.122577 -3.81065
-3.23197 1.60449 -0.789263
-1.21382 -1.24987 4.64355
3.77894 2.54792 -4.89469
-2.30551 1.97432 0.0543859
4.71852 1.30046 -0.351498
2.79555 -1.74409 -4.97339
-4.82141 -0.761572 4.98447
3.1093 4.66257 4.00884
4.291 -3.97648 -1.96977
-4.98924 2.75834 -3.51967
3.66489 1.46577 3.04313
-0.90149 3.87726 1.86449
4.91788 -4.19965 3.68475
-4.62716 4.69275 -1.92119
