-4.03785 -0.252434 4.4617
1.84822 -2.35733 1.71543
-4.46002 3.35661 0.394619
4.01979 4.59701 -0.331462
-3.65855 0.54146 3.12232
1.76565 1.53223 -0.193385
1.04796 4.71371 3.67244
-4.13373 1.10797 2.10635
-4.93508 -3.97037 1.72978
1.45899 -4.46827 -0.732728
-4.87327 0.624672 -0.151858
-0.996407 -1.48845 4.55098
-1.16183 -4.27787 3.86645
-4.14433 -4.36635 -4.7675
-4.52102 -2.97323 -2.41425
1.20527 1.86818 4.10445
0.604395 -4.51379 -3.395
-4.42329 -1.27726 -4.96699
-3.10617 3.00376 4.57608
-3.40651 3.99932 0.847728
4.74776 -4.31778 -0.156223
4.70479 4.05744 -4.00601
3.95809 4.40521 3.1569
1.22747 -2.90662 -4.92985
-4.51331 -4.818 -3.42282
2.1899 -0.394066 -0.40806
-3.6094 -3.25836 4.27362
-1.3209 3.9194 4.97694
3.75749 -0.723379 0.886076
-2.50428 4.08645 4.05532
-2.2984 -3.26964 -1.59695
1.74832 3.61944 4.40409
-2.64931 -4.68044 1.6139
-2.17113 4.82525 0.050742
-4.71475 -0.42055 -4.99226
4.69253 -1.71582 -4.45257
-2.88025 -4.39508 0.583292
-4.87811 0.986795 -2.94004
4.63448 -0.154884 2.99828
1.39685 -3.05243 0.677109
0.325644 2.36735 1.73227
3.9307 3.2503 -3.27694
4.54592 4.93633 -3.18603
3.08269 -3.28386 3.59836
-0.68195 3.58724 -3.49165
-2.90599 4.79848 4.58422
4.55701 -2.68039 -4.06677
1.73246 3.73784 1.63129
4.39407 -2.16401 -2.20735
-3.08673 -2.18369 -3.68399
2.11612 -3.03876 3.65671
-0.0812157 0.395705 -0.92033
3.18968 4.12637 -4.69176
-4.93698 1.39218 -4.46006
2.28102 2.69647 -4.87487
2.00113 -0.522638 4.28641
-1.14385 -1.76387 4.89691
-4.58322 -3.46211 2.01299
-2.60007 3.10322 4.84292
-4.60445 0.436542 -1.76883
-4.31209 -4.1347 -1.9574
-2.0134 3.73962 4.74693
-2.99321 4.68399 1.46074
-4.95691 0.717354 -1.80819
3.99991 4.93273 4.78111
3.26127 4.96083 -4.92165
-3.10324 4.99949 4.59929
3.95614 1.41559 -4.76876
-1.02084 2.51639 4.35993
3.45409 -1.61855 -2.37457
-2.29189 -3.50922 -4.10345
-4.33746 4.21539 2.95253
-4.00811 -1.672 -4.81453
0.0614844 -4.7018 -4.10193
-2.27311 3.90098 -4.39399
3.42763 -3.14015 2.95
4.42748 3.41765 0.673124
-3.65195 -2.79374 2.58399
2.54169 3.0438 -1.90629
-2.99223 4.97924 -4.85463
1.35429 -1.83648 1.61259
4.12414 -3.65771 1.09444
-3.72633 -4.70796 -4.82875
-4.94852 -1.73421 3.26593
1.00905 -2.05712 -0.727292
-2.47092 -0.123317 -3.81665
-3.23154 1.61209 -0.656336
-1.22458 -1.2468 4.68804
3.73867 2.55732 -4.84633
-2.3159 1.98494 0.0560424
4.70799 1.29488 -0.353872
2.79782 -1.72465 -4.92742
-4.72221 -0.740561 4.93083
3.28161 4.64306 3.99329
4.26447 -3.91257 -1.96205
-4.9789 2.76295 -3.53318
3.67318 1.46951 3.0607
-0.854374 3.92694 1.90254
4.92107 -4.17404 3.72936
-4.60784 4.76591 -1.95329
