-4.12691 -0.191343 4.57642
1.90475 -2.33827 1.77446
-4.46017 3.35575 0.40105
3.98112 4.61715 -0.33481
-3.65831 0.519247 3.12116
1.80533 1.54416 -0.170689
1.05265 4.72332 3.69881
-4.05771 1.04246 2.14269
-4.99678 -3.92949 1.73374
1.48926 -4.45049 -0.787059
-4.83964 0.59101 -0.137524
-1.02775 -1.46237 4.55676
-1.16706 -4.32593 3.81706
-4.29453 -4.47086 -4.69838
-4.52312 -2.98307 -2.43804
1.21134 1.87848 4.11845
0.605648 -4.57668 -3.40112
-4.4291 -1.28357 -4.92467
-3.11657 3.03453 4.53352
-3.38378 3.96687 0.876946
4.71447 -4.31432 -0.0877029
4.7537 3.98513 -3.94079
4.02677 4.38298 3.16811
1.23707 -2.90412 -4.98685
-4.55011 -4.86278 -3.45745
2.14373 -0.423527 -0.418732
-3.57242 -3.21099 4.24322
-1.32638 3.92054 4.99376
3.76604 -0.693886 0.910605
-2.45554 3.99551 3.96061
-2.26691 -3.1979 -1.63937
1.64271 3.52684 4.20579
-2.5635 -4.6852 1.68031
-2.16565 4.76461 0.0222178
-4.76371 -0.434339 4.90264
4.66677 -1.68556 -4.45309
-2.89708 -4.3813 0.586286
-4.93143 1.01103 -2.91961
4.61637 -0.21867 2.95217
1.30661 -3.06746 0.747523
0.292307 2.34944 1.7375
3.94096 3.16036 -3.27621
4.50916 4.92107 -3.20418
3.15217 -3.31405 3.54074
-0.63287 3.589 -3.61651
-2.98331 4.85251 4.63449
4.60419 -2.68413 -4.08615
1.75746 3.68137 1.64469
4.42196 -2.16606 -2.22378
-3.06377 -2.19572 -3.70339
2.05132 -3.01116 3.63093
-0.108291 0.396097 -0.92628
3.21066 4.17274 -4.63724
-4.88679 1.38548 -4.41452
2.32597 2.73945 -4.89918
2.01399 -0.522668 4.27836
-1.15792 -1.75102 4.94425
-4.52744 -3.35154 1.97866
-2.6333 3.09701 4.81316
-4.54197 0.40568 -1.78933
-4.35205 -4.17248 -1.95223
-2.06372 3.75617 4.759
-2.89798 4.73561 1.43405
4.98888 0.696348 -1.81767
4.01973 4.92668 4.70334
3.21389 4.98893 -4.90669
-3.08387 -4.93719 4.66748
3.99944 1.33832 -4.83412
-0.984855 2.55632 4.23126
3.45735 -1.62418 -2.41521
-2.54608 -3.50834 -4.20688
-4.36008 4.17696 2.95226
-3.95273 -1.63053 -4.82444
-0.0238143 -4.66528 -4.08002
-2.26618 3.87655 -4.45692
3.42234 -3.13612 2.97297
4.41546 3.49232 0.755091
-3.64477 -2.80168 2.60324
2.55738 3.04939 -1.89455
-2.96586 4.93501 -4.83966
1.35939 -1.82405 1.5995
4.17609 -3.71726 1.1048
-3.76581 -4.67212 -4.8462
4.99681 -1.74788 3.25117
0.988378 -2.09905 -0.751078
-2.46238 -0.124033 -3.82316
-3.23134 1.61973 -0.523465
-1.23596 -1.24283 4.73348
3.69931 2.56692 -4.79897
-2.32634 1.99564 0.0577078
4.69957 1.28944 -0.356243
2.80046 -1.70533 -4.88241
-4.62487 -0.720465 4.9225
3.45422 4.62419 3.97896
4.23896 -3.8494 -1.95441
-4.96972 2.76771 -3.54697
3.68227 1.47334 3.07897
-0.807218 3.97725 1.94071
4.92615 -4.14994 3.77499
-4.59069 4.8421 -1.98555
