-4.39994 -0.00438699 4.93895
2.0755 -2.28245 1.95241
-4.46668 3.35505 0.42021
3.86768 4.68265 -0.345008
-3.6599 0.452693 3.11957
1.92499 1.58051 -0.102684
1.06684 4.75545 3.78018
-3.83336 0.846409 2.25241
4.81867 -3.81311 1.74671
1.58038 -4.39968 -0.950345
-4.75542 0.48926 -0.0939657
-1.11899 -1.38584 4.57733
-1.18261 -4.47777 3.67334
-4.75864 -4.79797 -4.50431
-4.53776 -3.01484 -2.51066
1.22976 1.90945 4.16296
0.609845 -4.76793 -3.42074
-4.45356 -1.3036 -4.82479
-3.15345 3.12867 4.41288
-3.31744 3.8723 0.964647
4.6189 -4.3087 0.117689
4.9093 3.77293 -3.74851
4.23637 4.31965 3.20357
1.26615 -2.89886 4.84148
-4.6749 4.98547 -3.56504
2.00594 -0.511932 -0.450981
-3.46777 -3.07416 4.16429
-1.34136 3.9281 -4.95997
3.79425 -0.605566 0.984432
-2.31098 3.73083 3.68359
-2.17366 -2.98568 -1.7677
1.3267 3.25273 3.62108
-2.30692 -4.7322 1.8817
-2.14978 4.59238 -0.0644658
-4.92143 -0.471849 4.60219
4.60267 -1.59561 -4.46209
-2.94895 -4.34625 0.594928
4.90111 1.0843 -2.86133
4.57203 -0.409874 2.81701
1.03593 -3.11547 0.958614
0.1924 2.2964 1.75369
3.98502 2.89436 -3.2771
4.40772 4.88478 -3.26021
3.36396 -3.41194 3.37618
-0.485192 3.59802 -3.99613
-3.21307 -0.0890063 4.81957
4.75289 -2.69777 -4.1483
1.83333 3.51462 1.68548
4.51159 -2.17311 -2.27374
-2.99624 -2.23259 -3.7642
1.85718 -2.93029 3.55652
-0.1896 0.397321 -0.944447
3.27753 4.32477 -4.48686
-4.74494 1.36603 -4.28377
2.46153 2.86926 -4.97729
2.05316 -0.522706 4.25703
-1.20031 -1.71539 -4.91886
-4.37414 -3.02297 1.87698
-2.7334 3.07927 4.7344
-4.39651 0.311747 -1.85176
-4.47654 -4.29269 -1.9371
-2.21481 3.81081 4.82474
-2.61408 4.91128 1.35435
4.85333 0.633917 -1.84664
4.08455 4.91801 4.48459
3.07328 -4.93334 -4.87409
-3.03167 1.93173 4.93273
4.14252 1.10677 4.95979
-0.876567 2.67679 3.84898
3.46886 -1.6414 -2.53804
-3.31058 -3.51215 -4.52692
-4.43688 4.06831 2.9549
-3.79006 -1.50786 -4.8659
-0.279797 -4.55912 -4.01715
-2.24689 3.80975 -4.68607
3.40942 -3.12585 3.04258
4.39159 3.72099 1.00178
-3.62631 -2.82696 2.6625
2.60559 3.06769 -1.85984
-2.88855 4.89093 -4.92827
1.37431 -1.78663 1.56048
4.34182 -3.90103 1.13584
-3.8894 -4.58336 -4.9183
4.84211 -1.78988 3.21065
0.926404 -2.22566 -0.823091
-2.43742 -0.125956 -3.84602
-3.23258 1.64294 -0.125166
-1.27371 -1.22564 4.88414
3.58616 2.59712 -4.66266
-2.358 2.02833 0.0627239
4.68366 1.27385 -0.363361
2.81021 -1.64807 -4.75335
-4.34033 -0.663718 4.94669
3.97415 4.57258 3.94223
4.16815 -3.66375 -1.93198
-4.9504 2.78314 -3.59021
3.71406 1.48562 3.1379
-0.665563 4.13246 2.05606
4.95196 -4.08614 3.91831
-4.55199 -4.91187 -2.08333
