-4.58997 0.123939 -4.81468
2.19018 -2.24615 2.0717
-4.47572 3.35621 0.432863
3.79391 4.7307 -0.351963
-3.66294 0.408336 3.12029
2.00525 1.60522 -0.0574253
1.07644 4.77978 3.83643
-3.68665 0.716117 2.32604
4.70643 -3.73994 1.75679
1.64137 -4.36785 -1.05945
-4.7109 0.420925 -0.0645739
-1.17829 -1.33583 4.60719
-1.19305 -4.5855 3.5816
4.91882 4.96675 -4.38406
-4.55482 -3.03783 -2.56008
1.2422 1.93021 4.19468
0.612953 -4.89767 -3.43486
-4.47632 -1.31788 -4.77616
-3.18312 3.19322 4.3385
-3.27475 3.8114 1.02325
4.55824 -4.30873 0.254379
-4.97779 3.63504 -3.62272
4.3794 4.28021 3.22857
1.2857 -2.8971 4.73163
-4.77093 4.88789 -3.63943
1.91455 -0.570885 -0.472693
-3.40311 -2.98681 4.12245
-1.35038 3.93635 -4.94265
3.81514 -0.546785 1.0338
-2.21592 3.55913 3.50483
-2.11258 -2.84633 -1.85403
1.1167 3.0728 3.23666
-2.13665 -4.7905 2.01822
-2.13989 4.48422 -0.123138
4.96472 -0.496344 4.41247
4.57039 -1.53626 -4.47399
-2.98486 -4.32797 0.600449
4.79636 1.13371 -2.82514
4.55051 -0.537195 2.72924
0.855338 -3.14989 1.09933
0.125848 2.26159 1.76489
4.02585 2.72006 -3.28056
4.34776 4.86742 -3.29876
3.5081 -3.4847 3.27382
-0.386311 3.60721 -4.25297
-3.36752 4.82459 4.9522
4.8584 -2.70881 -4.19311
1.88461 3.40559 1.71315
4.57651 -2.17844 -2.30762
-2.95236 -2.25787 -3.80684
1.72795 -2.87778 3.50872
-0.243881 0.398186 -0.956819
3.32592 4.44393 -4.39593
-4.65806 1.35367 -4.203
2.55249 2.95685 4.96859
2.07974 -0.522677 4.24502
-1.22853 -1.69399 -4.86794
-4.28467 -2.80617 1.80996
-2.80044 3.06788 4.69179
-4.31944 0.248522 -1.89433
-4.56337 -4.37579 -1.92706
-2.31612 3.85122 4.93632
-2.42623 -4.95382 1.30131
4.77427 0.592513 -1.86636
4.13217 4.9216 4.34863
2.98075 -4.89533 -4.8598
-2.99918 -1.19564 -4.87524
4.24863 0.952896 4.82629
-0.804163 2.75781 3.59748
3.47791 -1.65311 -2.62077
-3.82357 -3.52005 -4.74879
-4.49685 4.0008 2.95954
-3.68419 -1.42724 -4.90441
-0.45055 -4.49097 -3.97722
-2.23534 3.76948 -4.91687
3.40275 -3.11965 3.08917
4.38458 3.87807 1.16691
-3.61679 -2.84509 2.70345
2.63861 3.08125 -1.83714
-2.83955 4.88801 4.97989
1.38405 -1.76167 1.53462
4.45707 -4.02831 1.15631
-3.97644 -4.5349 -4.97509
4.74618 -1.81871 3.18671
0.88508 -2.31079 -0.871622
-2.42137 -0.12707 -3.8644
-3.23508 1.65859 0.140191
-1.30102 -1.2106 -4.97407
3.51449 2.61852 -4.57769
-2.37938 2.05068 0.0660224
4.67932 1.26402 -0.368123
2.81817 -1.61039 -4.67229
-4.1565 -0.626334 -4.9981
4.32327 4.54279 3.92204
4.12547 -3.54247 -1.91738
-4.94621 2.79436 -3.62082
3.73905 1.49449 3.18015
-0.57097 4.23998 2.13385
4.9775 -4.05075 4.01985
-4.53635 -4.75644 -2.14961
