-4.79349 0.25378 -4.58697
2.30544 -2.21048 2.19156
-4.48816 3.35875 0.445409
3.72151 4.7822 -0.359061
-3.66789 0.363966 3.12321
2.08591 1.6303 -0.0122256
1.08618 4.80647 3.89429
-3.54209 0.586161 2.40025
4.60014 -3.66966 1.76829
1.70258 -4.33767 -1.16875
-4.67422 0.352267 -0.0349127
-1.23705 -1.28605 4.67726
-1.20361 -4.69885 3.49292
4.60818 4.73306 -4.27197
-4.57814 -3.06252 -2.61021
1.25479 1.95108 4.22777
0.616256 4.97064 -3.44987
-4.50558 -1.33276 -4.73252
-3.21683 3.25963 4.26892
-3.23325 3.75261 1.08198
4.49978 -4.31172 0.390745
-4.86672 3.49904 -3.49865
4.52571 4.24278 3.25448
1.30532 -2.89679 4.62545
-4.88293 4.79847 -3.71647
1.82348 -0.62986 -0.494553
-3.34243 -2.9025 4.0922
-1.3588 3.94707 -4.93478
3.83766 -0.488057 1.08332
-2.12186 3.39051 3.32974
-2.05237 -2.70851 -1.94084
0.907203 2.89472 2.85451
-1.96714 -4.85812 2.1565
-2.13063 4.38159 -0.182501
4.85725 -0.520793 4.2341
4.54563 -1.47742 -4.48934
-3.02191 -4.31213 0.605804
4.69865 1.18355 -2.79058
4.53431 -0.664374 2.64366
0.674568 -3.18622 1.24018
0.0593 2.22724 1.77633
4.07819 2.54743 -3.28669
4.29429 4.85388 -3.33827
3.65578 -3.56501 3.1765
-0.287005 3.61891 -4.5134
-3.52616 -0.256664 -4.90925
4.96964 -2.72163 -4.24047
1.9365 3.29817 1.74111
4.64583 -2.18429 -2.34181
-2.90943 -2.28384 -3.85058
1.59883 -2.82637 3.46228
-0.298221 0.399103 -0.969359
3.37792 4.57667 -4.31209
-4.57692 1.34178 -4.12616
2.64395 3.04536 4.91945
2.10662 -0.522612 4.23481
-1.2566 -1.67461 -4.83666
-4.20267 -2.59074 1.74351
-2.86818 3.05667 4.65722
-4.25238 0.18501 -1.93738
-4.65348 -4.46043 -1.91644
-2.42136 3.89751 -4.58017
-2.23923 -4.81882 1.24822
4.70065 0.551148 -1.88628
4.18255 4.93162 4.21909
2.88904 -4.86696 -4.85029
-2.96723 -4.32334 -4.68659
4.36311 0.799572 4.70355
-0.731684 2.83955 3.34828
3.48805 -1.66509 -2.70408
-4.34278 -3.53317 -4.98042
-4.56586 3.93677 2.96618
-3.58097 -1.34739 -4.94768
-0.621364 -4.42485 -3.93876
-2.22107 3.72843 4.402
3.39692 -3.11349 3.13641
4.38395 4.03963 1.33253
-3.60961 -2.8643 2.74586
2.67237 3.0959 -1.81483
-2.79202 4.89519 4.89498
1.39368 -1.73677 1.50889
4.57632 -4.16025 1.17665
-4.069 -4.49741 4.96286
4.65514 -1.84827 3.16562
0.843742 -2.39654 -0.920501
-2.40587 -0.127967 -3.88413
-3.23894 1.67439 0.405552
-1.32926 -1.19328 -4.85981
3.4458 2.64074 -4.49963
-2.40096 2.07355 0.0691943
4.67913 1.25461 -0.372874
2.82711 -1.57316 -4.5948
-3.97979 -0.588345 -4.93958
4.67563 4.51621 3.90489
4.08617 -3.42303 -1.903
-4.94781 2.80604 -3.65295
3.7669 1.5039 3.22456
-0.476199 4.35176 2.21233
-4.99 -4.022 4.12688
-4.52782 -4.61315 -2.21852
