4.39298 0.774823 -3.77105
2.77266 -2.07349 2.67654
-4.568 3.38289 0.494197
3.44463 -4.97931 -0.388955
-3.71124 0.186591 3.15722
2.41354 1.73396 0.167858
1.12736 4.93631 4.14358
-2.97977 0.0680912 2.70242
4.21907 -3.41443 1.82187
1.95025 -4.23588 -1.60832
-4.59184 0.0749158 0.0852957
-1.45856 -1.09475 -4.27423
-1.24636 4.79007 3.1668
3.49027 3.85407 -3.89155
-4.73529 -3.17915 -2.82143
1.30678 2.03602 4.37444
0.630783 4.45862 -3.51949
-4.6884 -1.39661 -4.59167
-3.38652 3.54796 4.03417
-3.0781 3.53488 1.31773
4.28531 -4.35315 0.930756
-4.4659 2.97109 -3.01301
-4.8009 4.11424 3.36851
1.38566 -2.91269 4.23507
4.62318 4.49917 -4.0631
1.46192 -0.866425 -0.583544
-3.12837 -2.59151 4.0492
-1.39172 4.01141 -4.96886
3.94467 -0.253219 1.28228
-1.75322 2.73379 2.64954
-1.8189 -2.17071 -2.29404
0.079769 2.19734 1.33928
-1.29757 4.83942 2.71981
-2.1002 4.01511 -0.426656
4.48566 -0.618904 3.57863
4.52964 -1.2464 -4.58639
-3.18213 -4.26709 0.625682
4.36826 1.38616 -2.66395
4.51865 -1.17225 2.31705
-0.0496158 -3.35292 1.80563
-0.209929 2.09079 1.82316
4.40839 1.86858 -3.33735
4.12849 4.83753 -3.50563
4.30111 -3.95317 2.81434
0.114424 3.6835 4.42561
-4.19823 -0.565936 -4.43648
-4.60138 -2.78921 -4.47068
2.15242 2.88272 1.85636
4.9767 -2.21257 -2.48291
-2.74545 -2.39637 -4.0402
1.08329 -2.63114 3.28747
-0.516056 0.403117 -1.0212
3.62274 -4.79844 -4.03964
-4.31527 1.29856 -3.84823
3.01713 3.41008 4.77575
2.21704 -0.522112 4.21174
-1.36625 -1.62166 -4.8853
-3.92819 -1.73867 1.48061
-3.14853 3.01511 4.5848
-4.05009 -0.0709813 -2.11398
4.94935 -4.82527 -1.86488
-2.85141 4.10739 -2.75273
-1.496 -4.31368 1.03506
4.44231 0.384902 -1.96737
4.43847 -4.97052 3.74143
2.53064 -4.83122 -4.85417
-2.85064 3.15451 -3.99189
4.90208 0.192834 4.32081
-0.440698 3.17589 2.36788
3.5414 -1.71623 -3.04418
3.62974 -3.63366 4.11212
4.99522 3.70707 3.00534
-3.18765 -1.03574 4.91944
-1.30482 -4.18444 -3.79848
-2.17294 3.59923 1.78592
3.38479 -3.0985 3.33951
4.44616 4.75647 1.99942
-3.60281 -2.95368 2.92697
2.81545 3.16448 -1.7291
-2.62055 -4.98048 4.6781
1.43217 -1.63875 1.40706
-4.89728 -4.75347 1.26256
-4.48602 -4.42771 4.79525
4.33505 -1.97472 3.10526
0.678468 -2.74768 -1.11928
-2.34898 -0.129164 -3.97774
-3.26673 1.73912 1.4683
-1.4638 -1.08882 4.75235
3.1971 2.73681 -4.25288
-2.49078 2.16953 0.0792536
4.7121 1.22044 -0.391739
2.87315 -1.42877 -4.31772
-3.32206 -0.43173 -4.81418
-3.94047 4.44604 3.86442
3.95925 -2.96089 -1.84765
4.99136 2.85661 -3.79903
3.90734 1.54708 3.42515
-0.0925824 4.85257 2.53305
-4.9755 -3.97421 4.60208
-4.55068 -4.12339 -2.53368
