4.21368 0.904629 -3.58267
2.89102 -2.04044 2.79932
-4.59481 3.39273 0.505989
3.37837 -4.91565 -0.396758
-3.72883 0.142558 3.17039
2.4969 1.76082 0.212663
1.13821 4.97492 4.21054
-2.84206 -0.0614744 2.77978
4.13365 -3.35666 1.83572
2.01296 -4.21503 -1.71897
-4.58538 0.00505154 0.115465
-1.50922 -1.0503 -3.91646
-1.25739 4.6628 3.09419
3.22134 3.64774 -3.80861
-4.79132 -3.21252 -2.87746
1.32015 2.05773 4.41458
0.634538 4.33441 -3.53971
-4.7528 -1.41346 -4.56523
-3.43615 3.62644 3.98384
-3.04203 3.48385 1.37665
4.23965 -4.37058 1.06462
-4.37673 2.84235 -2.89337
-4.63316 4.0898 3.40057
1.40633 -2.92115 4.1453
4.51681 4.44014 -4.16112
1.37209 -0.925779 -0.606223
-3.0812 -2.51966 4.05315
-1.4003 4.03234 -4.99141
3.97584 -0.194326 1.33213
-1.66271 2.57104 2.4836
-1.76217 -2.03913 -2.38415
-0.122556 2.02629 0.959102
-1.1323 4.77345 2.85977
-2.09432 3.93176 -0.489373
4.40225 -0.643416 3.42311
4.54956 -1.1893 -4.62027
-3.22506 -4.26044 0.63028
4.29769 1.43758 -2.6339
4.52711 -1.29927 2.23779
-0.230743 -3.4016 1.94764
-0.279224 2.05561 1.83663
4.51707 1.70239 -3.35744
4.09429 4.84928 -3.54998
4.4781 -4.0662 2.72882
0.215393 3.70347 4.16795
-4.37874 4.35963 -4.33573
-4.50596 -2.80958 -4.53954
2.20868 2.78212 1.88619
-4.92786 -2.22058 -2.51946
-2.70617 -2.42693 -4.09222
0.954375 -2.5847 3.24592
-0.57063 0.404186 -1.03464
3.69287 -4.66684 -3.98702
-4.2666 1.28856 -3.78517
3.1127 3.50507 4.75287
2.24531 -0.52187 4.2103
-1.39291 -1.61369 -4.93892
-3.87047 -1.52759 1.41525
-3.22169 3.00617 4.57832
-4.01245 -0.13531 -2.15939
4.84726 -4.92394 -1.85177
-2.96186 4.166 -2.30155
-1.31094 -4.19563 0.981422
4.38451 0.34304 -1.98801
4.5187 -4.94565 3.62885
2.4428 -4.83555 -4.8656
-2.82419 0.025167 -3.82736
-4.94402 0.0429377 4.24748
-0.367456 3.2624 2.12524
3.55834 -1.72981 -3.13119
3.15163 -3.66928 3.90222
4.87865 3.65558 3.0168
-3.09365 -0.959836 4.92572
-1.47579 -4.12961 -3.76687
-2.1636 3.57396 1.13501
3.38503 -3.09787 3.39378
4.48436 4.96667 2.16761
-3.60665 -2.97953 2.97465
2.85313 3.18458 -1.70849
-2.58173 -4.94467 4.64329
1.44192 -1.61479 1.38179
-4.77785 -4.92394 1.28443
-4.60219 -4.42759 4.76843
4.26461 -2.00834 3.09535
0.637165 -2.83775 -1.16982
-2.3361 -0.128653 -4.00612
-3.27667 1.75569 1.73442
-1.50447 -1.05345 4.57424
3.13962 2.76303 -4.2054
-2.51456 2.19438 0.0810082
4.72757 1.21274 -0.396443
2.88706 -1.39356 -4.25615
-3.16607 -0.390459 -4.83129
-3.60722 4.43851 3.85988
3.93414 -2.84829 -1.83429
4.97064 2.8712 -3.84028
3.94989 1.55956 3.48127
0.00509072 4.98902 2.61493
4.99636 -3.97472 4.73336
-4.57578 -4.01603 -2.61805
