4.04049 1.03373 -3.39855
3.01002 -2.00769 2.92286
-4.62431 3.40435 0.517626
3.31309 -4.85386 -0.404656
-3.74879 0.0987484 3.18511
2.58092 1.78819 0.257395
1.14918 -4.98343 4.27962
-2.70517 -0.191101 2.85823
4.05143 -3.30084 1.84957
2.07601 -4.19573 -1.82999
-4.58404 -0.0649352 0.145608
-1.55969 -1.00594 -3.56098
-1.27154 4.53743 3.02743
2.95391 3.44551 -3.72951
-4.85193 -3.24732 -2.93497
1.33363 2.0797 4.45615
0.638254 4.21156 -3.56108
-4.82651 -1.4306 -4.54177
-3.48892 3.70793 3.93645
-3.00719 3.43409 1.43569
4.19736 -4.39079 1.19816
-4.29241 2.71469 -2.77436
-4.47559 4.06897 3.43394
1.42724 -2.93132 4.05833
4.41666 4.38802 -4.26421
1.28246 -0.985201 -0.629081
-3.03644 -2.44959 4.06274
-1.40911 4.05574 4.98283
4.00896 -0.135258 1.38205
-1.57293 2.40904 2.31896
-1.70586 -1.9085 -2.47502
-0.324405 1.85569 0.577789
-0.964734 4.7152 2.99637
-2.08915 3.85121 -0.55285
4.32315 -0.667739 3.26984
4.58209 -1.13214 -4.65809
-3.26907 -4.25559 0.634738
4.23081 1.48963 -2.60388
4.54087 -1.42646 2.15907
-0.411896 -3.45352 2.09003
-0.348386 2.02048 1.85098
4.63496 1.53809 -3.38095
4.06246 4.87052 -3.59549
4.66191 -4.1865 2.6452
0.316482 3.72523 3.9133
-4.5669 -0.712523 -4.24075
-4.41466 -2.83081 -4.61345
2.26579 2.68288 1.91649
-4.83671 -2.22883 -2.55654
-2.66756 -2.45832 -4.1465
0.82536 -2.53903 3.20511
-0.625238 0.405293 -1.04828
3.76675 -4.55822 -3.94049
-4.22411 1.27884 -3.72441
3.20923 3.60206 4.73506
2.2739 -0.521535 4.21055
-1.41936 -1.60664 4.9971
-3.81649 -1.31704 1.34999
-3.29654 2.99824 4.57545
-3.97893 -0.199714 -2.20533
4.74872 4.97465 -1.83885
-3.07384 4.22734 -1.85137
-1.12613 -4.08007 0.927593
4.32908 0.301049 -2.00878
4.60412 -4.92716 3.51846
2.35548 -4.84412 -4.88143
-2.79908 -3.1038 -3.66452
-4.79606 -0.106281 4.1818
-0.29394 3.35032 1.88301
3.57739 -1.74367 -3.21907
2.67552 -3.70856 3.69689
4.78001 3.608 3.02947
-3.00109 -0.88483 4.95282
-1.6469 -4.07639 -3.7367
-2.15468 3.55112 0.48394
3.38668 -3.09821 3.44939
4.53255 -4.81099 2.33658
-3.61284 -3.00668 3.02332
2.89149 3.20619 -1.68815
-2.54464 -4.91908 4.61433
1.45175 -1.59101 1.35659
-4.67205 4.90156 1.30597
-4.73731 -4.43333 4.74739
4.19765 -2.04264 3.08742
0.595881 -2.92873 -1.2207
-2.32316 -0.127862 -4.0371
-3.28786 1.77251 2.00083
-1.54513 -1.01772 4.41228
3.08324 2.79014 -4.16262
-2.53901 2.21952 0.0824604
4.74566 1.20539 -0.40114
2.90203 -1.35855 -4.19742
-3.01272 -0.347831 -4.87564
-3.27637 4.43542 3.85704
3.91209 -2.73643 -1.82107
4.95462 2.88689 -3.88338
3.99578 1.57288 3.53997
0.103473 -4.87364 2.6976
4.98591 -3.97814 4.87125
-4.6097 -3.91407 -2.70411
