3.70619 1.2904 -3.04127
3.25017 -1.94257 3.1729
-4.69131 3.43188 0.540459
3.18521 -4.73633 -0.420693
-3.7951 0.0118879 3.21897
2.75115 1.8446 0.346642
1.17139 -4.90558 4.42508
-2.43353 -0.450372 3.01867
3.89491 -3.1935 1.87738
2.20327 -4.16205 -2.05332
-4.59628 -0.205225 0.205598
-1.66035 -0.917138 -2.85576
-1.30948 4.29648 2.89791
2.42121 3.05083 -3.58
-4.98801 -3.32132 -3.05484
1.36092 2.1249 4.5437
0.645523 3.97023 -3.60773
4.9893 -1.46648 -4.50298
-3.60493 3.8808 3.8493
-2.94047 3.338 1.55418
4.12007 -4.43924 1.4643
-4.13474 2.46199 -2.53825
-4.1786 4.0377 3.50397
1.4697 -2.95481 3.89194
4.23188 4.3029 -4.48722
1.10379 -1.10425 -0.675402
-2.95372 -2.31399 4.09879
-1.42734 4.11106 4.93902
4.08137 -0.0164794 1.48216
-1.39546 2.08753 1.9923
-1.59414 -1.65016 -2.65988
-0.727402 1.51592 -0.186741
-0.622006 4.62766 3.27177
-2.07994 3.7 -0.684997
4.17679 -0.715408 2.96895
4.70015 -1.01693 -4.74627
-3.36041 -4.25211 0.643236
4.10768 1.59654 -2.54386
4.58438 -1.68166 2.00268
-0.774691 -3.56496 2.37606
-0.485639 1.95098 1.88105
4.90914 1.21311 -3.43835
4.00578 4.94428 -3.69051
-4.944 -4.43905 2.48355
0.519268 3.7795 3.40993
-4.9698 -0.855218 -4.06387
-4.24378 -2.87589 -4.7766
2.38255 2.48878 1.97851
-4.6658 -2.24642 -2.63232
-2.59211 -2.52303 -4.26341
0.566999 -2.44891 3.12537
-0.734551 0.407584 -1.0763
3.92896 -4.41377 -3.86509
-4.15777 1.26027 -3.60959
3.40553 3.80315 4.71386
2.33221 -0.520438 4.21609
-1.47161 -1.59439 4.87466
-3.71884 -0.8973 1.21966
-3.45194 2.98573 4.57898
-3.92318 -0.328716 -2.29907
4.56022 4.7784 -1.8137
-3.30289 4.35782 -0.953437
-0.757061 -3.85456 0.819159
4.22487 0.216606 -2.05077
4.78977 -4.90621 3.30406
2.18243 -4.8716 -4.92715
-2.7517 0.635751 -3.34468
-4.52884 -0.402912 4.07406
-0.146079 3.532 1.39862
3.62229 -1.77237 -3.39762
1.72628 -3.79553 3.29534
4.61211 3.52669 3.05909
-2.82003 -0.738142 -4.94564
-1.98947 -3.97438 -3.68142
-2.1392 3.50985 -0.816721
3.39458 -3.10184 3.56573
4.65006 -4.39881 2.67637
-3.63257 -3.06473 3.12382
2.97035 3.25366 -1.64825
-2.47537 -4.90181 4.57094
1.47176 -1.54379 1.30627
-4.49068 4.58584 1.34826
4.92159 -4.46138 4.73747
4.07409 -2.11301 3.07755
0.513405 -3.11354 -1.32373
-2.2984 -0.124816 -4.10804
-3.3141 1.80707 2.53483
-1.62623 -0.945474 4.10422
2.97411 2.84692 -4.09021
-2.5902 2.27044 0.0846048
4.78945 1.19161 -0.41055
2.93538 -1.28889 -4.08799
-2.71158 -0.256507 4.9634
-2.61913 4.44364 3.85512
3.87642 -2.51505 -1.79497
4.93413 2.92148 -3.9753
4.09801 1.60228 3.66547
0.301965 -4.62701 2.86496
-4.96893 -3.99225 -4.8577
-4.69954 -3.73017 -2.88106
