3.62431 1.3545 -2.95399
3.31068 -1.92634 3.23626
-4.7097 3.43962 0.54609
3.15379 -4.70819 -0.424734
-3.80801 -0.00966871 3.22832
2.7942 1.85904 0.368921
1.17698 -4.88787 4.46331
-2.36605 -0.51518 3.05957
3.85745 -3.16751 1.88441
2.23536 -4.15469 -2.10943
-4.60242 -0.240365 0.220513
-1.68557 -0.894796 -2.68026
-1.31979 4.23856 2.86582
2.28816 2.95368 -3.54399
4.97458 -3.34058 -3.08577
1.3678 2.13647 4.56657
0.647302 3.91077 -3.62019
4.94052 -1.47593 -4.49477
-3.63604 3.92641 3.82929
-2.92433 3.31465 1.58387
4.10227 -4.45283 1.5307
-4.09724 2.39929 -2.47958
-4.10718 4.03189 3.52213
1.48047 -2.96119 3.85187
4.18885 4.28536 -4.54679
1.05924 -1.13407 -0.687104
-2.93439 -2.28099 4.11161
-1.432 4.12671 4.92967
4.10081 0.0133573 1.50727
-1.35158 2.00759 1.91109
-1.56636 -1.58648 -2.70681
-0.828057 1.43127 -0.378111
-0.535958 4.61082 3.34168
-2.0769 3.66709 -0.718112
4.14224 -0.727091 2.89474
4.73988 -0.987764 -4.77115
-3.38392 -4.25254 0.645289
4.07912 1.62397 -2.52887
4.59855 -1.74572 1.96377
-0.865609 -3.59458 2.4479
-0.519613 1.93378 1.8888
4.98679 1.13223 -3.45482
3.99315 4.96996 -3.7151
-4.86265 -4.50531 2.44357
0.570178 3.79544 3.28514
4.91976 1.60957 -4.02173
-4.20313 -2.88781 -4.82007
2.41228 2.44109 1.99435
-4.62528 -2.25108 -2.65156
-2.57363 -2.53965 -4.29433
0.502346 -2.42659 3.10582
-0.761892 0.408143 -1.08347
3.97368 -4.39397 -3.84941
-4.14578 1.25585 -3.58228
3.45536 3.85499 4.71168
2.34701 -0.520071 4.21854
-1.48456 -1.59167 4.84652
-3.69638 -0.792605 1.18715
-3.49207 2.98332 4.58182
-3.91157 -0.361051 -2.32288
4.51467 4.73112 -1.80755
-3.36132 4.3921 -0.72933
-0.664871 -3.79918 0.791891
4.20013 0.195392 -2.06135
4.84006 -4.90425 3.25194
2.13955 -4.88049 -4.94167
-2.74042 -0.929111 -3.26572
-4.4677 -0.476812 4.05206
-0.108952 3.57858 1.27746
3.635 -1.77978 -3.44283
1.48952 -3.81893 3.19624
4.57462 3.50911 3.06754
-2.77572 -0.702307 -4.93392
-2.07525 -3.94978 -3.66861
-2.1366 3.49752 -1.1425
3.39753 -3.10345 3.59608
4.70142 -4.30071 2.76263
-3.639 -3.08003 3.14975
2.99055 3.2664 -1.63841
-2.45903 -4.90567 4.56317
1.47685 -1.53205 1.29371
-4.45014 4.51256 1.35877
4.83729 -4.47177 4.74883
4.04539 -2.13097 3.07635
0.492808 -3.16038 -1.34976
-2.29242 -0.123833 -4.12842
-3.32148 1.81594 2.66866
-1.64646 -0.927338 4.02948
2.94769 2.86178 -4.07462
-2.60349 2.28332 0.085054
4.80196 1.18834 -0.412899
2.9444 -1.27152 -4.0622
-2.63719 -0.232237 4.94224
-2.45543 4.44889 3.85538
3.86912 -2.46015 -1.78849
4.93108 2.93076 -3.99947
4.12572 1.61019 3.69862
0.351857 -4.57046 2.90728
-4.96346 -3.99748 -4.80342
-4.72595 -3.68838 -2.92596
