3.54272 1.4186 -2.86744
3.37134 -1.91012 3.30003
-4.72876 3.4477 0.55169
3.12255 -4.68054 -0.428786
-3.82149 -0.0311584 3.23802
2.83746 1.87363 0.39119
1.18256 -4.87084 4.50244
-2.29878 -0.579974 3.10077
3.82065 -3.14186 1.89147
2.26754 -4.14777 -2.16567
-4.60982 -0.275534 0.235387
-1.71083 -0.872321 -2.50493
-1.33029 4.18151 2.83385
2.15504 2.85698 -3.50849
4.9471 -3.36007 -3.11714
1.37469 2.14816 4.58988
0.649048 3.85165 -3.63299
4.89269 -1.48558 -4.48711
-3.66792 3.97308 3.81009
-2.90839 3.29156 1.61359
4.08517 -4.46698 1.59705
-4.06051 2.33677 -2.42103
-4.03679 4.02686 3.54049
1.49132 -2.96777 3.8124
4.14661 4.26927 -4.60825
1.01471 -1.16391 -0.698854
-2.91571 -2.24834 4.126
-1.43673 4.14311 4.92093
4.12078 0.0432535 1.53242
-1.30796 1.92781 1.83001
-1.53858 -1.52332 -2.75414
-0.928723 1.34677 -0.569545
-0.449917 4.59585 3.41202
-2.07392 3.63495 -0.75074
4.10834 -0.738681 2.82088
4.78056 -0.958407 -4.79717
-3.4077 -4.2535 0.647313
4.05141 1.65168 -2.51388
4.61399 -1.8099 1.92492
-0.956668 -3.62499 2.51991
-0.553397 1.91665 1.89664
-4.93141 1.05122 -3.47188
3.98096 4.9989 -3.74008
-4.79378 -4.57346 2.40356
0.621183 3.81231 3.1607
4.81103 4.07462 -3.98057
-4.16355 -2.89999 -4.86463
2.44221 2.39371 2.01033
-4.58613 -2.25586 -2.67093
-2.55536 -2.55647 -4.32596
0.437663 -2.40435 3.08642
-0.789242 0.408684 -1.0907
4.01974 -4.38132 -3.835
-4.13681 1.25153 -3.5555
3.50543 3.90748 4.7109
2.36187 -0.519669 4.22141
-1.49748 -1.58909 4.81938
-3.67466 -0.687989 1.15469
-3.53284 2.98122 4.58544
-3.90106 -0.393405 -2.34684
4.46959 4.68448 -1.80145
-3.42025 4.4271 -0.505332
-0.572709 -3.74415 0.764565
4.17584 0.174134 -2.07198
4.89234 -4.9036 3.20036
2.09678 -4.89018 -4.95756
-2.72946 -2.49401 -3.18712
-4.40897 -0.550664 4.03202
-0.0717746 3.62561 1.15624
3.64808 -1.78729 -3.48829
1.25291 -3.843 3.09749
4.5386 3.49258 3.07642
-2.73191 -0.666785 -4.93049
-2.16114 -3.92552 -3.65619
-2.13426 3.48537 -1.46908
3.40082 -3.10536 3.62695
4.76332 -4.20368 2.84962
-3.64606 -3.09563 3.17603
3.01092 3.2795 -1.62861
-2.44318 -4.91309 4.55659
1.48197 -1.52034 1.28116
-4.41109 4.44131 1.36928
4.75704 -4.48344 4.7646
4.01752 -2.1491 3.07562
0.472202 -3.2075 -1.37591
-2.28657 -0.122716 -4.15015
-3.32921 1.8249 2.80265
-1.66668 -0.909193 3.95557
2.92154 2.87698 -4.05995
-2.617 2.29627 0.0854767
4.81508 1.18513 -0.415247
2.95355 -1.25416 -4.037
-2.56313 -0.20738 4.93373
-2.29193 4.4555 3.85588
3.86227 -2.4054 -1.78202
4.92868 2.94033 -4.02414
4.15424 1.61831 3.73258
0.40179 -4.51577 2.94982
-4.96314 -4.00345 -4.7535
-4.76925 -3.64823 -2.97109
