3.38134 1.54688 -2.69635
3.49312 -1.8776 3.42908
-4.76887 3.46489 0.562784
3.06064 -4.62661 -0.436914
-3.85011 -0.0739074 3.25839
2.92464 1.90324 0.435696
1.19367 -4.83874 4.58392
-2.16485 -0.709479 3.18399
3.74879 -3.09155 1.90567
2.33213 -4.13519 -2.27852
-4.62832 -0.345956 0.264974
-1.76164 -0.827054 -2.15459
-1.35171 4.06994 2.77026
1.88879 2.66471 -3.43905
4.94386 -3.39926 -3.18136
1.38853 2.17188 4.6378
0.652452 3.73443 -3.65957
4.79969 -1.50534 -4.47337
-3.73331 4.06997 3.77495
-2.87709 3.24614 1.67312
4.05297 -4.49692 1.72972
-3.98871 2.21223 -2.30431
-3.89927 4.01906 3.57742
1.51329 -2.98154 3.73516
4.06433 4.24217 -4.73858
0.92577 -1.22368 -0.722503
-2.88023 -2.184 4.15973
-1.44635 4.17832 4.90536
4.16239 0.103241 1.58283
-1.22165 1.76858 1.66805
-1.48296 -1.39806 -2.85046
-1.13017 1.17842 -0.952596
-0.277899 4.57142 3.55404
-2.06834 3.57237 -0.815859
4.04241 -0.761575 2.67406
4.86519 -0.899096 -4.85273
-3.45607 -4.25708 0.651287
3.99966 1.70795 -2.48411
4.64862 -1.93867 1.84736
-1.13926 -3.68824 2.66444
-0.620225 1.88273 1.91271
-4.77639 0.889339 -3.50853
3.95782 -4.93726 -3.79133
-4.67939 -4.71574 2.32366
0.723526 3.84879 2.9127
4.59912 -0.993363 -3.9011
-4.08763 -2.92512 -4.95717
2.50273 2.29981 2.04275
-4.5118 -2.26569 -2.71005
-2.51939 -2.59059 -4.39155
0.308227 -2.36008 3.0481
-0.843928 0.409655 -1.10538
4.11656 -4.37314 -3.81001
-4.12099 1.24333 -3.50355
3.60635 4.01462 4.71468
2.3918 -0.518745 4.22842
-1.52324 -1.58426 4.76805
-3.6333 -0.478932 1.08991
-3.61621 2.97796 4.59501
-3.88265 -0.458149 -2.39533
4.38085 4.59322 -1.78941
-3.53954 4.49954 -0.0576197
-0.388453 -3.63505 0.709758
4.12887 0.13152 -2.0934
-4.99666 -4.90624 3.09874
2.0116 -4.91189 -4.99392
-2.70843 4.37541 -3.03058
-4.29823 -0.698242 3.99767
0.00272156 3.72099 0.913668
3.67549 -1.8026 -3.58001
0.780199 -3.89308 2.90086
4.47075 3.46258 3.09555
-2.64567 -0.596601 -4.94814
-2.33322 -3.87804 -3.63263
-2.13015 3.46225 -2.12351
3.40831 -3.11005 3.69032
4.90353 -4.01244 3.02585
-3.66217 -3.12774 3.22972
3.05225 3.3068 -1.60917
-2.41305 -4.93878 4.54712
1.49231 -1.49698 1.25609
-4.33718 4.30468 1.39034
4.60615 -4.51076 4.80778
3.96425 -2.18589 3.0754
0.43098 -3.30258 -1.42856
-2.27514 -0.120134 -4.19796
-3.34567 1.84315 3.07118
-1.70707 -0.87289 3.81016
2.87009 2.90852 -4.03317
-2.6446 2.32245 0.0862377
4.8432 1.17891 -0.419951
2.9723 -1.21938 -3.98837
-2.41561 -0.155919 4.95435
-1.96548 4.47274 3.85764
3.84992 -2.2963 -1.76912
4.926 2.96019 -4.07502
4.21393 1.63519 3.80276
0.501584 -4.41169 3.03561
-4.97683 -4.0178 -4.66435
-4.94661 -3.57321 -3.06145
