3.06235 1.8051 -2.36012
3.74001 -1.81179 3.69461
-4.85694 3.5035 0.584414
2.93903 -4.52397 -0.453337
-3.91416 -0.158369 3.30324
3.1021 1.9643 0.524571
1.21549 -4.78208 4.75704
-1.90043 -0.968373 3.35236
3.61228 -2.99495 1.93419
2.46242 -4.11469 -2.50629
-4.68018 -0.487338 0.323463
-1.86448 -0.736649 -1.45469
-1.39558 3.85597 2.6442
1.35648 2.28389 -3.3067
-4.89727 -3.47395 -3.3203
1.41652 2.22085 4.73927
0.658976 3.50396 -3.71718
4.62416 -1.54639 -4.45342
-3.86796 4.29227 3.73051
-2.81647 3.15823 1.79256
3.99787 -4.56321 1.99509
-3.85118 1.965 -2.07219
-3.63446 4.00592 3.64523
1.55855 -3.01172 3.58622
3.91039 4.21203 4.91164
0.748299 -1.34356 -0.77044
-2.81645 -2.05906 4.24617
-1.46605 4.25878 4.88222
4.25253 0.224091 1.68418
-1.05258 1.45042 1.34329
-1.37186 -1.15016 -3.05047
-1.5348 0.845503 -1.72038
0.066172 4.54413 3.84357
-2.05886 3.45344 -0.947403
3.91722 -0.806432 2.38332
-4.95428 -0.778667 -4.97899
-3.55573 -4.27214 0.658826
3.90912 1.82362 -2.42643
4.7335 -2.19805 1.69242
-1.5064 -3.82559 2.95579
-0.750763 1.817 1.9476
-4.49935 0.565141 -3.59234
3.9162 -4.82372 -3.90089
-4.48849 4.97278 2.1641
0.929727 3.93226 2.419
4.19524 -1.12607 -3.75128
-3.94765 -2.97844 4.85888
2.62666 2.11525 2.10941
-4.37703 -2.28655 -2.7904
-2.44961 -2.66095 -4.53313
0.0492715 -2.27236 2.9732
-0.952747 0.410785 -1.13523
4.33363 -4.37001 -3.77735
-4.09831 1.22942 -3.40564
3.81122 4.23937 4.78283
2.4526 -0.516397 4.24751
-1.57438 -1.57604 4.67725
-3.55818 -0.0611995 0.96097
-3.79049 2.97554 4.62377
-3.85649 -0.588042 -2.49475
4.20853 4.41873 -1.76614
-3.78317 4.65775 0.836289
-0.0201316 -3.42035 0.599527
4.04105 0.0460437 -2.137
-4.78922 -4.92659 2.90042
1.84322 -4.96409 4.92722
-2.66919 -1.88366 -2.72097
-4.10223 -0.993501 3.95208
0.152235 3.91708 0.427773
3.73531 -1.83436 -3.76727
-0.163981 -3.99984 2.50801
4.35277 3.41432 3.13922
-2.47887 -0.459475 4.94672
-2.67908 -3.78736 -3.59047
-2.12398 3.42163 -3.43697
3.42765 -3.12288 3.8234
-4.77876 -3.64082 3.38769
-3.7019 -3.19562 3.34124
3.13733 3.36622 -1.57099
-2.35851 4.97407 4.54174
1.51352 -1.45051 1.20605
-4.20248 4.05414 1.43288
4.33085 -4.58035 4.93289
3.86749 -2.26193 3.0787
0.348473 -3.49631 -1.53559
-2.25353 -0.11375 -4.31252
-3.3826 1.88103 3.6111
-1.78621 -0.8001 3.53066
2.77018 2.9771 -3.98948
-2.70207 2.3761 0.0874373
4.90708 1.16724 -0.429414
3.01152 -1.1494 -3.89794
-2.1211 -0.0462847 -4.89993
-1.31382 4.52095 3.86389
3.83032 -2.07936 -1.74363
4.92905 3.00354 -4.18345
4.34465 1.67163 3.95287
0.701581 -4.22469 3.21187
4.96461 -4.05449 -4.52095
4.39992 -3.44626 -3.23784
