2.59075 2.19872 -1.86612
4.12867 -1.71231 4.11403
4.99101 3.57111 0.614588
2.76177 -4.38266 -0.47873
-4.02644 -0.282532 3.37937
3.37774 2.06026 0.657293
1.24488 -4.7447 -4.97003
-1.51222 -1.37662 3.60439
3.42483 -2.86154 1.97658
2.66064 -4.09644 -2.85519
-4.79424 -0.701782 0.409476
-2.02168 -0.603313 -0.406028
-1.46277 3.55277 2.45798
0.558521 1.71791 -3.1245
-4.89119 -3.5964 -3.54516
1.45958 2.29788 4.90635
0.668139 3.16696 -3.81665
4.39624 -1.60979 -4.45098
-4.10882 4.69254 3.69635
-2.72974 3.03205 1.97262
3.93916 -4.68342 2.39409
-3.65785 1.59796 -1.72717
-3.24352 3.99076 3.74812
1.62997 -3.0652 3.37312
3.7235 4.14636 4.24611
0.483123 -1.52468 -0.844271
-2.7359 -1.88172 4.42047
-1.4969 4.39635 4.87041
4.40671 0.407513 1.83762
-0.80158 0.972312 0.852597
-1.20403 -0.782799 -3.37107
-2.14683 0.352523 -2.88315
0.583811 4.55335 4.29205
-2.04909 3.28907 -1.15004
3.74467 -0.873053 1.95132
-4.72067 -0.595447 4.83327
-3.71203 -4.31942 0.667984
3.79862 2.00312 -2.34834
4.90336 -2.59543 1.45872
-2.0624 -4.06864 3.40099
-0.943386 1.72381 2.00702
-4.13903 0.0774245 -3.75353
3.86165 -4.68504 -4.09174
-4.24965 4.583 1.92635
1.24259 4.07949 1.68084
3.62215 3.6829 -3.55142
-3.76348 -3.06856 4.62075
2.8204 1.84466 2.21372
-4.20238 -2.32181 -2.91878
-2.34897 -2.77348 -4.77905
-0.338583 -2.14389 2.86459
-1.11441 0.412281 -1.18041
4.72255 -4.40666 -3.77343
-4.08531 1.2153 -3.27376
4.11326 4.66862 -4.96713
2.54707 -0.511808 4.28834
-1.64955 -1.5678 4.56888
-3.46314 0.565258 0.768612
-4.07508 2.98116 4.69246
-3.84142 -0.784414 -2.65266
3.9613 4.17479 -1.73404
-4.15989 4.94376 2.1716
0.532304 -3.10614 0.432691
3.92353 -0.0823109 -2.20542
-4.51245 4.9722 2.61218
1.59787 4.97337 4.82838
-2.61585 -1.27022 -2.26312
-3.85223 -1.43923 3.92586
0.377374 4.22442 -0.303225
3.83893 -1.88578 -4.06234
-1.58094 -4.18729 1.91792
4.21618 3.36542 3.21619
-2.23992 -0.258787 4.94432
-3.20436 -3.66294 -3.54044
-2.12156 3.37369 4.56294
3.46924 -3.15194 4.03929
-4.36765 -3.11635 3.9575
-3.77578 -3.30989 3.51687
3.27117 3.46708 -1.5161
-2.28987 4.86983 4.56465
1.54697 -1.38158 1.13102
-4.02723 3.71253 1.49713
3.94586 -4.73938 -4.85363
3.7455 -2.38239 3.09112
0.224397 -3.79767 -1.70167
-2.22582 -0.102135 -4.54462
-3.44837 1.94058 4.43121
-1.89911 -0.6692 3.13897
2.62651 3.09344 -3.95099
-2.79384 2.46005 0.0881742
-4.97861 1.15136 -0.444143
3.07584 -1.04301 -3.77959
-1.67263 0.131752 -4.87415
-0.337405 4.61322 3.87959
3.8128 -1.75683 -1.7068
4.95446 3.07721 -4.36777
4.57374 1.73188 4.20217
1.00533 -3.98455 3.48529
4.92504 -4.13208 -4.37331
3.7428 -3.27272 -3.51934
