2.51294 2.2651 -1.78468
4.19637 -1.69586 4.18685
4.9651 3.58344 0.619338
2.73277 -4.36058 -0.483045
-4.04709 -0.302978 3.39296
3.42505 2.07672 0.679356
1.24919 -4.75713 -4.9303
-1.44731 -1.44597 3.64783
3.39533 -2.84077 1.98367
2.69403 -4.09506 -2.91422
-4.81718 -0.737867 0.423635
-2.04823 -0.581374 -0.231305
-1.47401 3.50399 2.42734
0.425583 1.6239 -3.09583
-4.90227 -3.61816 -3.58435
1.4669 2.31104 4.93613
0.66961 3.11159 -3.83487
4.36169 -1.62045 -4.45427
-4.15318 4.76482 3.69333
-2.71577 3.01155 2.00276
3.93193 -4.70654 2.46091
-3.62687 1.53714 -1.67002
-3.17927 3.9895 3.76624
1.64229 -3.07531 3.33878
3.69442 4.13723 4.13963
0.439035 -1.55507 -0.856823
-2.72412 -1.85329 4.45532
-1.50209 4.42116 4.87112
4.43481 0.438282 1.86341
-0.759663 0.892626 0.770639
-1.17575 -0.722124 -3.42725
-2.24911 0.270841 -3.07897
0.670268 4.56047 4.36953
-2.04797 3.26318 -1.1845
3.71756 -0.884222 1.8796
-4.6862 -0.564705 4.80651
-3.73897 -4.32983 0.669203
3.78274 2.03362 -2.33639
4.93675 -2.66313 1.41958
-2.15568 -4.11465 3.4766
-0.97538 1.70871 2.01752
-4.0839 -0.00379397 -3.78568
3.85357 -4.66572 -4.12602
-4.21581 4.52667 1.88673
1.2951 4.10615 1.558
3.52888 -3.84783 -3.52048
-3.73525 -3.08501 4.58521
2.85365 1.80009 2.23167
-4.176 -2.32824 -2.94122
-2.33256 -2.79322 -4.82454
-0.403102 -2.12298 2.8469
-1.14125 0.412607 -1.1881
4.79754 -4.41863 -3.77617
-4.08557 1.2136 -3.25364
4.16542 4.75244 -4.92006
2.56324 -0.510953 4.29656
-1.66189 -1.56694 4.55405
-3.44918 0.669672 0.736648
-4.12597 2.98317 4.70726
-3.84157 -0.817411 -2.68026
3.92133 4.13599 -1.729
-4.22371 4.99813 2.39372
0.624405 -3.05463 0.404771
3.90555 -0.103685 -2.21724
-4.46999 4.95201 2.56533
1.55804 4.98232 4.8207
-2.60758 -2.83438 -2.18739
-3.81498 -1.51404 3.92501
0.414939 4.27722 -0.425292
3.85781 -1.89486 -4.11358
-1.8172 -4.22207 1.81948
4.19766 3.35939 3.2305
-2.20113 -0.225724 4.96924
-3.29288 -3.64349 -3.53362
-2.12195 3.36691 4.22782
3.47763 -3.15813 4.07763
-4.3076 -3.0327 4.05673
-3.78965 -3.3309 3.54706
3.29422 3.48516 -1.50718
-2.27987 4.8582 4.57198
1.55275 -1.3702 1.11853
-4.00135 3.65777 1.5076
3.88404 -4.77794 -4.82726
3.72758 -2.40324 3.09425
0.203641 -3.84942 -1.73006
-2.222 -0.100014 -4.59764
-3.46067 1.95075 4.56952
-1.91846 -0.646149 3.07468
2.6032 3.11425 -3.94762
-2.80976 2.47447 0.0881624
-4.95953 1.14886 -0.446686
3.08724 -1.02514 -3.76182
-1.59657 0.162712 -4.89062
-0.174753 4.63064 3.88298
3.81122 -1.70342 -1.70085
4.96135 3.09048 -4.40139
4.61629 1.74244 4.24672
1.05607 -3.94916 3.53216
4.92605 -4.14805 -4.35412
3.63974 -3.24547 -3.56883
