2.28064 2.4658 -1.54152
4.40575 -1.64687 4.41244
4.89376 3.6225 0.633186
2.64658 -4.29682 -0.496083
-4.11253 -0.363932 3.43555
3.56949 2.12692 0.745514
1.26108 -4.83777 -4.86633
-1.25213 -1.65486 3.78112
3.30975 -2.78084 2.00522
2.79475 -4.09393 -3.09247
-4.89233 -0.84665 0.465876
-2.12844 -0.515947 0.292788
-1.5076 3.36044 2.33603
0.0268998 1.34239 -3.01221
-4.96234 -3.68545 -3.70483
1.48916 2.35115 -4.97067
0.673928 2.9467 -3.89238
4.26341 -1.65223 -4.47073
-4.29395 4.99354 3.68997
-2.67483 2.95097 2.09341
3.9144 -4.78175 2.66236
-3.53555 1.3552 -1.49914
-2.98822 3.98826 3.82226
1.68001 -3.10767 3.23798
3.61057 4.11677 3.82886
0.306895 -1.64662 -0.894885
-2.69154 -1.76947 4.5722
-1.51757 4.49906 4.87698
4.52342 0.530875 1.94131
-0.633606 0.653753 0.524751
-1.09016 -0.540857 -3.60022
-2.55742 0.0266096 -3.67052
0.929467 4.59643 4.61317
-2.04556 3.18814 -1.28909
3.63906 -0.917868 1.66483
-4.58952 -0.472065 4.73328
-3.82163 -4.36462 0.672397
3.73897 2.12624 -2.3023
-4.95703 -2.86913 1.30197
-2.43661 -4.26438 3.70677
-1.07123 1.66396 2.04995
-3.92594 -0.246909 -3.89193
3.8315 -4.61566 -4.23122
-4.12218 4.37118 1.76662
1.45316 4.18954 1.18985
3.2524 3.55712 -3.43018
-3.65388 -3.1373 4.486
2.95503 1.66715 2.28665
-4.10127 -2.34842 -3.01041
-2.28385 -2.85423 -4.96967
-0.596379 -2.06118 2.79463
-1.22177 0.413691 -1.21158
-4.95184 -4.4664 -3.78808
-4.09025 1.20949 -3.19637
4.32662 -4.95614 -4.78642
2.61249 -0.508206 4.32383
-1.6987 -1.56512 4.51606
-3.41024 0.983004 0.640953
-4.28642 2.99132 4.75857
-3.8464 -0.916759 -2.76512
3.80346 4.02277 -1.71445
-4.41462 4.93754 3.06281
0.900792 -2.90149 0.32094
3.85428 -0.167624 -2.25345
-4.35278 -4.94234 2.42519
1.44065 -4.94824 4.85468
-2.58373 2.47219 -1.96107
-3.71045 -1.73925 3.92886
0.527608 4.43876 -0.791831
3.91699 -1.92315 -4.27129
-2.52664 -4.33261 1.52402
4.14884 3.34483 3.27648
-2.08536 -0.127639 -4.92495
-3.56073 -3.58712 -3.51574
-2.12399 3.34879 3.22584
3.50532 -3.17907 4.19781
-4.14165 -2.78632 4.3639
-3.83437 -3.39804 3.63941
3.36451 3.54149 -1.48064
-2.25231 4.83428 4.5998
1.57049 -1.33626 1.08115
-3.93136 3.49705 1.53869
3.70066 -4.93628 -4.75693
3.6778 -2.46711 3.10599
0.141207 -4.00767 -1.81638
-2.21255 -0.0925596 -4.78616
-3.50015 1.98179 4.98828
-1.97725 -0.576675 2.88386
2.53447 3.17944 -3.94215
-2.85869 2.51865 0.0878692
-4.90588 1.14163 -0.45449
3.12251 -0.970875 -3.71185
-1.36619 0.257428 -4.9585
0.312871 4.68666 3.89477
3.80885 -1.54369 -1.68322
4.98739 3.13215 -4.50792
4.7524 1.77502 4.38619
1.2083 -3.85089 3.67678
4.9455 -4.20219 -4.30502
3.33698 -3.16573 -3.72248
