2.20355 2.53328 -1.46072
4.47794 -1.63061 4.49056
4.87206 3.6363 0.637688
2.61816 -4.27639 -0.500461
-4.1355 -0.384125 3.45043
3.61853 2.14396 0.767579
1.2646 -4.87021 -4.87529
-1.18686 -1.72477 3.82671
3.28247 -2.76155 2.0125
2.82866 -4.09451 -3.15235
-4.91934 -0.883077 0.479887
-2.15536 -0.494272 0.467471
-1.51864 3.31353 2.30578
-0.105921 1.24875 -2.985
-4.99069 -3.70841 -3.74599
1.49668 2.36478 -4.93944
0.675333 2.89217 -3.91236
4.23249 -1.66263 -4.47861
-4.34343 -4.92515 3.6911
-2.6615 2.93112 2.12373
3.91001 -4.80867 2.72989
-3.50563 1.29468 -1.44235
-2.92505 3.98882 3.84154
1.69287 -3.11902 3.20506
3.58382 4.11257 3.72754
0.262884 -1.67728 -0.907706
-2.68153 -1.74194 4.61575
-1.52265 4.52628 4.8802
4.55444 0.561835 1.96749
-0.591449 0.5742 0.442828
-1.06133 -0.480662 -3.65913
-2.66081 -0.0545601 -3.86917
1.01565 4.61943 4.69999
-2.04497 3.16404 -1.32425
3.61394 -0.929116 1.59337
-4.55944 -0.441033 4.71122
-3.84973 -4.37729 0.673303
3.72567 2.15749 -2.29146
-4.92332 -2.93869 1.2627
-2.53061 -4.31868 3.78477
-1.10311 1.64923 2.06112
-3.87569 -0.327783 -3.93068
3.82525 -4.60091 -4.26704
-4.09347 4.32602 1.72644
1.50604 4.21853 1.06726
3.16118 -3.97364 -3.40097
-3.62761 -3.15582 4.45535
2.9894 1.62314 2.30543
-4.07766 -2.35544 -3.0341
-2.26773 -2.87518 4.97895
-0.660695 -2.04088 2.77747
-1.24861 0.414065 -1.21953
-4.87457 -4.48606 -3.79324
-4.09312 1.20843 -3.17829
4.38252 -4.8528 -4.74414
2.62918 -0.507223 4.33384
-1.71091 -1.56472 4.50578
-3.39822 1.08749 0.609146
-4.34301 2.99486 4.77845
-3.84942 -0.950014 -2.79406
3.76493 3.98611 -1.7098
-4.47993 4.89709 3.28749
0.992974 -2.85087 0.292978
3.83807 -0.188877 -2.26576
-4.31572 -4.89451 2.37794
1.40242 -4.92638 4.89742
-2.57611 0.907972 -1.88599
-3.67784 -1.81454 3.93237
0.565159 4.49375 -0.914115
3.93751 -1.93302 -4.32531
-2.76335 -4.37154 1.42549
4.13483 3.34135 3.29288
-2.04517 -0.0956618 -4.89491
-3.65076 -3.56895 -3.51061
-2.12491 3.34366 2.8928
3.51549 -3.18672 4.23969
-4.09082 -2.70516 4.46991
-3.85033 -3.42179 3.67085
3.38832 3.5609 -1.47179
-2.24387 4.83031 4.61105
1.57654 -1.32499 1.06873
-3.91038 3.4449 1.54902
3.64022 -4.99762 -4.7363
3.66266 -2.48877 3.11073
0.120338 -4.06152 -1.84555
-2.21162 -0.0893247 -4.84828
-3.5142 1.99238 -4.87058
-1.99706 -0.553444 2.82106
2.51191 3.20222 -3.94175
-2.87538 2.53372 0.0877052
-4.88916 1.1393 -0.457143
3.13471 -0.952641 -3.69622
-1.28872 0.289548 -4.98372
0.475285 4.70696 3.89934
3.80886 -1.49061 -1.67742
4.99823 3.14679 -4.54567
4.80087 1.78626 4.43484
1.25906 -3.82035 3.72646
4.96356 -4.22204 -4.29149
3.23793 -3.14007 -3.77557
