2.12662 2.60113 -1.38001
4.55148 -1.61436 4.5705
4.85138 3.65054 0.64214
2.5899 -4.25635 -0.50485
-4.15907 -0.404247 3.46567
3.66804 2.16117 0.78966
1.26769 -4.90507 -4.9232
-1.12145 -1.79483 3.87279
3.25581 -2.74254 2.01985
2.86245 -4.09564 -3.2122
-4.94732 -0.91957 0.49387
-2.18236 -0.472658 0.64216
-1.5295 3.2671 2.27559
-0.238678 1.15523 -2.95806
4.97688 -3.73149 -3.78771
1.50427 2.37856 -4.90871
0.676722 2.83788 -3.93263
4.20252 -1.67279 -4.48784
-4.3941 -4.85817 3.69368
-2.64836 2.91145 2.1541
3.90636 -4.83648 2.79764
-3.47599 1.23425 -1.38562
-2.86211 3.98999 3.86116
1.70587 -3.13061 3.17245
3.55769 4.10988 3.62715
0.218888 -1.708 -0.920598
-2.67194 -1.71456 4.661
-1.52766 4.55419 4.88403
4.58622 0.59285 1.99379
-0.549207 0.494694 0.360938
-1.03234 -0.420551 -3.71872
-2.76461 -0.135601 -4.06879
1.10161 4.65304 4.79177
-2.04452 3.1404 -1.3596
3.58936 -0.940364 1.52196
-4.53041 -0.409898 4.69035
-3.8781 -4.39045 0.674118
3.713 2.18897 -2.28086
-4.89083 -3.00865 1.2234
-2.62483 -4.37527 3.8633
-1.13494 1.6346 2.07251
-3.82664 -0.408556 -3.97119
3.81969 -4.58657 -4.30331
-4.06599 4.28403 1.68628
1.55902 4.24814 0.944729
3.07094 -1.50479 -3.37248
-3.60174 -3.17482 4.42558
3.02408 1.57929 2.32446
-4.05466 -2.36259 -3.05816
-2.25166 -2.89642 4.92817
-0.724956 -2.02071 2.76041
-1.27543 0.414441 -1.22752
-4.80833 -4.50722 -3.79904
-4.09662 1.20756 -3.16061
4.43978 -4.75028 -4.70297
2.64602 -0.50619 4.34431
-1.72309 -1.56439 4.49647
-3.38666 1.19203 0.577401
-4.40153 2.99893 4.80044
-3.85314 -0.983321 -2.82335
3.72681 3.95004 -1.70528
-4.54668 4.87113 3.51237
1.08519 -2.80046 0.265006
3.82228 -0.210078 -2.27819
-4.27934 -4.84911 2.33075
1.36492 -4.90873 4.98126
-2.56858 -0.656199 -1.81103
-3.64627 -1.88987 3.93682
0.602703 4.5494 -1.03645
3.95837 -1.94317 -4.38016
-3.0002 -4.41151 1.32692
4.12197 3.33871 3.30987
-2.0022 -0.0637561 -4.8668
-3.74117 -3.55105 -3.50596
-2.126 3.33914 2.56027
3.52617 -3.19462 4.28259
-4.04209 -2.6242 4.5779
-3.86684 -3.44604 3.70257
3.41229 3.58062 -1.46291
-2.23578 4.82866 4.62323
1.58268 -1.31374 1.05634
-3.89052 3.39352 1.55938
3.58026 4.93986 -4.71702
3.64824 -2.51056 3.11589
0.0994279 -4.11598 -1.87493
-2.21357 -0.0859288 -4.91069
-3.5287 2.00314 -4.73051
-2.01699 -0.530178 2.75863
2.48958 3.22567 -3.94191
-2.89225 2.54898 0.0875024
-4.87302 1.13702 -0.459819
3.14719 -0.934335 -3.68108
-1.21095 0.321926 4.98985
0.637633 4.72827 3.90428
3.8093 -1.4376 -1.67167
-4.98957 3.1619 -4.58472
4.85103 1.79775 4.48486
1.30984 -3.79082 3.77696
4.99079 -4.24242 -4.27942
3.13975 -3.11454 -3.82978
