1.97325 2.73782 -1.2189
4.70298 -1.58188 4.73694
4.81303 3.68033 0.650888
2.53384 -4.21755 -0.51369
-4.20804 -0.444306 3.4972
3.76856 2.19611 0.833863
1.26852 -4.99762 4.39318
-0.990198 -1.93548 3.96627
3.20426 -2.70543 2.03472
2.93065 -4.09962 -3.33272
4.99366 -0.992762 0.521743
-2.23664 -0.429577 0.991547
-1.55013 3.17551 2.21544
-0.504012 0.968569 -2.90524
4.92525 -3.77832 -3.87296
1.51966 2.40653 -4.8488
0.679455 2.72988 -3.97413
4.14546 -1.69208 -4.51076
-4.49828 -4.81025 3.70253
-2.62276 2.87249 2.21502
3.90133 -4.89521 2.9338
-3.41736 1.11358 -1.27241
-2.73673 3.99407 3.90131
1.73229 -3.15473 3.10807
3.50739 4.10857 3.42874
0.130929 -1.7697 -0.946614
-2.65404 -1.66023 4.75683
-1.5374 4.61215 4.89349
4.65209 0.655024 2.04677
-0.464472 0.33581 0.197191
-0.973868 -0.30053 -3.84151
-2.97372 -0.297266 -4.47299
1.27277 4.78571 -4.99903
-2.04398 3.09444 -1.43095
3.54184 -0.962884 1.37931
-4.47549 -0.347318 4.65219
-3.93575 -4.41824 0.675409
3.68964 2.25255 -2.26043
-4.82933 -3.1498 1.14468
-2.81407 -4.49621 4.02209
-1.19845 1.60561 2.09582
-3.73225 -0.569857 -4.05804
3.81047 -4.56557 -4.3774
-4.01465 4.20882 1.60602
1.66528 4.30924 0.699813
2.89129 3.43252 -3.31657
-3.55134 -3.21427 4.36853
3.09443 1.49204 2.36326
-4.01083 -2.3773 -3.10754
-2.21965 -2.9398 4.82827
-0.853335 -1.98078 2.72649
-1.32908 0.415251 -1.2437
-4.70914 -4.55489 -3.81272
-4.10535 1.2063 -3.12648
4.56005 -4.55017 -4.62402
2.68015 -0.504 4.36676
-1.74738 -1.56396 4.48036
-3.36494 1.40125 0.514021
-4.52129 3.00852 4.85216
-3.8629 -1.05005 -2.88322
3.65193 3.8797 -1.69683
-4.68548 4.89915 3.96376
1.26975 -2.70023 0.209018
3.792 -0.252307 -2.30342
-4.20847 -4.76321 2.23666
1.29671 -4.88884 -4.20946
-2.55383 -3.78476 -1.66139
-3.5863 -2.04075 3.94831
0.677776 4.66289 -1.28134
4.00085 -1.96498 -4.49287
-3.47435 -4.49481 1.12972
4.10003 3.33562 3.34563
-1.91194 0.000799833 -4.81616
-3.92394 -3.51605 -3.4981
-2.12882 3.33229 1.89629
3.54903 -3.21148 4.37163
-3.95079 -2.46312 4.8005
-3.90168 -3.49613 3.76694
3.46066 3.62064 -1.44483
-2.22055 4.83263 4.65029
1.59517 -1.29127 1.03161
-3.85395 3.29289 1.58022
3.46193 4.83119 -4.68222
3.62154 -2.55468 3.12756
0.0574861 -4.227 -1.9344
-2.22212 -0.079437 4.95814
-3.55876 2.0252 -4.4533
-2.05717 -0.483574 2.63466
2.44577 3.27418 -3.94399
-2.92653 2.58012 0.0869222
-4.84242 1.13259 -0.465259
3.17302 -0.897211 -3.65247
-1.05458 0.387395 4.94889
0.96217 4.7746 3.91537
3.81142 -1.33181 -1.66027
-4.96772 3.19338 -4.66805
4.95785 1.82136 4.58917
1.4115 -3.73498 3.88046
-4.94854 -4.28564 -4.2596
2.94504 -3.06502 -3.94169
