1.89677 2.80669 -1.13842
4.78118 -1.56565 4.8239
4.79535 3.69593 0.655194
2.50604 -4.19881 -0.518135
-4.23348 -0.464253 3.51346
3.81958 2.21384 0.855991
1.26912 4.94316 4.05621
-0.924337 -2.0061 4.01363
3.1793 -2.68732 2.04226
2.96518 -4.10255 -3.39337
4.96465 -1.02946 0.53562
-2.26396 -0.408099 1.16622
-1.55992 3.13028 2.18573
-0.636598 0.875417 -2.87941
4.90944 -3.80208 -3.91656
1.52747 2.42071 -4.81958
0.680786 2.67616 -3.99529
4.11836 -1.7009 -4.52449
-4.55193 -4.81769 3.70792
-2.61032 2.85317 2.24569
3.89996 -4.92631 3.00227
-3.38837 1.05332 -1.21595
-2.67427 3.99697 3.92182
1.7457 -3.16728 3.0763
3.48321 4.11013 3.3306
0.086957 -1.80068 -0.959744
-2.64571 -1.63329 4.80744
-1.54209 4.64224 4.89915
4.68611 0.686178 2.07345
-0.422 0.256415 0.115317
-0.9444 -0.240616 -3.90516
-3.07915 -0.377877 -4.68057
1.35833 4.87547 -4.89843
-2.0439 3.07214 -1.46697
3.5187 -0.974155 1.30806
-4.44959 -0.315862 4.63485
-3.96512 -4.43287 0.675814
3.67895 2.28461 -2.25056
-4.80037 -3.22099 1.10526
-2.90914 -4.56096 4.10248
-1.23013 1.59124 2.10773
-3.68691 -0.650422 -4.10483
3.80713 -4.55832 -4.41533
-3.99078 4.17538 1.56597
1.71857 4.34075 0.577439
2.8021 -4.09813 -3.28908
-3.52675 -3.23467 4.34122
3.1301 1.44862 2.38304
-3.9899 -2.38485 -3.13293
-2.20368 -2.96196 4.7791
-0.917468 -1.961 2.70962
-1.35593 0.415669 -1.25191
-4.66734 -4.58147 -3.82068
-4.11058 1.20589 -3.11005
4.62582 -4.45198 -4.58635
2.69745 -0.502849 4.37871
-1.75949 -1.56384 4.47336
-3.35484 1.50594 0.482362
-4.58259 3.014 4.88335
-3.86889 -1.08344 -2.91387
3.61525 3.84551 -1.69303
-4.75758 4.9427 4.19148
1.3621 -2.65041 0.180998
3.77746 -0.273347 -2.31623
-4.17392 -4.72221 2.1898
1.26266 -4.88271 -3.8086
-2.54663 4.65064 -1.58675
-3.55781 -2.11634 3.95526
0.715314 4.72091 -1.40388
4.02245 -1.97697 -4.55105
-3.71165 -4.53834 1.03124
4.09097 3.33517 3.36447
-1.86602 0.0333957 -4.80836
-4.01629 -3.49895 -3.49489
-2.1305 3.33002 1.56426
3.56129 -3.22045 4.4179
-3.90797 -2.38305 4.91542
-3.92001 -3.52197 3.79962
3.485 3.6408 -1.43541
-2.21336 4.83848 4.66519
1.60151 -1.28006 1.01928
-3.83722 3.24359 1.59075
3.40375 4.78318 -4.66656
3.60924 -2.57701 3.13408
0.0364536 -4.28376 -1.96447
-2.22736 -0.0762378 4.90695
-3.57432 2.0365 -4.31607
-2.07744 -0.460245 2.57303
2.42422 3.29923 -3.94597
-2.94395 2.59601 0.0865293
-4.82801 1.13044 -0.46803
3.18636 -0.878595 -3.63891
-0.976025 0.420456 4.93293
1.12431 4.80244 3.92178
3.81306 -1.27904 -1.65464
-4.95813 3.20979 -4.71345
-4.9852 1.83344 4.64357
1.46242 -3.70867 3.93362
-4.93082 -4.30854 -4.25186
2.84852 -3.04099 -3.99944
