-4.16165 1.97069 -0.827224
-2.75649 4.83098 1.60995
4.95666 -1.3622 -0.0243139
-4.79841 -4.86087 0.04572
4.6658 -1.39957 4.71776
2.14742 0.785202 4.53272
0.409589 -4.56364 1.32225
2.21547 4.41432 2.57437
-4.9702 2.42016 -2.1532
2.80806 -4.82811 -1.63359
-4.89781 2.07554 2.34867
-4.72285 1.27502 3.89521
-0.525064 2.7609 -0.521691
-2.33636 -1.59317 -3.94453
4.40806 4.31197 4.83856
0.189466 0.110552 -2.15017
0.0598686 -2.59951 -4.67151
-4.54703 -0.11296 -1.45852
-4.72149 0.215992 -0.706076
4.57805 2.6793 2.58212
-3.82525 -4.96713 1.70861
1.45029 2.38807 1.99072
4.24875 -2.90321 -2.28653
0.279783 0.859137 3.52604
3.85871 -2.5714 -1.09105
-0.271871 -2.43503 -3.66088
0.854682 3.14481 4.92881
0.0913366 4.94091 2.32902
4.60517 1.15157 3.396
-2.98434 2.14297 -4.55816
-2.21736 -4.92696 -1.17761
2.41483 4.93197 -3.24065
-1.7937 4.35499 1.32391
2.0018 -1.21079 -1.46379
-3.68052 0.787414 3.37205
-4.76775 0.544254 -4.09133
-0.825358 -3.88284 0.408773
-0.103231 -0.528245 -4.23584
-3.1571 -2.06042 1.11595
1.85206 1.04402 3.06805
-0.299393 -1.21284 -3.53687
-4.69794 -0.964746 -4.82462
-0.812676 -4.08379 3.80128
-3.60579 4.87677 -1.73044
-3.71695 3.55629 -0.878835
-0.423014 3.1679 4.47843
-2.85647 1.79175 4.14016
4.14368 -0.440769 -0.14284
3.49287 2.6837 -0.65971
1.5096 -0.780876 3.16979
2.26813 -4.84817 4.74543
-2.21514 0.259826 -0.126539
-0.951932 0.728228 4.07462
2.64291 3.78956 1.88024
2.29042 2.38372 4.9527
0.429232 -0.47659 4.59852
-0.0127243 1.67457 1.56462
4.92326 3.90627 4.21579
-3.89271 -0.653381 -4.7951
-0.515372 -2.08437 -0.117425
-0.534646 -0.522768 2.95788
-2.9349 -4.88074 -3.99386
1.27428 -4.98867 -4.82701
2.50069 -2.03303 -1.05413
2.01464 -3.31795 3.32708
3.60295 -4.61221 -4.86197
1.48275 -3.1987 -3.30321
-1.12045 -4.8906 4.81059
-2.2777 1.90548 -2.55636
3.12614 -0.883794 -2.55844
4.52112 -3.59129 -4.83263
3.64056 -4.35203 -1.29747
-3.28693 3.38115 -3.90343
-2.41187 -2.91967 -4.45849
1.55838 2.07316 3.00553
2.81795 1.63675 1.08297
1.1447 -3.26944 -2.14008
-3.96876 2.66317 0.169899
1.02783 -1.92488 1.86432
-3.69188 -0.403369 3.7264
0.709656 2.36527 -2.1828
0.449783 -2.19226 0.675582
-0.636477 -2.6829 -1.59691
-0.476679 -0.360544 -1.3941
-4.7398 -1.51979 -2.9202
2.00949 -0.00556445 2.07336
-4.93026 -0.540682 4.94824
-0.305384 0.00994411 1.34046
1.17512 -4.86509 -4.3435
-1.3675 0.336677 -0.00561894
4.92246 -2.43941 1.22586
-4.98889 -2.58067 -4.96413
4.10612 1.83931 -0.784572
-4.93446 -3.69048 1.91118
-0.599403 0.758085 2.33921
2.1904 -2.41751 2.36222
4.95741 -0.0584719 4.48765
-4.15833 3.09185 2.3093
4.70328 0.800096 -0.00796229
0.829118 -1.246 -3.4439
