1.82044 2.87591 -1.05801
4.86118 -1.54941 4.91363
4.77869 3.712 0.659459
2.4784 -4.18052 -0.52259
-4.25956 -0.484156 3.53006
3.87114 2.23173 0.878137
1.2705 4.8855 3.72095
-0.858319 -2.07695 4.06143
3.15484 -2.66951 2.04988
3.00201 -4.1062 -3.45557
4.93664 -1.06623 0.549456
-2.29142 -0.386665 1.34088
-1.56949 3.08543 2.15628
-0.76912 0.782371 -2.85398
4.90073 -3.82609 -3.96086
1.53538 2.43499 -4.79083
0.682105 2.62259 -4.01671
4.09212 -1.709 -4.53965
-4.60692 -4.833 3.71398
-2.59804 2.834 2.27652
3.8994 -4.95873 3.07103
-3.35958 0.993084 -1.15959
-2.61192 4.00044 3.9426
1.75922 -3.1803 3.0448
3.45968 4.11327 3.23307
0.0429789 -1.83177 -0.972953
-2.63775 -1.60653 4.86003
-1.54661 4.67305 4.90543
4.72089 0.717371 2.10024
-0.379462 0.177032 0.0334391
-0.914762 -0.180778 -3.97051
-3.1852 -0.458317 -4.89324
1.44397 4.96754 -4.8009
-2.04391 3.0502 -1.50322
3.49591 -0.98544 1.23684
-4.42464 -0.284288 4.61872
-3.99495 -4.44795 0.675885
3.66892 2.31687 -2.24096
-4.77261 -3.29261 1.06581
-3.0046 -4.6288 4.18366
-1.26176 1.57693 2.11982
-3.64272 -0.730951 -4.15414
3.80466 -4.55291 -4.45398
-3.96805 4.14459 1.52599
1.77197 4.37293 0.455125
2.71063 -1.62954 -3.26024
-3.50255 -3.25549 4.3147
3.16615 1.40533 2.40308
-3.96961 -2.39255 -3.15882
-2.18774 -2.98446 4.73042
-0.981572 -1.94137 2.6928
-1.3828 0.416086 -1.26019
-4.63044 -4.60998 -3.82947
-4.1163 1.2056 -3.09406
4.69728 -4.35485 -4.55003
2.71492 -0.50166 4.39116
-1.77155 -1.5638 4.467
-3.34524 1.61065 0.450722
-4.64439 3.01991 4.92005
-3.87563 -1.11685 -2.94506
3.5791 3.81205 -1.68971
-4.83147 4.99448 4.42102
1.4545 -2.60078 0.152961
3.76332 -0.294325 -2.3292
-4.13991 -4.68232 2.14309
1.22861 -4.8779 -3.40814
-2.53955 3.0865 -1.51223
-3.53029 -2.1921 3.963
0.752866 4.77995 -1.52647
4.0444 -1.98989 -4.61078
-3.94902 -4.5834 0.933162
4.0833 3.33546 3.38397
-1.81987 0.0661578 -4.81071
-4.10939 -3.48213 -3.49217
-2.13227 3.32837 1.23208
3.57412 -3.2298 4.46547
-3.867 -2.30332 -4.967
-3.93899 -3.54837 3.83267
3.50944 3.66098 -1.4255
-2.20645 4.84695 4.68101
1.6079 -1.26887 1.00697
-3.82147 3.19493 1.60139
3.34624 4.73857 -4.65201
3.59763 -2.59956 3.14108
0.0153561 -4.34155 -1.99476
-2.23292 -0.0730155 4.86513
-3.59009 2.04798 -4.17967
-2.09784 -0.436912 2.51162
2.40298 3.32481 -3.94844
-2.96155 2.61212 0.0860609
-4.8142 1.12832 -0.47084
3.2 -0.859934 -3.62585
-0.897239 0.453709 4.91952
1.2857 4.83021 3.92824
3.81507 -1.22635 -1.64906
-4.94926 3.22667 -4.76282
-4.9294 1.84571 4.6995
1.51341 -3.68403 3.98786
-4.92438 -4.33241 -4.24556
2.75246 -3.01739 -4.05851
