1.74425 2.94551 -0.977643
4.94313 -1.53317 -4.99345
4.76305 3.72857 0.66369
2.45091 -4.16271 -0.527058
-4.28628 -0.50402 3.54709
3.92326 2.24978 0.900308
1.27179 4.82895 3.38464
-0.792152 -2.14805 4.10969
3.13087 -2.652 2.05761
3.03918 -4.11055 -3.51806
4.90961 -1.10307 0.563271
-2.31901 -0.36527 1.51552
-1.57891 3.04096 2.12706
-0.901586 0.689424 -2.82896
4.89951 -3.85034 -4.00581
1.5434 2.44937 -4.76253
0.683411 2.56915 -4.03839
4.0666 -1.71639 -4.55603
-4.66339 -4.85251 3.72088
-2.58592 2.815 2.30752
3.89964 -4.99259 3.14012
-3.33101 0.932859 -1.10331
-2.54967 4.00447 3.96366
1.77286 -3.19381 3.01359
3.43676 4.1181 3.13607
-0.00101134 -1.86296 -0.986233
-2.63015 -1.57996 4.91541
-1.55096 4.70458 4.91235
4.75645 0.748604 2.12718
-0.33686 0.0976525 -0.0484338
-0.884949 -0.121014 -4.03767
-3.29197 -0.538563 4.88867
1.52969 -4.93857 -4.70547
-2.04342 3.02864 -1.53969
3.47347 -0.996738 1.16567
-4.40065 -0.252585 4.604
-4.02518 -4.4632 0.675209
3.65957 2.3493 -2.23161
-4.74601 -3.36464 1.02634
-3.1005 -4.69981 4.26581
-1.29332 1.56268 2.13209
-3.59968 -0.811433 -4.20587
3.80308 -4.54917 -4.49337
-3.94645 4.11635 1.4861
1.82549 4.40581 0.332872
2.61932 0.838897 -3.23173
-3.47874 -3.27674 4.2894
3.20258 1.36215 2.42338
-3.94994 -2.4004 -3.18511
-2.17181 -3.00729 4.68231
-1.04565 -1.92187 2.67606
-1.4097 0.416498 -1.26854
-4.59821 -4.6405 -3.83913
-4.12254 1.20544 -3.07849
4.77716 -4.25878 -4.51522
2.73257 -0.500432 4.40414
-1.78356 -1.56384 4.46133
-3.33615 1.71538 0.419117
-4.70664 3.02617 4.96575
-3.88315 -1.15028 -2.97671
3.54343 3.77933 -1.68708
-4.90735 -4.94839 4.65282
1.54695 -2.55134 0.124907
3.74956 -0.315228 -2.34231
-4.10641 -4.64342 2.09654
1.19457 -4.87407 -3.00798
-2.5329 1.52262 -1.43785
-3.50374 -2.26804 3.97281
0.790441 4.84017 -1.64913
4.06688 -2.00375 -4.67222
-4.18673 -4.63063 0.836384
4.07702 3.33649 3.40416
-1.77358 0.0990709 -4.82021
-4.20335 -3.46557 -3.48982
-2.13408 3.32727 0.899821
3.58754 -3.23955 4.51447
-3.8279 -2.22394 -4.85489
-3.95865 -3.57532 3.86627
3.53404 3.68113 -1.41483
-2.19979 4.85805 4.69777
1.61435 -1.25769 0.994693
-3.80669 3.14688 1.61219
3.2894 4.6968 -4.63851
3.58671 -2.62233 3.14863
-0.00582811 -4.40049 -2.02525
-2.23874 -0.0697495 4.82989
-3.60607 2.05965 -4.04405
-2.11835 -0.413583 2.45049
2.38207 3.35089 -3.9514
-2.97935 2.62844 0.0855285
-4.80098 1.12623 -0.473684
3.214 -0.841162 -3.61329
-0.818232 0.487148 4.90863
1.44723 4.85826 3.93698
3.81746 -1.17374 -1.64349
-4.94117 3.24408 -4.81865
-4.87472 1.85814 4.75705
1.56447 -3.66098 4.04322
-4.93318 -4.35744 -4.24061
2.65682 -2.9944 -4.1189
