1.5164 3.15699 -0.736644
-4.81171 -1.48427 -4.72401
4.72249 3.78168 0.676254
2.3694 -4.11229 -0.540507
-4.37024 -0.56339 3.60085
4.08324 2.30504 0.967054
1.27559 4.66293 2.37657
-0.592811 -2.36274 4.25732
3.06185 -2.60119 2.08163
3.15308 -4.12737 -3.70753
4.83436 -1.21407 0.604673
-2.40286 -0.301182 2.03892
-1.60644 2.90993 2.04042
-1.29869 0.411165 -2.75638
4.94126 -3.92301 -4.1442
1.5681 2.49336 -4.68032
0.687195 2.40979 -4.10493
3.99471 -1.73532 -4.60754
-4.84319 -4.92016 3.74812
-2.55043 2.7591 2.40149
3.90532 4.90536 3.34988
-3.2467 0.752221 -0.934863
-2.3635 4.01997 4.02846
1.81439 -3.23725 2.92178
3.37139 4.14055 2.84779
-0.133014 -1.95725 -1.02651
-2.6089 -1.50131 -4.91042
-1.56287 4.80396 4.93693
4.86796 0.842592 2.20893
-0.208619 -0.140462 -0.29399
-0.794298 0.0579824 -4.2516
-3.6165 -0.778171 4.25698
1.78722 -4.66823 -4.4289
-2.04254 2.96679 -1.65062
3.40811 -1.03068 0.952475
-4.33356 -0.156494 4.56759
-4.11534 -4.51023 0.671245
3.63558 2.44795 -2.20492
-4.67286 -3.5831 0.907974
-3.39193 -4.93003 4.51967
-1.38767 1.52044 2.17007
-3.47621 -1.05217 -4.38465
3.80384 -4.54556 -4.61683
-3.88811 4.04557 1.36712
1.98682 4.50929 -0.033441
2.34701 -1.7552 -3.14776
-3.40939 -3.34263 4.21988
3.31431 1.23336 2.48604
-3.89448 -2.42478 -3.26622
-2.12413 -3.0777 4.5413
-1.23775 -1.86411 2.62635
-1.49037 0.417759 -1.29395
-4.53433 -4.74238 -3.87443
-4.14435 1.20566 -3.0343
-4.90647 -3.97274 -4.42233
2.78673 -0.49649 4.44656
-1.81928 -1.5644 4.4488
-3.31204 2.02974 0.324598
-4.89509 3.04477 -4.85031
-3.9102 -1.25043 -3.0746
3.4378 3.68468 -1.68425
4.85407 -4.78599 -4.63519
1.82469 -2.40409 0.0406347
3.71072 -0.377547 -2.38242
-4.00858 -4.53191 1.95798
1.09297 -4.87812 -1.80912
-2.51355 -3.16892 -1.21535
-3.4292 -2.49685 4.01334
0.902969 -4.95433 -2.01686
4.14048 -2.04952 -4.86382
-4.9098 -4.78495 0.548539
4.06632 3.34428 3.46978
-1.63423 0.198673 -4.87881
-4.49198 -3.41712 -3.48475
-2.13964 3.32721 -0.0972768
3.63152 -3.2708 4.67138
-3.71989 -1.98766 -4.54398
-4.02215 -3.65883 3.97096
3.61092 3.74293 -1.37686
-2.18169 4.90717 4.75373
1.63401 -1.22423 0.958084
-3.76794 3.00628 1.64578
3.12263 4.58729 -4.60407
3.55812 -2.69199 3.1749
-0.0702615 -4.58535 -2.11794
-2.25741 -0.0595492 4.74788
-3.6553 2.09601 -3.64108
-2.18031 -0.343659 2.26931
2.32107 3.43299 -3.96347
-3.03397 2.67895 0.0834071
-4.76484 1.12017 -0.482383
3.25814 -0.784644 -3.57815
-0.57995 0.588618 4.89087
1.93238 4.94842 3.96794
3.82696 -1.01637 -1.62688
-4.9227 3.30236 4.97473
-4.71694 1.89675 4.94253
1.71817 -3.59876 4.21675
4.92296 -4.44003 -4.23376
2.37207 -2.92778 -4.30814
