1.36495 3.30101 -0.575993
-4.65818 -1.45152 -4.5512
4.70088 3.82039 0.684602
2.31585 -4.08124 -0.549472
-4.42945 -0.602789 3.63915
4.19313 2.34279 1.01181
1.27819 4.55449 1.7052
-0.459325 -2.50707 4.35855
3.01808 -2.56879 2.09852
3.23107 -4.14179 -3.83577
4.78895 -1.28846 0.632334
-2.46233 -0.257975 2.38669
-1.62428 2.8245 1.98337
-1.56336 0.226047 -2.70989
-4.90699 -3.97156 -4.23722
1.58511 2.52342 -4.62761
0.689597 2.30426 -4.15055
3.951 -1.74648 -4.64419
-4.97398 -4.97482 3.77308
-2.5275 2.72274 2.46502
3.91334 4.84375 3.49238
-3.19148 0.631845 -0.822822
-2.23984 4.03272 4.07305
1.84251 -3.2688 2.86222
3.33032 4.15925 2.65749
-0.221053 -2.02065 -1.05365
-2.59551 -1.44964 -4.81036
-1.56981 4.87417 4.95662
4.94652 0.905502 2.26432
-0.122816 -0.29913 -0.457641
-0.732796 0.177184 -4.40613
-3.8361 -0.937612 3.85135
1.95907 -4.49634 -4.25128
-2.04252 2.92791 -1.72593
3.36613 -1.05334 0.810604
-4.29211 -0.091457 4.54993
-4.17687 -4.54413 0.668325
3.62285 2.51491 -2.18824
-4.63005 -3.73087 0.829246
-3.59078 4.90881 4.69729
-1.45033 1.4927 2.19644
-3.39751 -1.21151 -4.51829
3.8079 -4.54867 -4.70358
-3.85472 4.0084 1.28843
2.09512 4.58373 -0.277211
2.16636 3.18131 -3.093
-3.36485 -3.38877 4.17854
3.39089 1.14805 2.52937
-3.8603 -2.44183 -3.32188
-2.09241 -3.12635 4.45034
-1.36573 -1.82622 2.59383
-1.54421 0.418695 -1.31111
-4.53498 -4.81922 -3.9024
-4.16144 1.20633 -3.00663
-4.77853 -3.78293 -4.36904
2.82393 -0.493619 4.47788
-1.8428 -1.56517 4.44694
-3.29876 2.23921 0.261885
4.97602 3.05597 -4.8135
-3.93189 -1.31692 -3.14178
3.36762 3.62342 -1.68535
4.70996 -4.68678 -4.16606
2.01026 -2.3067 -0.0156224
3.68684 -0.418683 -2.40982
-3.94554 -4.46151 1.86652
1.02706 -4.89648 -1.00927
-2.50128 3.70244 -1.0673
-3.38339 -2.65036 4.04986
0.976099 -4.79888 -2.26408
4.19619 -2.08206 -4.99792
4.60482 -4.89603 0.356198
4.06574 3.35279 3.51804
-1.54117 0.265749 -4.93529
-4.69168 -3.38573 -3.48258
-2.14346 3.32999 -0.762273
3.66405 -3.29344 4.78566
-3.65364 -1.83203 -4.35139
-4.06869 -3.71712 4.04478
3.66585 3.78702 -1.34817
-2.17163 4.95135 4.79599
1.64734 -1.20196 0.933918
-3.74675 2.9152 1.66939
3.01388 4.52572 -4.58579
3.54249 -2.73982 3.1957
-0.114188 -4.71314 -2.18086
-2.27069 -0.0523602 4.70797
-3.68927 2.12143 -3.37493
-2.21824 -0.297785 2.15178
2.2817 3.49102 -3.9739
-3.07139 2.71412 0.081564
-4.74359 1.11633 -0.488305
3.28962 -0.746678 -3.5568
-0.420065 0.657245 4.89257
2.25619 -4.98653 3.99213
3.83532 -0.911784 -1.61576
-4.91479 3.34693 4.89326
-4.61659 1.92356 -4.9259
1.82099 -3.5625 4.33972
4.84498 -4.5012 -4.23329
2.18367 -2.88527 -4.44189
