1.13805 3.52315 -0.334913
-4.43844 -1.40222 -4.30122
4.67538 3.88404 0.697225
2.23656 -4.03902 -0.562966
-4.524 -0.661235 3.70063
4.36324 2.4008 1.07942
1.28219 4.39522 0.698891
-0.258422 -2.72541 4.51469
2.9554 -2.52208 2.12516
3.35205 -4.16826 -4.03227
4.72757 -1.40074 0.673957
-2.55682 -0.192419 2.9118
-1.65051 2.699 1.89867
-1.96059 -0.0514702 -2.64298
-4.65234 -4.05292 -4.38216
1.61138 2.56978 -4.5516
0.692985 2.14688 -4.22105
3.89065 -1.76236 -4.71201
4.82554 4.93912 3.81994
-2.49431 2.66948 2.56177
3.93118 4.7614 3.71069
-3.11027 0.451105 -0.654917
-2.05501 4.05453 4.14188
1.88517 -3.31927 2.77531
3.27183 4.19336 2.37418
-0.353265 -2.11664 -1.09483
-2.57543 -1.37322 -4.68585
-1.57854 4.98935 4.99112
-4.93083 1.00026 2.34886
0.00628866 -0.537086 -0.703161
-0.639106 0.355672 -4.66513
-4.17088 -1.17841 3.25627
2.2173 -4.24862 -3.99404
-2.04307 2.87222 -1.84213
3.30536 -1.08735 0.598086
-4.23437 0.00746857 4.53293
-4.27362 -4.5998 0.663553
3.60849 2.61717 -2.16488
-4.5772 -3.95652 0.711214
-3.89782 4.68953 4.97967
-1.54411 1.4516 2.23769
-3.2842 -1.44814 -4.73973
3.81993 -4.56081 -4.84226
-3.81379 3.9651 1.17127
2.25905 4.70817 -0.642409
1.89661 0.58624 -3.01264
-3.30021 -3.46294 4.12291
3.50922 1.02086 2.5968
-3.81246 -2.46911 -3.40782
-2.04483 -3.20219 4.31787
-1.55761 -1.77032 2.54602
-1.62502 0.420152 -1.33716
-4.59334 -4.95101 -3.95342
-4.19132 1.20779 -2.96738
-4.65569 -3.49625 -4.30006
2.88139 -0.488926 4.52938
-1.87767 -1.56702 4.45399
-3.28447 2.55158 0.169088
4.85224 3.07439 -4.85326
-3.96991 -1.41618 -3.24507
3.26293 3.53387 -1.6889
4.52969 -4.55472 -3.46729
2.28932 -2.16163 -0.100185
3.65392 -0.479858 -2.45204
-3.85444 -4.3614 1.73059
0.927982 -4.93036 0.190678
-2.48414 -0.989527 -0.846024
-3.32 -2.88238 4.11744
1.08614 -4.57089 -2.63683
4.28904 -2.13231 4.80778
3.89046 4.92772 0.0672482
4.07352 3.37055 3.59723
-1.40175 0.367227 4.96548
-4.99973 -3.33996 -3.48097
-2.14941 3.33817 -1.75929
3.7186 -3.32996 4.97287
-3.56122 -1.60229 -4.0772
-4.14501 -3.81022 4.1623
3.75318 3.85834 -1.30353
-2.16018 -4.9808 4.86672
1.66758 -1.16855 0.898051
-3.72234 2.78191 1.70684
2.85379 4.44926 -4.56585
3.52399 -2.81372 3.23163
-0.181261 -4.90966 -2.27703
-2.29174 -0.0409918 4.6638
-3.74253 2.16134 -2.97822
-2.27032 -0.230086 1.97359
2.22423 3.58358 -3.99334
-3.12846 2.77043 0.0779533
-4.71596 1.1108 -0.49733
3.33993 -0.689408 -3.52815
-0.178593 0.761706 4.91962
2.74269 -4.89322 4.03422
3.85093 -0.755308 -1.59891
-4.95254 3.41927 4.83977
-4.47743 1.96535 -4.74109
1.97577 -3.513 4.5381
4.79997 -4.59725 -4.24361
1.90285 -2.8235 -4.65727
