0.910933 3.75261 -0.0942309
-4.22896 -1.35251 -4.06153
4.65838 3.95254 0.710062
2.15827 -4.00349 -0.576578
-4.62495 -0.718917 3.76747
4.54121 2.46026 1.14769
1.2865 4.24511 -0.306538
-0.0570167 -2.9457 4.67645
2.8961 -2.47757 2.15346
3.47799 -4.20109 -4.23535
4.67467 -1.51409 0.715802
-2.6527 -0.126566 3.43983
-1.67619 2.57667 1.81472
-2.35846 -0.328873 -2.57992
-4.43375 -4.14475 -4.54071
1.6385 2.61777 -4.47918
0.696205 1.99054 -4.29461
3.83577 -1.7778 -4.80285
4.64364 4.87353 3.87924
-2.46241 2.61787 2.66032
3.9536 4.6913 3.93577
-3.03097 0.27024 -0.487034
-1.87086 4.08275 4.21391
1.92824 -3.37342 2.69139
3.2165 4.23411 2.09309
-0.485634 -2.21386 -1.13659
-2.55448 -1.29722 -4.58835
-1.58515 -4.87102 -4.98798
-4.8141 1.09552 2.43513
0.13593 -0.774944 -0.948994
-0.544253 0.533653 -4.99206
-4.51468 -1.42171 2.6684
2.4765 -4.01121 -3.74648
-2.04382 2.81689 -1.96106
3.24737 -1.12141 0.385833
-4.18135 0.107813 4.52569
-4.37441 -4.66259 0.658377
3.59979 2.72147 -2.14369
-4.53653 -4.18829 0.592933
-4.21972 4.49963 -4.72967
-1.63759 1.41115 2.28081
-3.17755 -1.68481 -4.99125
3.83849 -4.58254 -4.99319
-3.78302 3.935 1.05511
2.42478 4.84783 -1.00795
1.6282 -2.00965 -2.93475
-3.23841 -3.54337 4.07419
3.6342 0.894486 2.66709
-3.76919 -2.49883 -3.49717
-1.99718 -3.2806 4.18983
-1.74946 -1.71542 2.4993
-1.70571 0.421833 -1.3637
-4.71206 4.90482 -4.01727
-4.22647 1.20975 -2.93107
-4.54882 -3.21032 -4.24047
2.94095 -0.48375 4.58627
-1.91208 -1.56959 4.47198
-3.28985 2.85217 0.0826073
4.80221 3.09512 -4.97119
-4.01549 -1.51484 -3.35116
3.1594 3.44699 -1.69361
4.37515 -4.43281 -2.77094
2.56942 -2.01792 -0.185021
3.62445 -0.540559 -2.49577
-3.76692 -4.26723 1.5961
0.82831 -4.97719 1.39095
-2.46788 4.31774 -0.625032
-3.26323 -3.11477 4.20058
1.19601 -4.34893 -3.01173
4.39214 -2.18371 4.64281
3.18451 4.76048 -0.221592
4.09081 3.39379 3.68509
-1.26289 0.469652 4.88133
4.69041 -3.29589 -3.48164
-2.15741 3.35447 -2.75783
3.78011 -3.36958 -4.83128
-3.47502 -1.3743 -3.81639
-4.23026 -3.91044 4.28986
3.84571 3.935 -1.25849
-2.15397 -4.96261 4.97033
1.6881 -1.13518 0.862647
-3.70611 2.65204 1.74674
2.69643 4.3896 -4.55507
3.51114 -2.89058 3.27317
-0.249299 4.88922 -2.37525
-2.31393 -0.0288479 4.62967
-3.79873 2.2034 -2.58391
-2.32307 -0.162589 1.79519
2.16824 3.68272 -4.01707
-3.17843 2.83715 0.0699992
-4.69309 1.10553 -0.50652
3.39404 -0.63177 -3.50402
0.0654084 0.868269 4.98323
3.23037 -4.81116 4.08496
3.8704 -0.599154 -1.58188
4.96003 3.49746 4.84334
-4.35168 2.00934 -4.56999
2.13137 -3.46903 4.76117
4.81528 -4.70829 -4.26644
1.62308 -2.76347 -4.89782
