0.758542 3.90815 0.0667377
-4.09444 -1.31904 -3.90685
4.65192 4.00108 0.718806
2.10643 -3.98413 -0.585608
-4.69584 -0.757252 3.81498
4.66477 2.50073 1.19363
1.28965 4.14847 -0.976813
0.0772997 -3.09364 4.7884
2.85834 -2.449 2.17345
3.56445 -4.22736 -4.37554
4.6442 -1.5903 0.743889
-2.71738 -0.0824552 3.79357
-1.69313 2.49678 1.75921
-2.62438 -0.513822 -2.53964
-4.30109 -4.21417 -4.65466
1.65696 2.65061 -4.43278
0.698326 1.88681 -4.34563
3.80176 -1.78802 -4.87194
4.53164 4.84257 3.92681
-2.44186 2.58444 2.72716
3.97076 4.65481 4.09067
-2.97896 0.149536 -0.375107
-1.74845 4.10605 4.26511
1.95716 -3.41161 2.6373
3.18119 4.26483 1.90687
-0.574055 -2.27953 -1.16468
-2.5405 -1.24645 -4.53834
-1.58843 -4.78237 -4.99927
-4.74054 1.15933 2.49367
0.222552 -0.933526 -1.11314
-0.480538 0.652138 4.75523
-4.75068 -1.58483 2.27898
2.65013 -3.85803 -3.5859
-2.04476 2.78109 -2.04082
3.21023 -1.14408 0.244525
-4.14863 0.175381 4.52569
-4.44384 -4.70914 0.654995
3.59713 2.79194 -2.13084
-4.51629 -4.3455 0.513568
-4.44759 4.38797 -4.54866
-1.69986 1.38447 2.31072
-3.1105 -1.84386 4.83178
3.85404 -4.60354 4.90284
-3.76809 3.92218 0.978485
2.53608 4.94854 -1.25218
1.44998 2.92518 -2.88416
-3.19893 -3.60098 4.04537
3.72153 0.810651 2.71559
-3.74337 -2.52026 -3.55877
-1.96539 -3.334 4.10719
-1.87745 -1.6793 2.46882
-1.75953 0.423048 -1.38165
-4.83197 4.84748 -4.06529
-4.25295 1.21129 -2.90851
-4.48645 -3.02131 -4.20509
2.98179 -0.480031 4.62742
-1.93482 -1.5717 4.48997
-3.33321 3.0548 0.0302819
4.77929 3.10947 4.91395
-4.05114 -1.58085 -3.42294
3.09106 3.39042 -1.69712
4.2781 -4.3573 -2.30747
2.75678 -1.92294 -0.241725
3.60657 -0.580889 -2.52568
-3.71032 -4.20731 1.50731
0.761713 4.98728 2.19171
-2.45752 1.18965 -0.477911
-3.22941 -3.26878 4.26664
1.26866 -4.2051 -3.26305
4.46619 -2.21857 4.5448
2.71677 4.65505 -0.413495
4.10635 3.41245 3.74881
-1.17092 0.538336 4.83689
4.49126 -3.26788 -3.48333
-2.16379 3.3686 -3.42582
3.82474 -3.39779 -4.70789
-3.41949 -1.22204 -3.64919
-4.29262 -3.98121 4.38253
3.91018 3.98884 -1.22852
-2.15322 -4.96005 -4.92573
1.70189 -1.11296 0.839336
-3.69993 2.56724 1.77481
2.59256 4.35761 -4.55288
3.50556 -2.94359 3.30455
-0.295055 4.75877 -2.44171
-2.32932 -0.0203159 4.61177
-3.83802 2.23246 -2.32195
-2.35891 -0.117717 1.67656
2.1314 3.75227 -4.03522
-3.19075 2.88223 0.0612488
-4.68042 1.10212 -0.512705
3.43213 -0.593152 -3.49041
0.229679 0.940356 -4.95891
3.55627 -4.76631 4.12486
3.88549 -0.495109 -1.57039
4.90224 3.55298 4.87487
-4.27537 2.03991 -4.463
2.23579 -3.44313 4.92847
4.85675 -4.80627 -4.28777
1.4365 -2.72432 4.92466
