0.682175 3.98671 0.147515
-4.02855 -1.30211 -3.83137
4.65021 4.02631 0.723212
2.0806 -3.97577 -0.590112
-4.73244 -0.776411 3.83948
4.72817 2.52122 1.21672
1.29121 4.10064 -1.31202
0.144422 -3.16802 4.84552
2.83998 -2.43505 2.18371
3.60848 -4.242 -4.44908
4.63055 -1.62862 0.757946
-2.74999 -0.0603337 3.97091
-1.70157 2.45728 1.73156
-2.75759 -0.606319 -2.52004
-4.23778 -4.25128 -4.71504
1.6663 2.66725 -4.41017
0.699397 1.83508 -4.37166
3.78549 -1.79314 -4.90877
4.47842 4.83193 3.95235
-2.4318 2.56801 2.76092
3.98 4.64117 4.16931
-2.95321 0.0890892 -0.319142
-1.68733 4.11899 4.292
1.9717 -3.43148 2.61066
3.16401 4.28116 1.81401
-0.618325 -2.31265 -1.17882
-2.53363 -1.22108 -4.51947
-1.58976 -4.73935 4.99321
-4.70504 1.19133 2.52321
0.265927 -1.01287 -1.19536
-0.448415 0.711437 4.63537
-4.87113 -1.66666 2.08474
2.73731 -3.78286 -3.50722
-2.0454 2.76369 -2.08102
3.19213 -1.15539 0.173924
-4.13307 0.20934 4.5269
-4.47928 -4.73406 0.653462
3.59682 2.82744 -2.1249
-4.50826 -4.42462 0.473342
-4.56696 4.33679 -4.46271
-1.73099 1.37119 2.326
-3.07808 -1.9238 4.74988
3.86278 -4.61639 4.85492
-3.76229 3.91795 0.94039
2.59203 -4.99883 -1.37462
1.36094 -4.60715 -2.85921
-3.17969 -3.63107 4.03175
3.76645 0.768839 2.74027
-3.73125 -2.53148 -3.59042
-1.94948 -3.36104 4.06667
-1.94149 -1.66139 2.45373
-1.78644 0.423654 -1.39075
-4.91167 4.83926 -4.09153
-4.26711 1.21214 -2.8978
-4.45734 -2.92727 -4.18885
3.00255 -0.478101 4.64894
-1.94612 -1.57289 4.50036
-3.35989 3.16067 0.00345833
4.76945 3.11666 4.85865
-4.07066 -1.61423 -3.45932
3.0571 3.36251 -1.69898
4.23087 -4.32116 -2.07604
2.85066 -1.87574 -0.270158
3.59816 -0.601053 -2.54089
-3.68249 -4.17811 1.46312
0.728391 4.96974 2.59229
-2.45241 -0.374246 -0.404408
-3.21376 -3.34545 4.30312
1.30491 -4.13442 -3.38941
4.50482 -2.23619 4.49855
2.48347 4.60399 -0.509144
4.11526 3.42276 3.78172
-1.12515 0.572752 4.81595
4.3933 -3.25432 -3.4847
-2.1673 3.37657 -3.76063
3.84815 -3.41244 -4.64885
-3.39205 -1.14567 -3.5678
-4.32559 -4.0178 4.43155
3.94328 4.01659 -1.21359
-2.15385 -4.96165 -4.87688
1.70882 -1.10187 0.827752
-3.69828 2.52535 1.78923
2.54092 4.34362 -4.55359
3.50365 -2.97066 3.32116
-0.318046 4.69473 -2.47526
-2.33714 -0.0159268 4.60407
-3.85824 2.24726 -2.19124
-2.37704 -0.0953458 1.61732
2.11312 3.78802 -4.04515
-3.19481 2.90274 0.0571722
-4.67486 1.10045 -0.515825
3.45179 -0.5738 -3.48443
0.312195 0.976564 -4.93568
3.71954 -4.7486 4.1461
3.8937 -0.443089 -1.56465
4.87509 3.58186 4.89237
-4.23928 2.05558 -4.41204
2.28825 -3.43124 -4.98393
4.89133 -4.86816 -4.30124
1.34318 -2.70509 4.83554
