0.529238 4.1459 0.309426
-3.89905 -1.26743 -3.68383
4.65 4.07904 0.732104
2.02909 -3.96069 -0.599041
-4.8081 -0.814698 3.88997
4.85847 2.56284 1.26311
1.29426 4.00652 -1.98261
0.278489 -3.31773 4.96209
2.80435 -2.40775 2.20486
3.69812 -4.27463 -4.6041
4.60736 -1.70561 0.786042
-2.81598 -0.0159285 4.32666
-1.7184 2.37915 1.67639
-3.02464 -0.791261 -2.48174
-4.11678 -4.32982 -4.84497
1.68517 2.70104 -4.36608
0.701618 1.73195 -4.42483
3.75435 -1.80339 -4.98652
4.37756 4.82538 4.00678
-2.4121 2.53575 2.82905
3.99965 4.62612 4.32962
-2.90242 -0.0316511 -0.207183
-1.56527 4.14741 4.34759
2.00095 -3.47289 2.5583
3.13056 4.31578 1.62877
-0.706977 -2.37945 -1.2073
-2.52022 -1.17036 -4.49222
-1.59199 -4.65588 4.99175
-4.63655 1.25552 2.58285
0.352816 -1.17159 -1.36014
-0.383485 0.830374 4.40389
4.88153 -1.83084 1.69718
2.91262 -3.6349 -3.3519
-2.04707 2.72997 -2.16216
3.15691 -1.17779 0.0328996
-4.10355 0.277605 4.53166
-4.55195 -4.78754 0.651255
3.59826 2.89931 -2.114
-4.49615 -4.58359 0.390571
-4.82532 4.24563 -4.30064
-1.79331 1.34475 2.35721
-3.01542 -2.08446 4.5956
3.88203 -4.64783 4.76784
-3.75402 3.91401 0.864634
2.70475 -4.90213 -1.62004
1.18288 0.325698 -2.81
-3.14224 -3.69359 4.00545
3.85888 0.685451 2.79052
-3.70849 -2.5549 -3.65551
-1.91767 -3.41582 3.98674
-2.06973 -1.62585 2.42381
-1.84024 0.424984 -1.40922
4.88256 4.95371 -4.14757
-4.29727 1.2141 -2.87752
-4.40276 -2.74005 -4.15923
3.04479 -0.474077 4.69399
-1.96859 -1.57548 4.52383
-3.41673 3.37698 -0.051219
4.75299 3.13123 4.7519
-4.11347 -1.6824 -3.53315
2.98957 3.30785 -1.70285
4.13867 -4.25154 -1.61361
3.0389 -1.7819 -0.327218
3.58239 -0.641363 -2.57175
-3.62778 -4.12114 1.37506
0.661713 4.93632 3.39401
-2.44231 -3.50247 -0.25744
-3.18515 -3.49867 4.38379
1.37723 -3.99493 -3.64399
4.58531 -2.27178 4.41091
2.01751 4.50948 -0.69988
4.13531 3.44553 3.84968
-1.034 0.641706 4.77657
4.19991 -3.22801 -3.48844
-2.17506 3.39466 -4.43279
3.89719 -3.44283 -4.53522
-3.33787 -0.99225 -3.4084
-4.39565 -4.09338 4.53663
4.0112 4.07453 -1.18384
-2.15699 -4.97067 -4.80379
1.72277 -1.07971 0.804728
-3.69793 2.4426 1.81874
2.43818 4.31948 -4.55832
3.50155 -3.02597 3.35652
-0.364321 4.5693 -2.54312
-2.35283 -0.00688986 4.59127
-3.89982 2.27745 -1.93027
-2.41375 -0.0506884 1.49904
2.07671 3.86169 -4.06663
-3.20249 2.94249 0.0492671
-4.66524 1.09721 -0.522109
3.49236 -0.534932 -3.47414
0.477751 1.04912 -4.89701
4.04707 -4.72717 4.1914
3.91146 -0.338961 -1.55321
4.82443 3.64202 4.93152
-4.1709 2.0878 -4.3148
2.39362 -3.40947 -4.81605
4.99972 4.92247 -4.33511
1.15664 -2.66734 4.66376
