-4.23706 1.948 -0.846444
-2.76552 4.79427 1.61715
-4.98755 -1.37178 -0.0222437
-4.82988 -4.89472 0.0445764
4.67618 -1.41419 4.67996
2.16583 0.786543 4.58483
0.411847 -4.60973 1.32442
2.22596 4.46483 2.59552
4.96506 2.44122 -2.17633
2.82142 -4.81058 -1.63947
-4.9142 2.06882 2.35396
-4.80159 1.28321 3.92907
-0.526234 2.78544 -0.528319
-2.36045 -1.6012 -3.987
4.44379 4.35728 4.79968
0.192079 0.116853 -2.16158
0.0597428 -2.61536 -4.71021
-4.59643 -0.11443 -1.46673
-4.66345 0.217648 -0.717164
4.49877 2.69847 2.59716
-3.84873 -4.97515 1.71588
1.45434 2.40318 1.98857
4.27671 -2.91677 -2.29908
0.282086 0.866013 3.55996
3.89554 -2.58809 -1.09202
-0.27961 -2.45577 -3.68422
0.857326 3.17936 4.95838
0.089658 -4.99489 2.33983
4.68831 1.15352 3.41961
-3.0114 2.15773 -4.63743
-2.22764 -4.95365 -1.187
2.43748 -4.96391 -3.28814
-1.80323 4.42535 1.32875
2.01054 -1.20623 -1.47554
-3.71472 0.790512 3.39133
-4.75046 0.554333 -4.13837
-0.829132 -3.90451 0.408708
-0.117193 -0.531192 -4.17484
-3.19226 -2.07693 1.1235
1.87688 1.03999 3.09832
-0.317611 -1.21283 -3.57456
-4.67917 -0.980827 4.93757
-0.816973 -4.11671 3.82318
-3.64711 4.8284 -1.74755
-3.74272 3.63398 -0.895941
-0.430817 3.19304 4.52119
-2.87178 1.80369 4.17624
4.19528 -0.445147 -0.139599
3.51663 2.70975 -0.664663
1.51648 -0.787661 3.18787
2.2818 -4.82152 4.8118
-2.23897 0.25951 -0.129655
-0.974462 0.736539 4.13808
2.66819 3.81598 1.87782
2.30267 2.39432 4.94602
0.436739 -0.477043 4.56048
-0.0150876 1.68666 1.56308
4.99881 3.95013 4.28083
-3.94345 -0.658035 -4.77937
-0.526033 -2.09851 -0.119938
-0.540505 -0.53194 2.97303
-2.95609 -4.88297 -4.02846
1.27388 -4.98526 -4.82428
2.51267 -2.04509 -1.05359
2.02441 -3.34619 3.35106
3.62414 -4.66435 -4.91799
1.49001 -3.22241 -3.32571
-1.1355 -4.81699 4.88253
-2.28817 1.91724 -2.5748
3.14622 -0.88347 -2.57504
4.49384 -3.63824 -4.81261
3.67987 -4.4148 -1.30199
-3.30753 3.40831 -3.93218
-2.4244 -2.9352 -4.48536
1.56902 2.09877 3.03764
2.83689 1.64291 1.08181
1.14931 -3.31529 -2.15049
-3.99913 2.68068 0.182609
1.03078 -1.93703 1.87284
-3.74635 -0.418968 3.77638
0.712128 2.37596 -2.19486
0.454348 -2.2131 0.679166
-0.643759 -2.69991 -1.60373
-0.483853 -0.361379 -1.39821
-4.81732 -1.53128 -2.94747
2.02347 -0.00905165 2.07635
-4.9512 -0.545441 -4.93092
-0.308728 0.00469507 1.33744
1.17405 -4.85911 -4.40964
-1.36197 0.339947 -0.00541589
4.89674 -2.4479 1.23026
-4.9251 -2.5962 -4.89224
4.17216 1.84412 -0.796112
-4.9698 -3.7125 1.92063
-0.60879 0.763054 2.34661
2.20288 -2.42884 2.3697
-4.89615 -0.041865 4.43817
-4.02835 3.14173 2.31677
4.71163 0.808018 -0.00180799
0.85644 -1.24957 -3.48891
