0.29943 4.38987 0.5531
-3.70924 -1.21373 -3.46912
4.6586 4.1648 0.745713
1.95215 -3.94185 -0.612257
-4.92865 -0.872057 3.96933
-4.93644 2.62696 1.33327
1.29869 3.8687 -2.98921
0.478982 -3.54553 -4.86385
2.75284 -2.36822 2.23817
3.83649 -4.33413 -4.86399
4.57934 -1.82175 0.827274
-2.91826 0.0511862 4.86453
-1.74372 2.26392 1.59389
-3.42731 -1.06868 -2.42546
-3.94786 -4.45946 4.92567
1.71393 2.75279 -4.30284
0.705194 1.57826 -4.50735
3.71095 -1.81896 4.89375
4.23909 4.89672 4.09597
-2.38363 2.48882 2.93289
4.032 4.63654 4.58001
-2.82747 -0.212939 -0.0392973
-1.3825 4.19625 4.43631
2.0451 -3.53907 2.48189
3.08255 4.37257 1.35197
-0.840291 -2.48104 -1.25047
-2.50122 -1.09457 -4.47529
-1.59472 -4.53723 -4.98748
-4.54024 1.35232 2.67375
0.483329 -1.40999 -1.60822
-0.284632 1.00974 4.07003
4.51477 -2.07911 1.11894
3.17789 -3.41884 -3.12326
-2.05071 2.68192 -2.28603
3.10591 -1.2103 -0.177874
-4.06347 0.380789 4.54428
-4.66724 -4.87665 0.651227
3.60575 3.00942 -2.10011
-4.48706 -4.82876 0.258277
4.73208 4.12973 -4.08298
-1.88717 1.30525 2.40566
-2.927 -2.32746 4.38235
3.91443 -4.71613 4.66191
-3.75037 3.91992 0.752464
2.87579 -4.77203 -1.98943
0.915898 -2.27629 -2.73814
-3.08893 -3.79208 3.96857
4.00392 0.560895 2.86805
-3.67771 -2.59262 -3.75787
-1.87002 -3.49979 3.86969
-2.26276 -1.5732 2.37965
-1.92112 0.42714 -1.43749
4.65709 -4.80891 -4.2395
-4.34725 1.21771 -2.84991
-4.32924 -2.46134 -4.12198
3.10989 -0.46767 4.76632
-2.0021 -1.57995 4.56591
-3.50802 3.70935 -0.135183
4.73622 3.1541 4.60051
-4.18807 -1.788 -3.64918
2.88913 3.22838 -1.7089
4.00553 -4.15369 -0.920707
3.32258 -1.64299 -0.41359
3.56131 -0.701929 -2.61918
-3.54831 -4.03922 1.24373
0.561626 4.89091 4.59947
-2.42788 1.80567 -0.0371886
-3.14932 -3.73159 4.52634
1.48536 -3.79117 -4.03036
4.71405 -2.32622 4.28853
1.31915 4.37948 -0.98527
4.17081 3.48521 3.95719
-0.898015 0.745339 4.72364
3.91484 -3.1907 -3.49662
-2.18905 3.42802 4.55185
3.97609 -3.49178 -4.37521
-3.25867 -0.760241 -3.17674
-4.51353 -4.21364 4.72064
4.11748 4.1677 -1.1395
-2.16615 -4.99955 -4.74093
1.74377 -1.04651 0.770544
-3.70544 2.32091 1.86464
2.2854 4.29173 -4.57364
3.50204 -3.1121 3.41466
-0.43445 4.38681 -2.64693
-2.37534 0.00718971 4.57831
-3.96518 2.32403 -1.53988
-2.4702 0.0160282 1.32199
2.02226 3.97711 -4.10285
-3.21499 3.00156 0.0375391
-4.65465 1.09258 -0.531613
3.55646 -0.476224 -3.46324
0.72686 1.15745 -4.85315
4.54364 -4.7529 4.26763
3.94146 -0.182499 -1.53625
4.75777 3.73763 -4.99727
-4.07724 2.13835 -4.1798
2.55272 -3.38208 -4.57915
-4.86034 4.57979 -4.40883
0.877127 -2.61276 4.42086
