0.146073 4.55624 0.716182
-3.5853 -1.17776 -3.32942
4.67197 4.22771 0.755065
1.90104 -3.93146 -0.62094
4.98583 -0.9102 4.02454
-4.79977 2.67101 1.38051
1.30156 3.77903 -3.66094
0.612212 -3.70044 -4.75477
2.71961 -2.34268 2.26146
3.93174 -4.38162 4.93409
4.56522 -1.89762 0.852898
-2.98848 0.0963988 -4.77639
-1.76053 2.18833 1.53911
-3.69798 -1.25404 -2.38811
-3.84167 -4.55268 4.76673
1.73342 2.78796 -4.26253
0.707638 1.47682 -4.56397
3.68421 -1.8295 4.81833
4.15306 -4.97946 4.16181
-2.36528 2.45848 3.00318
4.05612 4.66775 4.75704
-2.77838 -0.334144 0.072538
-1.26071 4.2327 4.4994
2.07474 -3.58577 2.43238
3.05212 4.4138 1.16812
-0.929448 -2.54972 -1.27946
-2.48932 -1.04435 -4.47909
-1.59637 -4.46417 -4.97803
-4.47987 1.41719 2.73541
0.570399 -1.5692 -1.77422
-0.217949 1.12997 3.85346
4.27484 -2.24899 0.737168
3.35636 -3.27819 -2.97309
-2.0539 2.65157 -2.3703
3.07243 -1.23085 -0.317716
-4.03955 0.450077 4.55654
-4.74927 -4.94163 0.652994
3.6144 3.08473 -2.09235
-4.48752 4.99827 0.165763
4.4599 4.06673 -3.95011
-1.95 1.279 2.43913
-2.87162 -2.49081 4.24965
3.93817 -4.78441 4.61247
-3.75316 3.93227 0.678945
2.99124 -4.69279 -2.23654
0.737866 2.65351 -2.6915
-3.05538 -3.86025 3.94594
4.10527 0.4782 2.92119
-3.65917 -2.61955 -3.82962
-1.83831 -3.55708 3.79399
-2.392 -1.53852 2.35073
-1.97514 0.428653 -1.45676
4.55036 -4.70122 -4.31709
-4.38381 1.22064 -2.83335
-4.28524 -2.27671 -4.10212
3.15453 -0.463134 4.8173
-2.02439 -1.5833 4.59887
-3.57211 3.93608 -0.192424
4.73012 3.17075 4.51231
-4.24447 -1.85907 -3.73119
2.82267 3.17689 -1.713
3.9202 -4.0925 -0.458992
3.51325 -1.55187 -0.471863
3.54895 -0.742408 -2.65159
-3.49703 -3.98682 1.15655
0.494815 4.8646 -4.59439
-2.41834 -1.32125 0.109477
-3.13003 -3.89083 4.63481
1.55734 -3.65906 -4.29106
4.80538 -2.36321 4.21089
0.853647 4.29778 -1.17538
4.19817 3.51602 4.03488
-0.807635 0.814545 4.69231
3.7276 -3.16692 -3.50399
-2.20012 3.45432 3.87896
4.03239 -3.52665 -4.27524
-3.20717 -0.603823 -3.02678
-4.60332 -4.29848 4.85659
4.19155 4.23415 -1.1102
-2.17487 4.97766 -4.71317
1.75784 -1.02439 0.747987
-3.71455 2.24137 1.89634
2.18454 4.27868 -4.58936
3.50468 -3.17171 3.45666
-0.481708 4.26878 -2.7174
-2.38982 0.016833 4.57506
-4.01075 2.35593 -1.28028
-2.50869 0.0602713 1.20438
1.98603 4.05746 -4.12945
-3.22429 3.04143 0.0296613
-4.65003 1.08963 -0.537985
3.60149 -0.436716 -3.45932
0.893598 1.22844 -4.83172
4.88203 -4.81147 4.32546
3.96382 -0.0779501 -1.52515
4.71914 3.80527 -4.95617
-4.02035 2.17372 -4.09634
2.6597 -3.36727 -4.4297
-4.81574 4.38293 -4.46989
0.690879 -2.57779 4.2695
