-0.0840097 4.81194 0.961846
-3.40272 -1.12434 -3.12389
4.70784 4.33091 0.7697
1.82465 -3.91883 -0.633853
4.86129 -0.967197 4.11121
-4.60146 2.73906 1.4521
1.30522 3.64711 -4.67013
0.811199 -3.93903 -4.59818
2.67121 -2.30545 2.2981
4.08121 -4.46482 4.63647
4.55208 -2.00962 0.892443
-3.09602 0.16499 -4.2541
-1.78565 2.07653 1.45715
-4.1093 -1.53326 -2.33237
-3.69142 -4.70231 4.53889
1.76324 2.84149 -4.20465
0.709919 1.32639 -4.65056
3.64669 -1.84558 4.71115
4.03682 -4.80551 4.26777
-2.33867 2.41414 3.11028
4.09872 4.7735 -4.95885
-2.70608 -0.51635 0.240064
-1.07809 4.29164 4.60035
2.11956 -3.65956 2.36019
3.00898 4.48087 0.893241
-1.06352 -2.65432 -1.32329
-2.47293 -0.96967 -4.50401
-1.59878 -4.37211 -4.97544
-4.39474 1.51506 2.82983
0.701105 -1.80874 -2.02426
-0.11704 1.31117 3.53564
3.91874 -2.51091 0.164746
3.62722 -3.07153 -2.74957
-2.05997 2.60825 -2.49899
3.02207 -1.26075 -0.526981
-4.00859 0.554693 4.5828
-4.88252 4.93567 0.657136
3.63285 3.20087 -2.08272
-4.50112 4.78458 0.0233433
4.07245 3.98899 -3.76467
-2.04479 1.23961 2.49133
-2.79416 -2.73821 4.06232
3.9777 -4.92463 4.55474
-3.76431 3.96026 0.570765
3.16684 -4.58418 -2.60896
0.470738 0.0449544 -2.62286
-3.00815 -3.96649 3.91521
4.26383 0.354657 3.00328
-3.63448 -2.66296 -3.94309
-1.79088 -3.64542 3.68388
-2.58702 -1.48712 2.30833
-2.05638 0.431072 -1.48619
4.41729 -4.57225 -4.47815
-4.44373 1.22587 -2.8109
-4.22601 -2.00206 -4.08059
3.22301 -0.455928 4.89823
-2.05804 -1.58898 4.65652
-3.67246 4.28299 -0.280377
4.72944 3.199 4.39942
-4.33978 -1.96389 -3.85904
2.72369 3.10144 -1.71923
3.79745 -4.00772 0.233469
3.80265 -1.41664 -0.55994
3.53288 -0.803373 -2.70138
-3.42264 -3.91247 1.02625
0.394156 4.83219 -3.38882
-2.40464 3.98707 0.329411
-3.10769 -4.13901 4.81603
1.66547 -3.46619 -4.68751
4.94948 -2.41968 4.09955
0.155345 4.1807 -1.46043
4.24544 3.57213 4.16361
-0.672337 0.91848 4.65155
3.44997 -3.1327 -3.51881
-2.21882 3.49892 2.87536
4.12275 -3.58237 -4.13696
-3.13232 -0.366698 -2.80594
-4.7595 -4.43274 -4.92605
4.30817 4.33948 -1.0668
-2.19139 4.97571 -4.68887
1.77904 -0.991205 0.714496
-3.73266 2.12409 1.94549
2.03503 4.2672 -4.62157
3.51191 -3.264 3.52411
-0.553414 4.09662 -2.82478
-2.41209 0.0316708 4.58405
-4.08203 2.40485 -0.891645
-2.56772 0.126562 1.02885
1.93234 4.18379 -4.17192
-3.23937 3.10226 0.0176293
-4.64664 1.08538 -0.547526
3.67257 -0.376787 -3.45838
1.14754 1.33229 -4.81076
-4.60989 -4.91706 4.42088
4.00107 0.0792795 -1.50884
4.67441 3.914 -4.91738
-3.94259 2.22939 -3.97935
2.82185 -3.35003 -4.21789
-4.79023 4.10771 -4.57995
0.411404 -2.52755 4.05379
