-0.160649 4.89895 1.04403
-3.34259 -1.10674 -3.05623
4.72574 4.36643 0.77481
1.79925 -3.9154 -0.638132
4.82148 -0.986135 4.14119
-4.53704 2.76221 1.4762
1.30621 3.60375 4.99266
0.877284 -4.02032 -4.5475
2.65545 -2.29332 2.31081
4.1336 -4.49576 4.54414
4.54938 -2.04721 0.906009
-3.13242 0.188062 -4.08249
-1.79399 2.0396 1.42987
-4.24817 -1.62671 -2.31396
-3.64322 -4.75472 4.46595
1.77336 2.85951 -4.18592
0.71013 1.27641 -4.68006
3.63482 -1.85102 4.67695
4.00214 -4.75518 4.30607
-2.33002 2.39963 3.14648
4.11515 4.82546 -4.86817
-2.68226 -0.577235 0.295834
-1.01722 4.3124 4.63564
2.13463 -3.68518 2.33669
2.99528 4.50461 0.80184
-1.10831 -2.68966 -1.33798
-2.46789 -0.94494 -4.51754
-1.59956 -4.34542 -4.97771
-4.36779 1.54782 2.86186
0.74469 -1.88883 -2.10786
-0.0831822 1.3718 3.43128
3.80147 -2.59946 -0.026077
3.71887 -3.00363 -2.67534
-2.06232 2.59436 -2.54251
3.00534 -1.27069 -0.596706
-3.99957 0.589732 4.59344
-4.93091 4.89456 0.658796
3.64045 3.24044 -2.07996
-4.50977 4.71819 -0.0247916
3.94668 3.96686 -3.70567
-2.07656 1.22644 2.50926
-2.76975 -2.82134 4.00272
3.99212 -4.98145 4.54261
-3.76994 3.97118 0.535285
3.22612 -4.55074 -2.73357
0.381688 2.50802 -2.60041
-2.99315 -4.00297 3.90603
4.31842 0.313592 3.03131
-3.62713 -2.67821 -3.98249
-1.77509 -3.67553 3.64807
-2.65237 -1.47016 2.29444
-2.08353 0.431903 -1.4961
4.38069 -4.53795 -4.54423
-4.4651 1.22782 -2.80402
-4.20728 -1.91116 -4.0765
3.24624 -0.453419 4.92648
-2.06935 -1.59107 4.678
-3.70712 4.40019 -0.310296
4.73182 3.20936 4.36612
-4.37564 -1.99815 -3.90099
2.69089 3.07667 -1.72132
3.75792 -3.9817 0.464319
3.90005 -1.37174 -0.589367
3.52818 -0.823772 -2.71829
-3.39851 -3.88904 0.982947
0.360515 4.82296 -2.98752
-2.40016 2.42296 0.40272
-3.10179 -4.22463 4.88221
1.70162 -3.40303 -4.82138
4.99937 -2.43878 4.06379
-0.0774176 4.14285 -1.55541
4.26315 3.59387 4.21077
-0.627294 0.953165 4.6396
3.35806 -3.12171 -3.52465
-2.22543 3.51524 2.54182
4.1546 -3.60189 -4.09337
-3.10812 -0.287167 -2.73314
-4.81735 -4.47956 -4.85516
4.34873 4.37584 -1.0525
-2.19767 4.98316 -4.68549
1.78615 -0.980148 0.703429
-3.73985 2.0854 1.9623
1.98572 4.26549 -4.63461
3.51522 -3.29554 3.5479
-0.577534 4.04036 -2.86106
-2.41974 0.0367194 4.58944
-4.10657 2.42136 -0.76228
-2.58774 0.148655 0.970544
1.91461 4.22762 -4.18632
-3.24473 3.12274 0.0135423
-4.64646 1.08398 -0.550694
3.69726 -0.356611 -3.45937
1.23359 1.36678 -4.80621
-4.4455 -4.95528 4.45636
4.01452 0.131799 -1.50349
4.6649 3.95246 -4.9097
-3.91851 2.24868 -3.94238
2.87637 -3.34564 -4.15024
-4.79309 4.02034 -4.62099
0.318224 -2.51138 3.98432
