-0.390444 -4.83643 1.29144
-3.16404 -1.05467 -2.85522
4.80753 4.47466 0.791221
1.72326 -3.90754 -0.650906
4.70761 -1.04282 4.23466
-4.34854 2.83308 1.54929
1.30903 3.4754 3.99098
1.07504 -4.26989 -4.39998
2.60931 -2.25782 2.35048
4.30159 -4.61077 4.28987
4.54597 -2.16132 0.947552
-3.24316 0.257827 -3.57241
-1.81873 1.92962 1.3484
-4.67146 -1.90836 -2.25954
-3.50322 -4.92326 4.25651
1.80422 2.91431 -4.13313
0.709958 1.12632 -4.77168
3.60138 -1.86772 4.57877
3.90157 -4.68185 4.43824
-2.30467 2.35704 3.25675
4.17132 -4.97792 -4.62564
-2.61238 -0.760577 0.462489
-0.834607 4.37814 4.74616
2.18029 -3.76528 2.26784
2.95613 4.58014 0.528196
-1.24299 -2.79723 -1.3823
-2.45399 -0.871124 -4.57466
-1.60175 -4.27498 -4.99388
-4.29107 1.64652 2.95983
0.87556 -2.13013 -2.35979
0.0190645 1.55438 3.12191
3.45372 -2.86897 -0.598463
3.99909 -2.80282 -2.45374
-2.07046 2.55429 -2.67508
2.95575 -1.30072 -0.805904
-3.97607 0.695295 4.63042
4.90624 4.7758 0.664239
3.6675 3.36179 -2.07286
-4.55195 4.5256 -0.170537
3.57616 3.90971 -3.53443
-2.17242 1.18678 2.56477
-2.70023 -3.0729 3.83208
4.0394 4.8817 4.53186
-3.79292 4.00788 0.430324
3.40659 -4.45956 -3.10914
0.112544 -0.0922962 -2.53386
-2.95027 -4.11587 3.88266
4.48775 0.190687 3.1174
-3.60779 -2.72622 -4.10533
-1.7277 -3.76783 3.54326
-2.84959 -1.41984 2.25359
-2.16514 0.434424 -1.52618
4.29979 -4.48048 -4.77611
-4.53362 1.23434 -2.78517
-4.15198 -1.63649 -4.0712
3.31726 -0.445606 -4.98471
-2.10355 -1.59797 4.74958
-3.81491 4.75662 -0.401702
4.74768 3.24274 4.27776
-4.49834 -2.106 -4.02806
2.59311 3.00329 -1.72771
3.64306 -3.91043 1.15733
4.19521 -1.2374 -0.677614
3.51608 -0.885245 -2.77007
-3.32809 -3.82266 0.853322
0.261031 4.79248 -1.78498
-2.38613 -2.26911 0.622927
-3.08887 -4.49246 -4.9071
1.81034 -3.21635 4.77365
-4.8519 -2.49708 3.96053
-0.775934 4.03207 -1.84014
4.32281 3.66801 4.36934
-0.492306 1.05733 4.6087
3.08396 -3.08996 -3.54389
-2.24618 3.56802 1.54285
4.25585 -3.66387 -3.96784
-3.03797 -0.0477193 -2.51678
4.98467 -4.62983 -4.65934
4.4763 4.4883 -1.01014
-2.21851 -4.97561 -4.69019
1.80761 -0.947015 0.670501
-3.76499 1.9703 2.0141
1.83876 4.26573 -4.6847
3.52824 -3.39295 3.62378
-0.650656 3.87428 -2.9722
-2.44343 0.0521643 4.61158
-4.18273 2.4714 -0.374645
-2.64897 0.21486 0.796373
1.86172 4.36482 -4.23235
-3.26191 3.18502 0.000996087
-4.64893 1.07975 -0.560182
3.77458 -0.295481 -3.46623
1.49444 1.47087 -4.79858
-3.96191 4.92787 4.57497
4.05818 0.289662 -1.48771
4.6589 4.07478 -4.9007
-3.85139 2.30875 -3.83708
3.0412 -3.3373 -3.95594
-4.844 3.76795 -4.75594
0.0387208 -2.46465 3.78168
