-4.27765 1.93715 -0.856359
-2.77033 4.77795 1.62094
-4.96044 -1.37673 -0.0211765
-4.8464 -4.91248 0.0440007
4.68668 -1.42182 4.66446
2.17554 0.787321 4.61182
0.413038 -4.6336 1.3255
2.23149 4.49151 2.60651
4.93473 2.45229 -2.18845
2.82834 -4.80257 -1.64257
-4.92706 2.06569 2.35678
-4.8448 1.28757 3.94697
-0.526838 2.79831 -0.531759
-2.37286 -1.60532 -4.00911
4.46246 4.38166 4.78201
0.193449 0.120133 -2.1675
0.0596903 -2.62346 -4.73038
-4.622 -0.115221 -1.47111
-4.63758 0.218549 -0.722686
4.46151 2.70846 2.60489
-3.86099 -4.98078 1.71968
1.45648 2.41109 1.98748
4.29143 -2.92378 -2.30557
0.283274 0.869665 3.57753
3.91491 -2.59671 -1.09252
-0.283588 -2.46642 -3.69638
0.858752 3.19811 4.97484
0.0887842 -4.96279 2.34556
4.73515 1.15458 3.43183
-3.02551 2.16562 -4.67973
-2.23304 -4.96912 -1.19191
2.44937 -4.91142 -3.31311
-1.80809 4.46211 1.33127
2.01524 -1.20383 -1.48165
-3.73252 0.792163 3.40154
-4.74267 0.55959 -4.16321
-0.831086 -3.91579 0.408673
-0.124215 -0.532404 -4.14636
-3.21072 -2.08554 1.12749
1.8899 1.0381 3.11399
-0.326941 -1.2129 -3.59414
-4.6756 -0.990026 4.83347
-0.8192 -4.13358 3.83466
-3.66878 4.80675 -1.75652
-3.75645 3.67396 -0.904657
-0.43487 3.20656 4.54345
-2.87971 1.80992 4.19549
4.22341 -0.447398 -0.137935
3.52905 2.72331 -0.66724
1.5201 -0.791137 3.19727
2.28893 -4.80905 4.84764
-2.25122 0.259368 -0.131248
-0.986024 0.740936 4.17121
2.68134 3.82999 1.87665
2.3091 2.40002 4.94336
0.440558 -0.47729 4.54264
-0.0162923 1.69298 1.5623
-4.96153 3.97326 4.3145
-3.96922 -0.660388 -4.77497
-0.53154 -2.10581 -0.121225
-0.543526 -0.53664 2.98091
-2.9672 -4.88528 -4.0466
1.27381 -4.98467 -4.82565
2.51896 -2.05128 -1.05332
2.02954 -3.36073 3.36365
3.63523 -4.69162 -4.94779
1.49381 -3.23452 -3.3374
-1.14332 -4.78168 4.92065
-2.29364 1.92343 -2.58443
3.15686 -0.883273 -2.58368
4.48273 -3.66265 -4.80421
3.70062 -4.44708 -1.30432
-3.31834 3.42263 -3.94727
-2.43088 -2.9432 -4.49934
1.57463 2.11221 3.05422
2.84679 1.64616 1.08122
1.15175 -3.33887 -2.15592
-4.015 2.68984 0.189029
1.03233 -1.94328 1.87729
-3.77443 -0.426993 3.80337
0.713426 2.38162 -2.20116
0.456737 -2.22386 0.681017
-0.647514 -2.70868 -1.60727
-0.487542 -0.361785 -1.40036
-4.85767 -1.53719 -2.96172
2.03078 -0.0108165 2.07791
-4.96386 -0.547531 -4.88054
-0.310432 0.00201957 1.33592
1.17334 -4.85694 -4.44371
-1.35921 0.341661 -0.00532941
4.88515 -2.45232 1.23259
-4.89544 -2.60433 -4.85794
4.20693 1.84684 -0.802097
-4.9885 -3.72396 1.92559
-0.613627 0.765668 2.35048
2.20941 -2.43468 2.37363
-4.82543 -0.0332146 4.42063
-3.96492 3.16771 2.32087
4.71843 0.812128 0.00139489
0.870609 -1.25138 -3.51255
