-0.467017 -4.74967 1.37422
-3.10509 -1.03758 -2.78875
4.83907 4.51081 0.797327
1.69798 -3.90571 -0.655143
4.67167 -1.06168 4.26722
-4.28734 2.85723 1.57395
1.30999 3.4332 3.65882
1.14081 -4.35511 -4.35262
2.59432 -2.24626 2.36423
4.36096 -4.65954 4.21093
4.54638 -2.19985 0.961657
-3.2806 0.281263 -3.40361
-1.82695 1.89327 1.32131
-4.81537 -2.00268 -2.2417
-3.45798 -4.98939 4.19052
1.81463 2.93287 -4.1163
0.70979 1.07627 -4.80335
3.59103 -1.87343 4.5476
3.86794 -4.69189 4.49076
-2.29643 2.34322 3.29406
4.1918 -4.90924 -4.55147
-2.58987 -0.821874 0.517698
-0.773739 4.40142 4.78454
2.19563 -3.79304 2.24539
2.94357 4.6068 0.437126
-1.288 -2.8336 -1.39716
-2.44979 -0.846576 -4.59949
-1.60245 -4.25315 4.99793
-4.26687 1.67959 2.99316
0.919264 -2.2109 -2.44417
0.0533537 1.61554 3.01989
3.33901 -2.96018 -0.78921
4.09456 -2.73682 -2.38029
-2.07355 2.54153 -2.71995
2.9395 -1.3108 -0.875632
-3.96939 0.730639 4.6444
4.85294 4.73806 0.665984
3.67784 3.40317 -2.07083
-4.57399 4.46328 -0.21948
3.45436 3.89369 -3.47905
-2.2046 1.17356 2.58385
-2.6782 -3.15746 3.77813
4.05633 4.86242 4.53509
-3.8033 4.02149 0.395765
3.46763 -4.43224 -3.23503
0.0224521 2.37581 -2.51203
-2.9367 -4.15475 3.87689
4.54613 0.149822 3.14689
-3.60231 -2.7429 -4.14771
-1.71191 -3.79919 3.50923
-2.91574 -1.40323 2.24029
-2.19241 0.435308 -1.53629
4.27969 -4.47488 -4.86702
-4.558 1.23676 -2.77945
-4.13443 -1.54453 -4.07082
3.34141 -0.442902 -4.9552
-2.11506 -1.60048 4.77599
-3.85264 4.87738 -0.43266
4.75603 3.25452 4.25192
-4.54316 -2.14319 -4.07232
2.5607 2.97913 -1.72987
3.60569 -3.88872 1.38856
4.29467 -1.19272 -0.706973
3.51274 -0.905815 -2.78766
-3.30537 -3.8018 0.81022
0.228144 4.78234 -1.38434
-2.38108 -3.83337 0.69665
-3.08646 -4.58564 -4.84372
1.84663 -3.15494 4.64079
-4.80474 -2.51687 3.92745
-1.00895 3.99612 -1.93504
4.34513 3.6956 4.4292
-0.447363 1.09213 4.60012
2.99304 -3.07962 -3.55068
-2.25339 3.58686 1.21025
4.29135 -3.68565 -3.92751
-3.01543 0.0323082 -2.44521
4.91565 -4.68389 -4.59839
4.5209 4.52692 -0.996219
-2.22608 -4.96339 -4.69577
1.81483 -0.935971 0.659619
-3.7746 1.93223 2.0318
1.78988 4.26746 -4.7043
3.53365 -3.42646 3.6506
-0.675172 3.81992 -3.01007
-2.45157 0.0574313 4.62094
-4.20903 2.48823 -0.245544
-2.66979 0.237059 0.738506
1.8442 4.41281 -4.24821
-3.26803 3.20608 -0.00327311
-4.65078 1.07836 -0.563332
3.8015 -0.274888 -3.46961
1.58201 1.50581 -4.79778
-3.80356 4.89749 4.61829
4.07388 0.342395 -1.48252
4.66449 4.1183 -4.90261
-3.83068 2.32955 -3.80376
3.09661 -3.33636 -3.89461
-4.87597 3.68625 -4.80533
-0.0544138 -2.44957 3.7157
