-0.543559 -4.66397 1.45715
-3.04642 -1.02063 -2.72254
4.872 4.54645 0.804182
1.67271 -3.90428 -0.659375
4.63668 -1.08051 4.3006
-4.22692 2.88167 1.59877
1.31099 3.39128 3.32713
1.20651 -4.44152 -4.30609
2.57949 -2.23481 2.37823
4.42143 -4.71245 4.13434
4.54755 -2.23862 0.975873
-3.31834 0.304781 -3.23532
-1.83518 1.85706 1.29426
-4.9612 -2.09722 -2.22401
-3.41347 4.93781 4.12596
1.82509 2.95161 -4.09978
0.709612 1.0262 -4.83563
3.58104 -1.87919 4.51726
3.83432 -4.71432 4.54894
-2.28829 2.3296 3.33164
4.21274 -4.84313 -4.47955
-2.56748 -0.88327 0.572904
-0.712873 4.4254 4.82354
2.21103 -3.82132 2.22317
2.93123 4.6342 0.346113
-1.33308 -2.87022 -1.41211
-2.44583 -0.822036 -4.62746
-1.60314 -4.23194 4.99163
-4.24336 1.71276 3.02685
0.96294 -2.29186 -2.52882
0.0877343 1.67686 2.91834
3.22484 -3.05212 -0.979923
4.19141 -2.67126 -2.30706
-2.07687 2.52909 -2.7652
2.9234 -1.32092 -0.945354
-3.96328 0.766065 4.65918
4.80093 4.70168 0.667346
3.68885 3.44507 -2.06895
-4.60013 4.4018 -0.268604
3.33318 3.87924 -3.42441
-2.23689 1.16034 2.60321
-2.65677 -3.24236 3.72534
4.07373 4.85392 4.54147
-3.81517 4.03588 0.361379
3.5291 -4.40639 -3.36136
-0.0676085 4.84403 -2.49037
-2.92352 -4.19431 3.87196
4.60552 0.109013 3.17683
-3.59737 -2.75988 -4.19087
-1.69612 -3.83084 3.47547
-2.98213 -1.38668 2.22713
-2.21971 0.436209 -1.54643
4.26096 -4.47267 -4.96709
-4.58319 1.2393 -2.77401
-4.11744 -1.4525 -4.07105
3.3658 -0.440145 -4.92648
-2.12662 -1.6031 4.80368
-3.89145 4.99936 -0.463837
4.76603 3.2667 4.22787
-4.58983 -2.18073 -4.11771
2.52838 2.95511 -1.73205
3.56874 -3.86787 1.61993
4.39471 -1.14808 -0.736289
3.50973 -0.926418 -2.80538
-3.28311 -3.78155 0.767172
0.195268 4.77271 -0.983721
-2.3761 4.60194 0.770382
-3.08517 -4.6814 -4.78541
1.88293 -3.09387 4.50913
-4.75873 -2.53684 3.89503
-1.2421 3.96075 -2.03003
4.369 3.72486 4.49356
-0.402451 1.12697 4.59245
2.90218 -3.06929 -3.55757
-2.26073 3.60632 0.87779
4.32762 -3.70787 -3.88787
-2.9933 0.112392 -2.37387
4.84815 -4.73968 -4.53926
4.56671 4.56612 -0.982424
-2.23394 -4.95294 -4.70487
1.82208 -0.924926 0.648781
-3.78486 1.89429 2.04971
1.741 4.27003 -4.72513
3.53955 -3.46045 3.67824
-0.699724 3.76612 -3.04844
-2.45984 0.0627617 4.63131
-4.23582 2.50513 -0.116482
-2.69081 0.259295 0.680679
1.82677 4.4622 -4.26433
-3.27436 3.2273 -0.00760062
-4.65317 1.07698 -0.566473
3.829 -0.254184 -3.4734
1.66981 1.54088 -4.79777
-3.64645 4.87341 4.6636
4.09017 0.395182 -1.47737
4.67319 4.16363 -4.90723
-3.81081 2.35078 -3.77131
3.15249 -3.33643 -3.83502
-4.91502 3.60562 -4.8574
-0.147526 -2.43471 3.65034
