-0.620071 -4.57959 1.54026
-2.988 -1.00384 -2.65655
4.90695 4.58136 0.81228
1.64746 -3.9033 -0.663596
4.6026 -1.09934 4.33483
-4.16728 2.90637 1.62377
1.31202 3.34963 2.9958
1.27212 -4.52944 -4.26031
2.56482 -2.22349 2.3925
4.48292 -4.76923 4.05996
4.54945 -2.2777 0.990196
-3.35638 0.328365 -3.0675
-1.8434 1.82095 1.26725
4.8903 -2.19199 -2.20648
-3.36971 4.86777 4.06261
1.83561 2.97052 -4.08357
0.709442 0.976133 -4.86854
3.57138 -1.88502 4.48773
3.8007 -4.7488 4.61417
-2.28025 2.31615 3.3695
4.2341 -4.77921 -4.40956
-2.5452 -0.944776 0.628111
-0.652007 4.45003 4.86318
2.22646 -3.85016 2.20119
2.91913 4.66228 0.255154
-1.37822 -2.90715 -1.42712
-2.4421 -0.79752 -4.65871
-1.60384 -4.21146 4.98718
-4.22053 1.74602 3.06092
1.00658 -2.37308 -2.61374
0.122204 1.73833 2.81723
3.11121 -3.14486 -1.1706
4.29036 -2.60621 -2.23403
-2.08038 2.5169 -2.81086
2.90748 -1.33108 -1.01506
-3.95774 0.80156 4.67477
4.7496 4.66674 0.66793
3.70051 3.48747 -2.06722
-4.63032 4.34103 -0.31791
3.21257 3.86623 -3.37048
-2.26932 1.1471 2.62285
-2.63595 -3.32789 3.67364
4.09161 4.85564 4.5511
-3.82861 4.05096 0.327141
3.59101 -4.38204 -3.48818
-0.157662 -2.68698 -2.46895
-2.91074 -4.23539 3.86782
4.66593 0.0682446 3.20722
-3.59296 -2.7772 -4.2348
-1.68033 -3.86287 3.44197
-3.04877 -1.37023 2.2141
-2.24703 0.437121 -1.55659
4.24362 -4.47454 4.9213
-4.60921 1.24196 -2.76884
-4.10103 -1.36043 -4.07187
3.39044 -0.43734 -4.89854
-2.13825 -1.60585 4.83271
-3.93143 -4.87749 -0.495209
4.77781 3.27925 4.2057
-4.63837 -2.21862 -4.16426
2.49616 2.93123 -1.73425
3.5322 -3.84785 1.85144
4.49536 -1.10351 -0.765559
3.50708 -0.947057 -2.82326
-3.26122 -3.76204 0.724164
0.1624 4.76353 -0.583088
-2.37123 3.03785 0.844153
-3.08501 -4.78157 -4.73246
1.91924 -3.03315 4.37853
-4.71383 -2.55701 3.86323
-1.47541 3.92587 -2.12515
4.39485 3.75575 4.56334
-0.357572 1.16185 4.58572
2.81126 -3.05899 -3.56462
-2.26816 3.62616 0.545439
4.36467 -3.73057 -3.84886
-2.97158 0.192496 -2.30273
4.78208 -4.79738 -4.48184
4.61392 4.6059 -0.96876
-2.24206 -4.94472 -4.71757
1.82937 -0.913887 0.637985
-3.79576 1.85644 2.06782
1.69207 4.27343 -4.7471
3.54591 -3.49499 3.70674
-0.724301 3.71275 -3.0873
-2.46824 0.0681483 4.64272
-4.26312 2.52208 0.0125473
-2.71203 0.281537 0.622879
1.80945 4.51315 -4.28077
-3.28093 3.24864 -0.0120036
-4.6561 1.0756 -0.569605
3.8571 -0.233376 -3.47761
1.75781 1.57606 -4.79851
-3.49035 4.85166 4.71116
4.10707 0.448015 -1.47224
4.68446 4.21082 -4.9148
-3.79177 2.3724 -3.73974
3.20909 -3.33749 -3.77691
-4.9607 3.52588 -4.91263
-0.240613 -2.4201 3.58557
