-0.696594 -4.49631 1.62352
-2.92989 -0.987181 -2.5908
4.94441 4.61634 0.821512
1.62223 -3.90275 -0.667811
4.56942 -1.11815 4.36993
-4.10841 2.93139 1.64895
1.3131 3.30823 2.66473
1.33764 -4.61916 -4.21526
2.55031 -2.21228 2.40699
4.54536 -4.82948 3.98661
4.55207 -2.31704 1.00461
-3.39479 0.352015 -2.9001
-1.85162 1.78491 1.2403
4.74314 -2.2869 -2.18914
-3.32675 4.80034 4.00028
1.84617 2.98962 -4.06766
0.70929 0.92606 -4.90212
3.56204 -1.89092 4.45894
3.76694 -4.79539 4.68267
-2.27231 2.30288 3.40763
4.2558 -4.71713 -4.34315
-2.52305 -1.00637 0.683324
-0.591142 4.47531 4.90344
2.24192 -3.87955 2.17941
2.90725 4.6911 0.164236
-1.42347 -2.94433 -1.44219
-2.43865 -0.773007 -4.69343
-1.60454 -4.19168 4.98451
-4.19839 1.77938 3.09536
1.05026 -2.45449 -2.69898
0.156761 1.79995 2.71653
2.99793 -3.23835 -1.36129
4.38997 -2.54168 -2.16122
-2.0841 2.50502 -2.85695
2.89167 -1.34127 -1.08477
-3.95277 0.837131 4.69117
4.69844 4.63283 0.667808
3.71282 3.53044 -2.06566
-4.66462 4.28225 -0.367398
3.09244 3.85462 -3.31728
-2.30189 1.13385 2.64278
-2.61575 -3.41404 3.62292
4.10998 4.86749 4.56283
-3.84365 4.06749 0.29303
3.6533 -4.35917 -3.61585
-0.2478 -0.21823 -2.44777
-2.89836 -4.27804 3.86443
4.72738 0.0275222 3.23807
-3.58917 -2.79482 -4.27958
-1.66454 -3.89525 3.4087
-3.11567 -1.35386 2.20121
-2.27437 0.438057 -1.56677
4.22771 -4.4813 4.81948
-4.63612 1.24475 -2.76397
-4.08526 -1.26835 -4.0733
3.4153 -0.43448 -4.8714
-2.14996 -1.60874 4.86311
-3.97269 -4.75767 -0.52675
4.79157 3.29223 4.18548
-4.68901 -2.25678 -4.21209
2.46403 2.90749 -1.73647
3.49606 -3.82854 2.0831
4.59653 -1.05897 -0.794788
3.50468 -0.96772 -2.84131
-3.2397 -3.74303 0.68119
0.129531 4.75485 -0.182462
-2.36645 1.47383 0.918042
-3.08602 -4.88725 -4.68583
1.95554 -2.97273 4.24885
-4.67 -2.57737 3.832
-1.70887 3.89164 -2.22045
4.42331 3.78838 4.63961
-0.312727 1.19679 4.57996
2.72026 -3.04877 -3.57196
-2.2756 3.64684 0.213007
4.40248 -3.75371 -3.81075
-2.95031 0.272629 -2.2318
4.71733 -4.85715 -4.42735
4.66271 4.6465 -0.955249
-2.25041 -4.93878 -4.73402
1.83669 -0.902847 0.627229
-3.80735 1.81868 2.08613
1.64308 4.27774 -4.77018
3.55273 -3.53006 3.73594
-0.748868 3.6599 -3.12665
-2.47677 0.0736005 4.65522
-4.29095 2.5391 0.141549
-2.73348 0.303779 0.565098
1.79224 4.56597 -4.29763
-3.28779 3.27023 -0.0165148
-4.65962 1.07425 -0.572731
3.88575 -0.212458 -3.48223
1.84601 1.61136 -4.8
-3.33511 4.83287 4.76144
4.12456 0.500901 -1.46716
4.69779 4.26001 -4.92593
-3.77356 2.39444 -3.70905
3.26635 -3.33935 -3.72018
4.98711 3.44695 -4.97186
-0.333678 -2.40572 3.52136
