-0.926422 -4.25335 1.87423
-2.75728 -0.938116 -2.39495
-4.94106 4.72541 0.852176
1.5465 -3.90354 -0.680441
4.47493 -1.17455 4.48083
-3.936 3.00851 1.72556
1.31662 3.18544 1.67251
1.53329 -4.90823 -4.08396
2.5076 -2.17928 2.4518
4.73773 4.97202 3.77181
4.56424 -2.43682 1.04832
-3.51265 0.423204 -2.40025
-1.87578 1.67799 1.16009
4.31329 -2.56753 -2.14556
-3.20297 4.61155 3.8186
1.87801 3.04821 -4.0218
0.709009 0.775805 4.9928
3.53576 -1.90903 4.37687
3.6635 4.99297 4.91
-2.24918 2.26412 3.52366
4.32247 -4.53943 -4.15826
-2.45737 -1.19167 0.848887
-0.408592 4.55486 -4.97185
2.28838 -3.97117 2.11508
2.87301 4.78186 -0.108315
-1.55977 -3.0575 -1.48792
-2.43001 -0.699603 -4.82073
-1.60679 -4.13699 4.98659
-4.13633 1.8802 3.2009
1.18076 -2.7003 -2.95664
0.260856 1.98576 2.41664
2.6598 -3.52375 -1.93373
4.6879 -2.35675 -1.93598
-2.09665 2.47098 -2.99812
2.84497 -1.37212 -1.29385
-3.94158 0.944288 4.74506
4.55345 4.53398 0.666185
3.75356 3.66292 -2.06216
-4.79294 4.11402 -0.516821
2.73394 3.82742 -3.16175
-2.40058 1.0941 2.70436
-2.55906 -3.677 3.47596
4.16752 4.9652 4.61037
-3.898 4.12481 0.1914
3.8418 -4.29923 -4.00597
-0.518048 -2.81112 -2.38533
-2.8639 -4.41612 3.8585
4.91825 -0.0943908 3.33336
-3.58154 -2.84971 -4.41919
-1.61722 -3.99474 3.31022
-3.31822 -1.30524 2.16343
-2.35645 0.440967 -1.59731
4.18774 -4.54547 4.55088
-4.72262 1.25393 -2.75129
-4.04181 -0.992135 -4.08121
3.49128 -0.425597 -4.79476
-2.18563 -1.61831 4.96294
-4.10461 -4.41403 -0.622207
4.83795 3.33424 4.1336
-4.8541 -2.37292 -4.36373
2.36812 2.83711 -1.74333
3.39005 -3.77457 2.77913
4.90349 -0.925672 -0.882269
3.49895 -1.02986 -2.89655
-3.17727 -3.68888 0.552433
0.0309265 4.73176 1.01941
-2.35275 -3.21862 1.1399
-3.09708 4.78838 -4.60627
2.06435 -2.79317 3.8644
-4.54466 -2.63969 3.74159
-2.41065 3.79282 -2.50792
4.51182 3.89786 4.91373
-0.178441 1.30199 4.56895
2.4469 -3.01899 -3.59604
-2.29829 3.71224 -0.784423
4.52048 -3.82578 -3.70097
-2.88911 0.513222 -2.02035
4.52958 4.9482 -4.27889
4.82101 4.77371 -0.915714
-2.27677 -4.94589 -4.80988
1.85886 -0.869756 0.595174
-3.84653 1.70601 2.14213
1.49557 4.29681 -4.84567
3.5757 -3.63874 3.82805
-0.822608 3.50428 -3.24764
-2.50331 0.0903718 4.70017
-4.37769 2.59069 0.52851
-2.79953 0.370521 0.391512
1.74131 4.74367 -4.35163
-3.31004 3.33631 -0.0303829
-4.67387 1.07035 -0.582068
3.97512 -0.149097 -3.4986
2.11157 1.71799 -4.80896
-2.87369 4.79401 4.94038
4.18086 0.659839 -1.45213
4.74171 4.42135 -4.98818
-3.72488 2.46301 -3.62275
3.4413 -3.34873 -3.55654
4.83749 3.21407 4.8425
-0.612729 -2.364 3.3318
