-1.15637 -4.02199 2.12671
-2.58677 -0.890441 -2.20108
-4.86601 4.84115 0.884821
1.47085 -3.908 -0.692971
4.388 -1.23114 4.60101
-3.76865 3.08861 1.80382
1.32073 3.06424 0.681067
1.72708 4.75831 -3.9549
2.46633 -2.14747 2.49835
4.93795 4.77693 3.56345
4.58377 -2.55972 1.09275
-3.63498 0.494331 -1.903
-1.90006 1.57206 1.08027
3.88792 -2.85187 -2.11144
-3.08605 4.43988 3.6451
1.91009 3.10838 -3.97884
0.70911 0.625349 4.88836
3.5121 -1.92808 4.30084
3.55827 4.78584 -4.83587
-2.22697 2.22669 3.64227
4.39428 -4.3942 -3.98799
-2.3927 -1.37738 1.01437
-0.226115 4.6394 -4.84836
2.33548 -4.06869 2.05208
2.84147 4.87914 -0.380572
-1.69696 -3.17338 -1.53439
-2.42377 -0.626853 -4.98711
-1.60927 -4.09042 -4.99543
-4.08068 1.98203 3.3097
1.31029 -2.9494 -3.21754
0.365593 2.17293 2.11949
2.32377 -3.81849 -2.50718
4.99878 -2.17533 -1.70338
-2.11096 2.43876 -3.14393
2.79964 -1.40348 -1.50293
-3.93586 1.05194 4.8061
4.44326 4.43835 0.664572
3.80066 3.80052 -2.0606
-4.95755 3.95325 -0.667488
2.37786 3.80907 -3.01124
-2.50071 1.05421 2.76846
-2.50817 -3.94899 3.33691
4.2289 -4.90143 4.67809
-3.96293 4.19263 0.090501
4.0313 -4.26273 -4.41408
-0.788186 4.59665 -2.32475
-2.83355 -4.57064 3.86036
-4.88265 -0.21611 3.43296
-3.57958 -2.90821 -4.56686
-1.56984 -4.09817 3.21416
-3.52376 -1.25736 2.12699
-2.43795 0.443709 -1.62754
4.15753 -4.71663 4.31718
-4.81813 1.26407 -2.74171
-4.00383 -0.716218 -4.09457
3.56951 -0.416377 -4.72554
-2.22214 -1.62948 -4.9261
-4.24903 -4.09007 -0.718665
4.8923 3.38027 4.08899
4.95958 -2.49239 -4.52865
2.27304 2.76774 -1.75048
3.28754 -3.72743 3.47745
-4.78831 -0.792926 -0.969532
3.49563 -1.09237 -2.9536
-3.11767 -3.63909 0.423785
-0.0674906 4.7138 2.22162
-2.33985 2.08646 1.36242
-3.12269 4.50228 -4.61579
2.17317 -2.61633 3.48575
-4.42772 -2.70439 3.65603
-3.11571 3.69972 -2.79851
4.60653 4.02071 -4.79777
-0.0444575 1.4078 4.56401
2.1736 -2.9914 -3.62328
-2.32188 3.78225 -1.78254
4.64596 -3.90457 -3.59663
-2.83188 0.755061 -1.81196
4.34889 4.77901 -4.1519
-4.9981 4.91005 -0.877597
-2.30311 4.93694 -4.93212
1.88149 -0.836763 0.563385
-3.89207 1.59378 2.19957
1.34732 4.32378 -4.92956
3.6027 -3.75526 3.92823
-0.896374 3.3524 -3.37246
-2.53124 0.10786 4.75923
-4.46893 2.64293 0.915599
-2.86768 0.437203 0.217983
1.69216 4.96927 -4.4141
-3.33424 3.40424 -0.044514
-4.69372 1.06668 -0.591242
4.07008 -0.0850393 -3.51878
2.37872 1.82541 -4.82608
-2.41677 4.80108 -4.84068
4.24402 0.819061 -1.4375
4.79227 4.60062 4.92833
-3.68483 2.5345 -3.54527
3.62077 -3.36527 -3.40091
4.69688 2.98382 4.67658
-0.891498 -2.32458 3.14687
