-4.32027 1.92667 -0.866482
-2.77531 4.76297 1.62485
-4.93449 -1.3818 -0.0200907
-4.86342 -4.9308 0.0434231
4.70086 -1.42967 4.65069
2.18561 0.788175 4.63943
0.414275 -4.65786 1.32659
2.23726 4.51918 2.61779
4.90577 2.46375 -2.20094
2.83542 -4.79499 -1.64576
-4.94275 2.06274 2.3597
-4.89124 1.29212 3.96554
-0.527449 2.81159 -0.535285
-2.38549 -1.60952 -4.03185
4.48333 4.40729 4.76557
0.194864 0.123499 -2.17358
0.0596481 -2.63167 -4.75111
-4.64815 -0.116048 -1.47569
-4.61365 0.219503 -0.728191
4.42574 2.71871 2.61275
-3.87356 -4.98748 1.72358
1.45869 2.41922 1.98639
4.30667 -2.93093 -2.31221
0.284493 0.873468 3.59552
3.93499 -2.6055 -1.09303
-0.287631 -2.47725 -3.70888
0.860268 3.21791 4.99245
0.0878939 -4.93135 2.3515
4.78639 1.15568 3.44426
-3.03993 2.17387 -4.72398
-2.23859 -4.986 -1.19696
2.46168 -4.85987 -3.33894
-1.81298 4.5 1.33386
2.02018 -1.20134 -1.48792
-3.7508 0.793889 3.41212
-4.73544 0.564998 -4.18899
-0.833077 -3.92734 0.408636
-0.131255 -0.53342 -4.11917
-3.22972 -2.09438 1.13161
1.90335 1.03632 3.13002
-0.336413 -1.21302 -3.61422
-4.67652 -0.999803 4.7425
-0.821472 -4.15068 3.8465
-3.69112 4.78679 -1.76577
-3.77073 3.71474 -0.913477
-0.439011 3.22073 4.5663
-2.88779 1.81633 4.21561
4.25335 -0.449689 -0.136242
3.54186 2.73725 -0.669885
1.52385 -0.794663 3.20689
2.2963 -4.7971 4.88534
-2.26368 0.259239 -0.132864
-0.997763 0.745503 4.20528
2.69487 3.84456 1.87552
2.31577 2.40599 4.94115
0.444422 -0.477548 4.52555
-0.017507 1.69949 1.56151
-4.9251 3.99722 4.34899
-3.99527 -0.662762 -4.77334
-0.537155 -2.11325 -0.122534
-0.546605 -0.54141 2.98901
-2.97863 -4.88841 -4.06533
1.27386 -4.9848 -4.82893
2.52546 -2.05758 -1.05305
2.03484 -3.37554 3.37664
3.64675 -4.71972 -4.97886
1.49772 -3.24676 -3.34941
-1.15132 -4.74733 4.96027
-2.29926 1.92982 -2.59434
3.16792 -0.88305 -2.59255
4.47331 -3.68768 -4.79693
3.72214 -4.47993 -1.30671
-3.32943 3.43748 -3.96284
-2.43749 -2.95137 -4.51371
1.58044 2.12609 3.07115
2.85699 1.64953 1.08062
1.15428 -3.36284 -2.1615
-4.03131 2.69926 0.195488
1.03395 -1.94963 1.88187
-3.80304 -0.43516 3.83162
0.714771 2.3875 -2.20764
0.459205 -2.23483 0.682903
-0.651337 -2.71762 -1.61092
-0.491293 -0.362182 -1.40258
-4.89908 -1.54321 -2.97641
2.03831 -0.0125915 2.07951
-4.97788 -0.549496 -4.83631
-0.312149 -0.000684798 1.33439
1.17249 -4.85519 -4.47842
-1.35646 0.343428 -0.00525489
4.87447 -2.45686 1.235
-4.86716 -2.61268 -4.82476
4.24296 1.8498 -0.808226
4.99214 -3.73572 1.9307
-0.618551 0.768371 2.35447
2.21612 -2.44063 2.37769
-4.75626 -0.0243563 4.40677
-3.90229 3.19441 2.32522
4.72699 0.816338 0.00467959
0.885124 -1.25319 -3.53695
