-1.23303 -3.94752 2.21135
-2.53027 -0.874878 -2.13679
-4.84592 4.88115 0.896036
1.44567 -3.91032 -0.697093
4.36074 -1.25007 4.64342
-3.71385 3.11598 1.83035
1.32226 3.02412 0.350682
1.79155 4.64903 -3.9117
2.45296 -2.13714 2.51424
-4.99349 4.71559 3.49526
4.59212 -2.60147 1.10777
-3.67674 0.517958 -1.73759
-1.90799 1.53673 1.05371
3.74742 -2.94775 -2.10028
-3.04845 4.38609 3.58936
1.92087 3.12868 -3.96511
0.709245 0.575117 4.85445
3.50476 -1.93466 4.27681
3.52316 4.72861 -4.75809
-2.21973 2.21446 3.6825
4.41954 -4.35168 -3.93314
-2.37128 -1.43947 1.0696
-0.165318 4.66849 -4.80807
2.35144 -4.10258 2.03143
2.83168 4.91305 -0.471228
-1.74286 -3.21269 -1.54999
-2.42214 -0.602924 4.94925
-1.61018 -4.07739 -4.98845
-4.06349 2.01619 3.34679
1.35309 -3.0335 -3.30514
0.400708 2.2356 2.02104
2.21211 -3.91954 -2.69856
-4.89461 -2.11555 -1.62598
-2.11607 2.42831 -3.19352
2.78491 -1.41409 -1.57262
-3.93505 1.0879 4.82819
4.41098 4.40711 0.664152
3.81808 3.84751 -2.06043
4.9821 3.90076 -0.717922
2.25966 3.80442 -2.96171
-2.53434 1.04082 2.79051
-2.49253 -4.04227 3.29284
4.25021 -4.86612 4.70686
-3.98658 4.21732 0.0569955
4.09488 -4.25714 -4.55572
-0.878178 -2.93352 -2.30478
-2.82439 -4.62602 3.86344
-4.81775 -0.256685 3.46727
-3.58043 -2.92856 -4.61763
-1.55402 -4.13367 3.18294
-3.59287 -1.24158 2.11518
-2.46482 0.444389 -1.63753
4.14904 -4.78367 4.24559
-4.85203 1.26761 -2.73917
-3.99235 -0.624334 -4.10013
3.59616 -0.413245 -4.70413
-2.23451 -1.6336 -4.88974
-4.29959 -3.98598 -0.750929
4.91234 3.39665 4.07613
4.8966 -2.53304 -4.58671
2.24156 2.74478 -1.7529
3.25379 -3.71328 3.71099
-4.68732 -0.748835 -0.998568
3.4951 -1.11331 -2.97302
-3.0983 -3.62345 0.380973
-0.100223 4.70903 2.62266
-2.33573 0.52164 1.43678
-3.13453 4.41175 -4.62248
2.20947 -2.55797 3.3607
-4.3905 -2.72652 3.62867
-3.35186 3.66988 -2.8961
4.63999 4.06483 -4.71974
0.000171616 1.4432 4.56339
2.08258 -2.98281 -3.63301
-2.33006 3.80654 -2.11535
4.68941 -3.93252 -3.56267
-2.81382 0.836377 -1.7433
4.28982 4.73064 -4.11351
-4.93624 4.9577 -0.865098
-2.30963 4.87295 -4.97944
1.88918 -0.825803 0.552853
-3.90857 1.55637 2.21915
1.29777 4.33362 -4.95908
3.61275 -3.7959 3.96417
-0.920947 3.30242 -3.41479
-2.54083 0.11388 4.78331
-4.50033 2.66051 1.0447
-2.89075 0.459319 0.160231
1.67593 -4.95323 -4.4371
-3.34265 3.42727 -0.0492711
-4.70155 1.06551 -0.594223
4.1031 -0.0635752 -3.52631
2.4682 1.86134 -4.83358
-2.2663 4.81718 -4.76914
4.26696 0.872169 -1.4327
4.81067 4.66548 4.90962
-3.67333 2.55886 -3.52116
3.68158 -3.37259 -3.35041
4.65178 2.90749 4.62554
-0.984374 -2.31201 3.08651
