-1.30967 -3.87419 2.29622
-2.4739 -0.859459 -2.07268
-4.82751 4.92184 0.907399
1.42051 -3.91305 -0.701181
4.33426 -1.26903 4.68708
-3.65946 3.1437 1.85708
1.32385 2.98414 0.0203295
1.85608 4.54422 -3.86873
2.43982 -2.12691 2.53028
-4.92721 4.65575 3.42764
4.60151 -2.64363 1.1229
-3.71895 0.541554 -1.57229
-1.91588 1.50157 1.02717
3.60779 -3.04416 -2.08918
-3.01137 4.33389 3.53454
1.93169 3.14918 -3.95167
0.709432 0.524851 4.82094
3.49768 -1.94132 4.25343
3.48821 4.67557 -4.68389
-2.21256 2.20235 3.72307
4.44534 -4.31117 -3.87911
-2.34992 -1.50164 1.12485
-0.10454 4.69812 -4.76815
2.36758 -4.13713 2.01096
2.82223 4.94775 -0.561831
-1.78888 -3.25234 -1.5656
-2.42069 -0.579215 4.88805
-1.61113 -4.06586 -4.98241
-4.04696 2.05048 3.3843
1.39563 -3.11809 -3.39308
0.435936 2.29845 1.92284
2.10061 -4.02212 -2.89011
-4.78946 -2.05613 -1.54866
-2.12134 2.418 -3.24365
2.77043 -1.42476 -1.64232
-3.93478 1.12391 4.85111
4.38018 4.37619 0.663799
3.83629 3.89513 -2.06042
4.92534 3.84878 -0.768448
2.14167 3.80066 -2.91238
-2.5681 1.02741 2.81289
-2.4775 -4.13708 3.24993
4.27215 -4.83456 4.73874
-4.01173 4.243 0.0235446
4.15907 -4.2546 -4.70123
-0.968161 -0.463996 -2.28498
-2.81566 -4.68346 3.86782
-4.75394 -0.297262 3.50214
-3.5821 -2.94934 -4.6692
-1.53819 -4.16974 3.15217
-3.66229 -1.2259 2.10352
-2.49154 0.444894 -1.64754
4.1421 -4.85553 4.17666
-4.887 1.27123 -2.73698
-3.98143 -0.532487 -4.10638
3.62311 -0.410077 -4.68357
-2.24699 -1.63791 -4.8547
-4.35109 -3.8837 -0.78323
4.93371 3.41359 4.06419
4.83519 -2.57409 -4.64647
2.21019 2.72192 -1.75534
3.21995 -3.69977 3.94511
-4.58692 -0.704825 -1.02759
3.49491 -1.1343 -2.99266
-3.07912 -3.60827 0.338197
-0.132912 4.70489 3.02396
-2.33166 -1.04323 1.51121
-3.1478 4.32258 -4.63096
2.24581 -2.49985 3.23618
-4.3541 -2.74893 3.60188
-3.58881 3.64066 -2.99408
4.67473 4.11064 -4.64793
0.0447998 1.47868 4.56326
1.99167 -2.97442 -3.64306
-2.33843 3.83136 -2.44823
4.7337 -3.96126 -3.52907
-2.79625 0.918249 -1.67499
4.2313 4.68515 -4.07659
-4.87608 -4.99351 -0.852674
-2.31711 4.81227 4.96818
1.89697 -0.814859 0.54235
-3.92572 1.51899 2.23894
1.24818 4.34504 -4.98934
3.62372 -3.83747 4.0016
-0.945498 3.25276 -3.45747
-2.55056 0.120028 4.80807
-4.53226 2.67818 1.17385
-2.914 0.481396 0.102486
1.65968 -4.88165 -4.46089
-3.35131 3.4505 -0.0540412
-4.71004 1.06436 -0.59716
4.13687 -0.0420584 -3.53427
2.55794 1.89737 -4.84196
-2.11568 4.83393 -4.69691
4.29094 0.925296 -1.42793
4.83007 4.73335 4.89445
-3.66273 2.58344 -3.49791
3.74295 -3.38075 -3.30054
4.60763 2.83137 4.57605
-1.07722 -2.29972 3.02677
