-1.53924 -3.65978 2.55173
-2.30538 -0.814088 -1.88145
-4.78016 -4.9533 0.942225
1.34515 -3.92342 -0.713304
4.25919 -1.32609 4.82603
-3.49854 3.22924 1.93822
1.32889 2.86505 -0.970515
2.05006 4.24333 -3.74327
2.40187 -2.09626 2.5785
-4.74029 4.48395 3.22747
4.63609 -2.77234 1.16889
-3.84818 0.61229 -1.07693
-1.93944 1.39671 0.947869
3.19259 -3.33657 -2.05621
-2.90297 4.18694 3.37367
1.96448 3.21191 -3.9136
0.710276 0.373858 4.72259
3.47789 -1.96182 4.18693
3.38441 4.53541 -4.47824
-2.19144 2.16672 3.84672
4.52543 -4.19927 -3.72266
-2.28617 -1.68898 1.29038
0.0776114 4.79039 -4.65214
2.41713 -4.24452 1.95056
2.79582 -4.94457 -0.833359
-1.92741 -3.37329 -1.61292
-2.4173 -0.50974 4.71678
-1.61435 -4.04006 -4.97231
-4.00146 2.15416 3.49918
1.52057 -3.376 -3.65921
0.542262 2.48833 1.62944
1.76683 -4.34096 -3.46688
-4.48102 -1.87964 -1.31737
-2.13822 2.38794 -3.39794
2.72831 -1.4571 -1.85154
-3.93723 1.23224 4.92504
4.29491 4.28641 0.663102
3.89566 4.04307 -2.06154
4.7721 3.70095 -0.920551
1.78857 3.79481 -2.76571
-2.67009 0.987128 2.88168
-2.43615 -4.43194 3.12645
4.34108 -4.76406 4.85428
-4.09553 4.33003 -0.0766563
4.35636 -4.26373 4.83448
-1.23778 -3.05484 -2.22666
-2.79207 -4.86824 3.88643
-4.56887 -0.419007 3.61021
-3.59193 -3.01419 -4.82932
-1.49054 -4.28157 3.06216
-3.87257 -1.17924 2.06935
-2.57137 0.445466 -1.67819
4.12986 4.91194 3.98362
-4.99879 1.28266 -2.73251
-3.95193 -0.257159 -4.12941
3.70576 -0.40034 -4.62723
-2.2851 -1.6519 -4.75675
-4.51139 -3.58219 -0.880476
-4.99375 3.46793 4.03353
4.65968 -2.69969 -4.83765
2.11673 2.65397 -1.76283
3.11736 -3.66282 4.65482
-4.28898 -0.573254 -1.11469
3.49624 -1.19753 -3.05299
-3.02275 -3.56512 0.209914
-0.230718 4.69651 4.2305
-2.31988 4.26159 1.73523
-3.19579 4.06299 -4.67632
2.35511 -2.3272 2.8659
-4.24971 -2.81779 3.52477
-4.30648 3.55739 -3.29123
4.78741 4.25896 -4.46123
0.178744 1.58562 4.56575
1.71992 -2.94994 -3.67541
-2.36509 3.90949 -3.44862
4.87201 -4.05205 -3.43041
-2.74582 1.16721 -1.47148
4.05873 4.56203 -3.97341
-4.70377 -4.85805 -0.815846
-2.34413 4.64451 4.92661
1.92087 -0.782082 0.510993
-3.98099 1.40706 2.29941
1.09932 4.38724 4.92464
3.66182 -3.96879 4.1213
-1.01896 3.10568 -3.58856
-2.58064 0.139346 4.88666
-4.63133 2.73208 1.56159
-2.98472 0.54755 -0.0702969
1.61093 -4.68695 -4.53941
-3.37874 3.52187 -0.0684471
-4.73976 1.06125 -0.605647
4.24288 0.0227735 -3.56074
2.82886 2.00618 -4.87283
-1.66349 4.89068 -4.53106
4.3696 1.08488 -1.41392
4.89422 4.95828 4.86576
-3.63628 2.65853 -3.43351
3.93067 -3.40995 -3.15495
4.48087 2.60428 4.43507
-1.35557 -2.26429 2.85093
