-1.6157 -3.58983 2.63732
-2.24934 -0.799221 -1.81803
-4.76653 -4.91379 0.954038
1.32007 -3.92744 -0.717305
4.23552 -1.34518 4.87513
-3.44557 3.25863 1.96553
1.33062 2.82568 -1.30072
2.11494 4.14615 -3.70299
2.3898 -2.08552 2.59397
-4.68114 4.42867 3.16146
4.64984 -2.81589 1.18439
-3.89205 0.635884 -0.911953
-1.94725 1.36194 0.921534
3.05514 -3.43509 -2.04541
-2.86762 4.14119 3.32109
1.97555 3.23321 -3.90181
0.710644 0.323463 4.69047
3.47177 -1.96883 4.16589
3.35031 4.49342 -4.41474
-2.1845 2.15507 3.88859
4.5529 -4.16471 -3.67281
-2.26503 -1.75155 1.34561
0.138263 4.82241 -4.61547
2.43406 -4.28152 1.93071
2.78765 -4.90997 -0.923795
-1.97383 -3.41432 -1.62881
-2.41642 -0.487186 4.66309
-1.6156 -4.03444 -4.97157
-3.98753 2.189 3.53828
1.56137 -3.46404 -3.74911
0.577938 2.55212 1.53195
1.65575 -4.45172 -3.66043
-4.38016 -1.82132 -1.24051
-2.1442 2.37817 -3.45077
2.71467 -1.46797 -1.92138
-3.93911 1.26844 4.9515
4.26847 4.25799 0.662972
3.9171 4.09441 -2.06235
4.72573 3.65408 -0.971413
1.67106 3.79473 -2.71731
-2.70431 0.973667 2.90514
-2.42354 -4.53434 3.08686
4.365 -4.75078 4.89705
-4.1261 4.3635 -0.110053
4.42412 -4.27306 4.68219
-1.32764 -0.584988 -2.20757
-2.78505 -4.93409 3.89436
-4.50917 -0.459617 3.64743
-3.5968 -3.03666 -4.88468
-1.47456 -4.32012 3.03287
-3.94333 -1.1638 2.05819
-2.59799 0.445438 -1.68869
4.12882 4.84223 3.92232
4.96153 1.28664 -2.73173
-3.94313 -0.165453 -4.1386
3.73394 -0.397021 -4.61029
-2.29804 -1.65689 -4.72622
-4.56685 -3.48305 -0.913027
-4.97022 3.48707 4.02495
4.60387 -2.74248 -4.90622
2.08583 2.63155 -1.76544
3.08323 -3.65211 4.89439
-4.19066 -0.529558 -1.14378
3.4973 -1.21869 -3.07364
-3.00432 -3.55144 0.167154
-0.263267 4.69509 4.63437
-2.31612 2.69678 1.80997
-3.21434 3.97895 -4.6981
2.39162 -2.27066 2.74393
-4.21643 -2.84132 3.50009
-4.54885 3.53117 -3.39161
4.8284 4.31205 -4.40705
0.223438 1.62142 4.56752
1.62967 -2.94172 -3.68691
-2.37463 3.93688 -3.78323
4.92013 -4.08392 -3.3984
-2.72952 1.25113 -1.404
4.00225 4.52443 -3.94141
-4.64857 -4.81599 -0.803729
-2.35423 4.59327 4.9263
1.92902 -0.77116 0.500581
-4.00064 1.3698 2.31994
1.04976 4.40365 4.90052
3.67568 -4.01547 4.16301
-1.04335 3.05725 -3.63342
-2.59096 0.146073 4.91438
-4.66543 2.75044 1.69094
-3.00858 0.56957 -0.127685
1.59473 -4.62695 -4.56883
-3.38836 3.54635 -0.0732961
-4.75123 1.06035 -0.608355
4.27989 0.0444605 -3.57047
2.91986 2.04268 -4.88522
-1.51281 4.91178 -4.48065
4.39826 1.13816 -1.40936
4.91774 -4.95854 4.86031
-3.62912 2.68402 -3.41377
3.99455 -3.42122 -3.10792
4.44137 2.52893 4.39024
-1.44833 -2.2529 2.79335
