-1.84576 -3.38421 2.8969
-2.08174 -0.755445 -1.62854
-4.73095 -4.80263 0.990048
1.24487 -3.94103 -0.72914
4.16816 -1.40271 -4.9687
-3.28851 3.34973 2.04817
1.33541 2.70859 -2.29118
2.31056 3.86202 -3.58562
2.34892 -2.03595 2.63866
-4.51057 4.26857 2.96535
4.69801 -2.94845 1.23151
-4.02643 0.706746 -0.417151
-1.97047 1.25815 0.842648
2.64483 -3.73404 -2.01362
-2.76335 4.0118 3.16624
2.00911 3.29827 -3.869
0.711969 0.172107 4.59602
3.45476 -1.99031 4.10618
3.24993 4.37993 -4.23564
-2.16391 2.12073 4.01663
4.64414 -4.06675 -3.52926
-2.20194 -1.93968 1.51147
0.320362 4.92335 -4.51335
2.48611 -4.39597 1.87219
2.76484 -4.81196 -1.19482
-2.1137 -3.53945 -1.67702
-2.41457 -0.421237 4.51031
-1.62007 -4.02641 -4.97649
-3.94914 2.2945 3.65854
1.68364 -3.73453 -4.02339
0.685699 2.74522 1.24037
1.3226 -4.8017 -4.24592
-4.08252 -1.64777 -1.01047
-2.16364 2.34975 -3.61378
2.67473 -1.50082 -2.13122
-3.94828 1.37741 -4.96532
4.19406 4.17684 0.662889
3.98639 4.25553 -2.06592
4.59784 3.51926 -1.12427
1.31851 3.8004 -2.57337
-2.80779 0.93316 2.97759
-2.38874 -4.86057 2.9721
4.43926 -4.72256 -4.96343
-4.22544 4.47933 -0.210172
4.63504 -4.3115 4.23707
-1.59697 -3.17482 -2.15149
-2.76631 4.86766 3.92339
-4.33583 -0.581625 3.76315
-3.6161 -3.10647 4.94274
-1.4262 -4.43949 2.94682
-4.15778 -1.11783 2.02538
-2.67841 0.445088 -1.7211
4.13559 4.66134 3.74581
4.84934 1.29916 -2.73144
-3.92018 0.109446 -4.17091
3.8203 -0.386828 -4.56516
-2.33765 -1.67281 -4.64005
-4.73969 -3.18888 -1.01106
-4.91089 3.54845 4.0043
4.44382 -2.87318 4.87651
1.99421 2.56493 -1.77351
2.98197 -3.62443 -4.38716
-3.89857 -0.398999 -1.23141
3.50212 -1.28242 -3.13726
-2.95002 -3.51233 0.0389356
-0.361461 4.69493 -4.15062
-2.30493 -1.99701 2.03463
-3.27787 3.73385 -4.78318
2.50698 -2.1173 2.3823
-4.12093 -2.91348 3.42903
4.71349 3.45748 -3.69762
4.96379 4.49024 -4.26403
0.357727 1.72929 4.57585
1.3589 -2.91701 -3.7229
-2.4054 4.02338 -4.79746
-4.93908 -4.18437 -3.30464
-2.68248 1.50512 -1.2025
3.83634 4.42089 -3.85095
-4.4885 -4.69868 -0.767834
-2.38721 4.45141 4.95402
1.95403 -0.738399 0.469467
-4.06346 1.25825 2.38285
0.90153 4.45961 4.84328
3.7196 -4.16308 4.29557
-1.11634 2.91367 -3.77171
-2.6229 0.166911 -4.99709
-4.77102 2.80684 2.07944
-3.08109 0.635525 -0.299088
1.54649 -4.45885 -4.66625
-3.41872 3.62204 -0.0879368
-4.79148 1.05808 -0.616125
4.39507 0.109688 -3.60239
3.19526 2.15309 -4.9294
-1.06119 4.9811 -4.33538
4.49079 1.29834 -1.39601
4.9951 -4.72059 4.85356
-3.61374 2.76248 -3.35917
4.19129 -3.45897 -2.9706
4.33195 2.30418 4.26212
-1.72663 -2.21992 2.62354
