-1.92276 -3.31737 2.98481
-2.02592 -0.741076 -1.56559
-4.72073 -4.76783 1.00225
1.21983 -3.94608 -0.733
4.14686 -1.42199 -4.91645
-3.2367 3.38102 2.07599
1.33685 2.66981 -2.62144
2.37619 3.76942 -3.54729
2.33307 -2.01618 2.65656
-4.45575 4.21693 2.90065
4.7165 -2.99332 1.24743
-4.07212 0.730377 -0.252127
-1.97816 1.22376 0.81649
2.50868 -3.83492 -2.00318
-2.7291 3.97072 3.11564
2.02036 3.32034 -3.85888
0.712476 0.121605 4.56519
3.44955 -1.99762 4.08756
3.21705 4.34581 -4.1788
-2.15713 2.10947 4.06034
4.68622 -4.0357 -3.48305
-2.18099 -2.00253 1.56656
0.38112 4.95928 -4.48121
2.50391 -4.4353 1.85307
2.75781 -4.78129 -1.28502
-2.16064 -3.58196 -1.69319
-2.41419 -0.399732 4.46495
-1.62181 -4.02657 -4.98035
-3.9375 2.32997 3.70005
1.72458 -3.82671 -4.11615
0.721839 2.8102 1.14349
1.21148 -4.92696 -4.44318
-3.98472 -1.59037 -0.933909
-2.17068 2.34056 -3.66948
2.66173 -1.51186 -2.20127
-3.95259 1.41386 -4.93911
4.17071 4.15097 0.662974
4.01112 4.31179 -2.06738
4.55846 3.47601 -1.17522
1.20093 3.80429 -2.52568
-2.84258 0.91966 3.00269
-2.37801 -4.97786 2.93516
4.46491 -4.71649 -4.92055
-4.26106 4.52362 -0.243473
4.70819 -4.32794 4.09302
-1.6868 -0.704633 -2.13315
-2.76084 4.80514 3.93494
-4.2799 -0.622372 3.80345
-3.62405 -3.13059 4.88509
-1.40994 -4.48056 2.91872
-4.23004 -1.10261 2.0147
-2.70544 0.444931 -1.73218
4.1412 4.6086 3.68979
4.81403 1.30351 -2.73188
-3.91368 0.201003 -4.18286
3.84971 -0.383356 -4.55156
-2.35112 -1.67842 -4.61294
-4.79951 -3.0918 -1.04383
-4.89464 3.57019 3.99933
4.3929 -2.91757 4.80677
1.96402 2.54292 -1.77612
2.94878 -3.61668 -4.15075
-3.80209 -0.355636 -1.26077
3.50428 -1.30375 -3.15897
-2.93224 -3.49995 -0.00377607
-0.39438 4.69621 -3.74691
-2.30143 -3.5617 2.10992
-3.30187 3.654 -4.81779
2.548 -2.0694 2.26017
-4.09051 -2.93809 3.40618
4.46929 3.43446 -3.80125
-4.98723 4.55596 -4.22143
0.402563 1.7654 4.57974
1.26859 -2.90897 -3.73529
-2.41635 4.05332 4.84874
-4.90656 -4.21971 -3.2741
-2.66735 1.59047 -1.13557
3.78219 4.38907 -3.82209
-4.43677 -4.66269 -0.756008
-2.39904 4.40765 4.98456
1.96255 -0.727476 0.459145
-4.0857 1.22115 2.40447
0.852247 4.48075 4.82998
3.73496 -4.21476 4.34313
-1.14064 2.86632 -3.81898
-2.63386 0.174008 -4.96885
-4.80736 2.82607 2.20918
-3.10553 0.657496 -0.355971
1.5307 -4.40634 -4.70153
-3.42935 3.64805 -0.0928133
-4.80702 1.05748 -0.618613
4.43489 0.131466 -3.61377
3.2879 2.19021 -4.94663
-0.910912 -4.99392 -4.28826
4.52395 1.35187 -1.39165
-4.97685 -4.64441 4.85746
-3.61095 2.78936 -3.34217
4.25983 -3.47284 -2.92581
4.29811 2.22962 4.22184
-1.81926 -2.2094 2.5681
