-2.15448 -3.12269 3.25406
-1.85878 -0.69863 -1.37664
-4.69469 -4.66973 1.03935
1.14476 -3.96286 -0.74428
4.0863 -1.4803 -4.76638
-3.08286 3.47748 2.16004
1.34118 2.55396 -3.61308
2.57524 3.49647 -3.43366
2.28537 -1.95734 2.71463
-4.29613 4.06679 2.70835
4.77994 -3.13019 1.29587
-4.21171 0.801277 0.243721
-2.00106 1.12098 0.73866
2.10171 -4.14175 -1.97232
-2.62742 3.85268 2.96654
2.05416 3.38786 -3.83105
0.714202 -0.0300245 4.47467
3.43545 -2.02 4.03584
3.12151 4.25321 -4.01499
-2.13689 2.07613 4.19503
4.85355 -3.94643 -3.34835
-2.11848 -2.19153 1.73181
0.562742 -4.92714 -4.3909
2.55884 -4.55697 1.79689
2.73867 -4.69564 -1.5551
-2.30207 -3.71177 -1.7423
-2.41368 -0.336342 4.34977
-1.62758 -4.03244 -4.99863
-3.9058 2.43729 3.82965
1.84881 -4.11095 -4.39845
0.830994 3.00712 0.853727
0.880046 4.69591 4.93099
-3.69474 -1.4195 -0.704285
-2.19328 2.31417 -3.84129
2.6237 -1.54532 -2.41167
-3.96916 1.52359 -4.86686
4.10461 4.07644 0.663548
4.09137 4.48908 -2.07237
4.44927 3.35062 -1.32803
0.848042 3.8217 -2.38307
-2.94777 0.879076 3.08128
-2.34735 4.66527 2.82831
4.56554 -4.70767 -4.81924
-4.37531 4.6767 -0.343143
4.94758 -4.38806 3.67047
-1.95605 -3.29339 -2.07967
-2.74627 4.62592 3.97555
-4.11716 -0.744977 3.93031
-3.65167 -3.20544 4.71805
-1.36063 -4.60928 2.83596
-4.44921 -1.0572 1.98343
-2.78726 0.444503 -1.76616
4.17139 4.46816 3.52988
4.71419 1.31706 -2.73454
-3.89763 0.475437 -4.22146
3.93999 -0.372753 -4.51364
-2.39225 -1.69607 -4.53584
-4.98573 -2.8031 -1.1424
-4.85461 3.63931 3.99056
4.24849 -3.05334 4.60979
1.8741 2.4775 -1.78372
2.85183 -3.59772 -3.44637
-3.515 -0.226001 -1.34927
3.51255 -1.36801 -3.22535
-2.87977 -3.46476 -0.131889
-0.493299 4.71017 -2.53704
-2.29133 1.74516 2.33587
-3.37961 3.41965 -4.94442
2.67351 -1.92655 1.89286
-4.00302 -3.01369 3.3396
3.74761 3.36957 -4.11746
-4.86217 4.77316 -4.1047
0.537371 1.87421 4.59499
0.997566 -2.88584 -3.7736
-2.45018 4.14606 3.81506
-4.85741 -4.33234 -3.18433
-2.62347 1.84861 -0.935154
3.62569 4.30071 -3.73804
-4.28564 -4.56544 -0.720996
-2.43596 4.28902 -4.93686
1.98869 -0.694703 0.428328
-4.15631 1.11 2.47157
0.704424 4.55346 4.81937
3.78633 -4.37734 4.49774
-1.21325 2.72646 -3.96495
-2.66762 0.195494 -4.89568
-4.92003 2.88501 2.59937
-3.17986 0.723419 -0.526039
1.48432 -4.26269 -4.81478
-3.46273 3.72853 -0.107441
-4.86044 1.05597 -0.625887
4.5591 0.196828 -3.64978
3.56932 2.30262 4.9926
-0.460676 -4.93186 -4.15043
4.63105 1.51291 -1.37878
-4.92038 -4.42302 4.8934
-3.60813 2.87268 -3.29457
4.47708 -3.51831 -2.79352
4.20401 2.00676 4.10934
-2.09714 -2.17903 2.40492
