-2.30986 -2.99788 3.43812
-1.7472 -0.670748 -1.25084
-4.68119 -4.60934 1.06447
1.09479 -3.97544 -0.751532
4.04857 -1.51963 -4.67131
-2.98176 3.54362 2.21638
1.34408 2.47716 -4.27572
2.70984 3.31747 -3.35906
2.25411 -1.9187 2.75571
-4.19336 3.97027 2.58147
4.82924 -3.22349 1.3287
-4.30677 0.848569 0.574896
-2.01617 1.0527 0.687179
1.83105 -4.35011 -1.95226
-2.56043 3.77616 2.86922
2.07664 3.43442 -3.81491
0.71552 -0.131213 4.41588
3.42736 -2.03529 4.00442
3.05963 4.19919 -3.91145
-2.12348 2.05424 4.28822
4.99761 -3.88968 -3.26157
-2.07701 -2.31812 1.84159
0.683522 -4.86172 -4.33817
2.59682 -4.64133 1.76033
2.72768 -4.64399 -1.7348
-2.39725 -3.8007 -1.77535
-2.41381 -0.29493 4.28717
-1.63184 -4.04048 4.98614
-3.88735 2.50956 3.92091
1.9339 -4.30729 -4.5912
0.904383 3.14015 0.661167
0.670107 4.4801 4.50334
-3.50405 -1.30665 -0.551153
-2.20958 2.29754 -3.95985
2.59905 -1.56788 -2.55228
-3.98334 1.59713 -4.82417
4.06357 4.02906 0.664166
4.1503 4.61509 -2.07624
4.3833 3.27038 -1.42995
0.612735 3.83792 -2.2886
-3.01882 0.851853 3.13666
-2.32763 4.44077 2.75959
4.65109 -4.70965 -4.77146
-4.45794 4.79854 -0.409344
-4.88391 -4.43692 3.39384
-2.13578 1.64787 -2.04518
-2.73827 4.51184 4.00907
-4.01269 -0.827142 4.01988
-3.67307 -3.25749 4.61141
-1.3274 -4.7003 2.78191
-4.59743 -1.02719 1.9632
-2.84238 0.444338 -1.78952
4.20313 4.38702 3.4289
4.65245 1.32648 -2.73754
-3.88986 0.658178 -4.24958
4.00196 -0.36556 -4.49082
-2.42029 -1.70848 -4.48778
4.88661 -2.61245 -1.20826
-4.8351 3.68875 3.98979
4.1592 -3.14615 4.48737
1.81458 2.43443 -1.78874
2.78915 -3.5884 -2.97943
-3.32549 -0.140028 -1.40866
3.51954 -1.41108 -3.27071
-2.84555 -3.44298 -0.217214
-0.55949 4.72383 -1.73097
-2.28451 -1.38265 2.48702
-3.43573 3.26733 4.95686
2.75876 -1.83181 1.64803
-3.94765 -3.0656 3.29674
3.27292 3.32942 -4.33494
-4.79544 4.9366 -4.03532
0.627496 1.94716 4.60831
0.816838 -2.87118 -3.80023
-2.4729 4.21175 3.14076
-4.86299 -4.41399 -3.126
-2.59536 2.02242 -0.801878
3.52589 4.24733 -3.68396
-4.18807 -4.51102 -0.698046
-2.46183 4.21682 -4.90521
2.00661 -0.672851 0.407875
-4.20688 1.03596 2.5182
0.600846 4.60972 4.83714
3.82577 -4.49221 4.61117
-1.26134 2.63496 -4.06581
-2.69082 0.209825 -4.85509
-4.99866 2.92528 2.86044
-3.23064 0.767478 -0.639085
1.45342 -4.17642 -4.89805
-3.48628 3.7843 -0.117195
-4.90191 1.05508 -0.6306
4.64607 0.240375 -3.67551
3.7605 2.37852 4.95485
-0.161023 -4.89659 -4.06142
4.70919 1.62072 -1.37045
-4.90171 -4.2803 4.93501
-3.61059 2.93056 -3.26544
4.63241 -3.55186 -2.7067
4.1471 1.85864 4.03959
-2.28279 -2.16 2.29927
