-2.62273 -2.75711 3.81678
-1.52357 -0.615812 -0.999648
-4.66429 -4.4995 1.1153
0.995007 -4.00419 -0.765456
3.97921 -1.59942 -4.49151
-2.78416 3.67978 2.32778
1.35059 2.32521 4.38999
2.98341 2.96417 -3.21304
2.1936 -1.84274 2.84201
-3.99657 3.78527 2.32949
4.9476 -3.41528 1.39539
-4.50165 0.94343 1.23814
-2.04632 0.916698 0.585199
1.29005 -4.77799 -1.91347
-2.42839 3.62369 2.67901
2.12142 3.53257 -3.78775
0.718545 -0.333774 4.30184
3.41464 -2.06659 3.94791
2.93823 4.10964 -3.71719
-2.09687 2.01131 4.48322
-4.69837 -3.78096 -3.09459
-1.99296 -2.57388 2.05944
0.925678 -4.74754 -4.24695
2.6764 -4.81832 1.68906
2.71011 -4.55359 -2.09416
-2.58982 -3.98451 -1.84315
-2.41511 -0.213573 4.18816
-1.64111 -4.06521 4.96682
-3.85815 2.65618 4.11376
2.1113 -4.71865 -4.99451
1.05263 3.41128 0.277249
0.263138 4.07419 3.66052
-3.1289 -1.08318 -0.244703
-2.24534 2.26698 -4.21155
2.55101 -1.61351 -2.83482
-4.01983 1.74556 -4.75458
3.98792 3.9395 0.665805
4.28392 4.88991 -2.0856
4.26619 3.11795 -1.63459
0.141932 3.88173 -2.10206
-3.16367 0.797511 3.25428
-2.27265 4.03227 2.62047
4.86481 -4.72853 -4.71542
-4.64096 -4.90687 -0.541488
-4.56769 -4.55442 2.84768
-2.49648 1.5325 -1.97933
-2.72506 4.29473 4.08985
-3.8127 -0.992522 4.21116
-3.72202 -3.36637 4.408
-1.25996 -4.89426 2.67555
-4.89949 -0.96769 1.92404
-2.95407 0.444898 -1.83859
4.29809 4.25003 3.2371
4.53977 1.34633 -2.74689
-3.88159 1.02316 -4.31234
4.13047 -0.350949 -4.45126
-2.47789 -1.73466 -4.3999
4.64568 -2.2344 -1.34047
-4.8155 3.79703 3.99834
3.99866 -3.33717 4.2601
1.69636 2.34964 -1.7991
2.66791 -3.57596 -2.04925
-2.95079 0.0300001 -1.52814
3.53707 -1.49774 -3.36424
-2.77919 -3.40325 -0.387879
-0.692292 4.75824 -0.119327
-2.27086 2.35742 2.79189
-3.55791 2.97217 4.78258
2.93301 -1.64336 1.15906
-3.84258 -3.1729 3.21403
2.33223 3.25695 -4.79168
-4.69984 -4.72058 -3.91667
0.807827 2.09392 4.64737
0.455338 -2.84331 -3.85663
-2.53007 4.35784 1.80181
-4.92414 -4.59274 -3.01336
-2.54206 2.37451 -0.535843
3.33712 4.15333 -3.58031
-3.99995 -4.42999 -0.653174
-2.51642 4.08771 -4.88043
2.04356 -0.629072 0.367062
-4.31767 0.88827 2.61579
0.387496 4.74998 4.90943
3.92008 -4.73726 4.86547
-1.35629 2.45594 -4.27857
-2.73903 0.238255 -4.79075
4.8495 3.00857 3.3852
-3.33664 0.856484 -0.8644
1.39116 -4.0146 4.92321
-3.53686 3.90174 -0.136839
-4.99917 1.0533 -0.63961
4.83091 0.327346 -3.73176
4.15475 2.53382 4.90377
0.436551 -4.83765 -3.89167
4.88217 1.8378 -1.35455
-4.89929 -4.00215 -4.95062
-3.6255 3.05322 -3.21596
4.9951 -3.62632 -2.53556
4.04508 1.56309 3.90843
-2.65912 -2.12291 2.09465
