-2.85958 -2.58201 4.11164
-1.35535 -0.575192 -0.811667
-4.66169 -4.42508 1.1538
0.920433 -4.02891 -0.775553
3.93247 -1.66019 -4.36451
-2.64332 3.78649 2.40932
1.35705 2.21297 3.39004
3.19263 2.70261 -3.10733
2.15007 -1.78676 2.90976
-3.85683 3.65312 2.14177
-4.94519 -3.56326 1.44646
-4.65255 1.01498 1.73597
-2.0692 0.815083 0.509426
0.884743 4.88975 -1.88588
-2.331 3.50697 2.54259
2.15505 3.61115 -3.7721
0.721142 -0.485853 4.21909
3.40819 -2.09061 3.91049
2.847 4.05807 -3.58258
-2.07719 1.97983 4.63955
-4.4951 -3.70232 -2.97398
-1.9291 -2.76799 2.22315
1.10863 -4.67234 -4.1914
2.73939 -4.95878 1.63707
2.70087 -4.49674 -2.36485
-2.73605 -4.12771 -1.89565
-2.41699 -0.15378 4.13297
-1.64864 -4.0908 4.96109
-3.84502 2.76835 4.26757
2.24924 4.95531 4.68823
1.16524 3.62024 -0.00986465
-0.0409439 3.78322 3.03824
-2.85168 -0.917097 -0.0145284
-2.27524 2.24676 -4.41817
2.51602 -1.64811 -3.04847
-4.05535 1.85854 -4.71879
3.9363 3.87723 0.667327
4.40329 -4.88187 -2.09396
4.19034 3.01167 -1.78919
-0.21163 3.92548 -1.96465
-3.27569 0.756718 3.34894
-2.22166 3.76349 2.5206
-4.94135 -4.75142 -4.69208
-4.79512 -4.6892 -0.640633
-4.34495 -4.65909 2.44305
-2.76854 -1.05165 -1.93262
-2.71746 4.14076 4.16318
-3.67004 -1.11755 4.36593
-3.76397 -3.45208 4.26554
-1.20866 4.94971 2.59727
4.86996 -0.923474 1.89577
-3.04005 0.447048 -1.8784
4.39475 4.16704 3.10074
4.46386 1.3622 -2.75691
-3.882 1.29636 -4.36589
4.23112 -0.339868 -4.42691
-2.52236 -1.75531 -4.34108
4.47665 -1.95249 -1.44008
-4.82362 3.88781 4.01362
3.89281 -3.48525 4.10502
1.6083 2.28735 -1.80739
2.5805 -3.57039 -1.35313
-2.67218 0.154671 -1.61741
3.55354 -1.56311 -3.43686
-2.73095 -3.37635 -0.515906
-0.791841 4.78978 1.08932
-2.25954 -2.34107 3.02386
-3.65915 2.75934 4.68445
3.06728 -1.50286 0.792926
-3.76837 -3.25632 3.15477
1.63055 3.21047 4.84979
-4.66003 -4.47852 -3.84063
0.942278 2.20455 4.68595
0.184187 -2.82355 -3.90244
-2.57859 4.48314 0.795099
-4.98787 -4.73771 -2.93186
-2.5048 2.64292 -0.336903
3.2055 4.09398 -3.50646
-3.86364 -4.38005 -0.620104
-2.56011 4.00404 -4.89619
2.07216 -0.596104 0.336464
-4.41057 0.777755 2.69322
0.227067 4.87719 4.9842
4.00406 -4.9343 -4.92038
-1.42598 2.32488 -4.45045
-2.77697 0.259197 -4.75598
4.75484 3.07388 3.78202
-3.42181 0.924431 -1.03272
1.34517 -3.90004 4.80597
-3.57814 3.99692 -0.151818
4.92131 1.05197 -0.645983
4.97993 0.392456 -3.77848
4.46384 2.65455 4.88386
0.882894 -4.8034 -3.77143
-4.9756 2.00229 -1.34327
-4.92134 -3.79695 -4.8691
-3.64544 3.15255 -3.18659
-4.68371 -3.68781 -2.40766
3.97704 1.34192 3.81662
-2.94622 -2.09578 1.94377
