-2.93907 -2.52453 4.21257
-1.29916 -0.561746 -0.749084
-4.66205 -4.40169 1.16667
0.895643 -4.03792 -0.77889
3.91795 -1.68062 -4.32353
-2.59837 3.82368 2.43621
1.3594 2.17575 3.05711
3.26324 2.61602 -3.07296
2.13591 -1.76831 2.93287
-3.81143 3.6102 2.07942
-4.91024 -3.61335 1.46373
-4.70403 1.03895 1.90194
-2.07695 0.781301 0.484286
0.749768 4.77929 -1.87704
-2.29878 3.46639 2.49818
2.16633 3.63826 -3.76817
0.722077 -0.536581 4.19199
3.40666 -2.09873 3.8989
2.81618 4.04365 -3.53982
-2.07068 1.96944 4.69449
-4.42837 -3.67653 -2.9346
-1.90773 -2.83319 2.27782
1.16996 -4.64898 -4.1755
2.76115 4.99278 1.61997
2.69864 -4.47968 -2.45549
-2.78502 -4.17656 -1.9135
-2.41779 -0.134032 4.11783
-1.65122 -4.10071 4.96076
-3.84255 2.80628 4.32048
2.29611 4.84718 4.58633
1.20309 3.6911 -0.10546
-0.141968 3.68792 2.8318
-2.75995 -0.861961 0.0622766
-2.28583 2.24058 -4.49194
2.50457 -1.65974 -3.1201
-4.06893 1.8966 -4.71059
3.92007 3.85741 0.667879
4.44845 -4.80686 -2.09695
4.16774 2.97797 -1.84099
-0.329591 3.94188 -1.91937
-3.31382 0.743153 3.38182
-2.20185 3.67976 2.48829
-4.875 -4.76062 -4.68623
-4.84958 -4.61946 -0.673702
-4.27267 -4.69712 2.30896
-2.85963 1.42041 -1.91751
-2.71531 4.09089 4.19045
-3.62384 -1.15941 4.41986
-3.77886 -3.4815 4.22007
-1.19146 4.89723 2.57146
4.79427 -0.908812 1.88654
-3.06944 0.448093 -1.89226
4.43195 4.14272 3.05654
4.44023 1.36768 -2.76082
-3.88339 1.38727 -4.38516
4.26554 -0.336167 -4.41981
-2.53741 -1.76238 -4.32291
4.42252 -1.8587 -1.47339
-4.83123 3.92003 4.02049
3.86024 -3.53572 4.05623
1.57906 2.26681 -1.81029
2.55206 -3.56918 -1.12113
-2.57933 0.195798 -1.64709
3.55972 -1.58498 -3.46151
-2.71506 -3.36791 -0.558589
-0.824908 4.80129 1.49218
-2.2558 -3.90738 3.10162
-3.69463 2.68979 4.65923
3.11273 -1.45619 0.670973
-3.74436 -3.28475 3.13555
1.39711 3.19635 4.73226
-4.65076 -4.39997 -3.81716
0.987112 2.2416 4.7
0.0938078 -2.81722 -3.91846
-2.59506 4.52715 0.459408
4.988 -4.78767 -2.90521
-2.49288 2.73323 -0.270734
3.16376 4.0763 -3.48259
-3.81886 -4.36468 -0.609134
-2.57514 3.97851 -4.90842
2.08184 -0.585085 0.32626
-4.44371 0.740933 2.71996
0.17349 4.92295 -4.98805
4.03543 4.99721 -4.85078
-1.4488 2.28172 -4.51078
-2.78999 0.266097 -4.74685
4.72732 3.09623 3.91514
-3.45162 0.947361 -1.08875
1.33008 -3.86338 4.76969
-3.59253 4.03012 -0.156883
4.89654 1.05154 -0.648043
-4.96823 0.414138 -3.79498
4.57023 2.69571 4.88061
1.03139 -4.79397 -3.73245
-4.92889 2.0575 -1.33962
-4.93129 -3.72907 -4.84399
-3.65364 3.18724 -3.17822
-4.57981 -3.70908 -2.36484
3.95587 1.26828 3.78713
-3.04278 -2.08712 1.89369
