-3.34178 -2.24407 4.74265
-1.01728 -0.495482 -0.436681
-4.67195 -4.29631 1.23061
0.772119 -4.09009 -0.795451
3.85425 -1.78465 -4.12831
-2.38456 4.0261 2.57407
1.3726 1.99029 1.39409
3.62378 2.18622 -2.90708
2.06786 -1.6784 3.05259
-3.59176 3.40279 1.76899
-4.74972 -3.87046 1.55292
-4.97162 1.16012 2.73211
-2.1167 0.612833 0.359589
0.0759303 4.24394 -1.83499
-2.15763 3.22572 2.27535
2.22273 3.77983 -3.75645
0.727298 -0.790646 4.06019
3.40383 -2.14094 3.84736
2.65489 3.98914 -3.33592
-2.03814 1.91705 -4.97308
-4.10588 -3.55062 -2.74368
-1.8006 -3.16346 2.55281
1.47769 -4.54287 -4.10864
2.87594 4.76168 1.53645
2.69289 -4.40971 -2.91152
-3.03232 -4.43074 -2.00567
-2.42258 -0.0373302 4.06444
-1.66458 -4.16133 4.9727
-3.84578 3.00583 4.60035
2.53708 4.32854 4.10094
1.39492 4.05411 -0.582476
-0.642982 3.21761 1.80553
-2.30496 -0.588323 0.446933
-2.34451 2.21499 -4.95651
2.44894 -1.71907 -3.48174
-4.15143 2.09054 -4.70797
3.84594 3.76349 0.670991
4.7038 -4.44839 -2.11268
4.07813 2.82038 -2.10203
-0.920373 4.03367 -1.69604
-3.51029 0.674754 3.55733
-2.05487 3.33564 2.33929
-4.5592 -4.82526 -4.67031
4.86462 -4.28943 -0.838573
-3.92218 -4.91306 1.64308
-3.31898 3.78498 -1.84522
-2.70743 3.85117 4.35518
-3.40101 -1.37021 4.70902
-3.85951 -3.63652 4.0068
-1.10701 4.64198 2.44522
4.42685 -0.836364 1.84187
-3.22109 0.452892 -1.96465
4.65631 4.03948 2.84352
4.33954 1.39565 -2.78464
-3.89649 1.83946 -4.49514
4.45016 -0.317963 -4.3918
-2.61392 -1.79933 -4.24384
4.16586 -1.3913 -1.64086
-4.90599 4.09429 4.06856
3.71587 -3.8018 3.83064
1.43377 2.16522 -1.82575
2.4144 -3.56936 0.0391235
-2.11409 0.399889 -1.7966
3.59622 -1.69523 -3.58754
-2.63688 -3.33008 -0.772102
-0.985983 4.86715 3.50714
-2.23779 -1.73972 3.49601
-3.88753 2.34013 4.606
3.34534 -1.22442 0.0617305
-3.6288 -3.43221 3.04315
0.231984 3.13402 4.16161
-4.63551 -4.02376 -3.71251
1.21243 2.4271 4.77932
-0.358 -2.78784 -4.00351
-2.67886 4.76784 -1.21948
4.8991 4.94877 -2.77629
-2.43598 3.1908 0.0593972
2.97227 4.00079 -3.36812
-3.60145 -4.30041 -0.554267
-2.6538 3.86759 4.97072
2.13125 -0.529995 0.275314
-4.6253 0.554638 2.86201
-0.0947356 -4.84175 -4.8657
4.22006 4.6871 -4.52423
-1.55798 2.069 -4.85686
-2.85728 0.299616 -4.71922
4.62247 3.21225 4.58965
-3.61053 1.06336 -1.36801
1.25638 -3.69108 4.609
-3.66998 4.20753 -0.182493
4.78687 1.04936 -0.657858
-4.72955 0.521992 -3.88502
-4.86779 2.90652 4.89527
1.77407 -4.76197 -3.53994
-4.71399 2.33645 -1.32191
-4.99301 -3.3953 -4.73169
-3.70678 3.37277 -3.14729
-4.08944 -3.8239 -2.14879
3.86251 0.900213 3.6478
-3.53189 -2.04755 1.64568
