-3.4238 -2.18961 4.85497
-0.960707 -0.482414 -0.374302
-4.6757 -4.27759 1.24315
0.747488 -4.10186 -0.798771
3.84339 -1.80586 -4.09125
-2.3429 4.06952 2.60265
1.37552 1.95334 1.06168
3.69753 2.10082 -2.87509
2.0548 -1.66082 3.07738
-3.54914 3.36268 1.70714
-4.7206 -3.92304 1.57165
4.9725 1.18479 2.89843
-2.1249 0.579301 0.334813
-0.0585535 4.13953 -1.8271
-2.13643 3.16869 2.22801
2.23395 3.80955 -3.75569
0.728458 -0.841526 4.03457
3.40424 -2.14969 3.8383
2.62081 3.98203 -3.29623
-2.03152 1.90608 -4.89291
-4.0434 -3.52612 -2.70664
-1.77914 -3.23044 2.60814
1.53927 -4.52331 -4.09735
2.90008 4.7177 1.52013
2.69284 -4.39888 -3.00332
-3.08248 -4.48453 -2.02477
-2.42371 -0.0183438 4.05838
-1.66737 -4.1756 4.9778
-3.84881 3.04778 4.66083
2.58669 4.22835 4.00765
1.43381 4.12884 -0.677713
-0.742326 3.12462 1.60088
-2.21457 -0.534037 0.524023
-2.35808 2.21174 4.92402
2.4381 -1.73117 -3.55488
-4.17101 2.13022 -4.71782
3.83241 3.74567 0.671678
4.76077 -4.38131 -2.11606
4.06467 2.79084 -2.15466
-1.03878 4.05408 -1.65199
-3.55084 0.660962 3.59492
-2.01209 3.28485 2.31634
-4.49876 -4.8418 -4.66991
4.81219 -4.22693 -0.871357
-3.85389 -4.96141 1.51059
-3.41193 -3.74105 -1.83146
-2.70637 3.80504 4.39206
-3.35796 -1.41251 4.77122
-3.87689 -3.66917 3.96671
-1.09042 4.59217 2.42011
4.35539 -0.822034 1.83321
-3.25221 0.453636 -1.97965
4.70893 4.0223 2.80231
4.32276 1.40126 -2.79027
-3.89997 1.92925 -4.52082
4.48967 -0.314401 -4.38773
-2.62947 -1.80704 -4.23084
4.11698 -1.29812 -1.67458
-4.92726 4.13183 4.08087
3.69037 -3.85776 3.78864
1.40487 2.14511 -1.82905
2.38763 -3.57069 0.271268
-2.02095 0.44059 -1.82684
3.60457 -1.71744 -3.61317
-2.62154 -3.32344 -0.814831
-1.01738 4.88246 3.91124
-2.23422 -3.30618 3.57585
-3.92946 2.26978 4.61259
3.39293 -1.17833 -0.0600511
-3.60649 -3.46279 3.02535
-0.000747762 3.1231 4.05015
-4.63784 -3.95188 -3.69411
1.25786 2.46442 4.79703
-0.448324 -2.78236 -4.02156
-2.69609 4.82167 -1.55547
4.88626 4.89644 -2.75142
-2.42515 3.28369 0.125299
2.93759 3.98821 -3.34631
-3.55975 -4.29048 -0.543214
-2.67017 3.84879 4.94467
2.14133 -0.518987 0.265156
-4.66476 0.516627 2.892
-0.148357 -4.79693 -4.84447
4.26228 4.63069 -4.46306
-1.57825 2.02714 -4.9371
-2.87118 0.306123 -4.71728
4.61171 3.23652 4.72685
-3.64438 1.0868 -1.4237
1.24198 -3.65818 4.58043
-3.68671 4.24548 -0.187592
4.76742 1.04893 -0.65973
-4.68564 0.543441 -3.90466
-4.76201 2.94975 4.90563
1.92288 -4.75847 -3.50199
-4.67429 2.39284 -1.31847
4.99239 -3.32954 -4.71169
-3.7199 3.41236 -3.14358
-3.99678 -3.84928 -2.1054
3.84668 0.826634 3.62151
-3.63119 -2.04035 1.59652
