-3.50681 -2.13579 4.96992
-0.904075 -0.469402 -0.31196
-4.68009 -4.25969 1.25551
0.72288 -4.11406 -0.802101
3.83311 -1.82721 -4.05492
-2.30146 4.11382 2.63152
1.37851 1.91643 0.729321
3.77184 2.01558 -2.84351
2.04188 -1.64336 3.10247
-3.50697 3.32302 1.64535
-4.69249 -3.97592 1.59088
4.91941 1.20962 3.06496
-2.13324 0.545853 0.310066
-0.19291 4.03581 -1.81942
-2.11709 3.11018 2.17954
2.24511 3.83981 -3.7555
0.729641 -0.892422 4.00919
3.40494 -2.15854 3.82963
2.58605 3.97626 -3.2566
-2.02499 1.89489 -4.81954
-3.98166 -3.5019 -2.67
-1.75767 -3.29773 2.66355
1.60085 -4.5043 -4.08662
2.92458 4.67447 1.50393
2.69316 -4.38916 -3.09532
-3.13294 -4.54035 -2.04418
-2.42493 0.000513408 4.05371
-1.67023 -4.19073 4.98386
-3.85247 3.09029 4.72302
2.63675 4.1291 3.91533
1.47287 4.20443 -0.772921
-0.841423 3.03197 1.39628
-2.12438 -0.479913 0.601192
-2.37233 2.20911 4.8223
2.42732 -1.74335 -3.62834
-4.1918 2.17021 -4.73253
3.81927 3.72815 0.672384
4.81991 -4.31655 -2.1196
4.05257 2.76187 -2.20747
-1.15731 4.07525 -1.60815
-3.59206 0.647121 3.63337
-1.96607 3.23755 2.29603
-4.43928 -4.85957 -4.67052
4.76202 -4.16559 -0.904048
-3.78617 4.98849 1.37824
-3.5053 -1.26766 -1.81774
-2.7055 3.75948 4.42942
-3.31545 -1.45475 4.83506
-3.89488 -3.70239 3.9274
-1.07376 4.54284 2.39509
4.28447 -0.807747 1.82464
-3.28358 0.454311 -1.99481
4.76402 4.00623 2.7615
4.30705 1.40682 -2.7962
-3.90359 2.0188 -4.5484
4.53002 -0.310871 -4.38417
-2.64513 -1.81485 -4.21899
4.06881 -1.20503 -1.70839
-4.95035 4.17029 4.09405
3.66574 -3.91464 3.74753
1.37602 2.12506 -1.83242
2.36108 -3.57248 0.50345
-1.92782 0.481279 -1.85722
3.61317 -1.7397 -3.63886
-2.60628 -3.31709 -0.857548
-1.04874 4.89878 4.31587
-2.23073 -4.87301 3.65603
-3.97251 2.1995 4.62677
3.44085 -1.13232 -0.181817
-3.58449 -3.49373 3.00774
-0.233345 3.11259 3.93946
-4.64248 -3.88121 -3.67658
1.3034 2.50187 4.81534
-0.538634 -2.77701 -4.03999
-2.71353 4.87888 -1.89162
4.87476 4.84624 -2.72686
-2.41453 3.37718 0.191126
2.90411 3.97645 -3.32493
-3.51861 -4.28152 -0.532083
-2.68678 3.83117 4.92087
2.15146 -0.507987 0.255013
-4.70892 0.478354 2.9224
-0.20193 -4.75309 -4.82447
4.30612 4.57586 -4.40332
-1.59775 1.9855 4.97894
-2.88527 0.312566 -4.71654
4.60469 3.26117 4.86509
-3.67893 1.11036 -1.47942
1.22766 -3.62574 4.55288
-3.70388 4.28438 -0.192693
4.74866 1.0485 -0.661577
-4.64296 0.564848 -3.92492
-4.66119 2.99346 4.91889
2.07177 -4.75607 -3.46429
-4.63555 2.44944 -1.31506
4.97903 -3.26409 -4.69247
-3.73393 3.45279 -3.14084
-3.90614 -3.87582 -2.0622
3.83155 0.75306 3.59571
-3.73112 -2.03335 1.54748
