-3.59095 -2.08268 -4.91225
-0.847381 -0.456455 -0.249653
-4.6851 -4.24315 1.26759
0.698295 -4.1267 -0.805447
3.82347 -1.84875 -4.01938
-2.26024 4.15916 2.66062
1.38157 1.87956 0.396984
3.8467 1.93051 -2.81234
2.02911 -1.62602 3.12784
-3.46523 3.28363 1.58361
-4.66536 -4.02961 1.61076
4.86869 1.23459 3.23176
-2.14173 0.512491 0.285329
-0.327132 3.93269 -1.81198
-2.09911 3.05079 2.1302
2.25623 3.87065 -3.75592
0.730846 -0.943336 3.98403
3.40591 -2.16751 3.82136
2.55061 3.97188 -3.21694
-2.0186 1.88361 -4.75633
-3.92061 -3.47799 -2.63371
-1.7362 -3.36534 2.71907
1.66241 -4.48586 -4.07643
2.94946 4.63196 1.48784
2.69392 -4.38054 -3.18753
-3.18382 -4.59935 -2.06385
-2.42624 0.0192214 4.05032
-1.67317 -4.2069 4.99091
-3.85675 3.13335 4.78704
2.68729 4.0307 3.82389
1.5121 4.2809 -0.868119
-0.940286 2.93963 1.19166
-2.03434 -0.425977 0.678464
-2.38707 2.20694 4.72927
2.41659 -1.75561 -3.70214
-4.21393 2.21048 -4.75294
3.80652 3.71089 0.673103
4.88121 -4.25386 -2.12332
4.0418 2.73346 -2.26047
-1.27595 4.09717 -1.56452
-3.63399 0.633213 3.67264
-1.91777 3.19263 2.27776
-4.3807 -4.87858 -4.67219
4.71385 -4.10543 -0.93666
-3.71898 4.94069 1.24597
-3.59914 1.20561 -1.80418
-2.70481 3.71457 4.46714
-3.2734 -1.49693 4.90064
-3.91347 -3.7362 3.88884
-1.057 4.49404 2.37013
4.21408 -0.793512 1.81614
-3.31519 0.454926 -2.01015
4.82157 3.99115 2.72105
4.29241 1.41229 -2.80246
-3.90729 2.10816 -4.5784
4.57123 -0.307378 -4.38116
-2.66088 -1.82278 -4.20841
4.02137 -1.11204 -1.74231
-4.97515 4.20967 4.10812
3.64197 -3.97249 3.70726
1.34721 2.10507 -1.83587
2.33474 -3.57476 0.735671
-1.83469 0.521962 -1.88776
3.622 -1.76199 -3.66456
-2.59112 -3.31106 -0.900284
-1.08004 4.91667 4.72128
-2.22734 3.5586 3.73653
-4.01674 2.12926 4.65005
3.48912 -1.0864 -0.303564
-3.56278 -3.52509 2.99032
-0.46577 3.10248 3.82936
-4.64941 -3.81169 -3.65992
1.34903 2.53944 4.83422
-0.628928 -2.7718 -4.05881
-2.73116 4.94092 -2.22803
4.8645 4.79787 -2.7026
-2.40413 3.47121 0.256846
2.87177 3.9655 -3.304
-3.47796 -4.27358 -0.520917
-2.70365 3.81492 4.89931
2.16165 -0.497004 0.244885
-4.75699 0.439842 2.95315
-0.255422 -4.71043 -4.80598
4.35157 4.52255 -4.34505
-1.61655 1.94402 4.9072
-2.89954 0.318939 -4.71709
4.60078 3.28619 -4.99548
-3.7142 1.13402 -1.53519
1.21343 -3.59375 4.52628
-3.72147 4.3241 -0.197814
4.73059 1.04808 -0.663399
-4.60152 0.586214 -3.94584
-4.56446 3.03774 4.93535
2.22073 -4.75488 -3.42686
-4.59773 2.50624 -1.31169
4.96688 -3.19894 -4.67403
-3.74891 3.49404 -3.13913
-3.81716 -3.90354 -2.01908
3.81711 0.679479 3.57039
-3.83169 -2.02662 1.49858
