-3.85215 -1.92723 -4.59685
-0.676939 -0.418047 -0.0628817
-4.70431 -4.20044 1.30145
0.62468 -4.16731 -0.815506
3.79916 -1.91492 -3.91817
-2.13772 4.29966 2.74968
1.3911 1.76924 -0.599842
4.07443 1.67685 -2.72073
1.99168 -1.57468 3.20587
-3.34257 3.16691 1.39882
-4.58911 -4.19589 1.67604
4.72781 1.31009 3.7347
-2.16823 0.412781 0.21108
-0.72897 3.62658 -1.79102
-2.05013 2.87006 1.97927
2.28935 3.96704 -3.76067
0.734555 -1.09621 3.91003
3.41048 -2.19507 3.79911
2.4405 3.96737 -3.09663
-1.99998 1.84966 -4.60226
-3.74124 -3.40781 -2.52646
-1.67183 -3.57035 2.88674
1.84707 -4.43397 -4.04864
3.02625 4.50877 1.44042
2.69942 -4.36015 -3.46541
-3.33934 -4.79195 -2.12369
-2.43118 0.0736324 4.04874
-1.68269 -4.26375 -4.98168
-3.87353 3.26606 4.99404
2.84148 3.73999 3.55483
1.63082 4.51623 -1.15358
-1.23572 2.66409 0.577617
-1.76496 -0.265383 0.911192
-2.43358 2.20217 4.47816
2.3847 -1.79291 -3.92567
-4.28952 2.33242 -4.85647
3.77051 3.66061 0.675415
-4.926 -4.07588 -2.13542
4.01728 2.65166 -2.42044
-1.63254 4.16862 -1.4346
-3.7645 0.590914 3.79621
-1.76508 3.06596 2.23135
-4.21028 -4.94323 -4.683
4.58128 -3.93156 -1.03378
-3.52052 4.80906 0.849932
-3.8844 -1.37087 -1.76623
-2.70391 3.5823 4.58281
-3.1496 -1.62334 -4.87401
-3.97289 -3.84145 3.77821
-1.00619 4.3501 2.29591
4.00586 -0.751114 1.79124
-3.41148 0.455936 -2.05713
-4.99276 3.95172 2.6027
4.2555 1.42735 -2.82312
-3.91875 2.37591 -4.68797
4.70019 -0.297175 -4.37511
-2.70875 -1.84735 -4.18175
3.88298 -0.833669 -1.8447
4.95048 4.33342 4.158
3.57536 -4.15194 3.5916
1.26103 2.04544 -1.84674
2.25695 -3.58451 1.43273
-1.55533 0.643887 -1.98024
3.64894 -1.8286 -3.74052
-2.54616 -3.29472 -1.0285
-1.17397 4.98292 -4.06249
-2.21729 -1.14535 3.98049
-4.15762 1.91757 4.79654
3.63602 -0.949158 -0.668574
-3.49925 -3.62175 2.9396
-1.16178 3.07431 3.50286
-4.68358 -3.6092 -3.61403
1.48646 2.653 4.89459
-0.899726 -2.75708 -4.11737
-2.78506 -4.86019 -3.24048
4.84142 4.66215 -2.63118
-2.37417 3.75712 0.453516
2.78107 3.93755 -3.24361
-3.35859 -4.25582 -0.487038
-2.7565 3.77469 4.85138
2.19261 -0.464187 0.21465
-4.91922 0.323152 3.04803
-0.415079 -4.59295 -4.75893
4.49724 4.3712 -4.17689
-1.66998 1.81987 4.73937
-2.94361 0.337562 -4.72636
4.60289 3.36351 -4.59085
-3.82607 1.20466 -1.69919
1.17118 -3.5003 4.45211
-3.77685 4.44863 -0.213214
4.68042 1.0468 -0.668614
-4.48451 0.649998 -4.01254
-4.29384 3.17469 -4.98131
2.66773 -4.76008 -3.31607
-4.48948 2.67796 -1.3017
4.93732 -3.00518 -4.62235
-3.80016 3.62378 -3.13984
-3.55711 -3.99446 -1.89155
3.77805 0.458603 3.49747
-4.13761 -2.00798 1.35294
