-3.94264 -1.87634 -4.49613
-0.619996 -0.405378 -0.000650837
-4.71214 -4.18795 1.31188
0.600202 -4.18174 -0.81884
3.79334 -1.93791 -3.8868
-2.09721 4.34803 2.78016
1.3944 1.73255 -0.932037
4.15102 1.59347 -2.69037
1.97952 -1.55776 3.23258
-3.30243 3.12847 1.33741
-4.56502 -4.25344 1.69991
4.68405 1.33544 3.90352
-2.17745 0.37964 0.186294
-0.86267 3.52556 -1.78441
-2.03485 2.80948 1.92851
2.30036 4.0006 -3.7634
0.735824 -1.1472 3.88589
3.41257 -2.20448 3.79258
2.40268 3.96871 -3.05592
-1.99385 1.83843 -4.55782
-3.68235 -3.38483 -2.49115
-1.65038 -3.63942 2.94316
1.90862 -4.41784 -4.0402
3.05264 4.46914 1.42491
2.7023 -4.35466 -3.55878
-3.39194 -4.85854 -2.14388
-2.43328 0.091116 4.05142
-1.68607 -4.28511 -4.97334
-3.88018 3.31174 -4.91907
2.89378 3.64445 3.46675
1.67078 4.59684 -1.24865
-1.33391 2.57271 0.372897
-1.67531 -0.212184 0.989154
-2.44972 2.20113 4.40053
2.3742 -1.80551 -4.00094
-4.31789 2.37338 -4.90615
3.75928 3.64432 0.676246
-4.86495 -4.0193 -2.13972
4.01158 2.62555 -2.47409
-1.75158 4.19464 -1.39149
-3.80965 0.576659 3.8396
-1.71262 3.02556 2.21798
-4.1552 -4.96733 -4.68846
4.5421 -3.87564 -1.06586
-3.45524 4.76871 0.718252
-3.98159 1.1041 -1.75276
-2.70378 3.53866 4.62234
-3.10909 -1.66558 -4.79907
-3.99393 -3.87778 3.74309
-0.989059 4.30292 2.27142
3.93741 -0.737067 1.78314
-3.44411 0.456118 -2.07303
-4.93062 3.94058 2.56432
4.24589 1.43127 -2.83092
-3.92279 2.46538 -4.73177
4.74506 -0.293861 -4.37406
-2.72488 -1.8558 -4.17371
3.83822 -0.741032 -1.87905
4.92915 4.37665 4.17732
3.55467 -4.21374 3.55472
1.23238 2.02569 -1.85055
2.23144 -3.58869 1.66526
-1.46222 0.684517 -2.01133
3.65754 -1.85033 -3.76484
-2.53127 -3.28979 -1.07119
-1.2053 -4.99112 -3.65836
-2.21391 -2.71327 4.06301
-4.20764 1.84621 4.87674
3.68576 -0.903572 -0.79011
-3.47857 -3.6548 2.92329
-1.39339 3.06565 3.39543
-4.69905 -3.54346 -3.59988
1.53245 2.69117 4.91605
-0.989947 -2.75248 -4.13743
-2.80354 -4.7973 -3.57918
4.83666 4.61968 -2.60772
-2.3645 3.85394 0.518987
2.75273 3.92987 -3.22423
-3.31944 -4.25197 -0.475572
-2.77506 3.76496 4.8421
2.20308 -0.453293 0.204636
-4.97823 0.283987 3.08067
-0.468015 -4.55692 -4.74474
4.54888 4.32355 -4.12282
-1.68712 1.77854 4.69326
-2.95873 0.343639 -4.73196
4.60723 3.39007 -4.45887
-3.86496 1.22845 -1.75394
1.15724 -3.46993 4.42924
-3.79613 4.49207 -0.218364
4.66495 1.0464 -0.670251
-4.44793 0.671188 -4.03612
-4.20948 3.22192 -4.96708
2.81698 -4.76523 -3.27936
-4.45497 2.73568 -1.29838
4.92979 -2.94111 -4.6062
-3.81949 3.66942 -3.14176
-3.47111 -4.02743 -1.85011
3.76656 0.384939 3.47416
-4.24106 -2.00225 1.30481
