-4.03504 -1.82573 -4.39655
-0.562986 -0.392773 0.0615784
-4.72067 -4.17609 1.32199
0.575757 -4.19661 -0.822155
3.78941 -1.9619 -3.857
-2.05683 4.39726 2.81109
1.39778 1.69589 -1.26416
4.22775 1.51148 -2.65905
1.96753 -1.54092 3.25967
-3.2626 3.09024 1.27613
-4.54146 -4.31229 1.72471
4.64179 1.36086 4.07313
-2.18687 0.346502 0.16151
-0.996264 3.42507 -1.77796
-2.01989 2.74884 1.87769
2.31139 4.03492 -3.76669
0.737104 -1.1982 3.862
3.41495 -2.214 3.7865
2.36438 3.97141 -3.0149
-1.98774 1.82727 -4.51549
-3.62382 -3.36206 -2.45599
-1.62891 -3.70887 2.99987
1.97017 -4.40229 -4.03214
3.07948 4.43022 1.40955
2.70551 -4.34996 -3.65268
-3.44496 -4.92642 -2.16419
-2.4355 0.108461 4.05565
-1.68952 -4.3071 -4.96594
-3.88699 3.35839 -4.83421
2.9466 3.54953 3.37941
1.71094 4.67864 -1.34366
-1.432 2.48157 0.168174
-1.58571 -0.159113 1.06734
-2.46612 2.20035 4.3254
2.36377 -1.81818 -4.07664
-4.34779 2.41451 -4.96167
3.74847 3.62827 0.677114
-4.80605 -3.96386 -2.14412
4.00711 2.6 -2.5279
-1.87069 4.22192 -1.34845
-3.85562 0.562329 3.88424
-1.65965 2.98584 2.20542
-4.10094 -4.99273 -4.69474
4.5053 -3.82067 -1.09779
-3.39031 4.73001 0.586783
-4.08249 3.57623 -1.73927
-2.70361 3.49508 4.66302
-3.069 -1.70787 -4.72537
-4.01559 -3.91474 3.70884
-0.97181 4.25614 2.24708
3.86943 -0.723057 1.77515
-3.47696 0.45615 -2.08905
-4.87005 3.93049 2.52659
4.23805 1.43387 -2.84014
-3.92705 2.55503 -4.77785
4.79093 -0.290593 -4.37349
-2.74108 -1.86436 -4.16596
3.79412 -0.648475 -1.91354
4.90957 4.42094 4.19822
3.53476 -4.27656 3.51867
1.20377 2.00602 -1.85447
2.20615 -3.59332 1.89793
-1.3691 0.725141 -2.04253
3.66527 -1.87132 -3.78826
-2.51642 -3.2851 -1.11385
-1.2366 -4.96586 -3.25453
-2.21059 -4.28135 4.14634
-4.25933 1.77434 4.97224
3.73592 -0.858081 -0.911548
-3.45811 -3.68825 2.90729
-1.62484 3.0574 3.28878
-4.71652 -3.4785 -3.58622
1.57852 2.72951 4.93822
-1.08014 -2.74797 -4.15778
-2.82237 -4.73588 -3.91857
4.83332 4.57845 -2.58436
-2.35492 3.95164 0.584479
2.72521 3.923 -3.20517
-3.28057 -4.24924 -0.464023
-2.79421 3.75768 4.83731
2.21363 -0.442422 0.194658
4.96054 0.244728 3.11389
-0.520831 -4.52147 -4.73123
4.60219 4.2773 -4.0695
-1.70402 1.73724 4.6505
-2.97408 0.349657 -4.7387
4.61322 3.41703 -4.32764
-3.90184 1.25543 -1.80875
1.14338 -3.43989 4.40725
-3.81583 4.53652 -0.223532
4.65019 1.04602 -0.671807
-4.41256 0.692344 -4.06043
-4.12804 3.26992 -4.95559
2.9666 -4.77198 -3.24266
-4.4212 2.79368 -1.29504
4.92345 -2.87727 -4.59056
-3.84005 3.71642 -3.14421
-3.38571 -4.06135 -1.80863
3.75593 0.311266 3.45134
-4.34528 -1.99674 1.25687
