-4.63978 -1.52733 -3.81829
-0.219685 -0.318544 0.435049
-4.78525 -4.1164 1.38025
0.429866 -4.29462 -0.841575
3.82056 -2.14588 -3.68544
-1.81609 4.71411 3.00631
1.42134 1.47363 -3.25709
4.71631 1.02382 -2.44598
1.89881 -1.44136 3.43062
-3.02991 2.86495 0.910297
-4.41257 -4.69614 1.88615
4.41654 1.51438 -4.88449
-2.24775 0.146665 0.0131022
-1.7966 2.83287 -1.74293
-1.93419 2.3851 1.57257
2.37873 4.25788 -3.79703
0.744587 -1.50455 3.72434
3.43503 -2.2736 3.75966
2.1275 4.01208 -2.76372
-1.95135 1.76166 -4.2915
-3.27916 -3.23164 -2.24786
-1.49981 -4.13543 3.34754
2.33799 -4.32194 -3.99122
3.24981 4.21075 1.32065
2.73483 -4.34366 -4.22625
-3.77476 4.66624 -2.28949
-2.45274 0.208752 4.11376
-1.71099 -4.45494 -4.94613
-3.93824 3.65911 -4.3607
3.27481 2.99087 2.86875
1.9561 -4.81208 -1.91237
-2.02094 1.93896 -1.05998
-1.04898 0.157267 1.54097
-2.57194 2.19791 3.91366
2.30286 -1.89594 -4.5414
-4.55757 2.66285 4.79831
3.69181 3.53634 0.682951
-4.49221 -3.65552 -2.17347
4.00555 2.45678 -2.85576
-2.58699 4.41792 -1.09153
-4.15813 0.474325 4.18312
-1.33329 2.75755 2.14158
-3.79119 4.86412 -4.75201
4.33138 -3.51074 -1.28639
-3.00679 4.53165 -0.197573
-4.71174 -1.59121 -1.65769
-2.70087 3.23343 4.94277
-2.84129 -1.96393 -4.31187
-4.15898 -4.1525 3.52056
-0.865841 3.98319 2.10356
3.4684 -0.639763 1.72921
-3.68101 0.454327 -2.18695
-4.53621 3.89313 2.31226
4.20547 1.44513 -2.9301
-3.96225 3.09421 4.88563
-4.91296 -0.272229 -4.38087
-2.83906 -1.91904 -4.11978
3.54148 -0.0941545 -2.12445
4.82705 4.70755 4.35399
3.43102 -4.67653 3.31852
1.03074 1.89253 -1.87988
2.05829 -3.62993 3.29801
-0.81034 0.968582 -2.23221
3.68093 -1.96515 -3.93354
-2.42791 -3.26302 -1.3692
-1.42342 -4.8313 -0.835056
-2.19101 -3.68907 4.66974
-4.61562 1.3393 -4.45663
4.04716 -0.587846 -1.63743
-3.33977 -3.8985 2.81782
-3.01507 3.01627 2.66355
-4.86516 -3.10633 -3.51377
1.85673 2.96363 -4.92085
-1.62081 -2.72357 -4.28568
-2.94346 -4.41098 4.03132
4.84401 4.35307 -2.4462
-2.29799 4.55949 0.980062
2.57327 3.89592 -3.09686
-3.05218 -4.26195 -0.39257
-2.92223 3.76186 4.90282
2.27861 -0.377716 0.135533
4.62783 0.0075392 3.32686
-0.835015 -4.32146 -4.664
4.96309 4.02564 -3.76643
-1.80142 1.48957 4.4422
-3.07179 0.384133 -4.80518
4.68012 3.58517 -3.55484
-4.1442 1.42025 -2.13936
1.06133 -3.26661 4.29278
-3.94427 4.82606 -0.254634
4.57428 1.04396 -0.679473
-4.22644 0.817901 -4.22242
-3.68562 3.57106 4.99025
3.87354 -4.84158 -3.02446
-4.23339 3.14626 -1.27419
4.91121 -2.49953 -4.50688
-3.99606 4.02251 -3.17179
-2.88211 -4.30035 -1.56093
3.70026 -0.130917 3.3246
-4.98984 -1.96862 0.97314
