-4.75013 -1.47841 -3.72477
-0.162264 -0.306385 0.497319
-4.79804 -4.10831 1.38994
0.405722 -4.31214 -0.844744
3.83135 -2.1805 -3.65537
-1.77605 4.77133 3.04043
1.42563 1.43648 -3.58978
4.80348 0.942097 -2.41003
1.88797 -1.42494 3.46069
-2.99204 2.82806 0.84952
-4.39336 -4.76564 1.9144
4.3846 1.54015 -4.7081
-2.25855 0.113105 -0.0115169
-1.92995 2.73576 -1.73783
-1.92027 2.3246 1.5218
2.39028 4.29808 -3.80355
0.74578 -1.55568 3.70233
3.43941 -2.28397 3.75683
2.08725 4.02296 -2.72121
-1.9453 1.75094 -4.25786
-3.22265 -3.21115 -2.21367
-1.47818 -4.20866 3.40686
2.3988 -4.31073 -3.98528
3.27979 4.17651 1.30638
2.74211 -4.34638 -4.32417
-3.83227 4.60306 -2.31103
-2.45623 0.224901 4.12894
-1.71472 -4.48253 -4.94778
-3.95066 3.71162 -4.29309
3.33156 2.89929 2.78563
1.99768 -4.72992 -2.00695
-2.11948 1.84906 -1.26463
-0.959575 0.209759 1.62062
-2.59056 2.19801 3.84963
2.2931 -1.90919 -4.621
-4.5972 2.70448 4.77204
3.6837 3.52172 0.68399
-4.44543 -3.60804 -2.17902
4.00954 2.43444 -2.91153
-2.70678 4.45748 -1.04917
-4.21275 0.459361 4.2389
-1.27775 2.72086 2.13258
-3.74191 4.84407 -4.76591
4.30971 -3.4622 -1.31741
-2.94371 4.50443 -0.327718
-4.82136 0.879637 -1.64391
-2.70014 3.19011 4.99537
-2.80559 -2.00802 -4.25248
-4.18524 -4.19507 3.49163
-0.847785 3.93891 2.08005
3.40265 -0.625987 1.72186
-3.71637 0.453694 -2.20355
-4.48492 3.89124 2.27819
4.20288 1.44742 -2.94721
-3.97029 3.18417 4.8361
-4.86316 -0.2694 -4.38403
-2.8555 -1.92815 -4.10966
3.50125 -0.00181433 -2.1603
4.81892 4.75894 4.38445
3.41633 -4.74728 3.2876
1.00187 1.87412 -1.8841
2.03427 -3.63746 3.53246
-0.71715 1.0091 -2.26425
3.68235 -1.97802 -3.96106
-2.41323 -3.2604 -1.41172
-1.45427 -4.81224 -0.432051
-2.18791 4.74259 4.76155
-4.68442 1.26727 -4.37384
4.10142 -0.543365 -1.75798
-3.32072 -3.93524 2.80384
-3.24775 3.01092 2.56118
-4.89768 -3.04716 -3.50332
1.90344 3.00342 -4.89853
-1.71082 -2.72002 -4.30834
-2.96503 -4.36409 3.69331
4.8511 4.31885 -2.42348
-2.28857 4.66535 1.04668
2.54962 3.89354 -3.07962
-3.01485 -4.26969 -0.38027
-2.94497 3.76891 4.92781
2.28975 -0.367008 0.12579
4.5781 -0.0321594 3.36488
-0.886851 -4.29016 -4.65526
-4.96815 3.98781 -3.71937
-1.81714 1.44837 4.41344
-3.08892 0.389622 -4.82097
4.69597 3.61408 -3.42812
-4.18908 1.44824 -2.1949
1.0478 -3.23883 4.27652
-3.96754 4.8784 -0.259694
4.56369 1.04368 -0.680444
-4.19899 0.838453 -4.25227
-3.61597 3.62439 4.96278
4.02658 -4.85783 -2.98864
-4.20445 3.20579 -1.27061
4.91382 -2.43743 -4.49468
-4.02929 4.07695 -3.17913
-2.79939 -4.34791 -1.52021
3.69236 -0.204631 3.30517
4.89926 -1.96477 0.926434
