-4.98019 -1.38121 -3.53948
-0.0472757 -0.282237 0.621895
-4.82545 -4.09378 1.40946
0.357606 -4.34811 -0.851058
3.85595 -2.25101 -3.59485
-1.69589 4.89138 3.10997
1.43442 1.36228 -4.25578
4.98753 0.778444 -2.33864
1.86684 -1.3922 3.52243
-2.91697 2.75486 0.728061
-4.35714 -4.91014 1.97168
4.32643 1.5919 -4.35802
-2.28073 0.0457205 -0.0605899
-2.19673 2.54275 -1.72829
-1.89259 2.20379 1.42042
2.41387 4.38126 -3.81768
0.748079 -1.65805 3.65915
3.44908 -2.30511 3.7526
2.00654 4.04819 -2.63582
-1.93319 1.72962 -4.193
-3.11034 -3.1712 -2.14566
-1.43472 -4.35813 3.52695
2.52036 -4.29024 -3.97376
3.34116 4.11008 1.27836
2.7586 -4.3551 -4.52308
-3.94999 4.48001 -2.35465
-2.46361 0.25661 4.16439
-1.72234 -4.54254 -4.95656
-3.97807 3.81816 -4.16903
3.44707 2.71723 2.62086
2.08153 -4.57067 -2.19603
-2.31717 1.66925 -1.674
-0.78077 0.314582 1.78054
-2.62842 2.19873 3.72462
2.27402 -1.93597 -4.7825
-4.67973 2.78808 4.72427
3.66863 3.49303 0.686087
-4.35593 -3.51625 -2.19049
4.02221 2.39101 -3.02421
-2.9468 4.5437 -0.965667
-4.32533 0.429195 4.35673
-1.16593 2.64849 2.11584
-3.64477 4.80667 -4.79874
4.27119 -3.36762 -1.37917
-2.81834 4.4556 -0.5871
4.94984 -4.1784 -1.61598
-2.69873 3.10377 -4.90668
-2.73045 -2.10357 -4.14518
-4.23995 -4.28301 3.43555
-0.811357 3.85137 2.03334
3.27181 -0.598518 1.70743
-3.78859 0.452108 -2.23696
-4.3857 3.89209 2.21117
4.20144 1.45209 -2.98236
-3.98832 3.36449 4.74222
-4.76598 -0.264003 -4.39203
-2.89198 -1.94265 -4.0845
3.42249 0.182786 -2.23239
4.80773 4.86512 4.44885
3.38917 -4.89245 3.22765
0.944303 1.83752 -1.89258
1.98682 -3.65384 4.00304
-0.530656 1.0901 -2.32872
3.68657 -2.00344 -4.01812
-2.3839 -3.25611 -1.49675
-1.51566 -4.77719 0.374023
-2.18146 1.60981 4.95431
-4.83247 1.1239 -4.21375
4.21253 -0.455016 -1.99892
-3.28328 -4.01029 2.77645
-3.71436 3.00154 2.35754
-4.96995 -2.93109 -3.4837
1.99727 3.08377 -4.85538
-1.89078 -2.7135 -4.35466
-3.009 -4.27581 3.0206
4.87156 4.25344 -2.37822
-2.26997 4.88267 1.1806
2.50356 3.89038 -3.04572
-2.94083 -4.29041 -0.355317
-2.9906 3.78707 4.99113
2.31231 -0.345667 0.106387
4.4834 -0.111611 3.44349
-0.989989 -4.22959 -4.64005
-4.85204 3.91526 -3.6289
-1.84827 1.36601 4.36004
-3.12378 0.400355 -4.8566
4.74369 3.67298 -3.17587
-4.28418 1.50475 -2.3065
1.02076 -3.18417 4.24636
-4.0157 4.98678 -0.269583
4.54503 1.04318 -0.682009
-4.14613 0.87921 -4.31461
-3.47895 3.73383 4.92216
4.33521 -4.89488 -2.91757
-4.14845 3.32561 -1.26338
4.92322 -2.3139 -4.47179
-4.10127 4.18903 -3.19666
-2.63462 -4.45056 -1.43949
3.67767 -0.352122 3.26775
4.68078 -1.95782 0.833456
