4.66668 -1.2367 -3.26529
0.125497 -0.246393 0.808909
-4.8712 -4.07625 1.4393
0.285811 -4.40438 -0.860456
3.89875 -2.35927 -3.50414
-1.57559 -4.91228 3.21819
1.44812 1.25124 4.74319
-4.73318 0.532382 -2.23205
1.83639 -1.34325 3.61979
-2.80592 2.64673 0.546186
-4.30856 4.86228 2.05959
4.2536 1.67034 -3.83836
-2.31546 -0.0559345 -0.133689
-2.59765 2.25631 -1.71486
-1.85151 2.02323 1.26896
2.45046 4.51333 -3.84137
0.751263 -1.81191 3.59649
3.46573 -2.33792 3.75006
1.88505 4.09408 -2.50698
-1.91492 1.69809 -4.10276
-2.94409 -3.11359 -2.0445
-1.36905 -4.59214 3.71189
2.70337 -4.26462 -3.95786
3.43688 4.01563 1.23778
2.78666 -4.37642 -4.82998
-4.13651 4.30381 -2.42076
-2.47602 0.302711 4.23502
-1.73457 -4.63998 -4.97775
-4.0256 3.98202 -4.00005
3.62566 2.44654 2.37714
2.20888 -4.3441 -2.47975
-2.61571 1.39899 -2.28894
-0.512463 0.47156 2.02219
-2.68695 2.20164 3.54603
2.24634 -1.9768 4.96827
-4.81112 2.9147 4.664
3.64884 3.45139 0.68923
-4.23536 -3.38549 -2.20858
4.05324 2.32931 -3.1961
-3.3124 4.69748 -0.844935
-4.503 0.383515 4.55199
-0.996742 2.54271 2.09405
-3.50235 4.75724 -4.86015
4.22381 -3.23119 -1.47098
-2.62959 4.39659 -0.972367
4.61588 3.2306 -1.57358
-2.69686 2.97539 -4.79265
-2.61012 -2.25955 -3.99311
-4.32766 -4.42235 3.35614
-0.755996 3.72298 1.96421
3.07697 -0.557473 1.6865
-3.90135 0.449053 -2.28742
-4.24482 3.90731 2.11372
4.20991 1.45923 -3.03671
-4.02028 3.63689 4.61548
-4.62676 -0.256644 -4.40874
-2.95568 -1.95853 -4.04599
3.30834 0.459551 -2.34116
4.80309 -4.96676 4.55461
3.3538 4.88283 3.14252
0.858355 1.78318 -1.90546
1.91704 -3.68202 4.71617
-0.250656 1.21161 -2.42623
3.69606 -2.04158 -4.10803
-2.3401 -3.25198 -1.62415
-1.60686 -4.73402 1.58336
-2.17159 -3.08892 -4.74524
4.91586 0.909511 -3.98438
4.3866 -0.32372 -2.36018
-3.2307 -4.12536 2.73752
-4.41843 2.99071 2.05499
4.91459 -2.76223 -3.4572
2.13916 3.20643 -4.79431
-2.16067 -2.70535 -4.42657
-3.07335 -4.15679 2.01632
4.91918 4.16445 -2.31019
-2.24346 -4.77225 1.38359
2.437 3.88946 -2.99619
-2.83144 -4.33342 -0.316903
-3.05608 3.82354 -4.97097
2.34673 -0.313808 0.0774708
4.35287 -0.230692 3.56843
-1.14359 -4.1427 -4.62183
-4.71988 3.81316 -3.50137
-1.894 1.24264 4.29056
-3.17789 0.415906 -4.92106
4.84698 3.76506 -2.79956
-4.44079 1.59096 -2.47482
0.979975 -3.10427 4.20705
-4.09242 -4.84923 -0.283675
4.52132 1.04264 -0.683511
-4.07189 0.940271 -4.41562
-3.28079 3.90492 4.96695
4.80604 -4.96449 -2.81248
-4.06958 3.50785 -1.2522
4.94573 -2.13008 -4.44106
-4.22619 4.36752 -3.22903
-2.3887 -4.62522 -1.32008
3.65824 -0.573641 3.21507
4.36053 -1.94917 0.695159
