-4.57058 1.87929 -0.920203
-2.80383 4.7031 1.64646
-4.82255 -1.40893 -0.014387
-4.95768 4.96919 0.0405672
4.82908 -1.47261 4.60643
2.2409 0.79356 4.78755
0.421033 -4.78561 1.33212
2.26898 4.67274 2.67881
4.78062 2.52658 -2.2692
2.87313 -4.7638 -1.66333
4.951 2.05063 2.37607
4.82877 1.31807 4.06992
-0.530761 2.88356 -0.553996
-2.45282 -1.63181 -4.15493
4.62421 4.55612 4.69794
0.202542 0.14155 -2.20607
0.0594903 -2.67444 -4.86278
-4.78855 -0.120781 -1.50144
-4.52195 0.224928 -0.755454
4.26416 2.77383 2.65416
-3.94366 4.97317 1.7447
1.47079 2.46339 1.98112
4.39019 -2.9691 -2.34766
0.290849 0.894726 3.69226
4.04525 -2.65238 -1.09577
-0.308928 -2.53417 -3.77597
0.868924 3.33305 -4.93337
0.0830182 -4.78397 2.38531
-4.88807 1.1617 3.50872
-3.11804 2.22066 -4.98205
-2.26927 4.93344 -1.22417
2.52958 -4.61603 -3.48232
-1.83835 4.7055 1.34812
2.04823 -1.18779 -1.52152
-3.85222 0.803574 3.47075
-4.71096 0.594304 -4.3328
-0.84374 -3.99004 0.408472
-0.166749 -0.535201 -4.00056
-3.33472 -2.14273 1.15437
1.97671 1.02894 3.21609
-0.386173 -1.21513 -3.72197
-4.78406 -1.0543 4.40159
-0.833673 -4.24017 3.91437
-3.81377 4.70745 -1.81646
-3.85108 3.92898 -0.958902
-0.461201 3.30126 4.69533
-2.93104 1.85069 4.33368
4.43045 -0.461924 -0.127244
3.61172 2.81235 -0.684051
1.54432 -0.813072 3.25858
2.33653 -4.74498 -4.90724
-2.32925 0.258707 -0.141239
-1.05935 0.770744 4.39076
2.76754 3.92585 1.87064
2.35228 2.43998 4.93841
0.46426 -0.479058 4.45071
-0.0238067 1.73473 1.55764
-4.79739 4.12968 4.5339
-4.13778 -0.675329 -4.80487
-0.567045 -2.15291 -0.129314
-0.562995 -0.566314 3.03275
-3.04087 -4.9173 -4.16708
1.27712 -4.99872 -4.87328
2.56086 -2.09065 -1.05172
2.06354 -3.4539 3.44797
3.71045 -4.87462 4.86998
1.51885 -3.31006 -3.41393
-1.19424 -4.58979 -4.85017
-2.32982 1.96458 -2.64797
3.22916 -0.881605 -2.64038
4.44871 -3.82292 -4.78343
3.84133 -4.65412 -1.31969
-3.38955 3.51935 -4.04815
-2.47281 -2.99473 -4.59093
1.61228 2.20198 3.16214
2.91218 1.66804 1.07753
1.1681 -3.489 -2.1915
-4.12023 2.74997 0.228319
1.04274 -1.98308 1.90674
-3.9572 -0.478339 3.99319
0.72211 2.41997 -2.2425
0.47245 -2.29311 0.692966
-0.671612 -2.76533 -1.63044
-0.511092 -0.364141 -1.41466
4.88337 -1.57497 -3.05658
2.07904 -0.0216344 2.08819
4.96182 -0.558593 -4.66916
-0.321083 -0.0147052 1.32677
1.16416 -4.8511 -4.65731
-1.34296 0.35298 -0.00502688
4.83082 -2.48164 1.24824
-4.74587 -2.65824 -4.67479
4.44529 1.86785 -0.840895
4.90506 -3.80015 1.95849
-0.644581 0.783149 2.37636
2.25224 -2.47217 2.39987
-4.4401 0.0228377 4.38467
-3.60108 3.33698 2.35114
4.79531 0.83866 0.0224058
0.96253 -1.26261 -3.67073
