4.22448 -1.04674 -2.90632
0.356206 -0.199146 1.05854
-4.94074 -4.0631 1.48041
0.190737 -4.48367 -0.872876
3.96121 -2.50773 -3.3856
-1.41556 -4.65809 3.37002
1.46726 1.10387 3.41121
-4.39564 0.202995 -2.08985
1.79762 -1.27795 3.75665
-2.66056 2.50612 0.304358
-4.25485 4.58767 2.18108
4.17402 1.77683 -3.15487
-2.36452 -0.192369 -0.230106
-3.13577 1.87871 -1.6971
-1.79755 1.78407 1.06826
2.50148 4.70438 -3.87811
0.75496 -2.01766 3.51605
3.49166 -2.38399 3.75286
1.72266 4.16833 -2.33455
-1.8906 1.65695 -3.98884
-2.72715 -3.04025 -1.91119
-1.28014 -4.91191 3.97159
2.94985 -4.24113 -3.94269
3.57228 3.89854 1.18674
2.82913 -4.42007 4.75124
-4.42384 4.08439 -2.5093
-2.49551 0.361667 4.36284
-1.75142 -4.78436 4.98057
-4.10136 4.21015 -3.79386
3.87528 2.08843 2.05756
2.38155 -4.06333 -2.85989
-3.01896 1.03864 -3.11281
-0.154417 0.680864 2.34778
-2.7687 2.20997 3.32321
2.21089 -2.03254 4.64142
-4.99993 3.08715 4.60287
3.62774 3.39798 0.693135
-4.09707 -3.22278 -2.23416
4.11684 2.2563 -3.43182
-3.81211 4.96471 -0.684215
-4.76076 0.322312 4.85584
-0.769092 2.40788 2.07077
-3.31824 4.70627 -4.96646
4.17765 -3.05897 -1.59233
-2.37762 4.35174 -1.4858
4.19413 3.10665 -1.51555
-2.69541 2.80705 -4.6628
-2.44993 -2.47542 -3.79436
-4.45535 -4.62367 3.25884
-0.681038 3.55882 1.87365
2.81952 -0.502994 1.65971
-4.05911 0.444015 -2.35546
-4.06968 3.94632 1.98958
4.2414 1.46771 -3.11004
-4.07191 4.00688 4.47477
-4.45651 -0.248367 -4.44256
-3.05039 -1.97752 -3.99917
3.16316 0.828157 -2.48766
4.81878 -4.75254 4.71348
3.31649 4.59576 3.0375
0.744546 1.71188 -1.92298
1.82521 -3.72687 -4.32021
0.122798 1.37388 -2.55799
3.71228 -2.09355 -4.23691
-2.28127 -3.25092 -1.79339
-1.72656 -4.68593 3.1976
-2.15978 0.642179 -4.35552
4.60336 0.623101 -3.6961
4.63867 -0.1505 -2.84267
-3.16478 -4.28597 2.69217
4.63202 2.98108 1.65596
4.78286 -2.54591 -3.42738
2.33061 3.37437 -4.72058
-2.52102 -2.69711 -4.52749
-3.16143 -4.01299 0.678666
-4.97499 4.06458 -2.21652
-2.21133 -4.32416 1.65617
2.35201 3.89476 -2.93264
-2.68787 -4.40784 -0.263915
-3.131 3.88162 4.81176
2.39372 -0.271615 0.039113
4.198 -0.388826 3.74891
-1.34652 -4.03322 -4.60766
-4.59787 3.68675 -3.34376
-1.95431 1.07969 4.21703
-3.25419 0.435891 4.97152
-4.96607 3.89419 -2.30223
-4.67654 1.70898 -2.70125
0.925283 -3.00165 4.16433
-4.20339 -4.6557 -0.300887
4.49816 1.04234 -0.683838
-3.98738 1.02291 -4.56614
-3.03585 4.15392 -4.71016
-4.55404 4.91723 -2.67509
-3.97616 3.75708 -1.23635
4.98607 -1.88715 -4.40704
-4.43328 4.6344 -3.28316
-2.06127 -4.9005 -1.16314
3.63692 -0.869865 3.14999
3.94554 -1.94102 0.512738
