3.80586 -0.861344 -2.5533
0.587077 -0.152533 1.3084
4.98024 -4.06002 1.52309
0.096568 -4.56842 -0.88525
4.03057 -2.66132 -3.27093
-1.25037 -4.41819 3.52885
1.48753 0.957472 2.08308
-4.08735 -0.130602 -1.94446
1.76044 -1.21218 3.90073
-2.51796 2.36902 0.0630955
-4.21537 4.34843 2.30818
4.11316 1.89017 -2.47612
-2.41654 -0.32983 -0.3254
-3.68038 1.50397 -1.67941
-1.7446 1.54612 0.868672
2.55574 4.915 -3.92193
0.758159 -2.22426 3.43825
3.52217 -2.43292 3.7621
1.56127 4.25531 -2.16223
-1.86589 1.61687 -3.88179
-2.51616 -2.96936 -1.77927
-1.18889 4.77237 4.24333
3.20122 -4.23194 -3.93713
3.717 3.79241 1.13948
2.87736 -4.48013 4.35643
-4.74106 3.87531 -2.60219
-2.51835 0.417135 4.52153
-1.76859 -4.95112 4.96495
-4.1868 4.44945 -3.60566
4.13643 1.73179 1.74302
2.55952 -3.80534 -3.24386
-3.43143 0.678864 -3.94829
0.203829 0.890434 2.67725
-2.85566 2.22341 3.11325
2.17755 -2.09039 4.32863
4.81079 3.26466 4.56005
3.61197 3.34663 0.695945
-3.9785 -3.07375 -2.26208
4.21162 2.19616 -3.682
-4.32126 -4.72388 -0.525574
4.95227 0.261346 -4.79627
-0.539744 2.27874 2.05256
-3.1397 4.67338 4.90914
4.15223 -2.89844 -1.71303
-2.12671 4.34633 -2.00188
3.79277 2.97783 -1.45649
-2.69599 2.64252 -4.55347
-2.29187 -2.69765 -3.59983
-4.59536 -4.8452 3.16942
-0.605134 3.40101 1.78432
2.5644 -0.44883 1.63407
-4.22742 0.439844 -2.4262
-3.90923 4.00234 1.86898
4.30147 1.46793 -3.18647
-4.13504 4.38788 4.35813
-4.30222 -0.242074 -4.4949
-3.15295 -1.99715 -3.95828
3.02485 1.19631 -2.63627
4.85944 -4.56075 4.89196
3.28987 4.32503 2.9404
0.631886 1.6419 -1.94048
1.73371 -3.78131 -3.37126
0.495997 1.53645 -2.69278
3.73426 -2.14764 -4.37673
-2.21908 -3.25735 -1.9628
-1.85059 -4.65395 4.81658
-2.14806 4.37266 -3.97919
4.34083 0.335714 -3.42702
4.92115 0.0206217 -3.32826
-3.10216 -4.45666 2.65136
3.69678 2.97681 1.26078
4.67934 -2.33869 -3.40474
2.52541 3.54781 -4.65642
-2.88362 -2.69308 -4.63726
-3.25492 -3.88095 -0.656243
-4.86171 4.00584 -2.12364
-2.17949 -3.89213 1.93144
2.2715 3.90678 -2.87204
-2.54514 -4.49877 -0.209735
-3.21143 3.95276 4.8861
2.44204 -0.229779 0.000809488
4.06291 -0.546196 3.94685
-1.54798 -3.93176 -4.62034
-4.5039 3.56555 -3.19902
-2.0137 0.918875 4.16184
-3.33579 0.454878 4.87601
-4.75736 3.999 -1.8022
-4.95861 1.83005 -2.93097
0.870766 -2.90401 4.13201
-4.32425 -4.49492 -0.314963
4.48455 1.04237 -0.682484
-3.91655 1.10769 -4.74426
-2.79436 4.42489 -4.62402
-3.92631 4.81195 -2.53987
-3.89094 4.01564 -1.21929
-4.96727 -1.6464 -4.38129
-4.66854 4.92991 -3.35364
-1.73201 4.78744 -1.00703
3.62131 -1.1673 3.08978
3.54245 -1.93708 0.332243
