3.70425 -0.815594 -2.46555
0.644768 -0.141009 1.3709
4.96059 -4.06064 1.53401
0.073182 -4.59069 -0.888332
4.04932 -2.70065 -3.24286
-1.20873 -4.36214 3.56935
1.4928 0.921015 1.75137
-4.01308 -0.214707 -1.90766
1.75133 -1.19559 3.93798
-2.48269 2.33519 0.00284832
-4.20795 4.29361 2.34099
4.10159 1.91915 -2.30624
-2.42999 -0.364363 -0.349044
-3.81806 1.41062 -1.67497
-1.73152 1.48673 0.818935
2.56981 4.97106 -3.93397
0.758895 -2.27608 3.41913
3.53057 -2.44563 3.76545
1.52117 4.27893 -2.11922
-1.85967 1.607 -3.85609
-2.4643 -2.9518 -1.74618
-1.16565 4.70032 4.31264
3.26502 -4.23216 -3.93704
3.75478 3.76789 1.12831
2.89026 -4.49762 4.26056
-4.82207 3.82424 -2.62681
-2.52456 0.430442 4.56517
-1.77265 -4.99995 4.96716
-4.2095 4.51115 -3.5614
4.20349 1.64272 1.66512
2.60523 -3.74427 -3.34065
-3.53681 0.58894 -4.16087
0.293358 0.94289 2.76035
-2.87832 2.22746 3.0623
2.16961 -2.1053 4.25228
4.7669 3.30992 4.55188
3.60873 3.33418 0.696297
-3.95149 -3.03843 -2.26949
4.24117 2.18246 -3.74716
-4.4503 -4.6539 -0.487521
4.88085 0.246201 -4.71162
-0.482232 2.24709 2.04869
-3.09594 4.6682 4.88538
4.14921 -2.86003 -1.74312
-2.06401 4.34784 -2.13156
3.69481 -4.55451 -1.44158
-2.69652 2.60192 -4.52893
-2.2526 -2.75433 -3.55217
-4.63245 -4.90429 3.14804
-0.586061 3.3623 1.76214
2.50096 -0.435364 1.62787
-4.27187 0.438979 -2.44425
-3.87086 4.01896 1.83886
4.32239 1.46762 -3.20672
-4.15296 4.48529 4.33119
-4.26653 -0.240819 -4.50997
-3.17956 -2.00229 -3.94898
2.99128 1.28834 -2.67383
4.87348 -4.51629 4.93965
3.28472 4.2597 2.91727
0.603859 1.62457 -1.94475
1.71073 -3.7967 -3.1354
0.589267 1.57715 -2.72713
3.74123 -2.16156 -4.41341
-2.20286 -3.26057 -2.0056
-1.88212 -4.65079 -4.77577
-2.14508 2.80563 -3.88744
4.28091 0.263884 -3.36178
4.99778 0.0628619 -3.4503
-3.08703 -4.50115 2.64172
3.46515 2.97611 1.16283
4.65903 -2.28797 -3.40024
2.57468 3.59208 -4.64192
-2.97477 -2.69276 -4.66621
-3.27918 -3.84983 -0.989656
-4.83744 3.99528 -2.10331
-2.17169 -3.78612 2.00073
2.25204 3.91079 -2.85733
-2.50947 -4.5242 -0.19593
-3.23319 3.97267 4.92024
2.45434 -0.219385 -0.00876423
4.03188 -0.585449 3.99977
-1.59808 -3.90812 -4.62907
-4.48291 3.53593 -3.16489
-2.02839 0.878988 4.1502
-3.35717 0.459453 4.85822
-4.70561 4.02397 -1.67357
4.96028 1.86081 -2.98905
0.85718 -2.88049 4.12537
-4.35599 -4.45584 -0.317241
4.48266 1.04241 -0.681897
-3.90104 1.12931 -4.79357
-2.73425 4.49695 -4.62714
-3.77015 4.78807 -2.50647
-3.87034 4.0822 -1.21481
-4.95847 -1.58653 -4.37608
-4.73128 -4.99139 -3.37397
-1.64936 4.71313 -0.967963
3.61837 -1.24185 3.07551
3.44325 -1.93679 0.287406
