3.60355 -0.770018 -2.37793
0.702419 -0.12955 1.43343
4.94189 -4.06178 1.54504
0.0498502 -4.61345 -0.891401
4.06866 -2.74033 -3.21503
-1.16704 -4.30725 3.61046
1.49813 0.884624 1.41974
-3.93969 -0.298992 -1.87077
1.74226 -1.17892 3.97577
-2.44757 2.30152 -0.0573685
-4.2016 4.24066 2.37427
4.09074 1.94831 -2.13629
-2.44364 -0.398959 -0.372609
-3.95679 1.31742 -1.67047
-1.71852 1.42736 0.76927
2.58406 -4.9714 -3.94643
0.759601 -2.32796 3.40013
3.53925 -2.45853 3.76922
1.48114 4.30337 -2.07623
-1.85347 1.59714 -3.83076
-2.41267 -2.93426 -1.71295
-1.14229 4.63026 4.38276
3.32924 -4.2334 -3.93745
3.79329 3.74424 1.11742
2.90348 -4.51606 4.16564
-4.90426 3.774 -2.6519
-2.53101 0.443536 4.61075
-1.77659 4.94786 4.98191
-4.23284 4.57597 -3.5181
4.27126 1.55371 1.58749
2.65142 -3.68443 -3.43797
-3.64372 0.49899 -4.3762
0.382892 0.995395 2.8438
-2.90138 2.23178 3.01197
2.16181 -2.12039 4.17659
4.72421 3.35561 4.54472
3.6058 3.32195 0.696448
-3.92551 -3.00373 -2.27708
4.2722 2.16929 -3.81336
-4.58123 -4.58736 -0.450537
4.81244 0.2311 -4.6283
-0.424676 2.21566 2.04511
-3.05253 4.66433 4.86528
4.1475 -2.82214 -1.77316
-2.00133 4.35036 -2.26151
3.59786 -2.08795 -1.42666
-2.69731 2.56154 -4.50545
-2.21341 -2.81143 -3.50496
-4.67045 -4.965 3.12703
-0.566964 3.32386 1.74004
2.43763 -0.421933 1.62175
-4.31753 0.438131 -2.46239
-3.83317 4.03678 1.80871
4.34426 1.4673 -3.22732
-4.17173 4.58378 4.30505
-4.23243 -0.239695 -4.52581
-3.20656 -2.00753 -3.94002
2.95798 1.38042 -2.71157
4.88908 -4.47307 4.98869
3.28011 4.1953 2.8946
0.575847 1.6073 -1.94896
1.6877 -3.8128 -2.89981
0.682552 1.61789 -2.76176
3.74876 -2.17563 -4.4508
-2.18647 -3.2644 -2.04866
-1.91379 -4.64905 -4.3784
-2.14211 1.23889 -3.79614
4.22238 0.191988 -3.29703
-4.92309 0.104966 -3.5727
-3.07214 -4.5464 2.63232
3.23388 2.97539 1.06532
4.64086 -2.23752 -3.39619
2.62416 3.63678 -4.62803
-3.06616 -2.6927 -4.69569
-3.30385 -3.81969 -1.32302
-4.81417 3.98557 -2.08316
-2.16403 -3.68078 2.07028
2.23281 3.91525 -2.84279
-2.47387 -4.55063 -0.181992
-3.25577 3.99355 4.95913
2.46673 -0.209011 -0.0183412
4.00175 -0.624667 4.05417
-1.6481 -3.88509 -4.6392
-4.46302 3.50695 -3.13153
-2.04303 0.839211 4.13941
-3.37905 0.463952 4.8435
-4.65453 4.04975 -1.54453
4.88145 1.89187 -3.04739
0.843591 -2.85731 4.11932
-4.38797 -4.4168 -0.318737
4.48132 1.04246 -0.681222
-3.88663 1.15116 -4.84496
-2.67426 4.57165 -4.63942
-3.61425 4.76543 -2.47327
-3.85002 4.14962 -1.21023
-4.95108 -1.52678 -4.37134
-4.79586 -4.91955 -3.39532
-1.56663 4.64054 -0.92885
3.61578 -1.31646 3.06156
3.34455 -1.93674 0.242679
