3.40513 -0.679321 -2.20311
0.817573 -0.106845 1.55868
4.90728 -4.06572 1.56746
0.00336214 -4.66052 -0.897477
4.10932 -2.82076 -3.16002
-1.08351 -4.20094 3.69462
1.50896 0.812046 0.75662
-3.79492 -0.467986 -1.7968
1.72424 -1.14531 4.05309
-2.37776 2.23466 -0.177709
-4.19185 4.13926 2.44228
4.07143 2.00716 -1.79626
-2.47151 -0.468337 -0.419456
-4.23764 1.13146 -1.66123
-1.69271 1.30867 0.670176
2.6131 -4.85892 -3.97251
0.760936 -2.43193 3.36246
3.55753 -2.48488 3.77818
1.40138 4.35492 -1.99032
-1.84066 1.57809 -3.78121
-2.30983 -2.89941 -1.64601
-1.0952 4.49257 4.52599
3.45905 -4.23733 -3.93959
3.87276 3.69926 1.0966
2.93087 -4.55544 3.97846
4.92755 3.67568 -2.7031
-2.54437 0.469161 4.70904
-1.7843 4.85208 -4.98283
-4.28139 4.71434 -3.4338
4.40905 1.37587 1.43304
2.74502 -3.56666 -3.63438
-3.86174 0.318953 -4.82314
0.562069 1.10058 3.01188
-2.94865 2.24112 2.91316
2.14668 -2.15112 4.02707
4.64228 3.44831 4.53353
3.60101 3.29803 0.696343
-3.87657 -2.93605 -2.29273
4.33919 2.14456 -3.94895
-4.85016 -4.46246 -0.378119
4.68731 0.201024 -4.46543
-0.309429 2.15337 2.03886
-2.96664 4.65935 4.83788
4.1483 -2.7482 -1.83314
-1.87592 4.3584 -2.52217
3.40534 2.84485 -1.3966
-2.69948 2.48144 -4.46106
-2.1352 -2.92712 -3.4119
-4.74924 4.91112 3.08627
-0.528712 3.24772 1.69605
2.31136 -0.39519 1.60984
-4.41162 0.436424 -2.49887
-3.75972 4.07589 1.74846
4.39165 1.46655 -3.26951
-4.21171 4.78378 4.25558
-4.16755 -0.237927 -4.55996
-3.26159 -2.01842 -3.92307
2.89243 1.56493 -2.78769
4.9251 -4.39036 -4.91159
3.27255 4.06916 2.85067
0.519819 1.5729 -1.95726
1.64176 -3.84663 -2.42914
0.869259 1.69958 -2.8318
3.76562 -2.20422 -4.52773
-2.15337 -3.2738 -2.13552
-1.97719 -4.65451 -3.58919
-2.13673 -1.89513 -3.61479
4.11563 0.0478808 -3.16878
-4.77589 0.188964 -3.81866
-3.04302 -4.63953 2.61427
2.77174 2.97417 0.871164
4.61102 -2.13732 -3.38938
2.72388 3.72816 -4.60207
-3.24966 -2.69346 -4.7562
-3.35454 -3.76302 -1.98959
-4.77007 3.96834 -2.04308
-2.14914 -3.47209 2.2103
2.19502 3.92598 -2.81415
-2.40292 -4.60639 -0.153741
-3.30339 4.03741 -4.96083
2.49178 -0.188331 -0.0374734
3.94444 -0.703011 4.16771
-1.748 -3.84249 -4.66313
-4.42619 3.45067 -3.06676
-2.07212 0.759911 4.12059
-3.424 0.472745 4.827
-4.55425 4.10352 -1.28574
4.73085 1.95504 -3.16479
0.816416 -2.81201 4.10907
-4.45159 -4.33966 -0.320299
4.48048 1.04262 -0.679569
-3.86051 1.19575 -4.95441
-2.55468 4.72699 -4.68836
-3.3031 4.72334 -2.40738
-3.81003 4.28696 -1.20075
-4.94018 -1.40762 -4.36324
-4.93073 -4.79319 -3.44066
-1.40096 4.50009 -0.85047
3.61175 -1.46589 3.03462
3.14864 -1.93749 0.153679
