-4.63044 1.8707 -0.931575
-2.81033 4.69291 1.65122
-4.8038 -1.41478 -0.0131886
-4.97847 4.94936 0.0400207
4.86764 -1.48207 4.60243
2.25282 0.794848 4.8193
0.422484 -4.81254 1.33328
2.27586 4.70653 2.6921
4.75933 2.5402 -2.28401
2.88111 -4.75898 -1.66713
4.9321 2.04867 2.37975
4.77894 1.32387 4.09317
-0.531504 2.89899 -0.557925
-2.46735 -1.63658 -4.18146
4.66072 4.59049 4.68703
0.204175 0.145388 -2.21298
0.0594498 -2.68335 -4.88665
-4.81888 -0.121857 -1.50715
-4.50918 0.226093 -0.76088
4.23374 2.78555 2.66289
-3.95921 4.96671 1.74927
1.47338 2.47288 1.98016
4.40812 -2.97728 -2.35519
0.292125 0.899418 3.71305
4.06914 -2.66248 -1.09634
-0.313427 -2.54614 -3.79025
0.870815 3.35946 -4.9242
0.0819386 -4.75643 2.39299
-4.82695 1.16301 3.52215
-3.13518 2.23121 4.95627
-2.27604 4.92041 -1.22997
2.5444 -4.57001 -3.51335
-1.84367 4.74963 1.35129
2.0544 -1.18491 -1.52866
-3.87485 0.805696 3.48367
-4.70946 0.600618 -4.36474
-0.846022 -4.00369 0.408454
-0.173924 -0.534832 -3.98
-3.35787 -2.15343 1.15938
1.99246 1.02775 3.23458
-0.396672 -1.21598 -3.74502
-4.83499 -1.06591 4.34813
-0.836304 -4.25893 3.93005
-3.84068 4.69498 -1.82753
-3.86905 3.97342 -0.968194
-0.465968 3.31929 4.72473
-2.9404 1.85795 4.36227
4.47151 -0.464579 -0.125308
3.62688 2.82836 -0.687052
1.54872 -0.816914 3.26966
2.34523 -4.73608 -4.86703
-2.34305 0.258604 -0.142964
-1.0723 0.776245 4.43105
2.78299 3.94374 1.86988
2.36016 2.44759 4.93971
0.468296 -0.479413 4.43779
-0.0251285 1.74229 1.55692
-4.78438 4.15874 4.57364
-4.17113 -0.678058 -4.81905
-0.57341 -2.16142 -0.130697
-0.566496 -0.571508 3.04218
-3.05444 -4.92596 -4.18902
1.27874 4.99523 -4.88682
2.56845 -2.09761 -1.05144
2.06968 -3.4705 3.46371
3.72437 -4.90894 4.84341
1.52334 -3.32315 -3.42762
-1.20346 -4.56112 -4.81692
-2.33649 1.97203 -2.65951
3.24237 -0.881268 -2.65062
4.44784 -3.85222 -4.78587
3.86755 -4.69151 -1.32249
-3.4026 3.53726 -4.06674
-2.48041 -3.00394 -4.60741
1.6191 2.21842 3.18176
2.92396 1.67204 1.07691
1.17102 -3.5156 -2.19781
-4.13966 2.76066 0.234989
1.04462 -1.99013 1.91215
-3.99096 -0.487553 4.03005
0.723681 2.42706 -2.24991
0.475245 -2.30551 0.695128
-0.675923 -2.77555 -1.63458
-0.51529 -0.364551 -1.41726
4.84202 -1.58169 -3.07395
2.08774 -0.0234835 2.09008
4.95861 -0.560374 -4.64305
-0.322966 -0.0176234 1.32528
1.16114 -4.85069 -4.69265
-1.34037 0.355011 -0.00500569
4.82399 -2.48714 1.25113
-4.72574 -2.66816 -4.64779
4.49141 1.87204 -0.8478
4.88953 -3.81455 1.9645
-0.650091 0.786336 2.38115
2.25994 -2.47886 2.40472
-4.38411 0.0328869 4.38922
-3.54338 3.36684 2.35724
4.81394 0.84332 0.0262333
0.97887 -1.2646 -3.69988
