3.01699 -0.499986 -1.85473
1.0473 -0.0619704 1.81031
4.84867 -4.08112 1.6141
-0.0890133 -4.76191 -0.909227
4.19876 -2.98588 -3.05214
-0.916025 -3.99985 3.87271
1.53087 0.667457 -0.569362
-3.51226 -0.807134 -1.64866
1.68875 -1.07717 4.21534
-2.24 2.10254 -0.418069
-4.18355 3.94654 2.58457
4.04117 2.12663 -1.11586
-2.5296 -0.607815 -0.511989
-4.81786 0.760862 -1.64173
-1.64202 1.07132 0.472951
2.67266 -4.64368 -4.02881
0.76333 -2.64097 3.28827
3.59773 -2.54009 3.80248
1.24269 4.4696 -1.81873
-1.81523 1.54046 -3.68632
-2.1052 -2.83136 -1.51012
-0.999559 4.22376 4.83208
3.72385 -4.25156 -3.94797
4.04182 3.61725 1.05872
2.98937 -4.64496 3.6141
4.63235 3.48679 -2.80837
-2.5723 0.519028 4.93085
-1.79859 4.6766 -4.94248
-4.39826 -4.97692 -3.27059
4.69384 1.02059 1.12732
2.93596 -3.33812 -4.0351
-4.31923 -0.0424428 4.26548
0.92104 1.31184 3.35307
-3.04785 2.26216 2.72246
2.11808 -2.21481 3.73471
4.49068 3.63889 4.52482
3.59471 3.25173 0.695603
-3.79148 -2.80656 -2.32484
4.49157 2.1007 -4.23489
4.61366 -4.23404 -0.232404
4.48968 0.14108 -4.15547
-0.0785444 2.03063 2.03013
-2.79873 4.65808 4.84786
4.16534 -2.60624 -1.9519
-1.62488 4.39216 -3.04603
3.02634 2.7084 -1.33589
-2.70642 2.32339 -4.38131
-1.97941 -3.16402 -3.23031
-4.91859 4.67469 3.01061
-0.452126 3.09812 1.60906
2.06027 -0.34217 1.58738
-4.61137 0.432712 -2.57323
-3.62078 4.1675 1.62934
4.50083 1.46332 -3.35796
-4.30178 -4.80778 4.17142
-4.04796 -0.236634 -4.65004
-3.3763 -2.04196 -3.89309
2.76512 1.93559 -2.94298
-4.98416 -4.24035 -4.7258
3.26391 3.82599 2.76878
0.407457 1.50452 -1.97386
1.55084 -3.92145 -1.48882
1.24314 1.86396 -2.97458
3.80604 -2.26329 -4.69052
-2.087 -3.29881 -2.31072
-2.10432 -4.69158 -2.01396
-2.12673 1.84007 -3.25624
3.92703 -0.241607 -2.91716
-4.52366 0.357146 -4.3205
-2.98726 -4.83769 2.58178
1.84883 2.97468 0.484724
4.57549 -1.93947 -3.38039
2.92603 3.91919 -4.55732
-3.62053 -2.69869 -4.88317
-3.46402 -3.66705 -3.32369
-4.70492 3.94187 -1.96313
-2.12156 -3.06202 2.49528
2.12142 3.9542 -2.75859
-2.2624 -4.72916 -0.0957176
-3.41047 4.13394 -4.86463
2.54319 -0.147398 -0.0755754
3.84231 -0.859526 4.41513
-1.94794 -3.77217 -4.72152
-4.3849 3.34422 -2.94268
-2.12977 0.601823 4.09174
-3.51708 0.490302 4.84089
-4.3637 4.21953 -0.76621
4.45209 2.0871 -3.40266
0.761935 -2.72529 4.09654
-4.59095 -4.19372 -0.321463
4.48673 1.04298 -0.67505
-3.81752 1.28848 4.82246
-2.31842 -4.94028 -4.85909
-2.6842 4.6522 -2.27671
-3.7337 4.57201 -1.18074
-4.93387 -1.17071 -4.35307
4.81068 -4.59567 -3.53834
-1.06944 4.23658 -0.692754
3.60842 -1.76566 2.98463
2.76181 -1.94247 -0.022797
