2.63696 -0.323505 -1.50877
1.27607 -0.0170644 2.06394
4.80249 -4.1058 1.66319
-0.180759 -4.87501 -0.920558
4.2998 -3.15603 -2.94707
-0.747981 -3.80991 4.06381
1.55284 0.523231 -1.89533
-3.23772 -1.14719 -1.50075
1.65417 -1.00805 4.38843
-2.10479 1.97263 -0.658198
-4.19193 3.76787 2.7348
4.02016 2.24898 -0.435016
-2.59125 -0.748015 -0.602864
4.58061 0.391064 -1.62137
-1.59273 0.834063 0.276948
2.73401 -4.43971 -4.09047
0.765472 -2.85187 3.21541
3.64321 -2.59832 3.83661
1.08504 4.60158 -1.64798
-1.78975 1.5033 -3.59752
-1.90164 -2.76579 -1.37259
-0.901993 3.96279 -4.83855
3.99711 -4.27395 -3.96165
4.22462 3.54522 1.02497
3.05308 -4.74873 3.26045
4.37625 3.3084 -2.91718
-2.60162 0.568274 -4.83329
-1.81089 4.54601 -4.94603
-4.5488 -4.6667 -3.11235
4.99172 0.665765 0.825405
3.13301 -3.11761 -4.45019
-4.80295 -0.405583 3.41292
1.28109 1.5249 3.70182
-3.15363 2.28713 2.53927
2.09156 -2.28095 3.44978
4.35401 3.83909 4.53448
3.59156 3.20776 0.694786
-3.72285 -2.68357 -2.35753
4.67022 2.06397 -4.54393
4.14042 -4.02502 -0.0842536
4.34252 0.0814356 -3.86339
0.152758 1.91032 2.02634
-2.63553 4.68676 4.92921
4.20138 -2.47054 -2.06925
-1.37329 4.44934 -3.57666
2.65278 2.56871 -1.27481
-2.71713 2.16885 -4.3147
-1.82376 -3.40968 -3.05662
4.90322 4.45557 2.94204
-0.375648 2.95198 1.52337
1.81128 -0.289675 1.56638
-4.82945 0.428827 -2.65004
-3.49339 4.28088 1.51281
4.63146 1.4585 -3.45192
-4.40374 -4.41135 4.1052
-3.93778 -0.237687 -4.77111
-3.4973 -2.06726 -3.86862
2.64303 2.30965 -3.10306
-4.90319 -4.10445 -4.55739
3.26347 3.59482 2.6943
0.294629 1.43681 -1.99122
1.4614 -4.00621 -0.548779
1.61739 2.02995 -3.12082
3.8557 -2.32453 -4.8675
-2.0216 -3.33089 -2.48668
-2.23232 -4.76112 -0.439424
-2.11866 -4.41833 -2.90202
3.7623 -0.5323 -2.67175
-4.30936 0.527344 -4.85052
-2.93473 4.94902 2.55397
0.927569 2.98069 0.100001
4.57037 -1.74425 -3.37803
3.13216 4.12286 -4.52277
-3.99763 -2.70749 4.98119
-3.58716 -3.58893 -4.66537
-4.66188 3.92642 -1.88339
-2.0975 -2.65901 2.78795
2.04991 3.99099 -2.70533
-2.12401 -4.86644 -0.0354803
-3.5339 4.25419 -4.83179
2.59646 -0.106909 -0.112909
3.75881 -1.01552 4.69373
-2.14865 -3.71696 -4.79491
-4.37836 3.24767 -2.82441
-2.18737 0.443882 4.07587
-3.61547 0.507799 4.88951
-4.18526 4.34668 -0.244528
4.1942 2.22758 -3.64633
0.70711 -2.64252 4.09466
-4.76511 -4.05973 -0.321384
4.50469 1.04355 -0.669015
-3.7853 1.38576 4.62554
-2.08624 -4.6865 4.89786
-2.06903 4.60322 -2.14764
-3.66346 4.87301 -1.16049
-4.9484 -0.935222 -4.35209
4.61748 -4.43637 -3.6448
-0.738121 3.99677 -0.533809
3.61187 -2.06649 2.93964
2.37977 -1.95186 -0.197304
