2.54277 -0.280077 -1.42279
1.33306 -0.00573883 2.12784
4.79268 -4.11342 1.67585
-0.203616 -4.90545 -0.923359
4.32707 -3.19931 -2.92122
-0.705887 -3.76382 4.11358
1.55832 0.487186 -2.22692
-3.17033 -1.23232 -1.46381
1.64568 -0.990669 4.43352
-2.07141 1.9405 -0.718218
-4.19813 3.72509 2.77368
4.01595 2.28002 -0.264699
-2.60731 -0.783122 -0.625273
4.43353 0.298599 -1.61621
-1.58067 0.774761 0.228143
2.74964 -4.39031 -4.1067
0.765986 -2.90496 3.19745
3.65547 -2.61333 3.84697
1.04584 4.63742 -1.60546
-1.78346 1.49416 -3.57592
-1.85088 -2.74978 -1.33804
-0.877347 3.89864 -4.75611
4.06713 -4.28081 -3.96598
4.27243 3.52865 1.01707
3.06972 -4.77698 3.17345
4.31596 3.26532 -2.94488
-2.60922 0.580594 -4.78143
-1.81381 4.52051 -4.95583
-4.59106 -4.59211 -3.07337
-4.93172 0.577073 0.750522
3.18354 -3.06371 -4.55691
-4.92771 -0.496455 3.20378
1.37129 1.57852 3.79042
-3.18124 2.29395 2.49466
2.08523 -2.29782 3.37958
4.32184 3.89083 4.53993
3.59116 3.19719 0.694639
-3.70812 -2.65373 -2.36591
4.71925 2.05578 -4.62481
4.02756 -3.97513 -0.046906
4.31099 0.0666241 -3.79246
0.21063 1.88062 2.02626
-2.59544 4.69918 4.95724
4.2133 -2.43742 -2.09842
-1.31034 4.46676 -3.71077
2.55998 -4.96612 -1.25942
-2.72042 2.13077 -4.29974
-1.78461 -3.47286 -3.01487
4.86167 4.4032 2.92595
-0.356576 2.91595 1.50219
1.74939 -0.276663 1.56124
-4.88794 0.427892 -2.66956
-3.46363 4.31253 1.48418
4.66752 1.45738 -3.47623
-4.43119 -4.31448 4.09131
-3.91148 -0.238336 -4.80532
-3.52863 -2.07381 -3.8636
2.61332 2.40385 -3.14387
-4.88828 -4.07227 -4.51803
3.26435 3.53879 2.67683
0.266324 1.42 -1.99572
1.43928 -4.02891 -0.313681
1.71093 2.07172 -3.15793
3.86965 -2.34014 -4.91447
-2.00552 -3.33992 -2.53054
-2.2647 -4.78112 -0.046151
-2.11696 4.01587 -2.81407
3.72392 -0.605165 -2.61121
-4.25959 0.570263 -4.99101
-2.92218 4.89493 2.54776
0.697437 2.98313 0.0040491
4.5737 -1.6958 -3.37857
3.18437 4.17598 -4.51583
-4.09311 -2.71007 4.94815
-3.61999 -3.57165 4.99539
-4.65363 3.92424 -1.86348
-2.09208 -2.55919 2.86247
2.03232 4.00144 -2.69235
-2.08959 -4.90319 -0.0195478
-3.56739 4.2885 -4.83132
2.61001 -0.0968187 -0.122047
3.74101 -1.05439 4.76925
-2.19902 -3.70493 -4.81705
-4.38077 3.22502 -2.79556
-2.20187 0.404377 4.07559
-3.64093 0.512197 4.91169
-4.14221 4.38023 -0.113851
4.13203 2.26376 -3.70834
0.693344 -2.62229 4.09583
-4.81202 -4.02801 -0.321219
4.51037 1.04378 -0.667304
-3.77883 1.41076 4.58106
-2.02853 -4.63995 4.8434
-1.91555 4.5937 -2.11562
-3.64689 4.95105 -1.15548
-4.95536 -0.876495 -4.35332
4.57931 -4.40008 -3.67272
-0.655346 3.94058 -0.493896
3.61387 -2.1419 2.9292
2.28479 -1.95487 -0.240658
