-4.69505 1.86238 -0.943197
-2.8171 4.68324 1.65611
-4.78627 -1.42079 -0.0119747
-4.99993 4.9301 0.0394837
4.91199 -1.49191 4.6001
2.26502 0.796193 4.85176
0.423968 -4.83996 1.33445
2.28292 4.74132 2.70577
4.73925 2.55416 -2.29926
2.88924 -4.75465 -1.67102
4.91486 2.04686 2.38353
4.73259 1.32983 4.11709
-0.532276 2.91475 -0.561925
-2.48226 -1.64146 -4.20866
4.70055 4.62656 4.677
0.205839 0.149296 -2.22003
0.0594049 -2.69241 -4.91105
-4.85002 -0.122975 -1.51305
-4.49827 0.227272 -0.766326
4.20378 2.79749 2.67175
-3.97528 4.96081 1.75394
1.47602 2.48259 1.97923
4.42645 -2.98566 -2.36285
0.293399 0.904247 3.73431
4.09363 -2.67285 -1.09692
-0.318006 -2.55832 -3.80482
0.872755 3.38674 -4.91687
0.0808233 -4.72954 2.40099
-4.7694 1.1644 3.53582
-3.15289 2.24221 4.89607
-2.28304 4.90836 -1.2359
2.55965 -4.52516 -3.54508
-1.84907 4.7948 1.35455
2.06075 -1.182 -1.53595
-3.89812 0.807869 3.49692
-4.70918 0.607082 -4.39791
-0.848353 -4.01772 0.408437
-0.181115 -0.534211 -3.96044
-3.38175 -2.16451 1.16453
2.00858 1.02664 3.2535
-0.407362 -1.21703 -3.7686
-4.89843 -1.07758 4.29802
-0.839 -4.27804 3.94644
-3.86843 4.68358 -1.83895
-3.88767 4.01833 -0.977553
-0.470846 3.33789 4.75531
-2.94996 1.86529 4.39122
4.51459 -0.467315 -0.123325
3.64246 2.84469 -0.690113
1.55322 -0.820816 3.28098
2.35416 -4.72832 -4.82775
-2.35707 0.258499 -0.144708
-1.08546 0.781882 4.47234
2.79874 3.96215 1.8692
2.36822 2.45545 4.94162
0.472353 -0.479795 4.42552
-0.0264707 1.75001 1.55621
-4.77631 4.18867 4.61434
-4.20646 -0.680883 -4.83601
-0.579904 -2.17012 -0.132091
-0.570072 -0.576775 3.05183
-3.06842 -4.93565 -4.21156
1.28084 -4.96711 -4.90187
2.57622 -2.1047 -1.05116
2.07596 -3.48749 3.47997
3.73871 -4.94457 4.81806
1.5279 -3.33647 -3.44158
-1.21291 -4.5335 -4.78519
-2.34336 1.97965 -2.6714
3.2559 -0.880925 -2.66108
4.44826 -3.88241 -4.79008
3.89459 -4.72992 -1.32536
-3.41599 3.5557 -4.08609
-2.48818 -3.01336 -4.62424
1.62607 2.23525 3.20186
2.93599 1.67612 1.0763
1.17399 -3.54273 -2.20422
-4.15967 2.77152 0.241686
1.04652 -1.9973 1.9177
-4.02575 -0.497025 4.06862
0.725284 2.43433 -2.25748
0.478087 -2.31818 0.697334
-0.680319 -2.78601 -1.63879
-0.519569 -0.364975 -1.41993
4.80185 -1.58855 -3.09177
2.09663 -0.0253502 2.09203
4.9584 -0.562161 -4.61884
-0.324879 -0.020584 1.3238
1.15746 -4.90387 -4.72771
-1.33781 0.357078 -0.00499803
4.81779 -2.49284 1.25411
-4.70696 -2.67837 -4.62173
4.54033 1.87642 -0.854829
4.87464 -3.82951 1.97066
-0.655699 0.789594 2.38607
2.26781 -2.48571 2.40971
-4.33015 0.0431787 4.39673
-3.48644 3.39711 2.36361
4.83425 0.848031 0.0301556
0.995484 -1.26666 -3.72987
