2.1661 -0.122774 -1.08235
1.56087 0.0401705 2.38615
4.7605 -4.14994 1.72785
-0.294899 4.96418 -0.93461
4.44531 -3.37549 -2.81993
-0.537231 -3.58477 4.31988
1.58041 0.342907 -3.55474
-2.90492 -1.57369 -1.31676
1.61234 -0.920914 4.6214
-1.93941 1.81318 -0.958305
-4.23937 3.55975 2.93475
4.0035 2.40558 0.416767
-2.67396 -0.923569 -0.713666
3.85666 -0.0712929 -1.5956
-1.53326 0.537513 0.0336348
2.81351 -4.19869 -4.17541
0.768001 -3.11905 3.12673
3.70831 -2.67519 3.89628
0.89004 4.79322 -1.43628
-1.75862 1.45797 -3.49181
-1.64827 -2.68752 -1.19966
-0.777919 3.64508 -4.43175
4.35508 -4.31365 -3.98927
4.47284 3.46793 0.987115
3.13899 -4.89979 2.82996
4.08548 3.09828 -3.05767
-2.64126 0.629779 -4.60223
-1.8251 4.43586 4.97921
-4.7786 -4.30311 -2.9199
-4.6393 0.222197 0.45291
3.39135 -2.85363 4.9908
4.57576 -0.860077 2.37495
1.73298 1.79453 4.15148
-3.29642 2.3232 2.32043
2.06106 -2.36658 3.10222
4.20055 4.10488 4.57463
3.59131 3.15702 0.694412
-3.65835 -2.53766 -2.40146
4.93413 2.02658 -4.96497
3.58993 -3.78322 0.103338
4.20224 0.00786636 -3.51678
0.442464 1.76324 2.02942
-2.43792 4.76441 -4.91675
4.27291 -2.30775 -2.21559
-1.05809 4.54777 -4.25496
2.19204 4.89852 -1.19701
-2.73623 1.98039 -4.2466
-1.62629 -3.73494 -2.85595
4.70832 4.20198 2.86532
-0.280461 2.77368 1.41846
1.50288 -0.225138 1.54049
4.86909 0.42443 -2.74896
-3.35259 4.45193 1.3718
4.82487 1.45403 -3.57766
-4.54919 -3.9345 4.04411
-3.81114 -0.24266 -4.9638
-3.65878 -2.10111 -3.85022
2.49824 2.78451 -3.31052
-4.85428 -3.9505 -4.37469
3.27168 3.32122 2.61121
0.152907 1.35321 -2.01429
1.3516 -4.12531 0.627375
2.08481 2.23965 -3.30861
3.93219 -2.40363 4.89504
-1.94354 -3.37884 -2.70568
-2.40188 -4.8656 1.52794
-2.11159 -2.24511 -2.46397
3.57893 -0.897635 -2.37239
-4.07444 0.743023 4.44205
-2.87424 4.68531 2.52569
-0.22217 2.99654 -0.37912
4.60495 -1.50352 -3.38731
3.39622 4.39827 -4.49601
-4.48132 -2.7217 4.8273
-3.75852 -3.51115 3.65956
-4.62884 3.9224 -1.78406
-2.07274 -2.16331 3.16568
1.96304 4.04835 -2.64175
-1.94553 4.93753 0.0445474
-3.71217 4.44157 -4.85313
2.66558 -0.0564495 -0.157734
3.68123 -1.20924 -4.90824
-2.40194 -3.66396 -4.92633
-4.40366 3.13956 -2.68282
-2.26063 0.246051 4.08757
-3.74569 0.529921 -4.96313
-3.97569 4.52268 0.409322
3.89084 2.41172 -3.96205
0.638079 -2.54296 4.1064
4.98987 -3.90682 -0.320239
4.53897 1.04523 -0.660044
-3.75922 1.51345 4.41982
-1.79819 -4.4975 4.66939
-1.30229 4.56297 -1.98833
-3.58428 -4.73864 -1.13583
-4.99691 -0.641945 -4.36534
4.46904 -4.26887 -3.78837
-0.324713 3.72884 -0.33369
3.62652 -2.44471 2.89028
1.9066 -1.96933 -0.41327
