1.97703 -0.0522263 -0.914182
1.67498 0.0634038 2.51696
4.74855 -4.17191 1.75457
-0.340549 4.89961 -0.940252
4.51108 -3.46544 -2.77053
-0.452806 -3.49826 4.4273
1.5915 0.27071 -4.2202
-2.77469 -1.7452 -1.24355
1.59591 -0.886028 4.7204
-1.87438 1.75007 -1.07843
-4.26976 3.48044 3.0189
3.99969 2.46875 0.757573
-2.70908 -0.993628 -0.757015
3.5719 -0.256111 -1.58526
-1.51012 0.418807 -0.0632197
2.84624 -4.10641 -4.21267
0.768968 -3.22726 3.0921
3.73714 -2.70719 3.92444
0.812773 4.87605 -1.35227
-1.74649 1.44013 -3.45097
-1.54719 -2.65768 -1.13032
-0.727859 3.51961 -4.27292
4.50457 -4.33496 -4.00848
4.57858 3.44077 0.972931
3.1752 -4.96743 2.66043
3.97526 3.01747 -3.11523
-2.6588 0.654328 -4.52455
-1.83069 4.40124 4.96376
-4.88494 -4.16343 -2.84432
-4.50129 0.044644 0.305079
3.49856 -2.75244 4.75889
4.33461 -1.04201 1.96361
1.91431 1.90351 4.33676
-3.35723 2.3389 2.23564
2.04953 -2.40176 2.96521
4.14409 4.21644 4.60032
3.59225 3.13835 0.694517
-3.63928 -2.48146 -2.42041
-4.94651 2.01401 4.85846
3.3759 -3.69159 0.178809
4.15494 -0.0212274 -3.38287
0.558519 1.70534 2.03305
-2.36093 4.80494 -4.86701
4.30959 -2.2447 -2.27488
-0.931615 4.59546 -4.53564
2.0096 -0.163176 -1.16542
-2.7459 1.90636 -4.22369
-1.54552 -3.87313 -2.78037
4.63865 4.10605 2.83716
-0.242512 2.70342 1.3772
1.37985 -0.199638 1.53004
4.75047 0.422946 -2.7893
-3.30202 4.5315 1.31685
4.90996 1.45316 -3.63116
-4.61355 -3.7484 4.0254
-3.76413 -0.245859 4.95177
-3.72728 -2.11547 -3.84713
2.44277 2.97785 -3.39616
-4.85568 -3.89358 -4.31103
3.27751 3.21606 2.58091
0.0961136 1.31995 -2.02399
1.30809 -4.17727 1.09832
2.27148 2.32365 -3.3854
3.968 -2.4358 4.80965
-1.91423 -3.39943 -2.79383
-2.47128 -4.91703 2.31584
-2.10985 4.62362 -2.28953
3.50973 -1.04474 -2.25481
-3.98907 0.829654 4.18485
-2.8517 4.58617 2.51654
-0.681747 3.00394 -0.570573
4.63036 -1.40827 -3.39579
3.50408 4.51584 -4.49167
-4.6802 -2.72839 4.77347
-3.83224 -3.48534 2.9987
-4.62103 3.92547 -1.74448
-2.06459 -1.96709 3.32077
1.92894 4.07433 -2.61725
-1.87403 4.8606 0.0764946
-3.7914 4.52757 -4.87433
2.69414 -0.0362751 -0.175007
3.65726 -1.28631 -4.75466
-2.50471 -3.6478 -4.99154
-4.42237 3.09959 -2.62788
-2.29068 0.166685 4.10126
-3.80111 0.539011 -4.91358
-3.89612 4.59858 0.670933
3.77396 2.48737 -4.09294
0.610335 -2.50422 4.11495
4.89019 -3.84916 -0.319609
4.5564 1.04629 -0.656256
-3.75352 1.56643 4.34913
-1.68327 -4.44634 4.60408
-0.996075 4.55103 -1.92532
-3.55548 -4.58905 -1.12618
4.97612 -0.524775 -4.37521
4.44155 -4.20883 -3.84145
-0.159644 3.62772 -0.253124
3.63547 -2.59706 2.87227
1.71807 -1.97825 -0.499307
