1.7871 0.0203899 -0.741879
1.7894 0.086749 2.64879
4.73945 -4.19657 1.78167
-0.3862 4.83687 -0.945831
4.58415 -3.55659 -2.72188
-0.36836 -3.41373 4.53746
1.60264 0.19857 -4.88782
-2.64588 -1.91752 -1.17064
1.57958 -0.851302 4.82376
-1.81001 1.68716 -1.19867
-4.30635 3.40329 3.10535
3.99748 2.5319 1.09855
-2.7456 -1.06351 -0.799997
3.28879 -0.44074 -1.57502
-1.48737 0.299999 -0.159873
2.87956 -4.01642 -4.25222
0.769899 -3.33633 3.05798
3.76781 -2.73996 3.95412
0.736128 4.96166 -1.26862
-1.73456 1.42241 -3.41097
-1.44626 -2.62881 -1.06096
-0.677671 3.39488 -4.11599
4.66273 -4.36204 -4.03397
4.68818 3.41567 0.959017
3.2125 4.96269 2.49205
3.86791 2.93818 -3.17376
-2.67761 0.678755 -4.4543
-1.83638 4.37043 4.96712
4.99703 -4.02678 -2.76946
-4.3683 -0.133007 0.157695
3.60759 -2.65422 4.53633
4.09725 -1.22416 1.55335
2.09611 2.01318 4.526
-3.4203 2.35528 2.15197
2.03832 -2.43752 2.82906
4.09049 4.33118 4.63209
3.59367 3.12073 0.694591
-3.62416 -2.42643 -2.44029
-4.83126 2.00274 4.69084
3.16345 -3.60257 0.254366
4.10995 -0.0502108 -3.25149
0.674649 1.64799 2.03798
-2.28507 4.85016 -4.82936
4.35084 -2.18289 -2.33498
-0.804574 4.64822 -4.82485
1.8277 4.77364 -1.13697
-2.75668 1.83305 -4.20338
-1.46406 -4.01673 -2.70657
4.57332 4.01294 2.81028
-0.204627 2.63365 1.33628
1.2568 -0.174257 1.51968
4.63408 0.421706 -2.83014
-3.25425 4.61697 1.26265
4.9998 1.45286 -3.68746
-4.6817 -3.56448 4.00961
-3.71967 -0.249708 4.87697
-3.79853 -2.13034 -3.84654
2.38826 3.17372 -3.48374
-4.87296 -3.83914 -4.25261
3.28484 3.11292 2.5521
0.0392928 1.28672 -2.03403
1.26472 -4.23162 1.56955
2.45826 2.40746 -3.46331
4.00764 -2.46806 4.72956
-1.88584 -3.42094 -2.88314
-2.54091 -4.98195 3.10449
-2.10897 1.49323 -2.11545
3.44214 -1.19268 -2.13852
-3.90706 0.916042 3.93553
-2.83038 4.4981 2.50855
-1.14183 3.01171 -0.762178
4.66063 -1.31358 -3.40714
3.6135 4.63824 -4.49194
-4.88347 -2.7357 4.72371
-3.90954 -3.4624 2.33979
-4.61608 3.93088 -1.70505
-2.05746 -1.77185 3.47817
1.89519 4.10192 -2.59328
-1.80305 4.78618 0.108624
-3.87536 4.62003 -4.90242
2.72332 -0.0160877 -0.191884
3.63591 -1.36326 -4.6113
-2.60858 -3.63461 4.93989
-4.44541 3.06117 -2.57399
-2.32122 0.0871536 4.11913
-3.85949 0.548375 -4.87856
-3.81927 4.67713 0.932355
3.6599 2.56402 -4.22769
0.582538 -2.4661 4.12548
4.79333 -3.7933 -0.318932
4.57576 1.04758 -0.652437
-3.7499 1.62049 4.28363
-1.56854 -4.40594 4.5491
-0.689992 4.54097 -1.86283
-3.52856 -4.44275 -1.11664
4.9528 -0.407621 -4.38811
4.42684 -4.14807 -3.88977
0.00588644 3.52853 -0.172029
3.64626 -2.75029 2.85502
1.52966 -1.98842 -0.58529
