1.69201 0.0566815 -0.655898
1.84674 0.0984432 2.71509
4.73608 -4.21009 1.79535
-0.409062 4.80614 -0.948575
4.62254 -3.60257 -2.69779
-0.326145 -3.3722 4.5935
1.60824 0.162563 4.77698
-2.58196 -2.00403 -1.13429
1.57146 -0.834097 4.87784
-1.77803 1.65577 -1.25877
-4.32692 3.36547 3.14946
3.99697 2.56344 1.26919
-2.76444 -1.09841 -0.821396
3.14768 -0.532986 -1.56995
-1.47613 0.240543 -0.20812
2.89642 -3.97231 -4.27287
0.770348 -3.39124 3.04113
3.78395 -2.75671 3.96941
0.697945 -4.99448 -1.22694
-1.72867 1.41359 -3.39132
-1.39585 -2.61473 -1.0263
-0.652555 3.3328 -4.03816
4.74571 -4.37742 -4.04803
4.74448 3.40378 0.952105
3.23156 4.92926 2.40823
3.81521 2.89902 -3.20339
-2.68752 0.690892 -4.42177
-1.8393 4.35629 4.97559
4.9375 -3.95962 -2.73231
-4.30354 -0.22188 0.0841538
3.66278 -2.60618 4.42824
3.97986 -1.31539 1.34851
2.18722 2.06826 4.62242
-3.45274 2.3637 2.11051
2.03284 -2.45567 2.76128
4.06473 4.38973 4.65053
3.59457 3.11225 0.694565
-3.61819 -2.39934 -2.45062
-4.77654 1.99756 4.61011
3.05772 -3.55916 0.292162
4.08822 -0.0647148 -3.18666
0.732741 1.61949 2.04094
-2.24754 4.87447 -4.81517
4.37309 -2.15248 -2.36538
-0.740815 4.67659 -4.97296
1.73701 -2.75727 -1.12277
-2.76249 1.79666 -4.19421
-1.42331 -4.09035 -2.67025
4.54221 3.96721 2.79731
-0.185712 2.59892 1.31595
1.19527 -0.161615 1.51456
4.57671 0.421205 -2.85074
-3.23114 4.66145 1.23588
-4.95337 1.45292 -3.71662
-4.71731 -3.47331 4.00269
-3.69832 -0.251859 4.84278
-3.83528 -2.13797 -3.84723
2.36124 3.27256 -3.52834
-4.8891 -3.8128 -4.22536
3.28907 3.06181 2.53827
0.0108977 1.27011 -2.03918
1.24307 -4.25981 1.80528
2.55178 2.4493 -3.50272
4.02929 -2.48421 4.69154
-1.87195 -3.43212 -2.92832
-2.57592 4.98149 3.49938
-2.10881 -0.0718422 -2.0286
3.40891 -1.26704 -2.08083
-3.86706 0.959105 3.81267
-2.82012 4.45736 2.50481
-1.3721 3.01591 -0.858004
4.67757 -1.26645 -3.41387
3.6688 4.70137 -4.49406
-4.98722 -2.73961 4.70031
-3.94969 -3.45204 2.01074
-4.61471 3.93441 -1.6854
-2.05429 -1.67459 3.55765
1.87842 4.11627 -2.58151
-1.76776 4.7498 0.124749
-3.91929 4.6688 -4.91921
2.73812 -0.00599867 -0.200223
3.6262 -1.40176 -4.54321
-2.66098 -3.62912 4.90735
-4.45853 3.04251 -2.54742
-2.33668 0.0473203 4.12955
-3.88986 0.553153 -4.86537
-3.78195 4.71736 1.06296
3.60388 2.6027 -4.29654
0.568626 -2.44729 4.13144
4.74584 -3.76605 -0.318584
4.58613 1.04829 -0.650518
-3.74875 1.64789 4.25268
-1.51126 -4.38944 4.52449
-0.537037 4.53657 -1.83184
-3.51585 -4.37067 -1.11192
4.94247 -0.349047 -4.39564
4.42345 -4.11857 -3.91463
0.0887691 3.47943 -0.131329
3.6524 -2.82739 2.84667
1.43549 -1.99404 -0.628339
