1.50162 0.129687 -0.483837
1.96172 0.121881 2.84829
4.73187 -4.23962 1.82296
-0.454898 4.74741 -0.953923
4.70069 -3.69464 -2.65001
-0.241753 -3.29067 4.70746
1.61953 0.0907523 4.10772
-2.45507 -2.17783 -1.06163
1.5553 -0.800071 4.98843
-1.71449 1.59317 -1.3791
-4.37249 3.29104 3.23944
3.99716 2.62659 1.61078
-2.8034 -1.16815 -0.864005
2.86619 -0.717285 -1.56003
-1.45391 0.121601 -0.304454
2.93053 -3.8858 -4.31602
0.771195 -3.50179 3.00782
3.81796 -2.79131 4.00044
0.622077 -4.91332 -1.1438
-1.71697 1.39607 -3.35269
-1.29509 -2.58724 -0.957009
-0.602299 3.20919 -3.88379
4.92023 -4.41151 -4.07812
4.86008 3.38126 0.938252
3.27051 4.86548 2.24126
3.71192 2.82161 -3.26339
-2.70819 0.715002 -4.3616
-1.84532 4.32998 -4.99533
4.82277 -3.82829 -2.65862
-4.17727 -0.399676 -0.0626405
3.77448 -2.51093 4.21795
3.74737 -1.49822 0.939266
2.36999 2.17892 4.81904
-3.51951 2.38085 2.02819
2.02211 -2.49249 2.62622
4.01521 4.5093 4.69323
3.59682 3.09592 0.69433
-3.60952 -2.34596 -2.47213
-4.67171 1.98806 4.45431
2.84716 -3.47421 0.367778
4.04667 -0.0938431 -3.05866
0.848988 1.56292 2.04769
-2.17322 4.92622 -4.79616
4.42094 -2.09255 -2.42704
-0.612815 4.73743 4.72728
1.55578 2.17999 -1.09496
-2.77474 1.72444 -4.17778
-1.34196 -4.24103 -2.59876
4.48298 3.87723 2.77226
-0.147943 2.52976 1.27549
1.07218 -0.136396 1.50446
4.46428 0.420568 -2.8923
-3.18571 4.75334 1.18279
-4.86442 1.45348 -3.77692
-4.7927 -3.29251 3.99064
-3.65714 -0.256557 4.78005
-3.91125 -2.15366 -3.85057
2.30757 3.47213 -3.61937
-4.94 -3.76174 -4.17466
3.29869 2.96051 2.51172
-0.0458462 1.23696 -2.04983
1.19982 -4.31817 2.27699
2.73926 2.53308 -3.58267
4.07642 -2.51667 4.61965
-1.84474 -3.45546 -3.01981
-2.64662 4.91085 4.2909
-2.10886 -3.20204 -1.85538
3.34376 -1.41651 -1.96639
-3.78869 1.04496 3.56935
-2.80024 4.37704 2.49791
-1.83317 3.02527 -1.04979
4.71526 -1.17256 -3.42944
3.7807 4.83194 -4.50294
4.80314 -2.74797 4.65646
-4.03335 -3.43388 1.35317
-4.61405 3.94306 -1.64623
-2.04873 -1.48088 3.71825
1.84513 4.14642 -2.55835
-1.69755 4.67865 0.157109
-4.01146 4.77145 -4.95861
2.76822 0.0142409 -0.216736
3.60869 -1.47889 -4.41382
-2.76688 -3.62073 4.84567
-4.48744 3.00622 -2.49503
-2.36796 -0.0324689 4.15317
-3.95279 0.562881 -4.8462
-3.70977 4.79971 1.32408
3.49418 2.68081 -4.43758
0.54079 -2.41017 4.14461
4.65264 -3.71278 -0.317881
4.60825 1.04988 -0.646672
-3.74754 1.70329 4.19408
-1.39685 -4.36446 4.48029
-0.231225 4.52977 -1.77044
-3.49193 -4.22843 -1.10261
4.92467 -0.231891 -4.41279
4.42645 -4.06305 -3.96741
0.254728 3.38271 -0.0497646
3.66616 -2.98266 2.83048
1.24705 -2.00591 -0.714412
