1.31103 0.20305 -0.311612
2.07719 0.145375 2.98222
4.73094 -4.27259 1.851
-0.500997 4.69245 -0.959048
4.73961 -3.74979 -2.60766
-0.15744 -3.21113 4.82388
1.63091 0.0190875 3.43993
-2.32937 -2.35253 -0.988966
1.53923 -0.766341 -4.89967
-1.65145 1.53074 -1.49961
-4.42395 3.21822 3.33195
3.9991 2.68996 1.95277
-2.84403 -1.23781 -0.90652
2.58531 -0.901472 -1.55049
-1.43204 0.00261522 -0.400641
2.96517 -3.80157 -4.36172
0.77193 -3.61332 2.97508
3.85374 -2.82851 4.03203
0.546829 -4.84305 -1.06082
-1.70542 1.37869 -3.3149
-1.19431 -2.56055 -0.887699
-0.552028 3.08634 -3.73092
-4.89932 -4.45016 -4.11064
4.97977 3.36029 0.924329
3.31056 4.80584 2.07504
3.61135 2.74531 -3.32443
-2.73009 0.738795 -4.30742
-1.85151 4.30594 -4.96838
4.75963 -3.74213 -2.58017
-4.05501 -0.57752 -0.209056
3.88762 -2.41329 4.01443
3.51757 -1.68167 0.530498
2.55349 2.29019 -4.97736
-3.58905 2.39847 1.94665
2.01166 -2.53 2.49177
3.96836 4.63238 4.745
3.59975 3.0803 0.693894
-3.60526 -2.29354 -2.49477
-4.57288 1.97966 4.30567
2.63762 -3.39177 0.443389
4.00723 -0.123377 -2.93249
0.9653 1.50698 2.05556
-2.09965 4.98207 -4.78586
4.47347 -2.03376 -2.48985
-0.484238 4.80416 4.43322
1.37495 -2.88088 -1.06757
-2.78785 1.65297 -4.16376
-1.2608 -4.39637 -2.52887
4.42753 3.78916 2.74846
-0.110283 2.461 1.23532
0.949025 -0.111287 1.49457
4.35471 0.420551 -2.9344
-3.14124 4.84946 1.12952
-4.7813 1.45462 -3.83977
-4.87677 -3.11364 3.98089
-3.61796 -0.261724 4.72391
-3.99089 -2.16992 -3.85647
2.25438 3.67417 -3.71315
4.98311 -3.71275 -4.12875
3.30972 2.86036 2.48676
-0.102555 1.20389 -2.06091
1.15669 -4.3794 2.74915
2.92734 2.61713 -3.66434
4.12652 -2.5495 4.55329
-1.81816 -3.4802 -3.11297
-2.7186 4.84396 -4.9102
-2.10956 3.66628 -1.68264
3.28034 -1.56711 -1.85298
-3.71231 1.13052 3.3284
-2.78121 4.2982 2.49194
-2.29521 3.0361 -1.24178
4.75798 -1.0791 -3.44771
3.89478 4.96889 -4.51916
4.59983 -2.7572 4.61667
-4.12163 -3.41905 0.696089
-4.6161 3.95381 -1.60723
-2.04423 -1.28824 3.88123
1.81216 4.17841 -2.53577
-1.62781 4.60972 0.189675
-4.10993 4.88158 4.99365
2.79894 0.0345529 -0.233081
3.59329 -1.55633 -4.29243
-2.8744 -3.6161 4.78856
-4.51984 2.97126 -2.44354
-2.3998 -0.112378 4.1804
-4.01889 0.572799 -4.83526
-3.64086 4.88476 1.58564
3.38731 2.75999 -4.58398
0.512928 -2.37371 4.15946
4.56182 -3.66113 -0.317166
4.63215 1.05167 -0.642805
-3.74775 1.75934 4.13963
-1.28269 -4.35017 4.44209
0.0745702 4.5263 -1.70987
-3.47003 -4.08856 -1.0934
4.91067 -0.114723 -4.43258
4.451 -4.01355 -4.02499
0.420854 3.28788 0.0320166
3.68176 -3.13957 2.81502
1.0586 -2.019 -0.800732
