1.21571 0.239811 -0.225523
2.13527 0.157184 3.04947
4.73163 -4.29039 1.8652
-0.524169 4.66638 -0.96154
4.70069 -3.7764 -2.6447
-0.115321 -3.17208 4.88314
1.63653 -0.0167574 3.10676
-2.26692 -2.44025 -0.952657
1.53123 -0.749525 -4.84538
-1.6201 1.49958 -1.55991
-4.45187 3.18242 3.3792
4.00082 2.72176 2.12392
-2.86497 -1.27268 -0.927781
2.445 -0.993536 -1.54585
-1.42124 -0.0568973 -0.448678
2.9827 -3.76033 -4.38557
0.772232 -3.66943 2.95896
3.87222 -2.84819 4.0484
0.509411 -4.81263 -1.01931
-1.6997 1.37005 -3.29629
-1.14393 -2.5475 -0.853049
-0.52688 3.02518 -3.65491
-4.81459 -4.47128 -4.12799
-4.95881 3.35035 0.917354
3.331 4.77756 1.99219
3.56209 2.70754 -3.35523
-2.74152 0.750524 -4.2824
-1.85464 4.29468 -4.95707
4.79582 -3.70173 -2.47677
-3.99531 -0.666461 -0.282107
3.9455 -2.36318 3.91412
3.40358 -1.77363 0.326304
2.6455 2.34599 -4.8755
-3.62496 2.40745 1.90616
2.00654 -2.54903 2.42481
3.94598 4.69532 4.77484
3.6015 3.07273 0.693626
-3.60474 -2.26769 -2.50649
-4.52566 1.97584 4.23396
2.5332 -3.35149 0.481245
3.98821 -0.138368 -2.86986
1.02349 1.47926 2.06
-2.06296 -4.98847 -4.78283
4.50155 -2.00477 -2.52169
-0.419776 4.83988 4.28809
1.28472 -0.410915 -1.05398
-2.79473 1.61751 -4.15761
-1.22032 -4.47589 -2.49444
4.40118 3.74582 2.73705
-0.0914955 2.42676 1.21536
0.887422 -0.0987724 1.48973
4.3009 0.42082 -2.95566
-3.11963 4.89916 1.10271
-4.7418 1.45541 -3.87209
-4.92266 -3.02487 3.97683
-3.59909 -0.264466 4.69804
-4.0322 -2.17828 -3.86037
2.22798 3.77615 -3.76093
4.9458 -3.68907 -4.10756
3.31569 2.81069 2.47498
-0.130875 1.18737 -2.06657
1.13522 -4.41121 2.98554
3.02158 2.6593 -3.70566
4.15256 -2.56602 4.52208
-1.80509 -3.49315 -3.16012
-2.75528 4.81184 -4.51035
-2.11013 2.10045 -1.59645
3.2493 -1.6428 -1.79655
-3.67481 1.17321 3.20864
-2.77199 4.25929 2.48934
-2.52673 3.04192 -1.33773
4.78127 -1.03251 -3.4578
3.95295 -4.95995 -4.5306
4.5007 -2.76225 4.59837
-4.16752 -3.41279 0.367699
-4.61813 3.95994 -1.58778
-2.04235 -1.19234 3.96374
1.79581 4.19507 -2.52465
-1.5931 4.57606 0.206066
-4.16154 4.93982 4.97162
2.81452 0.0447524 -0.241202
3.58636 -1.5952 -4.23426
-2.92881 -3.6152 4.76183
-4.53731 2.95424 -2.4181
-2.41595 -0.152355 4.19538
-4.05322 0.577813 -4.83245
-3.60747 4.92828 1.71672
3.33489 2.80003 -4.65888
0.498987 -2.35572 4.16765
4.51735 -3.63589 -0.316801
4.64474 1.05263 -0.64085
-3.74835 1.78755 4.11389
-1.22572 -4.34681 4.42541
0.227504 4.52613 -1.67985
-3.45982 -4.01949 -1.08884
4.90513 -0.0561389 -4.44338
4.47163 -3.99156 -4.05584
0.504002 3.24112 0.0729892
3.69026 -3.21873 2.80759
0.964297 -2.02582 -0.843919
