1.12039 0.276733 -0.139306
2.19379 0.169121 3.11704
4.73309 -4.30906 1.8795
-0.54742 4.64121 -0.964009
4.66164 -3.80416 -2.6835
-0.0732326 -3.13341 4.94312
1.64196 -0.0526776 2.7739
-2.20472 -2.52823 -0.916358
1.52326 -0.732713 -4.79203
-1.58876 1.46837 -1.62024
-4.48119 3.14711 3.42712
4.0033 2.75365 2.29518
-2.88631 -1.30759 -0.949051
2.3048 -1.08563 -1.54135
-1.41053 -0.116426 -0.496673
3.00033 -3.71948 -4.41012
0.772484 -3.72573 2.94298
3.89112 -2.86838 4.06524
0.472148 -4.78507 -0.977757
-1.694 1.36145 -3.27788
-1.09355 -2.53464 -0.818401
-0.501721 2.96423 -3.57914
-4.7331 -4.4934 -4.1462
-4.89881 3.34078 0.910374
3.35179 4.75031 1.9095
3.51355 2.67005 -3.38611
-2.75329 0.76214 -4.25872
-1.85781 4.28606 -4.94686
4.83391 -3.661 -2.37172
-3.9365 -0.75541 -0.355044
4.00459 -2.3125 3.81442
3.29016 -1.86578 0.122234
2.73765 2.40193 -4.77468
-3.66147 2.41659 1.86584
2.00149 -2.56821 2.35802
3.92426 4.76122 4.80766
3.60364 3.06533 0.693332
-3.60532 -2.24204 -2.51849
-4.4799 1.97231 4.16393
2.42899 -3.31178 0.519127
3.96966 -0.153516 -2.80744
1.08172 1.45174 2.06479
-2.02633 -4.9625 -4.78074
4.53088 -1.97599 -2.55383
-0.355227 4.87746 4.14397
1.19447 2.05902 -1.04051
-2.80182 1.58229 -4.15203
-1.17992 -4.55655 -2.4603
4.37583 3.703 2.72597
-0.0727339 2.39261 1.19548
0.825797 -0.0862831 1.48499
4.2477 0.42129 -2.97707
-3.09844 4.95001 1.07582
-4.70363 1.45637 -3.90499
-4.97152 -2.93644 3.97328
-3.58068 -0.267294 4.67352
-4.07457 -2.18676 -3.86489
2.20171 3.87894 -3.80928
4.91147 -3.66572 -4.08754
3.32198 2.76131 2.4637
-0.159162 1.17089 -2.07233
1.11383 -4.44384 3.22221
3.11594 2.70165 -3.74728
4.17918 -2.58241 4.49206
-1.79217 -3.50642 -3.20763
-2.79238 4.78235 -4.11133
-2.11089 0.53477 -1.51031
3.21872 -1.71875 -1.74028
-3.63771 1.21586 3.08927
-2.76294 4.22074 2.48699
-2.7586 3.04825 -1.4337
4.80586 -0.985973 -3.46851
4.01189 -4.89165 -4.54465
4.40338 -2.76766 4.58122
-4.21462 -3.40718 0.0394082
-4.62077 3.96661 -1.56838
-2.04068 -1.09671 4.04699
1.77956 4.2122 -2.51364
-1.55849 4.5429 0.222516
-4.21488 -4.99918 4.95258
2.83027 0.0549895 -0.249282
3.57991 -1.63414 -4.17765
-2.98368 -3.61497 4.73627
-4.5556 2.93757 -2.39286
-2.43227 -0.192312 4.21126
-4.08848 0.582871 -4.83125
-3.57462 4.97245 1.84799
3.28315 2.84053 -4.73474
0.48504 -2.33785 4.17634
4.47358 -3.61103 -0.316428
4.6578 1.05364 -0.638878
-3.74925 1.81589 4.08911
-1.16886 -4.34523 4.41028
0.380477 4.52712 -1.64998
-3.45007 -3.95093 -1.08431
4.90062 0.00245049 -4.45476
4.49517 -3.9708 -4.08821
0.587229 3.1948 0.114007
3.69924 -3.29835 2.80037
0.869967 -2.03298 -0.887156
