1.0251 0.313669 -0.0530812
2.2526 0.181141 3.18507
4.73529 -4.32856 1.89392
-0.570753 4.61693 -0.966471
4.6231 -3.83254 -2.72293
-0.0311735 -3.09509 -4.99615
1.64732 -0.0886465 2.44119
-2.14277 -2.61648 -0.880063
1.51532 -0.715899 -4.73956
-1.55749 1.4373 -1.68059
-4.51192 3.11239 3.47573
4.00657 2.78566 2.46659
-2.90806 -1.34257 -0.970331
2.16465 -1.17775 -1.53695
-1.39988 -0.175984 -0.544597
3.01808 -3.679 -4.4354
0.772693 -3.78225 2.92711
3.91049 -2.88901 4.08254
0.435005 -4.76038 -0.93614
-1.68833 1.35291 -3.25967
-1.04316 -2.52195 -0.783753
-0.476555 2.90351 -3.50361
-4.65429 -4.51617 -4.16536
-4.84012 3.33158 0.90339
3.37291 4.7241 1.82695
3.46575 2.63282 -3.41699
-2.76541 0.773646 -4.23633
-1.86105 4.27999 -4.93767
4.87318 -3.62044 -2.2663
-3.8786 -0.844361 -0.427854
4.06517 -2.2614 3.71526
3.17727 -1.95812 -0.0817201
2.82988 2.45794 -4.67486
-3.6986 2.42592 1.82569
1.99651 -2.58756 2.29138
3.90317 4.83056 4.84379
3.60616 3.0581 0.693018
-3.60698 -2.21658 -2.53077
-4.4356 1.96912 4.0955
2.32497 -3.27265 0.557043
3.95158 -0.16881 -2.74519
1.14001 1.42445 2.06995
-1.98982 -4.93889 -4.77956
4.56152 -1.9474 -2.58626
-0.290621 4.91695 4.00072
1.10431 4.52911 -1.02708
-2.80913 1.54733 -4.14699
-1.13961 -4.63836 -2.42645
4.35145 3.66072 2.71521
-0.0540053 2.35857 1.17568
0.764143 -0.0738241 1.48031
4.19506 0.42196 -2.99867
-3.07772 -4.99799 1.04888
-4.66677 1.45754 -3.93846
4.97633 -2.84828 3.97023
-3.56273 -0.270197 4.65026
-4.11804 -2.19534 -3.87005
2.17557 3.98258 -3.85823
4.8797 -3.64254 -4.06863
3.32853 2.7122 2.45288
-0.187417 1.15443 -2.07817
1.09254 -4.47735 3.45928
3.2104 2.74425 -3.78928
4.20631 -2.59835 4.46305
-1.77937 -3.52002 -3.25552
-2.82982 4.75455 -3.71289
-2.11182 -1.03093 -1.42422
3.18857 -1.79493 -1.68416
-3.601 1.2585 2.97027
-2.75406 4.18255 2.48488
-2.99081 3.05502 -1.52973
4.83181 -0.939472 -3.47983
4.07166 -4.82636 -4.56164
4.30801 -2.77365 4.56536
-4.26307 -3.40217 -0.288771
-4.62402 3.97382 -1.549
-2.03919 -1.00136 4.131
1.7634 4.2298 -2.50274
-1.52396 4.51024 0.239028
-4.27002 -4.94002 4.93661
2.84618 0.0652528 -0.257333
3.57397 -1.67315 -4.1225
-3.039 -3.6152 4.7118
-4.57472 2.92127 -2.3678
-2.44878 -0.232218 4.22803
-4.12473 0.587981 -4.83155
-3.5423 -4.98269 1.97944
3.2321 2.88159 -4.81161
0.471087 -2.3201 4.18552
4.43057 -3.58654 -0.316041
4.67134 1.0547 -0.636886
-3.75041 1.84439 4.06525
-1.11209 -4.3453 4.39659
0.533493 4.5293 -1.62024
-3.44078 -3.88287 -1.07982
4.89719 0.0610479 -4.46671
4.52116 -3.9512 -4.12223
0.670517 3.14895 0.155094
3.7087 -3.37845 2.79337
0.775625 -2.04042 -0.930455
