0.92983 0.350673 0.0331294
2.31159 0.193207 3.25356
4.73816 -4.34873 1.90845
-0.594184 4.59358 -0.968926
4.58519 -3.86143 -2.76272
0.010847 -3.0571 -4.93683
1.65271 -0.124638 2.10864
-2.08106 -2.705 -0.843747
1.50739 -0.699071 -4.68787
-1.52632 1.40633 -1.74097
-4.54411 3.07836 3.52505
4.01062 2.81784 2.63823
-2.93032 -1.37762 -0.99156
2.02453 -1.26988 -1.53268
-1.3893 -0.235503 -0.592457
3.03589 -3.6389 -4.46145
0.772865 -3.83903 2.9114
3.92983 -2.91003 4.10027
0.39786 -4.73962 -0.894435
-1.6827 1.34444 -3.24164
-0.99276 -2.50943 -0.749088
-0.451386 2.84299 -3.42828
-4.57777 -4.53957 -4.18556
-4.78266 3.32292 0.896406
3.39437 4.69898 1.74453
3.41868 2.59574 -3.44772
-2.77791 0.785031 -4.21518
-1.86439 4.27635 -4.92941
4.9135 -3.58018 -2.16077
-3.82163 -0.933263 -0.500517
4.12632 -2.20996 3.61665
3.06486 -2.05063 -0.285544
2.92214 2.51393 -4.57594
-3.73637 2.4356 1.78569
1.99158 -2.60707 2.22492
3.88263 4.90376 4.88362
3.60906 3.05105 0.69269
-3.60977 -2.19127 -2.54332
-4.3928 1.96627 4.02862
2.22111 -3.23408 0.595022
3.93398 -0.184221 -2.68304
1.19833 1.39741 2.07548
-1.95345 -4.91718 -4.7792
4.59351 -1.91896 -2.61901
-0.226 4.95847 3.85834
1.01444 -2.99908 -1.01355
-2.81666 1.51265 -4.1425
-1.0994 -4.72141 -2.39284
4.32803 3.61907 2.70479
-0.0353123 2.32464 1.15596
0.702439 -0.0613853 1.47572
4.14295 0.422822 -3.02045
-3.05753 -4.94753 1.02195
-4.63119 1.45893 -3.97251
4.92501 -2.76033 3.96768
-3.54525 -0.273159 4.6282
-4.1627 -2.20401 -3.87583
2.14953 4.0871 -3.9078
4.8501 -3.61946 -4.05077
3.33529 2.66335 2.44245
-0.215636 1.13801 -2.0841
1.07133 -4.51176 3.69689
3.30501 2.78721 -3.83179
4.23325 -2.61313 4.43458
-1.76672 -3.53394 -3.30373
-2.8676 4.72798 -3.31487
-2.11285 -2.59661 -1.33823
3.15885 -1.87132 -1.62818
-3.56467 1.30116 2.85159
-2.74534 4.14529 2.483
-3.2234 3.06228 -1.62581
4.8591 -0.892982 -3.49177
4.13228 -4.76438 -4.58193
4.21366 -2.78076 4.55122
-4.31304 -3.39755 -0.616822
-4.62788 3.98161 -1.52966
-2.03787 -0.906292 4.21591
1.74734 4.24786 -2.49196
-1.48953 4.47827 0.255611
-4.32721 -4.88252 4.92394
2.86224 0.075552 -0.265356
3.56845 -1.71222 -4.06873
-3.0949 -3.61582 4.68841
-4.59467 2.90534 -2.34292
-2.46554 -0.272027 4.2457
-4.16205 0.593149 -4.83328
-3.51049 -4.93879 2.11107
3.18173 2.92331 -4.88958
0.457114 -2.30244 4.19578
4.38833 -3.56237 -0.31562
4.68533 1.05582 -0.634873
-3.75181 1.87305 4.04229
-1.05545 -4.34689 4.38454
0.686483 4.53261 -1.59069
-3.43193 -3.81522 -1.07536
4.89486 0.119657 -4.47921
4.54917 -3.93286 -4.15804
0.753871 3.10352 0.196244
3.71846 -3.459 2.7866
0.681273 -2.04813 -0.973801
