0.834582 0.387776 0.119313
2.37072 0.205309 3.32247
4.74169 -4.36954 1.92309
-0.617682 4.57117 -0.971381
4.54796 -3.89082 -2.8028
0.0528284 -3.01941 -4.87887
1.65817 -0.160645 1.77623
-2.01955 -2.79385 -0.807002
1.49947 -0.682217 -4.63694
-1.49526 1.37546 -1.80136
-4.57782 3.04505 3.57511
4.01544 2.8502 2.81018
-2.95299 -1.41266 -1.0128
1.88446 -1.36201 -1.52854
-1.37881 -0.29499 -0.640282
3.05378 -3.59918 -4.48832
0.773012 -3.89609 2.89584
3.94912 -2.93146 4.11838
0.360776 -4.72136 -0.852655
-1.67711 1.33603 -3.22379
-0.942337 -2.49703 -0.714387
-0.426211 2.7827 -3.35315
-4.50323 -4.56357 -4.20694
-4.72637 3.31478 0.889425
3.41615 4.67493 1.66224
3.37218 2.55872 -3.47822
-2.79078 0.796269 -4.19524
-1.86786 4.27504 -4.92203
4.95492 -3.54026 -2.05524
-3.76556 -1.02209 -0.573032
4.18809 -2.15826 3.51855
2.95291 -2.14334 -0.489214
3.01451 2.56989 -4.47782
-3.77481 2.44562 1.74583
1.9867 -2.62673 2.15865
3.8626 4.98126 4.92755
3.6123 3.0442 0.692348
-3.6137 -2.1661 -2.55618
-4.35153 1.96375 3.96319
2.11742 -3.19602 0.633097
3.91685 -0.199714 -2.62097
1.25672 1.37062 2.08139
-1.91722 -4.89714 -4.77963
4.62694 -1.89066 -2.65206
-0.161397 -4.99786 3.7167
0.924632 -0.527696 -1.00007
-2.82442 1.47827 -4.13853
-1.05928 -4.80571 -2.35948
4.30554 3.57807 2.69468
-0.0166559 2.29083 1.13633
0.640663 -0.0489578 1.47122
4.0913 0.423862 -3.04243
-3.03789 -4.89853 0.99506
-4.59691 1.46054 -4.00713
4.87452 -2.67255 3.96564
-3.52825 -0.276171 4.60727
-4.20861 -2.21276 -3.88224
2.12361 4.19258 -3.95801
4.82246 -3.59644 -4.03389
3.34232 2.61472 2.43233
-0.243816 1.12163 -2.09009
1.05019 -4.54718 3.93513
3.39991 2.83066 -3.87486
4.26085 -2.62638 4.40627
-1.7542 -3.5482 -3.35229
-2.90569 4.70245 -2.91715
-2.11405 -4.16238 -1.25258
3.12958 -1.9479 -1.57237
-3.52872 1.34385 2.73321
-2.7368 4.10892 2.48135
-3.45639 3.07004 -1.72195
4.88776 -0.846485 -3.50431
4.19382 -4.70603 -4.60598
4.11959 -2.78927 4.53918
-4.36471 -3.39332 -0.944754
-4.63236 3.98999 -1.51034
-2.03663 -0.811547 4.30176
1.73139 4.26641 -2.4813
-1.4552 4.447 0.272268
-4.38659 -4.82658 4.91488
2.87845 0.0858932 -0.273353
3.56337 -1.75134 -4.01628
-3.15136 -3.6168 4.66608
-4.61545 2.88978 -2.31821
-2.48258 -0.311703 4.26427
-4.20053 0.598375 -4.83635
-3.47919 -4.8958 2.2429
3.13192 2.96571 -4.96879
0.443121 -2.28488 4.2071
4.34685 -3.53851 -0.315149
4.69977 1.057 -0.632839
-3.75343 1.90188 4.02022
-0.998936 -4.3499 4.37406
0.839527 4.53698 -1.56122
-3.42352 -3.74799 -1.07093
4.89372 0.178277 -4.49225
4.57906 -3.91588 -4.19587
0.837305 3.05854 0.237431
3.72852 -3.54002 2.78009
0.586857 -2.05592 -1.01719
