0.739333 0.425036 0.205522
2.43 0.217446 3.39181
4.74587 -4.39101 1.93785
-0.641225 4.54978 -0.973838
4.51144 -3.92068 -2.84313
0.094771 -2.98193 -4.82225
1.66372 -0.196668 1.44394
-1.95827 -2.88291 -0.77022
1.49157 -0.66533 -4.58675
-1.46432 1.3447 -1.86177
-4.61309 3.01245 3.62595
4.02099 2.88273 2.98253
-2.97605 -1.44773 -1.03406
1.74447 -1.4542 -1.52455
-1.36844 -0.35445 -0.688075
3.07174 -3.55984 -4.51607
0.773146 -3.95335 2.88043
3.96837 -2.95335 4.13681
0.323759 -4.70528 -0.810811
-1.67156 1.3277 -3.20612
-0.891919 -2.48476 -0.679665
-0.401028 2.72263 -3.2782
-4.43041 -4.58814 -4.22963
-4.67119 3.30717 0.882451
3.43826 4.65194 1.58005
3.32609 2.52171 -3.50856
-2.80405 0.80733 -4.17649
-1.87145 4.27604 -4.91549
4.99766 -3.50068 -1.94978
-3.71041 -1.11085 -0.645391
4.25049 -2.10634 3.42093
2.84138 -2.2363 -0.692704
3.10709 2.62593 -4.38051
-3.81392 2.45601 1.7061
1.98188 -2.64653 2.09256
3.84306 -4.93648 4.97602
3.61589 3.03752 0.691997
-3.61876 -2.14104 -2.56933
-4.31183 1.96154 3.89913
2.01385 -3.15845 0.671246
3.90023 -0.215263 -2.55896
1.31516 1.34412 2.0877
-1.88112 -4.87857 -4.78082
4.66188 -1.86249 -2.68545
-0.0968412 -4.95499 3.5757
0.834807 1.94372 -0.986646
-2.83241 1.44421 -4.1351
-1.01921 -4.89131 -2.32638
4.28397 3.53774 2.68485
0.00196192 2.25715 1.11677
0.578794 -0.0365362 1.46682
4.04011 0.42506 -3.06461
-3.0188 -4.85089 0.96825
-4.56391 1.46239 -4.04232
4.82488 -2.58491 3.96408
-3.51173 -0.279225 4.58742
-4.25581 -2.22159 -3.88928
2.09779 4.29907 -4.00892
4.7966 -3.57343 -4.0179
3.34968 2.56631 2.42251
-0.27196 1.10531 -2.09617
1.02912 -4.58318 4.17408
3.4953 2.87465 -3.91843
4.28962 -2.63883 4.37853
-1.74182 -3.56274 -3.40119
-2.94408 4.67794 -2.51967
-2.1154 4.2713 -1.16697
3.10077 -2.02466 -1.51676
-3.49313 1.38658 2.61509
-2.72843 4.07344 2.47992
-3.68983 3.07832 -1.81814
4.91783 -0.799972 -3.51746
4.25639 -4.65165 -4.63421
4.02532 -2.79853 4.52895
-4.41843 -3.3895 -1.27259
-4.63747 3.99897 -1.49103
-2.03539 -0.717148 4.38865
1.71554 4.28544 -2.47077
-1.42094 4.41649 0.289011
-4.4484 -4.77216 4.90989
2.89483 0.0962758 -0.281322
3.55874 -1.79051 -3.96509
-3.20842 -3.61808 4.64478
-4.6371 2.87458 -2.29368
-2.49998 -0.351207 4.28369
-4.2403 0.603658 -4.84069
-3.44837 -4.85369 2.37492
3.08254 3.00874 4.95072
0.429104 -2.26735 4.21947
4.30604 -3.51496 -0.314618
4.71468 1.05824 -0.630783
-3.75522 1.93088 3.99904
-0.942535 -4.35353 4.36511
0.992633 4.54227 -1.5318
-3.41558 -3.68115 -1.06649
4.89385 0.236906 -4.50583
4.61079 -3.90036 -4.23596
0.920828 3.01403 0.278656
3.73888 -3.62153 2.77385
0.492411 -2.06399 -1.06065
