0.64407 0.462359 0.291692
2.48942 0.229616 3.46155
4.7507 -4.41311 1.95271
-0.664793 4.52934 -0.976302
4.47565 -3.95099 -2.88372
0.136675 -2.94465 -4.76693
1.66939 -0.232713 1.11175
-1.89719 -2.9723 -0.733415
1.48369 -0.648403 -4.53729
-1.4335 1.31403 -1.9222
-4.65 2.98061 3.67753
4.02729 2.91549 3.15527
-2.99946 -1.48287 -1.05537
1.60451 -1.54643 -1.52072
-1.35817 -0.413901 -0.735847
3.08977 -3.52074 -4.54479
0.773274 -4.0108 2.86518
3.98761 -2.97569 4.1555
0.286801 -4.69123 -0.768918
-1.66606 1.31945 -3.18866
-0.841515 -2.47262 -0.644923
-0.375836 2.66279 -3.20346
-4.35913 -4.61319 -4.25377
-4.61707 3.30007 0.875477
3.46072 4.63002 1.49794
3.28034 2.48478 -3.53906
-2.81772 0.818164 -4.15893
-1.87518 4.27925 -4.90977
-4.95746 -3.46148 -1.84444
-3.65619 -1.19953 -0.717583
4.31354 -2.05419 3.32373
2.73019 -2.32958 -0.895971
3.19993 2.68221 -4.28737
-3.85373 2.46675 1.6665
1.97711 -2.66646 2.02664
3.82396 -4.85518 -4.97071
3.61982 3.03104 0.691631
-3.62495 -2.1161 -2.58279
-4.27373 1.95961 3.83627
1.9104 -3.12134 0.709456
3.8841 -0.230845 -2.49703
1.37369 1.31787 2.09439
-1.84515 -4.86139 -4.78274
4.69845 -1.83442 -2.71917
-0.0323441 -4.91285 3.43524
0.745049 4.4153 -0.973286
-2.84063 1.41051 -4.1322
-0.979191 -4.97846 -2.29357
4.2633 3.4981 2.67522
0.0205379 2.22359 1.09729
0.516833 -0.0241293 1.46255
3.98932 0.426399 -3.08701
-3.00027 -4.80465 0.941533
-4.53221 1.46449 -4.07814
4.77609 -2.49731 3.963
-3.49568 -0.282315 4.56858
-4.30433 -2.23048 -3.89697
2.07208 4.40678 -4.06077
4.77235 -3.55032 -4.00276
3.35744 2.51814 2.4129
-0.300068 1.08901 -2.10234
1.00812 -4.61976 4.41379
3.59133 2.91924 -3.96289
4.31939 -2.65088 4.35168
-1.72956 -3.57757 -3.45045
-2.98277 4.65432 -2.12238
-2.11689 2.70558 -1.08137
3.07244 -2.10158 -1.46142
-3.45788 1.42934 2.4972
-2.72022 4.03881 2.4787
-3.92376 3.08709 -1.91442
4.94933 -0.753429 -3.53122
4.3201 -4.59796 -4.66708
3.93093 -2.808 4.5203
-4.47541 -3.38614 -1.60035
-4.64321 4.00855 -1.47176
-2.03398 -0.623099 4.47669
1.69981 4.30498 -2.4604
-1.38677 4.38666 0.305862
-4.51293 -4.71893 4.90937
2.91137 0.106687 -0.289273
3.55457 -1.82971 -3.91512
-3.26609 -3.61965 4.62452
-4.65965 2.85972 -2.26936
-2.51782 -0.390539 4.30392
-4.28148 0.608998 -4.84629
-3.41803 -4.81238 2.50715
3.03351 3.05243 4.87447
0.415062 -2.24986 4.23287
4.26584 -3.49173 -0.314024
4.73006 1.05953 -0.628709
-3.75717 1.96007 3.97872
-0.886246 -4.35778 4.35762
1.1458 4.54836 -1.50244
-3.40808 -3.61474 -1.06205
4.89536 0.295545 -4.51995
4.64447 -3.88589 -4.27858
1.00445 2.97 0.319948
3.74956 -3.70348 2.76786
0.397944 -2.07231 -1.10419
