0.548781 0.499792 0.377796
2.54898 0.241816 3.53172
4.75618 -4.43584 1.9677
-0.68843 4.50987 -0.978775
4.44102 -3.98177 -2.92451
0.178545 -2.90755 -4.71287
1.67515 -0.268781 0.779626
-1.83629 -3.062 -0.69658
1.47584 -0.631434 -4.48853
-1.40279 1.28343 -1.98266
-4.68863 2.94952 3.72995
4.03436 2.9485 3.32849
-3.02314 -1.51809 -1.07673
1.46462 -1.6387 -1.51702
-1.34798 -0.473343 -0.7836
3.10789 -3.4819 -4.5744
0.773408 -4.06846 2.85008
4.00698 -2.99853 4.17456
0.249848 -4.68005 -0.726954
-1.66061 1.31126 -3.17139
-0.791131 -2.46062 -0.610156
-0.350629 2.60317 -3.12891
-4.28919 -4.63872 -4.27934
-4.56395 3.29348 0.868515
3.48355 4.60914 1.41593
3.2349 2.44794 -3.56973
-2.8318 0.828714 -4.14252
-1.87904 4.2846 -4.90483
-4.9144 -3.42267 -1.73929
-3.60287 -1.28812 -0.789582
4.37729 -2.00185 3.22697
2.61928 -2.42329 -1.09893
3.29299 2.73879 -4.19707
-3.89425 2.47783 1.62703
1.9724 -2.68652 1.96093
3.80528 -4.77481 -4.91871
3.6241 3.02474 0.69126
-3.63212 -2.09126 -2.59655
-4.23725 1.95793 3.77453
1.80708 -3.0847 0.74774
3.86853 -0.246439 -2.43516
1.43233 1.29185 2.10148
-1.80929 -4.84551 -4.78537
4.73702 -1.80645 -2.75322
0.0320938 -4.87144 3.29528
0.65529 -3.11157 -0.959761
-2.84908 1.37718 -4.12984
-0.93925 4.93286 -2.26102
4.24351 3.45909 2.66581
0.0390783 2.19016 1.07789
0.454799 -0.0117388 1.45843
3.93894 0.427861 -3.10962
-2.98226 -4.75971 0.914926
-4.50182 1.46685 -4.11457
4.72814 -2.40971 3.96242
-3.48011 -0.285434 4.55073
-4.3542 -2.23943 -3.90528
2.04649 4.51581 -4.11349
4.74967 -3.52715 -3.98829
3.36565 2.4702 2.40354
-0.328114 1.07274 -2.10859
0.987173 -4.65696 4.65444
3.68811 2.96444 -4.00802
4.35001 -2.66274 4.32593
-1.71742 -3.59268 -3.50004
-3.0217 4.63156 -1.72521
-2.1185 1.14007 -0.99576
3.04481 -2.17861 -1.4064
-3.42296 1.47215 2.37954
-2.71219 4.00496 2.47769
-4.15819 3.09637 -2.01078
4.98234 -0.706852 -3.54557
4.38514 -4.54495 -4.70124
3.83646 -2.81752 4.51322
-4.5335 -3.38322 -1.92796
-4.64954 4.01873 -1.45248
-2.0323 -0.529327 4.56605
1.6842 4.325 -2.45021
-1.35268 4.35751 0.32281
-4.58055 -4.66686 4.91415
2.92808 0.117127 -0.297208
3.55094 -1.86893 -3.86627
-3.32438 -3.62149 4.60531
-4.68315 2.84518 -2.24525
-2.53617 -0.429752 4.32489
-4.32426 0.614391 -4.85309
-3.38815 -4.77184 2.63961
2.9848 3.09675 4.80129
0.400997 -2.23241 4.24729
4.22633 -3.4688 -0.313359
4.74592 1.06087 -0.626612
-3.75923 1.98946 3.95929
-0.830055 -4.36263 4.35157
1.29914 4.5552 -1.47323
-3.4009 -3.54872 -1.05756
4.89841 0.35419 -4.53459
4.68036 -3.87241 -4.32348
1.08819 2.92639 0.361299
3.76056 -3.78589 2.76222
0.303468 -2.08088 -1.14781
