-0.0239766 0.727458 0.894248
2.91017 0.315625 3.96239
4.80257 -4.58563 2.06064
-0.83114 4.40786 -0.993788
4.25673 -4.17705 -3.17316
0.429243 -2.68916 -4.41139
1.71142 -0.485347 -1.21229
-1.47306 -3.60952 -0.474471
1.42988 -0.528725 -4.20979
-1.22097 1.10177 -2.34613
-4.96312 2.77734 4.0649
4.09694 3.1541 4.38076
-3.16216 -1.73211 -1.20887
0.627679 -2.19417 -1.49798
-1.28806 -0.829722 -1.0698
3.21912 -3.2539 -4.7766
0.77533 -4.41832 2.76351
4.12984 -3.14461 4.3054
0.0293148 -4.65065 -0.474043
-1.62916 1.2638 -3.07239
-0.489689 -2.39163 -0.400287
-0.198939 2.24924 -2.68507
-3.89179 -4.80217 -4.45811
-4.26429 3.26432 0.826833
3.62879 4.50441 0.925569
2.9675 2.22856 -3.75905
-2.92488 0.880601 -4.06725
-1.90537 4.35828 -4.89012
-4.68464 -3.19736 -1.10614
-3.31196 -1.81789 -1.21438
4.77712 -1.68593 2.65456
1.95618 -2.99814 -2.31765
3.85749 3.08727 -3.68422
-4.15376 2.55093 1.39345
1.94625 -2.80969 1.57124
3.70316 -4.31063 -4.63209
3.65686 2.99063 0.689028
-3.69525 -1.9445 -2.68569
-4.05017 1.95051 3.42078
1.18896 -2.87345 0.978932
3.79018 -0.339602 -2.06525
1.78706 1.13951 2.15211
-1.59621 -4.77611 -4.81475
-4.97189 -1.63975 -2.96433
0.41607 -4.63846 2.46486
0.117807 1.72794 -0.87916
-2.90448 1.18834 -4.12765
-0.701141 4.42368 -2.0713
4.1417 3.23641 2.61391
0.149612 1.99221 0.963102
0.0818026 0.0619134 1.4373
3.64656 0.438549 -3.24958
-2.88486 -4.51976 0.758743
-4.34738 1.48673 -4.34674
4.45526 -1.88122 3.97035
-3.39602 -0.304496 4.46241
-4.68383 -2.29411 -3.96867
1.8963 -4.79512 -4.44849
4.65216 -3.38959 -3.91637
3.4256 2.18702 2.35324
-0.494689 0.97571 -2.14764
0.861411 -4.90096 -3.89686
4.28849 3.249 -4.29369
4.55015 -2.73343 4.19538
-1.647 -3.69013 -3.80475
-3.26022 4.51055 0.657156
-2.13203 1.74766 -0.481927
2.89713 -2.64286 -1.07787
-3.21968 1.72986 1.67758
-2.66755 3.81553 2.47617
4.45039 3.17464 -2.59284
-4.84637 -0.426446 -3.64404
4.83531 -4.2414 -4.95326
3.26912 -2.87464 4.50166
-4.93566 -3.37565 -3.90131
-4.70011 4.09183 -1.33674
-2.01811 0.032971 -4.86784
1.59274 4.45566 -2.39274
-1.1495 4.19566 0.426586
4.88013 -4.38012 -4.93364
3.03241 0.180435 -0.344325
3.54495 -2.10489 -3.594
-3.68924 -3.6382 4.51484
-4.8625 2.75522 -2.10336
-2.65445 -0.666817 4.46779
-4.63392 0.647559 -4.91747
-3.21787 -4.54176 3.44089
2.69827 3.37523 4.4007
0.316118 -2.12862 4.3551
4.00293 -3.33769 -0.30782
4.85169 1.06985 -0.613526
-3.77431 2.17136 3.86293
-0.494422 -4.40453 4.34543
2.22134 4.60813 -1.29773
-3.36467 -3.16061 -1.03023
4.9697 0.70616 -4.63302
4.96171 -3.80511 -4.6475
1.59341 2.67324 0.610519
3.83396 -4.29106 2.73648
-0.264254 -2.13694 -1.41284
