-0.11968 0.765929 0.980416
2.97114 0.328038 4.03604
4.81252 -4.61284 2.07674
-0.855089 4.39329 -0.996293
4.22961 -4.21149 -3.21506
0.470949 -2.65336 -4.36438
1.71771 -0.521408 -1.54425
-1.41285 -3.70253 -0.437248
1.42246 -0.511429 -4.16544
-1.19117 1.07176 -2.4068
4.98271 2.75078 4.12482
4.11127 3.18992 4.55929
-3.17937 -1.7656 -1.23156
0.488753 -2.28727 -1.49525
-1.27841 -0.889047 -1.11746
3.23814 -3.21662 -4.81603
0.776102 -4.47718 2.75003
4.15152 -3.17008 4.33165
-0.00722439 -4.65144 -0.431671
-1.62422 1.25621 -3.05664
-0.439615 -2.38061 -0.364973
-0.17356 2.1909 -2.61159
-3.82916 -4.8312 -4.49035
-4.21737 3.26119 0.819886
3.65447 4.49019 0.844111
2.92368 2.19248 -3.79188
-2.9421 0.885839 -4.05756
-1.9104 4.37733 -4.88995
-4.64997 -3.16095 -1.00051
-3.2743 -1.90894 -1.28393
4.84687 -1.63321 2.56059
1.84645 -3.09592 -2.52162
3.95354 3.14751 -3.60113
-4.20015 2.56403 1.35524
1.94238 -2.8307 1.50708
3.68767 -4.23586 -4.58795
3.66347 2.98555 0.688689
-3.70893 -1.9204 -2.70156
-4.02359 1.9495 3.36404
1.08597 -2.83946 1.01774
3.77979 -0.355032 -2.00378
1.84673 1.11461 2.16191
-1.56103 -4.76858 -4.82173
-4.91736 -1.61204 -3.00054
0.479125 -4.60238 2.32744
0.0283868 4.20174 -0.865723
-2.91447 1.15959 -4.12937
-0.661717 4.34236 -2.04057
4.12734 3.201 2.60619
0.16795 1.95968 0.944242
0.0195693 0.0739687 1.43442
3.59947 0.440574 -3.2736
-2.87034 -4.48657 0.733453
-4.32676 1.49107 -4.3878
4.41174 -1.7926 3.97389
-3.38352 -0.307671 4.4509
-4.74433 -2.30326 -3.98139
1.87184 -4.67829 -4.50722
4.65801 -3.36725 -3.90667
3.43745 2.14051 2.34594
-0.5221 0.959592 -2.15432
0.840265 -4.9453 -3.65716
4.39158 3.29855 -4.34438
4.58633 -2.74521 4.17772
-1.63571 -3.70739 -3.85665
-3.301 4.49372 1.05427
-2.13488 0.182821 -0.3963
2.87472 -2.72113 -1.0229
-3.18677 1.77297 1.5612
-2.66072 3.78587 2.47676
4.23095 3.19108 -2.6909
-4.82528 -0.37954 -3.66238
4.91993 -4.18902 4.99751
3.17474 -2.88423 4.50575
4.95914 -3.37575 -4.2316
-4.71098 4.10591 -1.31745
-2.01564 0.126871 -4.77522
1.57776 4.47954 -2.38366
-1.11583 4.17088 0.444281
4.77761 -4.34445 -4.90419
3.05048 0.191081 -0.352033
3.54728 -2.1443 -3.55148
-3.75355 -3.64189 4.50498
-4.90371 2.74022 -2.07969
-2.67503 -0.706872 4.49644
-4.70281 0.653103 -4.93202
-3.19103 -4.50532 3.576
2.65127 3.42393 4.33857
0.301869 -2.11147 4.3766
3.96784 -3.31691 -0.306631
4.87109 1.07149 -0.611249
-3.77767 2.20278 3.8504
-0.438666 -4.41355 4.3495
2.37552 4.61885 -1.26841
-3.35973 -3.0971 -1.02561
4.99757 0.764904 -4.65098
-4.9776 -3.79493 -4.70908
1.67811 2.6324 0.652308
3.84742 -4.37722 2.7338
-0.359284 -2.14706 -1.45771
