-0.215497 0.804599 1.06665
3.03234 0.340487 4.11031
4.82311 -4.6407 2.09302
-0.879192 4.37943 -0.998804
4.20315 -4.2465 -3.2572
0.512634 -2.61769 -4.31821
1.72407 -0.55745 -1.87624
-1.35278 -3.79612 -0.399984
1.41511 -0.494074 -4.12165
-1.1615 1.04181 -2.46751
4.93049 2.72476 4.18607
4.12605 3.22626 4.73926
-3.19487 -1.79593 -1.25306
0.350037 -2.3806 -1.49262
-1.26884 -0.94837 -1.16513
3.25735 -3.1795 -4.85798
0.777002 -4.53625 2.73694
4.17371 -3.19578 4.35946
-0.0437093 -4.6542 -0.389213
-1.61941 1.24874 -3.04111
-0.389572 -2.36971 -0.329552
-0.148147 2.13275 -2.53823
-3.76743 -4.86076 -4.52333
-4.17126 3.25857 0.812899
3.68058 4.47684 0.76271
2.88005 2.15659 -3.82515
-2.96003 0.889442 -4.04819
-1.91564 4.39831 -4.89043
-4.61622 -3.12482 -0.894845
-3.2396 -2.00377 -1.35482
4.91756 -1.58051 2.467
1.73693 -3.19429 -2.7259
4.05033 3.20849 -3.51876
-4.24763 2.57733 1.31726
1.93868 -2.85186 1.44312
3.67269 -4.16173 -4.54519
3.6704 2.98063 0.688362
-3.72328 -1.89642 -2.71774
-3.99858 1.94857 3.30789
0.982925 -2.80574 1.05668
3.7702 -0.370436 -1.94236
1.90655 1.08981 2.17209
-1.52593 -4.76217 -4.8293
-4.86501 -1.58432 -3.03709
0.541907 -4.56701 2.18998
-0.0608844 -3.32336 -0.852265
-2.92463 1.13201 -4.13181
-0.622403 4.262 -2.01014
4.11354 3.16605 2.59874
0.186276 1.92729 0.925445
-0.042664 0.0859293 1.43172
3.55282 0.442655 -3.29783
-2.8563 -4.4553 0.708288
-4.30794 1.49571 -4.4296
4.36873 -1.70388 3.97808
-3.37146 -0.310826 4.4403
-4.80685 -2.31238 -3.99477
1.84746 -4.56233 -4.56691
4.66584 -3.34509 -3.8975
3.44976 2.09417 2.33894
-0.549382 0.943486 -2.161
0.819077 -4.99063 -3.41787
4.49535 3.34872 -4.39636
4.62344 -2.75696 4.16119
-1.62456 -3.72492 -3.90889
-3.34212 4.47792 1.45145
-2.13787 -1.38198 -0.310616
2.85278 -2.79976 -0.967907
-3.15417 1.81613 1.44497
-2.65409 3.75668 2.47759
4.01322 3.20818 -2.78911
-4.80588 -0.332586 -3.68126
-4.98617 -4.13638 -4.97078
3.08046 -2.89385 4.51209
4.86208 -3.37595 -4.5644
-4.72254 4.1205 -1.29818
-2.01322 0.220797 -4.68456
1.56285 4.50418 -2.37471
-1.08224 4.14674 0.462094
4.68102 -4.31215 -4.99947
3.06874 0.201745 -0.359695
3.55072 -2.18373 -3.5097
-3.81914 -3.64584 4.49673
-4.94655 2.72549 -2.05608
-2.69583 -0.747095 4.52666
-4.78319 0.658533 -4.94778
-3.16465 -4.46939 3.71165
2.60437 3.47336 4.27744
0.287584 -2.09435 4.39908
3.93333 -3.29643 -0.305373
4.89101 1.07316 -0.608948
-3.78176 2.23454 3.83885
-0.38295 -4.42312 4.35496
2.52987 4.63012 -1.23907
-3.35508 -3.03391 -1.02095
-4.9648 0.823763 -4.66927
-4.94441 -3.7849 -4.78456
1.76294 2.59189 0.694173
3.86122 -4.46399 2.73156
-0.454531 -2.15738 -1.50279
