-0.311458 0.843518 1.15299
3.09389 0.352977 4.18524
4.83439 -4.66922 2.1095
-0.903366 4.3663 -1.00131
4.17747 -4.28209 -3.29947
0.554312 -2.58216 -4.27285
1.73051 -0.593468 -2.20828
-1.29288 -3.89027 -0.362661
1.40785 -0.476652 -4.07842
-1.13195 1.01192 -2.52828
4.88024 2.69926 4.24881
4.14135 3.26313 4.9212
-3.21035 -1.82423 -1.27355
0.211586 -2.4741 -1.49015
-1.25932 -1.00762 -1.21283
3.27688 -3.14253 -4.90272
0.777982 -4.59558 2.72423
4.19671 -3.22169 4.3894
-0.0801241 -4.65832 -0.346674
-1.61472 1.24139 -3.02578
-0.339553 -2.35886 -0.293994
-0.122687 2.0748 -2.46496
-3.7063 -4.89086 -4.55685
-4.1259 3.25647 0.805865
3.70715 4.46435 0.681373
2.83667 2.12088 -3.85886
-2.97865 0.891106 -4.03884
-1.92108 4.42125 -4.89154
-4.58332 -3.08899 -0.789136
-3.2059 -2.10104 -1.42691
4.98926 -1.52784 2.37383
1.62766 -3.29322 -2.93052
4.1481 3.27023 -3.43723
-4.29621 2.59082 1.27953
1.93517 -2.87318 1.37934
3.65853 -4.08822 -4.50338
3.67765 2.97589 0.68805
-3.73825 -1.87253 -2.73422
-3.97487 1.94771 3.25235
0.879858 -2.77224 1.09579
3.76142 -0.385811 -1.88098
1.96654 1.06511 2.18265
-1.49089 -4.75685 -4.83746
-4.81462 -1.55658 -3.07397
0.604548 -4.53223 2.05249
-0.150108 -0.848954 -0.838811
-2.93483 1.10577 -4.1351
-0.583144 4.18262 -1.97995
4.10033 3.13156 2.59159
0.2046 1.89504 0.9067
-0.104888 0.0977983 1.42919
3.50668 0.444791 -3.32226
-2.84273 -4.4255 0.683259
-4.28991 1.50067 -4.47216
4.32628 -1.61507 3.98297
-3.35975 -0.313951 4.43059
-4.87126 -2.32149 -4.00874
1.8232 -4.44719 -4.62756
4.67615 -3.32315 -3.88868
3.46258 2.048 2.33227
-0.576525 0.927396 -2.16765
0.797873 4.96291 -3.17895
4.59993 3.39951 -4.44999
4.66169 -2.76868 4.14607
-1.61352 -3.74271 -3.96145
-3.38362 4.46298 1.84877
-2.141 -2.94678 -0.22481
2.83132 -2.87875 -0.912889
-3.12183 1.85935 1.32887
-2.64763 3.72793 2.47869
3.79672 3.22594 -2.88735
-4.78771 -0.285585 -3.70067
-4.91203 -4.08457 -4.94083
2.9863 -2.90347 4.52105
4.77996 -3.37592 -4.89925
-4.73475 4.1356 -1.27892
-2.01078 0.314747 -4.5956
1.54803 4.52972 -2.36585
-1.04872 4.12328 0.480011
4.61867 -4.28178 4.90264
3.08718 0.212431 -0.367308
3.55536 -2.2232 -3.46853
-3.88583 -3.65005 4.49063
-4.99075 2.71103 -2.03254
-2.71677 -0.787485 4.55834
-4.86405 0.663703 -4.96488
-3.13866 -4.43396 3.848
2.55762 3.52351 4.21729
0.273273 -2.07727 4.42254
3.89939 -3.27625 -0.304042
4.91146 1.07487 -0.606622
-3.7865 2.26664 3.82827
-0.327249 -4.43324 4.3618
2.68441 4.64195 -1.20974
-3.35072 -2.97102 -1.01627
-4.92812 0.882855 -4.68776
-4.93121 -3.77497 -4.86233
1.8479 2.55175 0.736114
3.87544 -4.55141 2.72984
-0.550008 -2.1678 -1.54813
