-0.407598 0.882705 1.23948
3.15581 0.365504 4.2609
4.84639 -4.69842 2.12617
-0.927613 4.35387 -1.00381
4.15254 -4.3183 -3.34203
0.595983 -2.5468 -4.22829
1.73706 -0.629473 -2.54039
-1.23307 -3.98507 -0.325304
1.40071 -0.459176 -4.03576
-1.10251 0.982077 -2.58915
4.8319 2.67426 4.31311
4.15715 3.30053 -4.8941
-3.22624 -1.85139 -1.29341
0.0733758 -2.56796 -1.48782
-1.24995 -1.06683 -1.26056
3.29675 -3.1057 -4.95066
0.779004 -4.65521 2.71186
4.22058 -3.24779 4.42186
-0.116455 -4.66381 -0.30408
-1.61017 1.23417 -3.01065
-0.289535 -2.34814 -0.258324
-0.0971778 2.01702 -2.39179
-3.64572 -4.92154 -4.59106
-4.08126 3.25491 0.798774
3.73422 4.4527 0.600087
2.79352 2.08534 -3.89305
-2.99814 0.890561 -4.02918
-1.9267 4.44616 -4.89332
-4.55125 -3.05343 -0.68338
-3.17264 -2.19965 -1.4998
-4.93803 -1.4752 2.28104
1.51858 -3.393 -3.13555
4.24711 3.33276 -3.35667
-4.34597 2.6045 1.24202
1.93183 -2.89466 1.31572
3.64513 -4.01532 -4.46312
3.68523 2.97131 0.687752
-3.75382 -1.84875 -2.75102
-3.95234 1.94696 3.1974
0.776769 -2.73896 1.13509
3.75343 -0.40117 -1.81966
2.02672 1.0405 2.19358
-1.45589 -4.75266 -4.84621
-4.76609 -1.52883 -3.11124
0.667135 -4.49802 1.91504
-0.239251 1.62553 -0.825301
-2.94495 1.08102 -4.13945
-0.543931 4.10402 -1.94999
4.08771 3.09752 2.58471
0.22293 1.86293 0.888002
-0.167101 0.10957 1.42683
3.46104 0.446976 -3.34691
-2.82966 -4.39694 0.658381
-4.27266 1.50594 -4.51554
4.28438 -1.52618 3.98856
-3.34838 -0.317044 4.42172
-4.93758 -2.3306 -4.02336
1.79902 -4.33303 -4.68928
4.68898 -3.30144 -3.88057
3.47592 2.00198 2.3259
-0.603535 0.911318 -2.17425
0.776645 4.9176 -2.94037
4.7054 3.45097 -4.50612
4.70112 -2.78034 4.13252
-1.60259 -3.76081 -4.01437
-3.42553 4.44884 2.24623
-2.14426 -4.51175 -0.138915
2.81031 -2.95818 -0.857872
-3.08975 1.90265 1.21287
-2.64132 3.6996 2.48005
3.58102 3.24432 -2.98568
-4.77074 -0.238544 -3.72063
-4.84745 -4.03416 -4.91863
2.89224 -2.91314 4.5328
4.71393 -3.37558 4.76022
-4.74759 4.1512 -1.25969
-2.00831 0.408701 -4.50813
1.5333 4.55582 -2.35707
-1.01525 4.10049 0.498029
4.57162 -4.25307 4.82403
3.10581 0.223132 -0.374877
3.56122 -2.26275 -3.42801
-3.95373 -3.65452 4.48679
4.96379 2.69683 -2.00907
-2.73786 -0.828051 4.59139
-4.94563 0.668486 -4.98336
-3.11306 -4.39904 3.9851
2.51103 3.57436 4.15802
0.258935 -2.06023 4.44697
3.86602 -3.25637 -0.302647
4.93245 1.07662 -0.604275
-3.79191 2.29907 3.81862
-0.271557 -4.44397 4.37001
2.83915 4.65431 -1.18041
-3.34665 -2.90845 -1.01155
-4.89225 0.942272 -4.70646
-4.93793 -3.76463 -4.94656
1.93301 2.51195 0.778128
3.89009 -4.63951 2.72858
-0.645715 -2.17843 -1.59375
