-4.94235 1.83907 -0.979846
-2.83918 4.6573 1.67156
-4.74117 -1.43975 -0.00824364
4.93563 4.87584 0.0379501
-4.92729 -1.5238 4.6036
2.30329 0.800636 4.95352
0.428584 -4.92522 1.33806
2.30511 4.85215 2.74905
4.68617 2.59815 -2.3476
2.91444 -4.74463 -1.68325
4.87269 2.04235 2.39558
4.60898 1.34868 4.19273
-0.534802 2.96408 -0.574346
-2.52925 -1.65678 -4.29454
4.84401 4.74498 4.65241
0.21101 0.161443 -2.24203
0.0592366 -2.72036 -4.98743
-4.94848 -0.12656 -1.53184
-4.47677 0.230877 -0.782881
4.11652 2.83463 2.6992
-4.02698 4.94641 1.76857
1.48424 2.51299 1.97665
4.48378 -3.01203 -2.3867
0.297188 0.919621 3.80088
4.17066 -2.70561 -1.0987
-0.332215 -2.59607 -3.85031
0.878848 3.47579 -4.90589
0.0772491 -4.65256 2.42685
-4.61244 1.16923 3.5786
-3.20979 2.27863 4.72414
-2.30559 4.87807 -1.25456
2.60806 -4.39629 -3.64462
-1.86596 4.93701 1.36495
2.0809 -1.17302 -1.55866
-3.97169 0.814626 3.53864
-4.71576 0.627408 -4.50527
-0.855655 -4.06224 0.408384
-0.202762 -0.530728 -3.90742
-3.45811 -2.2 1.18089
2.05906 1.02391 3.31284
-0.440604 -1.22136 -3.84281
4.8551 -1.11245 4.16364
-0.847502 -4.33734 3.99988
-3.95745 4.656 -1.87552
-3.94834 4.15604 -1.00595
-0.486158 3.39757 4.8542
-2.97969 1.8875 4.48011
4.65658 -0.476002 -0.11705
3.69175 2.89557 -0.699637
1.56735 -0.832848 3.31645
2.38226 -4.7087 -4.71525
-2.40053 0.258187 -0.150053
-1.12614 0.79967 4.60236
2.84767 4.02065 1.86766
2.39351 2.48065 4.95099
0.484634 -0.481064 4.39253
-0.0306273 1.77416 1.55416
-4.78746 4.28382 4.74297
-4.32619 -0.689997 -4.90506
-0.600176 -2.19744 -0.136341
-0.581258 -0.59298 3.08212
-3.11284 -4.97126 -4.28309
1.29359 -4.92758 -4.9596
2.60048 -2.1267 -1.05031
2.09558 -3.54065 3.532
3.78421 4.9431 4.74912
1.54202 -3.3774 -3.48497
-1.24255 -4.45628 -4.69893
-2.36518 2.0035 -2.70917
3.29833 -0.879835 -2.69385
4.4571 -3.97915 -4.81382
3.98027 -4.85177 -1.33451
-3.45837 3.61437 -4.14867
-2.51262 -3.04276 -4.67692
1.64779 2.28823 3.26501
2.97352 1.68893 1.07444
1.1831 -3.62714 -2.2241
-4.22353 2.80508 0.261928
1.05245 -2.0196 1.93524
-4.13787 -0.527362 4.19673
0.730279 2.45729 -2.28112
0.48686 -2.35776 0.704216
-0.694036 -2.81876 -1.65194
-0.53289 -0.366311 -1.42836
4.6884 -1.60992 -3.14806
2.12438 -0.0310298 2.09819
4.97599 -0.567564 -4.55638
-0.330809 -0.0296925 1.31941
1.13804 -4.97884 -4.82719
-1.33045 0.363509 -0.00505931
4.80291 -2.51113 1.26351
-4.65831 -2.71079 -4.54903
4.72011 1.89074 -0.876501
4.83353 -3.8778 1.99002
-0.673117 0.799811 2.4016
2.29233 -2.5071 2.42554
-4.17926 0.0758283 4.4377
-3.31993 3.49038 2.38437
4.90532 0.862473 0.0425241
1.04694 -1.27318 -3.82514
