-0.600482 0.961825 1.41316
3.28085 0.39067 4.4145
4.87262 -4.7589 2.15997
-0.976474 4.33135 -1.00889
4.10473 -4.39268 -3.42841
0.679276 -2.47656 -4.14157
1.75039 -0.701482 -3.2049
-1.1137 -4.17665 -0.250505
1.38664 -0.424058 -3.95222
-1.04387 0.922411 -2.71136
4.74047 2.62567 4.44883
4.18989 3.37686 -4.52841
-3.25948 -1.90397 -1.33215
-0.202465 -2.75686 -1.4835
-1.23148 -1.18513 -1.35603
3.33757 -3.03244 4.94797
0.781104 -4.77542 2.68796
4.27099 -3.30034 4.4915
-0.188801 -4.67933 -0.218702
-1.6016 1.22015 -2.98101
-0.18951 -2.32695 -0.18671
-0.0460036 1.90195 -2.24573
-3.52617 -4.9847 -4.66178
-3.99412 3.25346 0.784464
3.78982 4.43186 0.437647
2.70781 2.01475 -3.96268
-3.04092 0.88258 -4.00751
-1.93853 4.50202 -4.89898
-4.48945 -2.98313 -0.471709
-3.10696 -2.39902 -1.64726
-4.79654 -1.37005 2.09634
1.30084 -3.59535 -3.54729
4.44817 3.46026 -3.19698
-4.44937 2.63243 1.16766
1.92571 -2.93814 1.18886
3.62038 -3.87123 -4.38853
3.70136 2.96268 0.687203
-3.78698 -1.80149 -2.78576
-3.91056 1.94576 3.08934
0.570543 -2.673 1.2143
3.73951 -0.431878 -1.69721
2.14763 0.991481 2.21657
-1.38603 -4.74767 -4.86558
-4.67521 -1.47331 -3.18744
0.792325 -4.43134 1.64044
-0.417326 -3.42432 -0.798108
-2.9647 1.03611 -4.15221
-0.465661 3.94908 -1.89086
4.06422 3.03078 2.5719
0.259635 1.79909 0.850767
-0.291485 0.132784 1.4225
3.37103 0.451475 -3.39695
-2.80515 -4.34305 0.609251
-4.24114 1.51742 -4.60528
4.20242 -1.34822 4.00144
-3.32666 -0.323119 4.40624
4.92734 -2.3488 -4.05539
1.75086 -4.10726 -4.81651
4.72131 -3.25886 -3.86801
3.50419 1.9104 2.31418
-0.657216 0.879123 -2.18728
0.734017 4.83023 -2.46415
4.91917 3.55598 -4.62091
4.78393 -2.80333 4.10807
-1.58109 -3.79793 -4.12139
-3.51083 4.42303 3.04187
-2.15132 2.35754 0.0328698
2.76943 -3.11851 -0.747936
-3.02645 1.98947 0.98116
-2.62913 3.64412 2.48352
3.15055 3.28288 -3.18306
-4.74081 -0.144374 -3.76263
-4.73393 -3.93766 -4.91755
2.70428 -2.93261 4.56244
4.60904 -3.37553 4.10443
-4.77581 4.1839 -1.22134
-2.00327 0.596596 -4.3372
1.50421 4.60972 -2.33979
-0.948452 4.05718 0.534454
4.50583 -4.20041 4.69631
3.14359 0.244562 -0.389895
3.57618 -2.34217 -3.34937
-4.09378 -3.66431 4.48544
4.87564 2.66919 -1.96236
-2.78058 -0.90973 4.66131
4.89913 0.677072 4.98691
-3.06295 -4.33084 4.26185
2.41828 3.67825 4.0423
0.230162 -2.02632 4.49866
3.80091 -3.21753 -0.299694
4.97586 1.08021 -0.599532
-3.80477 2.36492 3.80212
-0.160195 -4.46726 4.39053
3.14925 4.68063 -1.1218
-3.33938 -2.78426 -1.00192
-4.82926 1.06194 -4.75159
-4.99387 -3.7418 4.90402
2.10366 2.4333 0.862401
3.92072 -4.81797 2.72727
-0.837781 -2.20024 -1.68573
