-0.988482 1.12317 1.76417
3.53533 0.441476 4.73121
4.9337 -4.88865 2.22886
-1.07586 4.29538 -1.01962
4.01583 -4.55034 -3.60803
0.84552 -2.33765 -3.9777
1.77871 -0.846228 -4.53645
-0.877444 -4.56966 -0.100319
1.35759 -0.351776 -3.79303
-0.926583 0.802864 -2.95874
4.57963 2.53377 4.7471
4.2652 3.53566 -3.80776
-3.3321 -2.00592 -1.40886
-0.752745 -3.13996 -1.47672
-1.19575 -1.42112 -1.54748
3.42254 -2.88697 4.76234
0.785342 4.98004 2.6428
4.38285 -3.40683 4.64484
-0.331894 -4.72849 -0.0471148
-1.58678 1.19394 -2.92382
0.0106578 -2.28546 -0.0426653
0.0570627 1.67358 -1.95444
-3.29302 4.89272 -4.81564
-3.82764 3.25693 0.755556
3.90733 4.39943 0.113178
2.53839 1.8754 -4.10783
-3.14576 0.84703 -3.95215
-1.96464 4.63802 -4.91995
-4.37445 -2.84559 -0.0476488
-2.97976 -2.80378 -1.94812
-4.52772 -1.16039 1.72938
0.865703 -4.01114 -4.38265
4.86364 3.72502 -2.88296
-4.67333 2.69103 1.02091
1.91531 -3.02721 0.9363
3.57652 -3.58913 -4.26712
3.7377 2.94755 0.686183
-3.86317 -1.70847 -2.86042
-3.83893 1.94474 2.87958
0.157881 -2.54317 1.37549
3.71917 -0.493472 -1.45363
2.3917 0.893979 2.26669
-1.24665 -4.75174 -4.91228
-4.52269 -1.36222 -3.34909
1.0432 -4.30522 1.09283
-0.772817 -3.52305 -0.743034
-3.0013 0.959695 -4.1968
-0.309704 3.64693 -1.7755
4.0242 2.90248 2.54947
0.333313 1.67269 0.776726
-0.540082 0.178167 1.4151
3.19509 0.460944 -3.5009
-2.76212 -4.24682 0.51254
-4.19249 1.54405 -4.8017
4.04415 -0.991878 4.03264
-3.28777 -0.334856 4.38307
4.67271 -2.38513 -4.13292
1.65507 -3.66411 4.91247
4.80288 -3.17779 -3.86013
3.56732 1.72878 2.2942
-0.763671 0.814691 -2.21237
0.647739 4.66742 -1.51417
-4.66021 3.77439 -4.864
4.96495 -2.84762 4.06671
-1.53961 -3.87644 -4.34104
-3.68793 4.38193 4.63933
-2.16714 -3.90246 0.376675
2.6913 -3.44634 -0.528961
-2.90335 2.16423 0.518575
-2.60669 3.53766 2.493
2.29295 3.36735 -3.58306
-4.70033 0.0441728 -3.85882
-4.60876 -3.75547 4.89267
2.32844 -2.97253 4.63053
4.43362 -3.38222 2.80458
-4.84294 4.25499 -1.14528
-1.99299 0.972765 -4.00919
1.44797 4.72445 -2.30692
-0.81554 3.97952 0.608761
4.43664 -4.1141 4.48628
3.22144 0.287536 -0.419607
3.61485 -2.50295 -3.20312
-4.40172 -3.68897 4.50542
4.70988 2.61653 -1.87026
-2.86956 -1.07534 4.81534
4.65904 0.692393 4.9988
-2.96748 -4.20465 4.82908
2.23434 3.89528 3.81988
0.171986 -1.9591 4.61324
3.67663 -3.14345 -0.293367
-4.93468 1.08769 -0.590037
-3.83864 2.50023 3.77934
0.0623476 -4.52134 4.44818
3.77266 4.73987 -1.00518
-3.32863 -2.53953 -0.981302
-4.75628 1.30291 -4.89353
4.94652 -3.69939 4.89936
2.44672 2.27957 1.03169
3.98719 4.81766 2.7284
-1.22406 -2.24648 -1.87353
