-1.37877 1.28784 2.12121
3.79725 0.492709 -4.92943
-4.9936 4.96287 2.29962
-1.17754 4.27246 -1.03187
3.93559 -4.72157 -3.7989
1.01177 -2.20104 -3.82738
1.80887 -0.991623 4.12688
-0.648542 -4.98195 0.0498278
1.32817 -0.27741 -3.64219
-0.808008 0.682791 -3.21104
4.4509 2.44831 -4.91855
4.35514 3.70234 -3.09692
-3.41275 -2.10564 -1.48837
-1.30264 -3.53152 -1.47275
-1.16062 -1.65607 -1.73984
3.51249 -2.74298 4.59432
0.789683 4.73924 2.60052
4.52283 -3.51571 4.8149
-0.467331 -4.8034 0.126694
-1.5745 1.16998 -2.86846
0.211212 -2.24527 0.101772
0.161235 1.44697 -1.6639
-3.06574 4.79154 -4.9924
-3.6705 3.26796 0.727081
4.03517 4.37773 -0.210291
2.37184 1.73832 -4.26153
-3.27198 0.801901 -3.88877
-1.9934 4.80673 -4.95494
-4.2696 -2.71195 0.377441
-2.85933 -3.21732 -2.25579
-4.27422 -0.95179 1.36539
0.430552 -4.442 4.74328
-4.71073 4.00288 -2.57559
-4.92249 2.75377 0.876081
1.9072 -3.11976 0.685072
3.53892 -3.3141 -4.17848
3.78076 2.93504 0.685246
-3.95197 -1.61792 -2.94195
-3.7806 1.94547 2.6786
-0.255157 -2.41682 1.54096
3.70937 -0.555813 -1.212
2.63954 0.796337 2.32269
-1.10718 -4.77543 -4.96997
-4.40298 -1.25119 -3.52586
1.29541 -4.19202 0.547253
-1.12811 -3.62027 -0.68645
-3.03564 0.890659 -4.26224
-0.153951 3.35342 -1.66373
3.99369 2.77949 2.53129
0.40743 1.54751 0.703279
-0.788594 0.22265 1.40908
3.02409 0.470864 -3.61074
-2.7281 -4.16752 0.418169
-4.15827 1.57485 4.97498
3.89309 -0.635638 4.07146
-3.25387 -0.346267 4.37002
4.4355 -2.42121 -4.2314
1.55961 -3.23109 4.66139
4.9065 -3.10321 -3.87717
3.64055 1.54834 2.2791
-0.869629 0.750229 -2.23652
0.562244 4.5207 -0.565734
-4.26216 4.00295 4.87555
-4.85332 -2.89202 4.03289
-1.49983 -3.96229 -4.56974
-3.87449 4.35453 -3.75347
-2.18474 -0.16063 0.721465
2.61765 -3.78704 -0.311506
-2.78425 2.34066 0.0563309
-2.58689 3.43664 2.50627
1.43856 3.46125 -3.99219
-4.68509 0.232735 -3.97078
-4.66088 -3.58402 4.71461
1.95393 -3.0141 4.70889
4.27404 -3.39767 1.50827
-4.92818 4.33333 -1.07024
-1.9829 1.35126 -3.69587
1.39367 4.84872 -2.27719
-0.683258 3.91514 0.685191
4.41927 -4.05422 4.3025
3.30342 0.330659 -0.448989
3.66469 -2.66751 -3.06987
-4.76902 -3.72393 4.53301
4.55925 2.56673 -1.7802
-2.96376 -1.24394 4.98882
4.46143 0.707007 -4.96862
-2.87795 -4.09968 -4.58505
2.0528 4.12375 3.60713
0.112838 -1.89301 4.74256
3.55958 -3.07408 -0.286849
-4.85359 1.09544 -0.580639
-3.88196 2.63987 3.77072
0.284342 -4.58816 4.53242
4.40463 4.8082 -0.889929
-3.32264 -2.29914 -0.958432
-4.71636 1.54484 4.94191
-4.86325 -3.67069 4.96172
2.79318 2.1295 1.20198
4.06127 4.47299 2.73426
-1.61235 -2.29806 -2.06749
