4.91608 1.83161 -0.993109
-2.84718 4.64966 1.67696
-4.7287 -1.44639 -0.00697139
4.9155 4.85894 0.0374715
-4.87936 -1.53519 4.60842
2.3166 0.802235 4.98892
0.430168 -4.95467 1.33931
2.31283 4.89123 2.76426
4.67081 2.61351 -2.3646
2.92308 -4.74231 -1.68752
4.86164 2.04113 2.39985
4.57178 1.35524 4.21922
-0.535727 2.98121 -0.578627
-2.54566 -1.66214 -4.32463
4.90167 4.78698 4.64611
0.212791 0.165627 -2.24965
0.0591674 -2.72995 4.98603
-4.98303 -0.127829 -1.53846
-4.47346 0.232091 -0.788507
4.08825 2.84743 2.70863
-4.04549 4.94272 1.77365
1.48707 2.52354 1.97586
4.50368 -3.02126 -2.39493
0.298433 0.925033 3.82402
4.19749 -2.71711 -1.09932
-0.337107 -2.60908 -3.86607
0.88096 3.50785 -4.90586
0.0759773 -4.62813 2.4361
-4.56422 1.17113 3.59354
-3.23021 2.29216 4.66964
-2.31369 4.86989 -1.26107
2.62512 -4.35554 -3.67924
-1.87188 4.98674 1.36863
2.08798 -1.16997 -1.56652
-3.99744 0.8169 3.55323
-4.7205 0.634487 -4.54389
-0.858197 -4.07791 0.408363
-0.209994 -0.529033 -3.89154
-3.48523 -2.21262 1.18665
2.07658 1.02317 3.33348
-0.45208 -1.22324 -3.86877
4.78803 -1.12418 4.12329
-0.850477 -4.3578 4.01913
-3.98928 4.64903 -1.88853
-3.97049 4.20298 -1.01549
-0.491494 3.41872 4.88959
-2.98985 1.89481 4.51045
4.70845 -0.479066 -0.114838
3.70905 2.91316 -0.702923
1.57226 -0.836974 3.32878
2.39206 -4.70384 -4.67944
-2.41548 0.258082 -0.15187
-1.14009 0.805881 4.64781
2.86451 4.04122 1.86731
2.40231 2.48954 4.95532
0.48876 -0.481534 4.38278
-0.0320596 1.78253 1.5535
-4.80562 4.31694 4.78832
-4.37129 -0.693279 -4.93494
-0.607205 -2.20695 -0.137779
-0.585142 -0.598517 3.09267
-3.12851 -4.98549 -4.30831
1.30037 -4.96087 -4.98274
2.60889 -2.13429 -1.05003
2.10239 -3.55922 3.55047
3.80028 4.90717 4.72842
1.54686 -3.39144 -3.49995
-1.25288 -4.43247 -4.67308
-2.37288 2.01177 -2.72248
3.3131 -0.879464 -2.70523
4.4626 -4.01448 -4.82564
4.01018 -4.89479 -1.33775
-3.47326 3.63505 -4.17108
-2.52114 -3.05297 -4.69523
1.65529 2.30667 3.28702
2.9865 1.69337 1.07382
1.1862 -3.65635 -2.23094
-4.24621 2.81659 0.268725
1.05449 -2.02729 1.94138
-4.17883 -0.538217 4.24468
0.732001 2.46531 -2.28931
0.489856 -2.3715 0.706594
-0.698787 -2.83016 -1.6565
-0.537494 -0.366785 -1.43132
4.65293 -1.61733 -3.16778
2.13398 -0.0329537 2.10035
4.98831 -0.569395 -4.53866
-0.332851 -0.0328073 1.31798
1.12831 -4.94754 -4.85895
-1.3281 0.365727 -0.00510875
4.79916 -2.51764 1.26681
-4.64437 -2.72226 -4.52658
4.81852 1.89607 -0.883629
4.82098 -3.89509 1.99678
-0.679121 0.803358 2.40703
2.3008 -2.51455 2.43111
-4.13235 0.0873562 4.45769
-3.2658 3.52227 2.39188
4.93245 0.867381 0.0468584
1.06461 -1.2755 -3.85873
