-1.47657 1.32942 2.21153
3.86412 0.505509 -4.84189
-4.97548 4.92463 2.31766
-1.20326 4.26889 -1.03528
3.91721 -4.76661 -3.84854
1.05343 -2.16725 -3.79208
1.8166 -1.02795 3.79359
-0.593849 4.90944 0.0867831
1.32104 -0.258753 -3.60596
-0.778099 0.652699 -3.27494
4.42366 2.42798 -4.83387
4.38057 3.74523 -2.92032
-3.43422 -2.1305 -1.50913
-1.44021 -3.63093 -1.47228
-1.15174 -1.71469 -1.7881
3.53627 -2.70722 4.55462
0.790815 4.68042 2.59034
4.56978 -3.54341 4.86042
-0.498366 -4.82492 0.171258
-1.57169 1.16427 -2.85484
0.261416 -2.23544 0.137895
0.187459 1.39052 -1.59136
-3.00954 4.76911 4.96136
-3.63255 3.27177 0.720116
4.06924 4.3738 -0.290916
2.33064 1.70442 -4.30125
-3.30599 0.790258 -3.8735
-2.00088 4.85428 -4.96549
-4.24483 -2.67915 0.483877
-2.83034 -3.32226 -2.33364
-4.21281 -0.899821 1.27486
0.323176 -4.55117 4.52656
-4.60924 4.07442 -2.49972
-4.98934 2.7701 0.840117
1.90554 -3.14347 0.622472
3.53088 -3.2463 -4.16065
3.79285 2.93231 0.685018
-3.97604 -1.59572 -2.96334
-3.76788 1.94592 2.62957
-0.358505 -2.38584 1.58299
3.70856 -0.571588 -1.1519
2.70222 0.771806 2.33767
-1.07223 -4.78438 -4.98615
-4.37734 -1.22342 -3.57274
1.35873 -4.16599 0.411101
-1.21702 -1.14453 -0.671986
-3.04417 0.873821 -4.28143
-0.114924 3.28127 -1.63631
3.98765 2.74941 2.52743
0.426051 1.51637 0.685014
-0.850694 0.233678 1.40778
2.98204 0.473396 -3.63906
-2.7207 -4.15019 0.394923
-4.15142 1.58304 4.91489
3.85652 -0.546647 4.08267
-3.24601 -0.349106 4.36828
4.37907 -2.43019 -4.25957
1.5352 -3.12454 4.60168
4.93699 -3.08556 -3.88535
3.66062 1.50332 2.27615
-0.89607 0.734103 -2.2425
0.541246 4.48725 -0.328798
-4.16472 4.06171 4.8122
-4.81211 -2.90319 4.02547
-1.49004 -3.98514 -4.62828
-3.92245 4.34956 -3.35365
-2.18939 -1.72483 0.807775
2.6001 -3.87463 -0.257401
-2.75509 2.3851 -0.0592596
-2.58229 3.41216 2.51021
1.22535 3.4862 -4.09612
-4.68526 0.279859 -4.00125
-4.68211 -3.54101 4.67497
1.861 -3.02462 4.72984
4.23658 -3.403 1.18456
-4.95394 4.35397 -1.05167
-1.98068 1.44657 -3.61967
1.38036 4.88129 -2.27025
-0.650242 3.90148 0.704674
4.42815 -4.04308 4.25937
3.32462 0.341471 -0.456299
3.67914 -2.70939 -3.0383
-4.8701 -3.73573 4.53882
4.52427 2.55467 -1.75805
-2.98806 -1.28653 -4.96456
4.41648 0.710723 -4.96553
-2.85628 -4.0765 -4.43987
2.00791 4.18265 3.55525
0.0979185 -1.87667 4.77694
3.53136 -3.05745 -0.285249
-4.83477 1.0974 -0.578324
-3.89411 2.67544 3.77047
0.338987 -4.60792 4.55618
4.5658 4.82682 -0.861354
-3.32176 -2.23964 -0.952196
-4.71008 1.60548 4.90525
-4.83114 -3.66637 4.9873
2.88054 2.09244 1.24472
4.08191 4.38996 2.73648
-1.70978 -2.3119 -2.11702
