-1.57445 1.37114 2.30226
3.93158 0.518252 -4.75536
-4.95852 4.88712 2.33583
-1.22906 4.26585 -1.03878
3.8995 -4.81253 -3.89899
1.09516 -2.13361 -3.75761
1.82441 -1.06429 3.46062
-0.539613 4.8432 0.123427
1.314 -0.240083 -3.5702
-0.748094 0.622588 -3.33918
4.39834 2.40808 -4.75117
4.40718 3.78859 -2.74406
-3.45628 -2.15549 -1.53032
-1.57783 -3.73112 -1.47194
-1.14277 -1.77335 -1.83647
3.56062 -2.67156 4.51577
0.791973 4.62209 2.58031
4.62376 -3.57136 4.90726
-0.52897 -4.89724 0.216314
-1.56898 1.15866 -2.84131
0.311661 -2.22573 0.174025
0.21375 1.33412 -1.51884
-2.95357 4.7476 4.91664
-3.59509 3.27592 0.713207
4.10438 4.37043 -0.371452
2.28961 1.67067 -4.34139
-3.34084 0.778585 -3.85877
-2.00847 4.90403 -4.97772
-4.22065 -2.64661 0.590384
-2.80181 -3.42793 -2.41187
-4.15214 -0.847913 1.18452
0.205412 -4.62403 4.29191
-4.5099 4.14679 -2.42424
4.94173 2.78666 0.804227
1.90403 -3.16745 0.55996
3.52338 -3.17885 -4.14435
3.80558 2.92973 0.684789
-4.00088 -1.5737 -2.98503
-3.75585 1.94645 2.58091
-0.461866 -2.35515 1.6253
3.7084 -0.587459 -1.09191
2.76522 0.747201 2.35309
-1.03723 -4.79448 4.99681
-4.35328 -1.19566 -3.62061
1.42216 -4.14104 0.275009
-1.30594 1.33121 -0.657468
-3.05274 0.857083 -4.30171
-0.0758575 3.2095 -1.60906
3.98228 2.71954 2.52384
0.444706 1.48526 0.666789
-0.912795 0.244694 1.40657
2.94025 0.475944 -3.66763
-2.7137 -4.13396 0.371795
-4.14516 1.59136 4.8566
3.8204 -0.457691 4.09465
-3.23838 -0.35195 4.36756
4.32372 -2.43917 -4.28921
1.51 -3.01869 4.54254
4.96944 -3.06827 -3.89517
3.68144 1.45833 2.27356
-0.92249 0.717975 -2.24848
0.520423 4.45494 -0.0919156
-4.06793 4.12115 4.74974
-4.77232 -2.9144 4.01843
-1.48029 -4.00864 -4.68749
-3.97093 4.34524 -2.95441
-2.19415 -3.28912 0.894182
2.58297 -3.96333 -0.203405
-2.72616 2.42966 -0.174865
-2.57781 3.38794 2.51433
1.01224 3.51176 -4.20075
-4.68711 0.326976 -4.03272
-4.7059 -3.49767 4.63634
1.7686 -3.03518 4.75149
4.20014 -3.40902 0.860995
-4.98306 4.37496 -1.03319
-1.97865 1.54223 -3.54428
1.36714 4.91443 -2.26351
-0.617259 3.8884 0.724296
4.44328 -4.03342 4.2171
3.3461 0.352299 -0.463595
3.69443 -2.75162 -3.00734
-4.97767 -3.74898 4.54468
4.49031 2.54275 -1.73605
-3.01268 -1.32929 -4.91958
4.37313 0.714521 -4.96378
-2.8349 -4.05431 -4.29571
1.96324 4.24229 3.50385
0.0829547 -1.86042 4.81215
3.50354 -3.04109 -0.283679
-4.81653 1.09936 -0.576022
-3.90675 2.71127 3.77075
0.401079 -4.6551 4.59499
4.72966 4.84612 -0.832835
-3.32112 -2.18033 -0.945739
-4.70513 1.66623 4.87003
-4.80839 -3.6633 -4.9829
2.96827 2.05552 1.28753
4.10382 4.30765 2.73897
-1.8074 -2.32616 -2.16698
