-1.67246 1.41297 2.39342
3.99963 0.530898 -4.6697
-4.94274 4.85033 2.35415
-1.25496 4.26335 -1.04239
3.88244 -4.8593 -3.95017
1.13695 -2.10012 -3.72396
1.83229 -1.10064 3.1279
-0.485494 4.82842 0.159617
1.30706 -0.221405 -3.53489
-0.718006 0.592456 -3.40375
4.37485 2.38859 -4.67032
4.43496 3.8324 -2.5681
-3.47893 -2.18068 -1.5519
-1.71551 -3.83211 -1.47174
-1.13372 -1.83205 -1.88493
3.58554 -2.63599 4.47787
0.793152 4.56428 2.57039
4.68711 -3.59957 4.95897
-0.559569 4.96876 0.26199
-1.56634 1.1531 -2.82789
0.361929 -2.21612 0.210156
0.240114 1.27777 -1.44636
-2.89785 4.72691 4.87337
-3.55843 3.28043 0.706363
4.14067 4.36764 -0.451911
2.24872 1.63706 -4.38198
-3.37649 0.766912 -3.84463
-2.01616 4.95601 -4.99267
-4.19707 -2.61431 0.696971
-2.77375 -3.53436 -2.49049
-4.09221 -0.796066 1.09437
0.086947 -4.69812 4.05711
-4.41269 4.21997 -2.34905
4.87448 2.80346 0.768411
1.90266 -3.19167 0.497538
3.51638 -3.11174 -4.12935
3.8186 2.9273 0.684558
-4.02652 -1.55186 -3.00699
-3.74466 1.94707 2.53261
-0.565259 -2.32474 1.66784
3.70887 -0.603434 -1.032
2.8285 0.722511 2.36896
-1.0022 -4.80573 4.9816
-4.33076 -1.16789 -3.66942
1.48565 -4.11717 0.138947
-1.39496 3.807 -0.642918
-3.06138 0.840427 -4.32304
-0.0367396 3.13811 -1.582
3.97745 2.68988 2.52052
0.463397 1.4542 0.648609
-0.974914 0.255682 1.40544
2.8987 0.478509 -3.69643
-2.70719 -4.11891 0.348727
-4.13947 1.59978 4.79999
3.78472 -0.368772 4.10745
-3.23097 -0.354802 4.36782
4.26944 -2.44814 -4.32017
1.48397 -2.91313 4.4835
-4.99611 -3.05134 -3.90621
3.70292 1.41335 2.27132
-0.948888 0.701823 -2.25448
0.499798 4.42385 0.144929
-3.97174 4.18127 4.68812
-4.73387 -2.92565 4.01216
-1.4706 -4.03287 -4.74832
-4.01992 4.34155 -2.55562
-2.19899 -4.85366 0.980701
2.56625 -4.05319 -0.149513
-2.69753 2.47436 -0.290482
-2.57347 3.364 2.51864
0.799232 3.53797 -4.30618
-4.69071 0.374087 -4.06518
-4.73296 -3.45422 4.61011
1.67677 -3.04595 4.77402
4.16469 -3.41573 0.537576
4.98253 4.39623 -1.01485
-1.97686 1.63828 -3.46971
1.35401 4.94816 -2.25697
-0.584319 3.87596 0.744063
4.46575 -4.02519 4.17656
3.36785 0.363146 -0.470877
3.71053 -2.79423 -2.97688
4.9054 -3.7634 4.55841
4.45727 2.53096 -1.71419
-3.03763 -1.37222 -4.8761
4.3313 0.718443 -4.96338
-2.8138 -4.03299 -4.15242
1.91879 4.30271 3.45291
0.0679474 -1.84424 4.84816
3.47608 -3.025 -0.282146
-4.79894 1.10133 -0.573732
-3.91992 2.74736 3.77157
0.46379 -4.7033 4.6355
4.89779 4.86619 -0.80431
-3.32071 -2.12116 -0.939067
-4.70147 1.72709 4.83618
-4.79577 -3.66142 -4.99228
3.05627 2.01873 1.33041
4.12694 4.22601 2.74176
-1.90521 -2.34079 -2.21734
