-2.06577 1.58123 2.76264
4.281 0.580337 -4.33332
-4.89138 4.71013 2.42884
-1.35917 4.25845 -1.05847
3.81997 4.94762 -4.16221
1.30484 -1.96754 -3.59683
1.86452 -1.24643 1.79871
-0.255583 4.76913 0.291658
1.28018 -0.146612 -3.39775
-0.59702 0.471871 -3.66536
4.29739 2.31487 -4.36313
4.55638 4.01197 -1.86704
-3.5754 -2.28431 -1.64125
-2.26757 -4.24613 -1.47276
-1.0968 -2.06774 -2.07991
3.6906 -2.49459 4.33568
0.798126 4.33802 2.5319
-4.84571 -3.71569 4.96909
-0.699059 4.4544 0.459764
-1.55659 1.13147 -2.77538
0.563151 -2.17896 0.354764
0.346091 1.05263 -1.15671
-2.67739 4.65741 4.70969
-3.4196 3.30187 0.67956
4.29468 4.36261 -0.773125
2.08641 1.50418 -4.54886
-3.52656 0.720685 -3.79431
-2.04817 -4.83984 4.94545
-4.10803 -2.48764 1.12429
-2.66578 -3.96849 -2.80966
-3.85946 -0.589383 0.735386
-0.387835 4.98982 3.12427
-4.05181 4.52062 -2.05549
4.62086 2.87308 0.625723
1.89837 -3.29125 0.2488
3.49462 -2.84638 -4.08046
3.87312 2.91915 0.683618
-4.13636 -1.46624 -3.09753
-3.70839 1.95041 2.34269
-0.97948 -2.20614 1.84026
3.71689 -0.668508 -0.793138
3.08455 0.622639 2.4371
-0.861581 -4.8584 4.9358
-4.25387 -1.05674 -3.87464
1.73968 -4.03235 -0.405771
-1.75227 3.70859 -0.584142
-3.0969 0.774523 -4.4181
0.120388 2.85581 -1.47561
3.96349 2.57328 2.50998
0.538453 1.33021 0.576272
-1.22356 0.29934 1.40171
2.73466 0.488939 -3.81403
-2.686 -4.07099 0.257454
-4.1224 1.63406 4.58869
3.64599 -0.013482 4.16726
-3.20348 -0.366357 4.37785
4.0676 -2.484 -4.45732
1.37855 -2.49088 4.25004
-4.88291 -2.98663 -3.96314
3.79579 1.23348 2.2659
-1.05426 0.636947 -2.27856
0.419817 4.30592 1.09268
-3.59304 4.4294 4.44847
-4.59687 -2.97112 3.9939
-1.43235 -4.13488 4.98664
-4.22077 4.33292 -0.961343
-2.21987 -1.1149 1.32762
2.50416 -4.42541 0.0655922
-2.58617 2.6544 -0.753412
-2.5577 3.27099 2.53762
-0.052105 3.65074 -4.73775
-4.725 0.562592 -4.2052
-4.94104 -3.28001 4.57017
1.31144 -3.09226 4.87174
4.03282 -3.45039 -0.754981
4.88203 4.48412 -0.943026
-1.97236 2.0269 -3.17885
1.30227 -4.91451 -2.23284
-0.45296 3.82845 0.824659
4.59148 -4.00634 4.03131
3.45757 0.406764 -0.499933
3.78621 -2.96882 -2.85961
4.57061 -3.83043 4.69614
4.33306 2.4851 -1.6283
-3.14063 -1.54549 -4.71605
4.17722 0.735656 -4.97603
-2.73207 -3.95404 -3.5874
1.7432 4.55267 3.25347
0.00752103 -1.78018 -4.99982
3.36924 -2.96296 -0.276425
-4.73528 1.10918 -0.564735
-3.97807 2.89458 3.77959
0.716378 -4.90613 4.80781
-4.45732 4.95476 -0.689402
-3.32132 -1.88546 -0.910739
-4.69825 1.97219 4.71287
4.75633 -3.66519 -4.80461
3.41117 1.8728 1.5026
4.23092 3.90565 2.75594
-2.29847 -2.40273 -2.42287
