-2.16443 1.62353 2.85624
4.35491 0.592555 -4.25062
-4.88134 4.67673 2.44786
-1.38532 4.25846 -1.06283
3.80569 4.90064 -4.21707
1.34702 -1.9347 -3.56664
1.87278 -1.283 1.46671
-0.196502 4.75679 0.323625
1.27369 -0.127888 -3.36436
-0.566655 0.441744 -3.73158
4.28173 2.29741 -4.28977
4.58928 4.05785 -1.69249
-3.60098 -2.31107 -1.66418
-2.40601 -4.35246 -1.47342
-1.08741 -2.12696 -2.129
3.71831 -2.45946 4.30247
0.799455 4.28253 2.52258
-4.64321 -3.74612 4.87573
-0.736173 4.32749 0.510195
-1.55435 1.12621 -2.76262
0.613484 -2.16997 0.390944
0.37271 0.9964 -1.08438
-2.6228 4.64433 4.67001
-3.38656 3.308 0.67302
4.3358 4.36293 -0.853255
2.04611 1.47134 -4.59176
-3.56589 0.709311 -3.78334
-2.05651 -4.79451 4.93318
-4.0869 -2.45661 1.23138
-2.63972 -4.0793 -2.8907
-3.80298 -0.537893 0.645962
-0.506669 4.91085 2.89244
-3.9663 4.59837 -1.98404
4.56128 2.89113 0.590141
1.89757 -3.31681 0.186852
3.4906 -2.78083 -4.07061
3.88734 2.91752 0.683393
-4.16574 -1.44523 -3.12087
-3.70147 1.95146 2.29595
-1.08317 -2.1773 1.88393
3.72044 -0.68509 -0.733572
3.14935 0.597296 2.45539
-0.826274 -4.8731 4.9268
-4.23779 -1.02896 -3.92855
1.80318 -4.01328 -0.542297
-1.84193 -3.81587 -0.569403
-3.10609 0.758209 -4.44419
0.159852 2.7861 -1.44945
3.96136 2.5446 2.50803
0.557302 1.29927 0.558292
-1.28572 0.310202 1.401
2.69417 0.491591 -3.84406
-2.68169 -4.06224 0.234944
-4.11957 1.64272 4.53928
3.61226 0.0752365 4.18455
-3.19712 -0.369296 4.38252
4.02052 -2.49302 -4.49508
1.35249 -2.38556 4.19323
-4.86029 -2.97118 -3.98065
3.82086 1.1885 2.26543
-1.08053 0.620638 -2.28463
0.40041 4.27789 1.3299
-3.49974 4.49348 4.38995
-4.56609 -2.9827 3.99079
-1.4229 -4.16127 4.91712
-4.27436 4.33181 -0.562735
-2.2254 -2.6802 1.41451
2.4899 -4.52184 0.1195
-2.5591 2.69975 -0.869306
-2.55413 3.24839 2.54275
-0.264789 3.68134 -4.84879
-4.73962 0.609763 -4.24283
4.98906 -3.23643 4.56891
1.22031 -3.10451 4.89771
4.00235 -3.46121 -1.07818
4.86698 4.50723 -0.925326
-1.97188 2.12524 -3.10784
1.28952 -4.88122 -2.22733
-0.42022 3.81691 0.845164
4.6329 -4.00512 3.99852
3.48071 0.417739 -0.507199
3.80793 -3.01371 -2.83139
4.50878 -3.84943 4.74997
4.30391 2.47395 -1.60724
-3.1672 -1.5892 -4.67931
4.14143 0.740225 -4.98269
-2.71224 -3.93554 -3.44815
1.6999 4.61723 3.20462
-0.00767143 -1.76434 -4.96158
3.34322 -2.94796 -0.274965
-4.72104 1.11115 -0.562537
-3.99399 2.93212 3.78271
0.77987 -4.95963 4.85328
-4.30408 4.97888 -0.660452
-3.32203 -1.82674 -0.903393
-4.69996 2.03392 4.68471
4.45359 -3.66843 -4.58563
3.50081 1.83662 1.54579
4.25981 3.82695 2.76022
-2.39731 -2.41902 -2.47533
