-2.26326 1.6659 2.95039
4.43087 0.604769 -4.16847
-4.87242 4.64397 2.46701
-1.41153 4.25903 -1.0673
3.79183 4.85473 -4.27268
1.38928 -1.90199 -3.53695
1.88111 -1.31963 1.13479
-0.137252 4.74539 0.355473
1.26727 -0.109149 -3.33126
-0.536262 0.411635 -3.79811
4.26739 2.28033 -4.21757
4.62312 4.10409 -1.51827
-3.62719 -2.33816 -1.68729
-2.54473 -4.46015 -1.47431
-1.07798 -2.1863 -2.17825
3.74642 -2.42442 4.2702
0.800829 4.22734 2.51341
-4.4451 -3.77709 4.78387
-0.773639 4.2013 0.560583
-1.55219 1.12103 -2.75002
0.663822 -2.1611 0.427141
0.399363 0.940185 -1.01207
-2.56839 4.63297 4.63073
-3.35411 3.31444 0.666543
4.37774 4.36388 -0.933323
2.0059 1.43865 -4.63514
-3.60596 0.698027 -3.77299
-2.06504 -4.75158 4.92167
-4.06624 -2.42581 1.33857
-2.614 -4.19122 -2.97213
-3.74715 -0.48645 0.556651
-0.625591 4.83334 2.66105
-3.88229 4.67739 -1.91308
4.50325 2.90946 0.554556
1.89687 -3.34266 0.124995
3.48697 -2.71554 -4.06157
3.90174 2.91605 0.683188
-4.19598 -1.42437 -3.14451
-3.69543 1.95258 2.24947
-1.18686 -2.14872 1.92786
3.72458 -0.701799 -0.674044
3.21447 0.571753 2.47423
-0.790904 -4.88854 4.91832
-4.22301 -1.00119 -3.98355
1.86674 -3.99496 -0.679017
-1.93162 -1.34108 -0.554687
-3.11544 0.741955 -4.47118
0.199379 2.71674 -1.42344
3.95975 2.5161 2.50634
0.576175 1.26836 0.540357
-1.34792 0.321052 1.40037
2.65385 0.49426 -3.87434
-2.67785 -4.05486 0.212601
-4.11735 1.6514 4.49113
3.57888 0.163913 4.20289
-3.19097 -0.372259 4.38803
3.9744 -2.50205 -4.53431
1.32655 -2.28041 4.13727
-4.84008 -2.95603 -3.99944
3.8467 1.14351 2.26533
-1.10677 0.604287 -2.29071
0.381163 4.2504 1.56726
-3.407 4.55843 4.33188
-4.5381 -2.99442 3.98814
-1.41348 -4.18809 4.84818
-4.32975 4.331 -0.164057
-2.23105 -4.24573 1.50149
2.47607 -4.6197 0.173522
-2.53232 2.74529 -0.985272
-2.55071 3.22603 2.54802
-0.477426 3.71305 -4.96143
-4.75745 0.656971 -4.28158
4.9247 -3.19297 4.56939
1.12921 -3.11699 4.92427
3.97276 -3.47288 -1.4015
4.85458 4.53098 -0.907691
-1.97167 2.22407 -3.03743
1.27682 -4.84844 -2.22203
-0.387464 3.80545 0.865802
4.67698 -4.00524 3.96665
3.50414 0.428747 -0.514472
3.83065 -3.05914 -2.80359
4.44928 -3.86928 4.80793
4.27547 2.46293 -1.58635
-3.19417 -1.63307 -4.64382
4.10658 0.744861 -4.9907
-2.69268 -3.91746 -3.30976
1.65683 4.6826 3.15616
-0.0229017 -1.74858 -4.92429
3.31751 -2.93319 -0.273462
-4.70747 1.11312 -0.560358
-4.0105 2.96997 3.78626
0.843492 4.98568 4.89967
-4.15232 -4.9961 -0.631497
-3.32298 -1.76808 -0.895984
-4.70256 2.09585 4.65747
4.15394 -3.67274 -4.37478
3.59087 1.80055 1.58902
4.28985 3.74874 2.76481
-2.4964 -2.43561 -2.52824
