-2.46151 1.75082 3.14049
4.59084 0.629197 -4.00663
-4.85787 4.58042 2.50573
-1.46406 4.26176 -1.07656
3.76532 4.76607 -4.38622
1.47403 -1.83697 -3.47901
1.89803 -1.39303 0.471176
-0.0183845 4.72511 0.41885
1.25467 -0.0716358 -3.26597
-0.475414 0.351468 -3.93212
4.24242 2.24724 -4.07651
4.69364 4.19782 -1.17124
-3.68154 -2.3933 -1.73399
-2.82304 -4.6799 -1.47664
-1.05901 -2.30543 -2.27725
3.80384 -2.35459 4.20836
0.803782 4.11766 2.49557
-4.05485 -3.8406 4.60275
-0.849616 3.95094 0.660979
-1.54815 1.11091 -2.72536
0.764478 -2.14374 0.499599
0.452775 0.827779 -0.867556
-2.46005 4.61522 4.55332
-3.29093 3.32848 0.653717
4.46317 4.36846 -1.09322
1.92573 1.37367 -4.72353
-3.68846 0.675754 -3.75427
-2.08267 -4.67287 4.90092
-4.02618 -2.36487 1.55328
-2.56319 -4.41985 -3.1362
-3.63741 -0.383729 0.378363
-0.863728 4.68216 2.1995
-3.71847 4.84186 -1.77252
4.3921 2.94719 0.483159
1.8957 -3.39529 0.00152161
3.48077 -2.5856 -4.0457
3.93102 2.91363 0.682908
-4.25919 -1.38301 -3.19275
-3.686 1.95506 2.1572
-1.39447 -2.09249 2.01644
3.73464 -0.735589 -0.555072
3.34572 0.519944 2.51349
-0.719953 -4.92218 4.90291
-4.19731 -0.945702 -4.09701
1.99413 -3.96037 -0.953051
-2.11128 3.60837 -0.525184
-3.13464 0.709617 -4.52788
0.278637 2.57895 -1.37191
3.95815 2.45964 2.50377
0.614008 1.2066 0.504634
-1.47241 0.342693 1.39937
2.57377 0.499648 -3.93584
-2.67131 -4.04366 0.168077
-4.11476 1.66883 4.39829
3.51312 0.341133 4.2424
-3.1793 -0.378275 4.40156
3.88476 -2.52024 -4.61749
1.275 -2.07077 4.02783
-4.80593 -2.92657 -4.04074
3.90074 1.05342 2.26612
-1.15918 0.571428 -2.30296
0.342959 4.19685 2.04221
-3.22306 4.69119 4.21698
-4.48924 -3.01834 3.98412
-1.39468 -4.24337 4.71185
-4.4446 4.33391 0.633643
-2.24279 2.62234 1.67572
2.44953 -4.8197 0.281872
-2.4796 2.83713 -1.2175
-2.54435 3.182 2.55899
-0.902573 3.77954 4.8104
-4.80524 0.751568 -4.36318
4.80659 -3.10664 4.5747
0.947112 -3.14288 4.9791
3.91599 -3.49842 -2.04853
4.83559 4.58226 -0.872248
-1.97199 2.42318 -2.89849
1.25156 -4.7844 -2.21209
-0.321602 3.78281 0.907454
4.77294 -4.00938 3.90516
3.55189 0.450866 -0.529062
3.8791 -3.15156 -2.74938
4.3346 -3.91151 4.93115
4.22055 2.44142 -1.54514
-3.24931 -1.72136 -4.57652
4.03968 0.754296 4.99246
-2.65443 -3.88177 -3.03534
1.57136 4.81538 3.06032
-0.0534705 -1.71736 -4.85254
3.26702 -2.9043 -0.270358
-4.68236 1.1171 -0.556077
-4.04531 3.04664 3.79461
0.971133 4.87998 4.99496
-3.85199 -4.95358 -0.573649
-3.32564 -1.65096 -0.881037
-4.71023 2.22027 4.60549
3.55911 -3.68488 -3.96337
3.77252 1.72878 1.67557
4.35347 3.59378 2.77486
-2.69544 -2.46971 -2.63552
