-2.66077 1.83591 3.33326
4.76459 0.653598 -3.84912
-4.84764 4.51942 2.54501
-1.51665 4.2668 -1.08631
3.74037 4.68139 -4.503
1.55908 -1.77247 -3.42277
1.91529 -1.4666 -0.192286
0.100899 4.7079 0.481892
1.24236 -0.0340662 -3.20188
-0.414521 0.291374 -4.06748
4.22214 2.21557 -3.94007
4.76949 4.29127 -0.825716
-3.73848 -2.4497 -1.78121
-3.10265 -4.91032 -1.47977
-1.03995 -2.42519 -2.37695
3.86286 -2.2851 4.14999
0.807375 4.00877 2.47854
-3.66858 -3.90626 4.42411
-0.926978 3.70264 0.760874
-1.54447 1.10117 -2.70148
0.865053 -2.12692 0.572202
0.506305 0.715359 -0.7232
-2.35221 4.60375 4.47728
-3.23001 3.34408 0.640959
4.54782 4.37774 -1.25404
1.84586 1.30919 -4.81446
-3.77445 0.653874 -3.73841
-2.10114 -4.60341 4.8831
-3.98776 -2.3048 1.76839
-2.51339 -4.65495 -3.30431
-3.53011 -0.281316 0.200384
-1.10249 4.53543 1.73918
-3.56004 -4.97931 -1.63376
4.28783 2.9865 0.410806
1.89481 -3.44929 -0.121676
3.47608 -2.45619 -4.03256
3.96077 2.9118 0.683033
-4.32615 -1.34209 -3.24243
-3.68033 1.95777 2.06568
-1.60243 -2.03751 2.10592
3.74706 -0.76989 -0.436179
3.47841 0.466965 2.55472
-0.648683 -4.95964 4.88913
-4.17669 -0.890325 -4.21554
2.12201 -3.9284 -1.22782
-2.29158 -1.4418 -0.495807
-3.15459 0.677488 -4.58838
0.358199 2.44232 -1.32107
3.95872 2.40387 2.50218
0.65197 1.14491 0.469111
-1.59702 0.364145 1.39866
2.49439 0.505103 -3.99895
-2.66627 -4.03733 0.124141
-4.11471 1.68636 4.30955
3.44866 0.518194 4.28428
-3.16845 -0.384442 4.41839
3.79813 -2.53879 -4.70735
1.22384 -1.86197 3.92189
-4.77908 -2.89829 -4.08685
3.95807 0.963141 2.26801
-1.21148 0.538293 -2.31533
0.304438 4.14515 2.51729
-3.04106 4.82833 4.10343
-4.4483 -3.04303 3.9818
-1.37583 -4.30116 4.57723
-4.56342 4.33968 1.43164
-2.25501 -0.509032 1.85015
2.42435 4.97434 0.390548
-2.42809 2.93005 -1.45035
-2.53863 3.13891 2.57057
-1.3276 3.8509 4.58514
-4.87321 0.846541 -4.45238
4.69821 -3.02128 4.58553
0.765128 -3.16992 -4.965
3.86232 -3.5273 -2.69559
4.82237 4.63863 -0.835815
-1.97326 2.62425 -2.76222
1.22643 -4.72236 -2.20302
-0.254924 3.76077 0.949519
4.87902 -4.01863 3.84643
3.60088 0.47311 -0.543755
3.93156 -3.24548 -2.69773
4.22404 -3.95709 -4.93837
4.16813 2.42061 -1.5047
-3.30606 -1.8104 -4.51408
3.97649 0.763927 4.98271
-2.61714 -3.84695 -2.76271
1.48678 4.95102 2.96589
-0.0841711 -1.68655 -4.78428
3.21775 -2.87631 -0.267148
-4.65998 1.12115 -0.551935
-4.08263 3.12466 3.80454
1.09929 4.77887 -4.90878
-3.55487 -4.91785 -0.515712
-3.32922 -1.53411 -0.865972
-4.72099 2.34545 4.55631
2.96717 -3.70126 -3.55846
3.95665 1.6575 1.76204
4.42206 3.4406 2.78606
-2.89577 -2.50504 -2.74482
