-2.76085 1.87862 3.43076
4.85688 0.665793 -3.77142
-4.84413 4.48986 2.56496
-1.54299 4.27025 -1.09132
3.72846 4.64045 -4.56235
1.60172 -1.74039 -3.3951
1.92404 -1.50345 -0.523991
0.160674 4.70034 0.513335
1.2363 -0.0152453 -3.17021
-0.384069 0.261369 -4.13565
4.21368 2.20028 -3.87334
4.8089 4.33784 -0.652575
-3.76795 -2.47832 -1.80497
-3.24268 4.97109 -1.48153
-1.0304 -2.48531 -2.42704
3.89298 -2.25048 4.12219
0.809573 3.95452 2.47028
-3.47635 -3.93999 4.33562
-0.966123 3.57902 0.810707
-1.54277 1.09648 -2.68982
0.915329 -2.11872 0.608605
0.533105 0.659141 -0.651074
-2.29845 4.60026 4.43981
-3.20035 3.35256 0.634599
4.59047 4.38374 -1.33572
1.80603 1.27714 -4.86088
-3.81897 0.643111 -3.73152
-2.1107 -4.57197 4.87542
-3.96919 -2.27508 1.87613
-2.48894 -4.77435 -3.39007
-3.47738 -0.230155 0.111497
-1.22217 4.46368 1.50948
-3.48315 -4.88883 -1.56513
4.23817 3.00685 0.373952
1.89447 -3.47701 -0.183165
3.47435 -2.39163 -4.02679
3.97578 2.91104 0.683399
-4.36111 -1.32175 -3.26779
-3.6789 1.95925 2.02019
-1.70652 -2.0105 2.15108
3.75416 -0.787226 -0.376714
3.54536 0.439968 2.57618
-0.612917 -4.97973 4.88307
-4.16829 -0.862679 -4.27678
2.18617 -3.91349 -1.3654
-2.38179 1.03265 -0.481128
-3.16488 0.661515 -4.62008
0.39808 2.37441 -1.29585
3.95982 2.37623 2.50177
0.670998 1.1141 0.451443
-1.65933 0.374866 1.3984
2.45495 0.507861 -4.03112
-2.66431 -4.03577 0.102449
-4.11567 1.69518 4.26668
3.41689 0.606684 4.30614
-3.16332 -0.387581 4.42811
3.75577 -2.54826 -4.75464
1.1984 -1.75785 3.87053
-4.76819 -2.88457 -4.11145
3.988 0.91792 2.26936
-1.23759 0.521625 -2.32155
0.284709 4.12006 2.7552
-2.95074 4.89887 4.04715
-4.4304 -3.0557 3.98145
-1.36636 -4.33115 4.51061
-4.62408 4.34333 1.83072
-2.26131 -2.07477 1.93756
2.41224 4.87193 0.445026
-2.40276 2.97711 -1.56695
-2.53599 3.11771 2.57655
-1.54008 3.88851 4.47369
-4.91497 0.894226 -4.50005
4.64684 -2.979 4.59372
0.674177 -3.18384 -4.93785
3.83632 -3.54448 -3.01923
4.81743 4.66913 -0.817313
-1.97424 2.72563 -2.695
1.2139 -4.69209 -2.19871
-0.221299 3.75006 0.97067
4.93583 -4.02516 3.81874
3.62586 0.484279 -0.551136
3.9598 -3.29124 -2.67259
4.17004 -3.98114 -4.87408
4.1428 2.4105 -1.48475
-3.33506 -1.85521 -4.4846
3.94631 0.768812 4.98022
-2.59877 -3.83004 -2.62685
1.44481 -4.98008 2.91939
-0.0995605 -1.67129 -4.75116
3.19357 -2.86271 -0.265481
-4.64981 1.12322 -0.549911
-4.10226 3.16422 3.81012
1.16356 4.72994 -4.86234
-3.40724 -4.90166 -0.486629
-3.33142 -1.47579 -0.858432
-4.72747 2.40833 4.53272
2.67169 -3.71072 -3.35711
4.04984 1.62204 1.80527
4.45837 3.36463 2.79215
-2.99652 -2.52312 -2.80025
