-3.06332 2.00747 3.72828
-4.85312 0.702458 -3.5414
-4.84425 4.4088 2.62611
-1.62209 4.28396 -1.1068
3.6951 4.52292 -4.7439
1.73013 -1.64481 -3.31373
1.95069 -1.61433 -1.51914
0.340552 4.6818 0.607464
1.21856 0.0413855 -3.07661
-0.292734 0.171525 -4.34216
4.19484 2.15641 -3.67845
4.93208 4.47878 -0.131031
-3.86042 -2.56619 -1.87665
-3.66563 -4.87334 -1.48756
-1.00169 -2.66687 -2.57832
3.98596 -2.14698 4.04434
0.817087 3.79416 2.44602
-2.90203 -4.04557 4.07287
-1.08455 3.20949 0.960119
-1.53819 1.08316 -2.656
1.0662 -2.09488 0.718242
0.61362 0.490354 -0.434907
-2.13785 4.59938 4.32971
-3.11463 3.38058 0.615699
4.72268 4.40587 -1.58348
1.68686 1.18171 4.99579
-3.96025 0.611434 -3.715
-2.1405 -4.49061 4.85779
-3.91606 -2.18716 2.20014
-2.41748 4.86221 -3.65476
-3.3226 -0.0770441 -0.154736
-1.58243 4.25553 0.821677
-3.26063 4.83465 -1.36219
4.09729 3.07123 0.259356
1.89378 -3.56324 -0.367239
3.47185 -2.19839 -4.01241
4.02167 2.90898 0.686318
-4.4721 -1.26132 -3.34602
-3.68037 1.96408 1.88466
-2.01818 -1.9309 2.28872
3.77895 -0.840011 -0.198099
3.74895 0.356641 2.64436
-0.505102 4.96072 4.8683
-4.15058 -0.780065 -4.46898
2.37972 -3.87286 -1.77868
-2.65373 -1.54356 -0.437527
-3.19715 0.613923 -4.72121
0.518146 2.17209 -1.22093
3.96636 2.29431 2.50206
0.728284 1.02182 0.398895
-1.84658 0.406887 1.39818
2.33762 0.516248 -4.13015
-2.66048 -4.03833 0.0386365
-4.12283 1.72184 4.14387
3.3234 0.872145 4.37556
-3.14912 -0.397246 4.46281
3.63192 -2.57764 -4.9061
1.12259 -1.44637 3.72203
-4.74523 -2.84518 -4.19104
4.08286 0.781924 2.27474
-1.31584 0.471071 -2.34039
0.224814 4.04949 3.4717
-2.68217 -4.88391 3.88007
-4.38532 -3.09519 3.98397
-1.33757 -4.42821 4.31339
-4.80691 4.35366 3.02834
-2.28142 3.22723 2.20018
2.37773 4.57177 0.60897
-2.32848 3.12051 -1.91749
-2.52894 3.05535 2.59528
-2.17741 4.00801 4.14364
4.94239 1.03802 -4.65602
4.50243 -2.85384 4.63065
0.401504 -3.22721 -4.85939
3.76296 -3.60137 -3.99459
4.80747 4.76767 -0.762747
-1.97826 3.03296 -2.49731
1.17635 -4.60435 -2.18659
-0.119539 3.71951 1.03449
-4.8824 -4.05266 3.74237
3.7028 0.517911 -0.573414
4.05158 -3.43081 -2.59633
4.01276 -4.05839 -4.68979
4.07027 2.38124 -1.42585
-3.42469 -1.99092 -4.40276
3.86133 0.783652 4.98202
-2.54456 -3.7824 -2.22072
1.32008 -4.78294 2.78243
-0.145852 -1.62612 -4.65558
3.12275 -2.82348 -0.26017
-4.62342 1.12955 -0.544015
-4.16526 3.28525 3.8295
1.35718 4.58935 -4.72913
-2.96712 -4.8626 -0.398823
-3.33942 -1.30131 -0.835756
-4.75121 2.59806 4.46578
1.78623 -3.74319 -2.75565
4.33496 1.51639 1.93494
4.57683 3.13895 2.81239
-3.30151 -2.57962 -2.96977
