4.64441 1.80921 -1.0341
-2.86414 4.63659 1.68809
-4.70789 -1.46018 -0.00439214
4.87724 4.82697 0.0365701
-4.79229 -1.55898 4.6238
2.34405 0.805622 -4.94013
0.433389 4.9849 1.34183
2.32877 4.97279 2.79575
4.64259 2.64528 -2.39996
2.94075 -4.73919 -1.69635
4.8438 2.03913 2.4088
4.50227 1.36877 4.27423
-0.53775 3.01656 -0.587422
-2.57958 -1.67325 -4.38731
-4.96429 4.87483 4.63647
0.216426 0.174195 -2.26535
0.0590052 -2.74952 4.93605
4.94701 -0.130466 -1.55222
-4.47491 0.234541 -0.799997
4.03285 2.87362 2.72795
-4.08451 4.93704 1.78412
1.49285 2.54527 1.97441
4.54468 -3.04041 -2.41183
0.300884 0.93631 3.87174
4.25287 -2.74102 -1.10059
-0.347123 -2.63569 -3.90013
0.885278 3.5762 -4.91166
0.0733076 -4.58096 2.45541
-4.47274 1.17552 3.62462
-3.27362 2.32174 4.56435
-2.33086 4.85645 -1.27457
2.66071 -4.27709 -3.75106
-1.88425 -4.9134 1.37629
2.10262 -1.1638 -1.58272
-4.05063 0.821318 3.58348
-4.73349 0.649104 -4.62586
-0.863445 -4.11039 0.408289
-0.224486 -0.524856 -3.86252
-3.54215 -2.23901 1.19861
2.11264 1.02196 3.37635
-0.475632 -1.22766 -3.92319
4.67765 -1.14821 4.04855
-0.856647 -4.39979 4.05955
-4.05654 4.63841 -1.91587
-4.01807 4.29859 -1.03466
-0.502531 3.46306 4.96395
-3.01038 1.90903 4.57243
4.81898 -0.48544 -0.110217
3.7445 2.94933 -0.709662
1.58238 -0.845393 3.35417
2.4123 -4.69632 -4.6108
-2.44618 0.257877 -0.155565
-1.16857 0.818738 4.74187
2.89895 4.08401 1.86686
2.42043 2.50808 4.96588
0.497054 -0.48254 4.36501
-0.0350076 1.79977 1.55222
-4.86944 4.38499 4.88337
-4.46818 -0.700239 4.99247
-0.621691 -2.22656 -0.140723
-0.593146 -0.609781 3.11438
-3.16124 4.98449 -4.36107
1.31834 4.9694 -4.96706
2.62614 -2.14985 -1.04947
2.11639 -3.59768 3.58895
3.83389 4.83874 4.69025
1.55673 -3.42004 -3.53095
-1.27423 -4.38779 -4.62622
-2.38903 2.02879 -2.75019
3.34355 -0.878712 -2.72868
4.4775 -4.09067 -4.85575
4.07205 -4.98484 -1.3446
-3.50428 3.67793 -4.21834
-2.53872 -3.07407 -4.73311
1.67065 2.3448 3.33255
3.01306 1.7025 1.07258
1.19246 -3.71638 -2.24518
-4.29424 2.84014 0.282392
1.05864 -2.04307 1.95404
-4.26611 -0.560969 4.35215
0.735505 2.48194 -2.3062
0.495932 -2.39977 0.711411
-0.708566 -2.85365 -1.66593
-0.546977 -0.367772 -1.43751
4.58557 -1.63264 -3.20874
2.15368 -0.0368393 2.10483
-4.98117 -0.573102 -4.50747
-0.337054 -0.0391423 1.31513
1.10326 -4.88684 4.99669
-1.32363 0.37028 -0.00526293
4.79345 -2.53131 1.27363
-4.61968 -2.74628 -4.48432
-4.98528 1.91288 -0.889135
4.79759 -3.93151 2.01071
-0.691434 0.810673 2.41827
2.31821 -2.52991 2.44264
-4.04221 0.11133 4.50737
-3.15946 3.58736 2.40777
4.99068 0.877342 0.0558564
1.10071 -1.28034 -3.92929
