-3.68227 2.27146 4.35316
-4.30099 0.777564 -3.09078
-4.88586 4.27848 2.74595
-1.78023 4.32833 -1.14012
3.64172 4.31005 4.87508
1.98963 -1.45463 -3.16116
2.00672 -1.83892 -3.50993
0.702645 4.66328 0.795391
1.18497 0.155726 -2.89756
-0.110287 -0.00741928 -4.76686
4.18471 2.07663 -3.30955
-4.82114 4.77473 0.916238
-4.06361 -2.75125 -2.02217
-4.55564 -3.93895 -1.5091
-0.944337 -3.03666 -2.88653
4.18611 -1.94141 3.90788
0.834266 3.48156 2.40073
-1.75834 -4.27151 3.55607
-1.32269 2.47557 1.26031
-1.5309 1.06016 -2.5935
1.36871 -2.05036 0.939239
0.775103 0.151106 -0.00384515
-1.81753 4.65715 4.1207
-2.9569 3.44873 0.578763
-4.98708 4.47168 -2.08707
1.4496 0.993572 4.72702
-4.26872 0.549347 -3.7041
-2.20416 -4.3746 4.84909
-3.82101 -2.01618 2.8526
-2.28225 4.17089 -4.22363
-3.02623 0.228001 -0.686368
-2.3071 3.87716 -0.551356
-2.82501 3.61304 -0.959811
3.84029 3.21473 0.0153807
1.89459 -3.74824 -0.734134
3.4808 -1.8137 -4.00276
4.12276 2.90605 0.698608
-4.72109 -1.14273 -3.51425
-3.71225 1.97599 1.61696
-2.64501 -1.78124 2.57155
3.84404 -0.949115 0.160268
4.17244 0.177884 2.80109
-0.287438 4.86785 4.85415
-4.14675 -0.617123 -4.9005
2.77463 -3.8083 -2.60864
-3.20404 3.29953 -0.352737
-3.26888 0.520175 -4.95449
0.76022 1.7727 -1.07454
3.99364 2.13446 2.50844
0.843927 0.838476 0.296083
-2.22286 0.470091 1.39969
2.10701 0.533458 -4.34809
-2.66078 -4.07415 -0.0807753
-4.163 1.77547 3.92291
3.14298 1.40443 4.53374
-3.12575 -0.41794 4.5614
3.39601 -2.64074 4.77812
0.973023 -0.826778 3.44468
-4.73889 -2.77472 -4.37904
4.2953 0.509021 2.28827
-1.47217 0.366963 -2.37931
0.106563 3.92488 4.91873
-2.15285 -4.50782 3.55175
-4.31792 -3.18133 4.00537
-1.27694 -4.66388 3.92982
4.82633 4.37908 -4.56151
-2.32355 3.83491 2.72754
2.3177 3.99624 0.93879
-2.19631 3.4144 -2.62128
-2.51951 2.93615 2.6377
-3.45913 4.28828 3.49953
4.71477 1.32848 4.96836
4.25475 -2.611 4.75885
-0.142888 -3.32204 -4.71647
3.6393 -3.73361 4.02788
4.81371 4.9872 -0.655614
-1.97455 3.66516 -2.12319
1.10174 -4.44391 -2.16569
0.0859715 3.66603 1.16352
-4.55324 -4.14722 3.61403
3.86684 0.58535 -0.618787
4.26634 -3.72924 -2.45088
3.7204 -4.23942 -4.35316
3.94082 2.32733 -1.31244
-3.61546 -2.26857 -4.26833
3.70882 0.812974 -4.98392
-2.43952 -3.70205 -1.41332
1.07522 -4.42173 2.5174
-0.238691 -1.53891 -4.48074
2.98849 -2.75132 -0.248232
-4.58885 1.14282 -0.533109
-4.31168 3.53944 3.88057
1.74884 4.33087 -4.4894
-2.09362 -4.82564 -0.222278
-3.36225 -0.954638 -0.791003
-4.82055 2.98229 4.3485
0.0171627 -3.82191 -1.56175
4.93905 1.3078 2.19576
4.86226 2.6964 2.86071
-3.92708 -2.70576 -3.32529
