-3.78812 2.31675 4.46253
-4.21197 0.790485 -3.01624
-4.89594 4.25894 2.76642
-1.80646 4.33843 -1.14607
3.63455 4.27713 4.81206
2.03315 -1.42188 -3.13699
2.01659 -1.87757 -3.84229
0.763289 4.66272 0.826687
1.17961 0.174945 -2.86874
-0.0799302 -0.037144 -4.83945
4.18641 2.06422 -3.25043
-4.78339 4.82603 1.091
-4.09986 -2.78326 -2.04682
-4.7089 -3.78872 -1.51322
-0.934841 -3.09924 -2.93881
4.22149 -1.90731 3.88666
0.837356 3.4303 2.39365
-1.5676 -4.31102 3.47069
-1.36246 2.35391 1.31061
-1.52985 1.05682 -2.58373
1.41927 -2.04333 0.976268
0.802072 0.0941797 0.0678438
-1.76429 4.67463 4.0873
-2.93208 3.46171 0.572938
-4.93724 4.48569 -2.17196
1.41015 0.96252 4.68608
-4.32343 0.538882 -3.70598
-2.2154 -4.36011 4.85111
-3.80678 -1.98825 2.9621
-2.2607 4.06004 -4.32424
-2.97824 0.27858 -0.775107
-2.42822 3.81996 -0.77969
-2.75472 3.41372 -0.893718
3.80025 3.24036 -0.0263526
1.89513 -3.78059 -0.795233
3.4843 -1.74986 -4.00447
4.14124 2.90584 0.701091
-4.76626 -1.12321 -3.54413
-3.72173 1.97835 1.57274
-2.7501 -1.75748 2.6197
3.85687 -0.967756 0.220119
4.24587 0.146524 2.83047
-0.250952 4.85548 4.85375
-4.15023 -0.590327 -4.98011
2.84163 -3.79962 -2.74791
-3.29727 -4.22667 -0.338709
-3.28178 0.504772 -4.99811
0.800826 1.70673 -1.05059
3.99997 2.10827 2.51018
0.863351 0.808204 0.279239
-2.2859 0.480505 1.40022
2.06904 0.536381 -4.38725
-2.66194 -4.08388 -0.099905
-4.17371 1.78431 3.8889
3.11371 1.49349 4.56461
-3.12245 -0.421585 4.5825
3.35786 -2.65187 4.7295
0.948304 -0.723845 3.4006
-4.74259 -2.7641 -4.41479
4.33359 0.463504 2.29059
-1.49825 0.349179 -2.38603
0.087207 3.9059 -4.83769
-2.06605 -4.45223 3.49771
-4.30915 -3.19671 4.01102
-1.26617 -4.70951 3.86732
4.76719 4.38589 -4.16112
-2.33089 2.26944 2.81579
2.309 3.90294 0.993984
-2.17672 3.46377 -2.74043
-2.51845 2.91699 2.64526
-3.67463 4.3407 3.3941
4.68417 1.37726 4.90273
4.21823 -2.5714 4.78537
-0.233493 -3.33891 -4.69463
3.62172 -3.75856 3.69925
4.81885 -4.9734 -0.63784
-1.97158 3.77401 -2.06182
1.08955 -4.41901 -2.16276
0.120314 3.65819 1.18517
-4.50338 -4.16837 3.59514
3.89566 0.596564 -0.626469
4.30708 -3.7819 -2.42797
3.67401 -4.27295 -4.30166
3.92133 2.31893 -1.2941
-3.64877 -2.31564 -4.24979
3.68533 0.817706 -4.9818
-2.42242 -3.6903 -1.27922
1.0349 -4.3649 2.47412
-0.25419 -1.52477 -4.45362
2.96704 -2.74004 -0.246129
-4.58546 1.1451 -0.531406
-4.33927 3.58354 3.89081
1.81475 4.29053 -4.45322
-1.94833 -4.82454 -0.192801
-3.36691 -0.897176 -0.783635
-4.83542 3.04695 4.3311
-0.27774 -3.83683 -1.36338
-4.95473 1.27325 2.23975
4.91621 2.62367 2.86973
-4.034 -2.72864 -3.38691
