-3.89504 2.36247 4.57366
-4.1235 0.80351 -2.94189
-4.90686 4.24004 2.78702
-1.83263 4.34949 -1.15211
3.62793 4.24486 4.74996
2.07686 -1.38913 -3.11298
2.02654 -1.91636 -4.17508
0.824034 4.66295 0.857987
1.17434 0.194207 -2.84018
-0.0495872 -0.0668457 -4.91262
4.1891 2.05205 -3.19198
-4.74636 4.87812 1.26581
-4.13678 -2.81552 -2.07162
-4.86377 -3.63924 -1.51741
-0.925356 -3.16212 -2.99136
4.25751 -1.87327 3.86586
0.840516 3.37925 2.38674
-1.3767 -4.35115 3.3854
-1.40221 2.23243 1.36099
-1.52883 1.05362 -2.57413
1.46989 -2.0364 1.01335
0.829063 0.0371155 0.139515
-1.71114 4.69464 4.05437
-2.90759 3.47527 0.567189
-4.88859 4.50083 -2.25712
1.37073 0.931549 4.64631
-4.37927 0.528409 -3.70902
-2.22683 -4.34677 4.8541
-3.79303 -1.96048 3.07189
-2.23939 3.95024 -4.4265
-2.93056 0.329188 -0.863893
-2.54943 3.76459 -1.0079
-2.68515 3.21466 -0.82783
3.76097 3.26663 -0.0682681
1.89583 -3.81334 -0.856339
3.48843 -1.68608 -4.007
4.16025 2.90579 0.703637
-4.81252 -1.10373 -3.5746
-3.73212 1.98086 1.52856
-2.85537 -1.73391 2.66816
3.87031 -0.986507 0.280001
4.3209 0.114772 2.86085
-0.214403 4.84394 4.85446
-4.1549 -0.563644 4.93756
2.90904 -3.7915 -2.88753
-3.39116 -1.75378 -0.324717
-3.29495 0.489447 4.95666
0.841518 1.64092 -1.02676
4.00718 2.0822 2.51209
0.882825 0.77804 0.262458
-2.34905 0.490873 1.40082
2.03119 0.539321 -4.42723
-2.66319 -4.09455 -0.118784
-4.18554 1.79314 3.85548
3.08471 1.58267 4.59676
-3.11928 -0.425298 4.60519
3.32003 -2.66323 4.68184
0.923648 -0.620989 3.35713
-4.74759 -2.7538 -4.45188
4.37382 0.417987 2.29287
-1.52434 0.331272 -2.39282
0.0679505 3.88738 -4.59586
-1.97973 -4.39797 3.44389
-4.30101 -3.21239 4.01728
-1.25516 -4.75754 3.80533
4.70896 4.39339 -3.7616
-2.33828 0.703946 2.9043
2.30071 3.81034 1.04925
-2.15731 3.51349 -2.86012
-2.51755 2.89821 2.65295
-3.8907 4.39454 3.28912
4.65561 1.42616 4.83933
4.183 -2.53203 4.81328
-0.324061 -3.35609 -4.67335
3.60504 -3.78433 3.37126
4.82514 -4.93494 -0.620075
-1.96865 3.88383 -2.00082
1.07743 -4.39455 -2.15998
0.154671 3.65069 1.20687
-4.45471 -4.19112 3.57688
3.92495 0.607772 -0.634186
4.34983 -3.83539 -2.40544
3.62822 -4.30738 -4.25118
3.90246 2.31073 -1.27591
-3.68249 -2.36291 -4.23234
3.66237 0.822392 -4.98177
-2.40542 -3.67894 -1.14524
0.994722 -4.3089 2.43109
-0.269693 -1.51074 -4.42702
2.94587 -2.72892 -0.244003
-4.58269 1.14741 -0.529735
-4.36767 3.62818 3.90152
1.88087 4.25095 -4.41794
-1.80302 -4.82459 -0.163272
-3.37179 -0.839807 -0.776277
-4.85121 3.1118 4.31422
-0.57259 -3.85238 -1.16508
-4.85195 1.23874 2.28391
4.97246 2.5512 2.87898
-4.14186 -2.75206 -3.44921
