-4.11241 2.45515 4.8004
-3.94799 0.82981 -2.79425
-4.93113 4.20404 2.82851
-1.88489 4.37438 -1.1643
3.6165 4.18215 4.62807
2.16483 -1.32381 -3.06567
2.04675 -1.99429 -4.84225
0.945829 4.66577 0.920577
1.16405 0.232843 -2.78388
0.0110605 -0.126191 4.93901
4.19742 2.02838 -3.07719
-4.67418 4.98442 1.61545
-4.21341 -2.88095 -2.12181
4.82467 -3.34216 -1.52588
-0.906419 -3.28881 -3.09737
4.3316 -1.80538 3.82533
0.847036 3.27777 2.37337
-0.994459 -4.43332 3.21494
-1.48169 1.98999 1.46196
-1.52683 1.04766 -2.55553
1.57131 -2.02285 1.08768
0.883124 -0.0774286 0.282852
-1.60512 4.74341 3.98986
-2.85955 3.50402 0.55587
-4.79564 4.53427 -2.42818
1.29203 0.869856 4.57032
-4.49441 0.507534 -3.71997
-2.2502 -4.32325 4.86283
-3.76709 -1.90544 3.29228
-2.19743 3.73339 -4.63612
-2.83597 0.430471 -1.04192
-2.79347 3.65785 -1.46505
-2.54723 2.81698 -0.696044
3.68454 3.32103 -0.152574
1.89764 -3.88 -0.978613
3.49867 -1.55871 -4.01458
4.19986 2.90613 0.708845
-4.90852 -1.06493 -3.63838
-3.75548 1.98646 1.44024
-3.0666 -1.68743 2.76569
3.89909 -1.02436 0.399809
4.47632 0.0502143 2.92418
-0.141101 4.82321 4.85866
-4.16795 -0.510619 4.77851
3.04512 -3.77702 -3.16794
-3.57999 3.19156 -0.296582
-3.32205 0.459088 4.86851
0.923157 1.50978 -0.979471
4.02466 2.03044 2.51628
0.92192 0.718042 0.229014
-2.47563 0.511499 1.40211
1.9559 0.545254 -4.50977
-2.66705 -4.11909 -0.15612
-4.21235 1.81088 3.78981
3.02753 1.76144 4.66445
-3.11331 -0.432947 4.65199
3.24531 -2.68667 4.58922
0.874537 -0.415481 3.27199
-4.76146 -2.73414 -4.53048
4.45974 0.326938 2.29714
-1.57658 0.295099 -2.40679
0.0296809 3.85174 -4.11623
-1.80818 -4.2927 3.33684
-4.28648 -3.24472 4.03156
-1.23255 -4.86266 3.68286
4.59542 4.41048 -2.96431
-2.35329 -2.42705 3.08186
2.28536 3.62707 1.15999
-2.11895 3.61405 -3.10106
-2.51609 2.86137 2.66878
-4.32449 4.50661 3.08027
4.60475 1.52429 4.71801
4.11631 -2.45398 4.87328
-0.505099 -3.39138 -4.63251
3.57427 -3.83823 2.71649
4.84044 -4.86058 -0.584567
-1.963 4.10641 -1.8804
1.05338 -4.3469 -2.15485
0.223403 3.63671 1.25036
-4.36056 -4.24191 3.54208
3.98507 0.630161 -0.649766
4.44132 -3.9453 -2.36156
3.53835 -4.3789 -4.15298
3.86657 2.29492 -1.24005
-3.7511 -2.45814 -4.20129
3.61811 0.831647 -4.98765
-2.3718 -3.65737 -0.877632
0.914737 -4.19931 2.34573
-0.300709 -1.483 -4.37547
2.90429 -2.70719 -0.239716
-4.57917 1.15216 -0.526537
-4.42647 3.71914 3.9242
2.01379 4.17406 -4.35016
-1.5124 -4.82772 -0.104056
-3.38226 -0.72525 -0.761725
-4.88534 3.24213 4.28179
-1.16205 -3.88553 -0.768744
-4.65529 1.16979 2.3726
-4.91183 2.40703 2.89805
-4.36096 -2.80062 -3.57635
