-4.22294 2.50209 4.91614
-3.86089 0.84305 -2.72098
-4.9444 4.18688 2.84936
-1.91103 4.38816 -1.1704
3.6118 4.15164 4.56816
2.20911 -1.29126 -3.04244
2.057 -2.03342 4.82312
1.00689 4.6684 0.951862
1.15904 0.252207 -2.75621
0.0413599 -0.155843 4.86524
4.20307 2.01687 -3.0208
-4.63896 -4.9613 1.79027
-4.25387 -2.91416 -2.1472
4.67152 -3.19438 -1.53012
-0.896972 -3.35266 -3.15086
4.36972 -1.77155 3.80563
0.850399 3.22731 2.3669
-0.80309 -4.47537 3.12978
-1.52141 1.869 1.51257
-1.52584 1.04488 -2.54655
1.62212 -2.01623 1.12492
0.910195 -0.134896 0.35454
-1.55229 4.77325 3.9583
-2.83592 3.51926 0.550346
-4.75295 4.55256 -2.51406
1.25275 0.839134 4.53395
-4.55373 0.497155 -3.7277
-2.26214 -4.31298 4.86853
-3.75496 -1.87817 3.40295
-2.17674 3.6262 -4.7435
-2.78906 0.48109 -1.13118
-2.91654 3.60587 -1.69413
-2.47858 2.61848 -0.630253
3.64738 3.34917 -0.194928
1.89873 -3.91392 -1.0398
3.50479 -1.4951 -4.0196
4.22053 2.90654 0.711495
-4.95836 -1.04559 -3.67168
-3.76827 1.98953 1.39611
-3.17269 -1.66441 2.81464
3.91437 -1.04346 0.459725
4.55701 0.0174698 2.9571
-0.104339 4.81396 4.86191
-4.17639 -0.48426 4.70154
3.11378 -3.77068 -3.30883
-3.67528 -4.33533 -0.282546
-3.33597 0.444077 4.82549
0.964108 1.44443 -0.956032
4.03541 2.00473 2.51856
0.941537 0.68819 0.212322
-2.53908 0.521751 1.40282
1.91845 0.548244 -4.55241
-2.66978 -4.13307 -0.174548
-4.22701 1.81982 3.75759
2.99939 1.85103 4.69981
-3.11049 -0.43688 4.67609
3.20845 -2.69878 4.54426
0.850081 -0.312811 3.23013
-4.77033 -2.72478 -4.57209
4.50534 0.281385 2.29914
-1.60273 0.276829 -2.41399
0.0106573 3.83462 -3.8779
-1.72278 -4.24148 3.28361
-4.28004 -3.2614 4.03961
-1.22104 -4.92121 3.62224
4.54119 4.42008 -2.56633
-2.36085 -3.99274 3.17093
2.27833 3.53634 1.21546
-2.09997 3.66494 -3.22232
-2.51548 2.84329 2.67692
-4.54212 4.56508 2.97638
4.58261 1.57353 4.65986
4.08483 -2.41528 4.90547
-0.595571 -3.40948 -4.61299
3.56017 -3.86639 2.38954
4.84922 -4.82463 -0.56682
-1.96028 4.21934 -1.82112
1.04142 -4.3237 -2.1525
0.257777 3.63025 1.27214
-4.31488 -4.27026 3.52554
4.01593 0.641329 -0.65763
4.48932 -4.00201 -2.34021
3.49425 -4.41595 -4.10516
3.84955 2.2873 -1.22237
-3.786 -2.50611 -4.18766
3.59682 0.836227 -4.99329
-2.35524 -3.6471 -0.744006
0.874939 -4.14568 2.30336
-0.316219 -1.46929 -4.35079
2.88382 -2.69659 -0.237566
-4.57842 1.15458 -0.525008
-4.45661 3.7655 3.93617
2.08061 4.13675 -4.31767
-1.36709 -4.83069 -0.0743645
-3.38788 -0.668133 -0.754498
-4.90349 3.30761 4.26622
-1.45662 -3.90317 -0.570731
-4.5605 1.13532 2.41713
-4.85623 2.3353 2.90785
-4.47256 -2.8258 -3.64123
