-4.44839 2.59734 -4.85331
-3.68796 0.869699 -2.57546
-4.97345 4.15469 2.89134
-1.96344 4.41832 -1.18237
3.60462 4.09233 4.45022
2.29824 -1.22636 -2.99712
2.07775 -2.11198 4.15548
1.12939 4.67625 1.01438
1.14924 0.291026 -2.70195
0.101884 -0.215135 4.71977
4.21731 1.9945 -2.90998
-4.57018 -4.85712 2.13981
-4.33901 -2.98157 -2.19868
4.36975 -2.89988 -1.53876
-0.878109 -3.48146 -3.25888
4.44823 -1.70411 3.76724
0.857326 3.127 2.35437
-0.419884 -4.56141 2.95971
-1.60083 1.62746 1.61401
-1.52387 1.03972 -2.5292
1.72392 -2.00327 1.1995
0.964412 -0.250157 0.497986
-1.44704 4.84869 3.89678
-2.78951 3.55179 0.53938
-4.67742 4.59245 -2.6869
1.17431 0.77795 4.46417
-4.67632 0.476589 -3.74743
-2.28648 -4.29519 4.88261
-3.73236 -1.82408 3.62549
-2.13583 3.41405 -4.96352
-2.69611 0.582404 -1.31011
-3.16486 3.50434 -2.15343
-2.34194 2.22238 -0.498936
3.57495 3.40752 -0.279983
1.9013 -3.98294 -1.16231
3.51892 -1.36802 -4.03247
4.26352 2.90797 0.716839
4.94135 -1.007 -3.74124
-3.79617 1.99646 1.30778
-3.38588 -1.61873 2.91287
3.94678 -1.08196 0.579548
4.7249 -0.0487478 3.02519
-0.0305813 4.79759 4.87033
-4.19747 -0.431792 4.55202
3.25253 -3.7597 -3.59236
-3.86814 0.609161 -0.254478
-3.36464 0.414439 4.74143
1.04626 1.31418 -0.909603
4.06065 1.95373 2.52345
0.980889 0.628734 0.178941
-2.66638 0.542142 1.40435
1.84393 0.554279 -4.64085
-2.67686 -4.16449 -0.210834
-4.25889 1.83797 3.69467
2.94398 2.03066 4.77285
-3.10518 -0.444982 4.72569
3.13576 -2.72376 4.4562
0.801324 -0.107584 3.14737
-4.79202 -2.70692 -4.66026
4.60148 0.19023 2.30283
-1.65511 0.239949 -2.42889
-0.0271743 3.80183 -3.40338
-1.55211 -4.14173 3.17776
-4.26875 -3.29573 4.05759
-1.1975 4.94339 3.50171
4.43937 4.44162 -1.77108
-2.37664 2.87609 3.34959
2.26556 3.35669 1.32658
-2.06239 3.76814 -3.46644
-2.51451 2.80793 2.69369
-4.97922 4.69055 2.76963
4.54503 1.6724 4.54777
4.02549 -2.33844 4.97417
-0.776434 -3.44659 -4.5759
3.53448 -3.92479 1.7361
4.86921 -4.75489 -0.531344
-1.95519 4.44906 -1.70477
1.01763 -4.27853 -2.14828
0.326532 3.61854 1.31573
-4.22599 -4.33276 3.49422
4.07931 0.663634 -0.673523
4.5904 -4.11954 -2.29869
3.40772 -4.4926 -4.01201
3.81721 2.27266 -1.18751
-3.85714 -2.60276 -4.16409
3.55584 0.845341 4.99287
-2.32266 -3.62726 -0.477223
0.795743 -4.04058 2.21912
-0.347245 -1.44217 -4.30397
2.84351 -2.67582 -0.233296
-4.57899 1.15954 -0.522085
-4.51828 3.86038 3.9615
2.21502 4.06445 -4.25558
-1.07632 -4.83909 -0.01486
-3.3999 -0.554105 -0.74015
-4.94199 3.43928 4.23661
-2.0452 -3.94067 -0.174892
-4.37713 1.06643 2.5066
-4.74935 2.19268 2.92798
-4.7007 -2.87797 -3.77399
