4.53682 1.79708 -1.05694
-2.87308 4.6318 1.69381
-4.69966 -1.46733 -0.00309102
4.85915 4.81191 0.0361485
-4.75165 -1.57138 4.63364
2.35823 0.807392 -4.90669
0.43503 4.95536 1.3431
2.33702 -4.98481 2.81199
4.62998 2.66166 -2.41833
2.9498 -4.73844 -1.70094
4.83702 2.03835 2.41349
4.46983 1.37571 4.30278
-0.538833 3.03475 -0.591943
-2.59701 -1.67906 -4.42007
-4.89564 4.92073 4.63318
0.218284 0.178569 -2.27341
0.0589187 -2.75955 4.91254
4.91367 -0.131834 -1.55936
-4.48071 0.235774 -0.805895
4.00575 2.887 2.73783
-4.105 4.93513 1.78951
1.49581 2.55642 1.97374
4.56582 -3.05035 -2.42051
0.302102 0.942154 3.8964
4.28142 -2.75345 -1.10127
-0.352233 -2.64935 -3.91845
0.887507 3.61212 -4.91783
0.0719203 -4.55867 2.46543
-4.42919 1.1781 3.64073
-3.29655 2.33776 4.51325
-2.33989 4.85117 -1.28159
2.67938 -4.23962 -3.78849
-1.89069 -4.8666 1.38026
2.11018 -1.1607 -1.59106
-4.07793 0.823358 3.59907
-4.74129 0.65663 -4.66966
-0.866145 -4.12719 0.40823
-0.231732 -0.52241 -3.84932
-3.57198 -2.25278 1.20481
2.13122 1.02147 3.39887
-0.487687 -1.23022 -3.95171
4.63213 -1.16061 4.01332
-0.859831 -4.42141 4.08067
-4.09196 4.63473 -1.93026
-4.04347 4.34732 -1.04428
-0.508214 3.48612 -4.99714
-3.02069 1.9159 4.60418
4.87757 -0.488754 -0.107808
3.76286 2.96791 -0.713115
1.58761 -0.849696 3.36725
2.42277 -4.69415 -4.57826
-2.46193 0.257774 -0.157445
-1.18306 0.825356 4.79052
2.91658 4.10617 1.86674
2.42979 2.51769 4.97223
0.501229 -0.483084 4.35703
-0.0365163 1.80862 1.5516
-4.9078 4.41981 4.93334
-4.51788 -0.703935 4.95749
-0.629141 -2.23668 -0.142235
-0.597258 -0.615513 3.12554
-3.17818 4.97089 -4.3887
1.32903 4.98412 -4.97654
2.63498 -2.15783 -1.04921
2.12362 -3.61771 3.60891
3.852 4.80612 4.67271
1.56177 -3.43469 -3.54706
-1.28522 -4.36721 -4.60532
-2.39745 2.0375 -2.76462
3.35923 -0.878342 -2.74076
4.48766 -4.13189 -4.87433
4.10412 4.96795 -1.34823
-3.52033 3.6998 -4.24322
-2.54776 -3.08505 -4.75272
1.67853 2.36441 3.35613
3.02668 1.70718 1.07196
1.19564 -3.74731 -2.25265
-4.31943 2.85218 0.289259
1.06077 -2.05119 1.96055
-4.31188 -0.572775 4.40943
0.737296 2.49051 -2.3149
0.499018 -2.41437 0.713839
-0.713585 -2.86577 -1.67083
-0.551848 -0.368296 -1.44074
4.55384 -1.64056 -3.23009
2.16379 -0.0388081 2.10717
-4.96751 -0.574988 -4.49604
-0.339207 -0.0423698 1.31372
1.08862 -4.91894 4.94707
-1.32151 0.372611 -0.00537071
4.79152 -2.53846 1.27715
-4.60877 -2.75889 -4.46459
-4.90592 1.92245 -0.890811
4.7868 -3.95068 2.01789
-0.69773 0.81443 2.42408
2.32715 -2.53787 2.44859
-3.99827 0.123692 4.53572
-3.10714 3.62065 2.41616
-4.97794 0.882397 0.060516
1.11916 -1.28291 -3.96628
