-4.56361 2.64564 -4.74403
-3.60215 0.883091 -2.50321
-4.98906 4.13957 2.91259
-1.98975 4.4345 -1.18812
3.60224 4.06347 4.39216
2.34306 -1.19403 -2.97501
2.08824 -2.15143 3.82224
1.19083 4.68145 1.04561
1.14445 0.310468 -2.67537
0.132101 -0.244808 4.64801
4.22589 1.98362 -2.8555
-4.53652 -4.80814 2.31452
-4.38365 -3.01584 -2.22476
4.22066 -2.7531 -1.54321
-0.868699 -3.54647 -3.31341
4.48864 -1.67051 3.74855
0.860888 3.0771 2.3483
-0.228121 -4.60594 2.87484
-1.64053 1.50685 1.66485
-1.52288 1.03733 -2.52082
1.77492 -1.99694 1.23684
0.991557 -0.307932 0.569751
-1.39464 4.89037 3.86691
-2.76673 3.56899 0.533915
-4.6423 4.61401 -2.77392
1.13515 0.747476 4.43073
-4.74006 0.466396 -3.75937
-2.29888 -4.28777 4.89099
-3.7219 -1.79731 3.73746
-2.11558 3.30885 4.92377
-2.65006 0.633068 -1.39982
-3.2901 3.45462 -2.3837
-2.27389 2.02471 -0.433412
3.53962 3.43771 -0.322659
1.90277 -4.01806 -1.22364
3.52671 -1.30455 -4.04032
4.28584 2.90898 0.719528
4.89415 -0.987779 -3.77757
-3.81134 2.00032 1.2636
-3.49317 -1.59614 2.96211
3.96392 -1.10137 0.639455
4.81238 -0.082192 3.06026
0.00640725 4.79027 4.8754
-4.21046 -0.405697 4.47929
3.32271 -3.75499 -3.73512
-3.96538 3.08126 -0.240428
-3.37944 0.399806 4.70038
1.08745 1.24926 -0.886621
4.07505 1.92841 2.52604
1.00062 0.599096 0.162243
-2.73026 0.552257 1.40516
1.80684 0.557316 -4.68679
-2.68171 -4.18229 -0.228789
-4.27618 1.84719 3.66423
2.91671 2.12069 4.81015
-3.10274 -0.449172 4.75124
3.09994 -2.73666 4.41306
0.777014 -0.00503557 3.10641
-4.80493 -2.69841 -4.70692
4.65198 0.14459 2.30454
-1.68135 0.221333 -2.4366
-0.0459858 3.78612 -3.16693
-1.46695 -4.09389 3.12511
-4.26386 -3.31343 4.06756
-1.18546 4.87401 3.44157
4.39 4.45367 -1.37364
-2.38465 1.31127 3.43953
2.25982 3.26767 1.38224
-2.04377 3.82045 -3.58933
-2.5142 2.79058 2.70218
4.80068 4.75886 2.66663
4.52963 1.72203 4.49353
3.99754 -2.3003 -4.98922
-0.86684 -3.46564 -4.5583
3.5228 -3.95509 1.40954
4.88023 -4.7212 -0.513593
-1.95287 4.566 -1.64791
1.00579 -4.25655 -2.14642
0.360912 3.61326 1.33753
-4.18263 -4.36688 3.47947
4.1119 0.674762 -0.681558
4.64358 -4.18053 -2.27847
3.36526 -4.53226 -3.96658
3.80189 2.26563 -1.17032
-3.89351 -2.65152 -4.15407
3.53612 0.849881 4.98711
-2.30671 -3.61749 -0.344181
0.756336 -3.98914 2.17721
-0.362769 -1.42878 -4.28176
2.82364 -2.66569 -0.231183
-4.58042 1.16213 -0.520714
-4.54981 3.90895 3.97503
2.28262 4.02946 -4.22599
-0.930857 -4.84442 0.0149141
-3.40632 -0.497243 -0.733045
-4.96237 3.50546 4.22283
-2.33901 -3.96083 0.0233567
-4.28833 1.03196 2.55155
-4.69804 2.12176 2.93836
-4.81771 -2.905 -3.84198
