4.36809 3.10621 -3.88706
-2.85069 1.0063 -1.86632
4.90681 4.04216 3.11009
-2.23321 4.63604 -1.23656
3.60747 3.82744 3.8961
2.75395 -0.905682 -2.78879
2.1874 -2.51363 0.833583
1.74921 4.77577 1.32636
1.1036 0.486771 -2.45094
0.402476 -0.51435 4.02794
4.34395 1.89526 -2.38819
-4.29736 -4.43662 3.89068
-4.84686 -3.34119 -2.46962
2.91063 -1.44103 -1.58876
-0.78402 -4.15205 -3.82232
4.90129 -1.37269 3.60365
0.894359 2.6355 2.29929
1.49969 4.95621 2.11694
-1.99923 0.424469 2.12628
-1.51308 1.02108 -2.45477
2.23722 -1.94305 1.5742
1.23666 -0.830414 1.21697
-0.926922 -4.75518 3.61761
-2.57548 3.75376 0.484641
-4.37748 4.86308 -3.57755
0.783753 0.476865 4.17623
4.65181 0.378852 -3.92407
-2.41962 -4.25655 -4.98905
-3.6537 -1.56427 4.77602
-1.94135 2.3833 3.95513
-2.24809 1.09165 -2.214
-4.4662 3.0381 -4.4929
-1.66768 0.2525 0.153618
3.24261 3.74283 -0.711705
1.92156 -4.35351 -1.77886
3.61582 -0.734448 -4.13935
4.51078 2.92762 0.744008
4.54478 -0.816708 -4.1475
-3.99246 2.04852 0.864547
-4.51158 -1.40333 3.41571
4.14885 -1.28096 1.17886
-4.41263 -0.388271 3.4039
0.341562 4.7491 4.94273
-4.40933 -0.172483 3.8809
3.98773 -3.73899 4.93855
-4.90487 -4.6758 -0.115224
-3.52948 0.27412 4.3566
1.46185 0.671059 -0.687339
4.25018 1.70614 2.55409
1.17907 0.333367 0.0122799
-3.31546 0.64142 1.4126
1.47754 0.585595 4.85083
-2.75634 -4.40859 -0.403075
-4.48503 1.93935 3.41889
2.68096 2.93828 -4.84232
-3.08887 -0.490199 -4.99405
2.79006 -2.86361 4.06688
0.559399 0.918042 2.74936
4.98708 -2.63271 4.83093
-4.80247 -0.268241 2.31898
-1.91968 0.0485937 -2.51505
-0.213653 3.66715 -1.05335
-0.703591 -3.70233 2.65849
-4.24652 -3.4886 4.19207
-1.07634 4.33965 2.90114
3.96854 4.61279 2.2012
-2.4624 -2.77643 4.26116
2.2237 2.48745 1.88725
-1.88211 4.32038 -4.73711
-2.51847 2.64561 2.7838
2.94235 -4.57236 1.7478
4.48163 2.17661 4.05332
3.78921 -1.9636 -4.72071
-1.68129 -3.64981 -4.43136
3.44079 -4.2652 -1.52818
-4.97447 -4.46011 -0.355039
-1.93675 -4.41363 -1.16856
0.89915 -4.0754 -2.13704
0.669336 3.58705 1.53346
-3.83573 -4.74989 3.37743
4.43751 0.774144 -0.756479
-4.8101 -4.79384 -2.10957
3.00077 -4.93025 -3.58144
3.68735 2.21144 -1.02224
-4.26806 -3.10625 -4.11445
3.3786 0.891641 4.9732
-2.16516 -3.53641 0.849775
0.404571 -3.55336 1.80469
-0.502873 -1.31276 -4.11331
2.65193 -2.58153 -0.213135
-4.63169 1.18828 -0.510836
4.89802 4.39658 4.12031
2.90246 3.75358 -4.00257
0.378714 -4.91999 0.281894
-3.47743 0.0108128 -0.670953
-4.99393 4.11137 4.12551
4.9905 -4.17716 1.82435
-3.55328 0.721603 2.96347
-4.30348 1.49355 3.03377
4.21328 -3.17767 -4.50841
