4.25771 3.1609 -3.80138
-2.76971 1.02038 -1.79655
4.90383 4.03547 3.13263
-2.26095 4.66746 -1.24228
3.61073 3.80384 3.844
2.80045 -0.873831 -2.76962
2.19902 -2.55511 0.502
1.81198 4.79338 1.35738
1.09923 0.506593 -2.42766
0.432363 -0.544735 3.96124
4.36111 1.88657 -2.33835
-4.27682 -4.40078 4.06747
-4.90415 -3.37917 -2.49824
2.76739 -1.29587 -1.59455
-0.774476 -4.22177 -3.88119
4.95817 -1.34014 3.58977
0.898157 2.58726 2.29446
1.69185 4.90473 2.03352
-2.03929 0.304332 2.17806
-1.51172 1.01982 -2.44848
2.28913 -1.937 1.61199
1.264 -0.888607 1.28904
-0.875107 -4.72203 3.59167
-2.55562 3.77773 0.479104
-4.35271 4.89738 -3.66962
0.744731 0.447191 4.15158
4.5886 0.369798 -3.94862
-2.43414 -4.25664 -4.97213
-3.64906 -1.53916 4.89566
-1.92278 2.28262 3.85157
-2.20452 1.14357 -2.30571
-4.60626 2.99533 -4.73436
-1.60077 0.0558594 0.218601
3.21212 3.78121 -0.755567
1.92439 -4.39298 -1.84107
3.62744 -0.671151 -4.1538
4.53889 2.93089 0.746734
4.51288 -0.797961 -4.19417
-4.01772 2.0556 0.820027
-4.64092 -1.38356 3.46792
4.17371 -1.30144 1.23881
-4.33953 -0.422705 3.44409
0.378998 4.74739 4.95263
-4.4405 -0.146159 3.82098
4.06636 -3.74122 4.78922
4.98271 -2.20601 -0.100712
-3.54809 0.260766 4.3217
1.50399 0.60753 -0.666171
4.27481 1.68206 2.55777
1.19894 0.303848 -0.00423507
-3.38175 0.651251 1.41334
1.44142 0.588903 4.79791
-2.76712 -4.43993 -0.42287
-4.51538 1.95136 3.39488
2.65559 3.03008 -4.80631
-3.08833 -0.494949 -4.96514
2.75683 -2.87885 4.03205
0.535304 1.02085 2.71074
4.95694 -2.62652 4.78438
-4.73889 -0.314327 2.32057
-1.94647 0.028821 -2.52483
-0.232221 3.65674 -0.819438
-0.61903 -3.66113 2.60745
-4.24806 -3.50979 4.20942
-1.06444 4.28922 2.84171
3.92433 4.63607 2.59853
-2.47169 -4.34211 4.35434
2.22148 2.4029 1.94397
-1.86484 4.38038 -4.86974
-2.51981 2.63081 2.79342
2.73964 -4.50496 1.64661
4.48582 2.22829 4.00945
3.76989 -1.92677 -4.69724
-1.77198 -3.67146 -4.42085
3.435 -4.30343 -1.85499
-4.95572 -4.43369 -0.338178
-1.93537 -4.31674 -1.11716
0.887206 -4.05682 -2.13683
0.703485 3.58687 1.55525
-3.80129 -4.80143 3.36873
4.47833 0.785119 -0.765132
-4.75048 -4.86886 -2.09223
2.96202 -4.97915 -3.541
3.67718 2.2066 -1.0064
-4.316 -3.15885 -4.1173
3.36297 0.896512 4.97609
-2.14991 -3.52849 0.982502
0.365574 -3.50752 1.76379
-0.51847 -1.30029 -4.09783
2.63377 -2.57295 -0.211356
-4.64237 1.19161 -0.510028
4.85701 4.45955 4.13945
2.97279 3.72796 -3.98198
0.524171 -4.93138 0.311369
-3.48688 0.0669031 -0.66431
4.98594 4.17916 4.1177
4.69132 -4.2055 2.02496
-3.47582 0.68727 3.01033
-4.26598 1.42427 3.04437
4.12171 -3.21115 -4.59603
