4.14903 3.21644 -3.71698
-2.68914 1.03455 -1.72682
4.9018 4.02949 3.1553
-2.28881 4.70013 -1.24811
3.61429 3.78069 3.79247
2.84714 -0.842006 -2.75079
2.21069 -2.59677 0.170458
1.87488 4.81245 1.38824
1.09487 0.52648 -2.4047
0.46222 -0.575234 3.89486
4.37902 1.87812 -2.28885
-4.25768 -4.36608 4.24493
-4.96258 -3.41755 -2.52719
2.62441 -1.1508 -1.60047
-0.764903 -4.29206 -3.94057
-4.97436 -1.30769 3.57638
0.901953 2.53915 2.28973
1.88402 4.85415 1.95033
-2.07944 0.184169 2.22997
-1.51025 1.01865 -2.44237
2.34116 -1.93105 1.64989
1.29134 -0.946821 1.36115
-0.823311 -4.68966 3.56609
-2.53603 3.80236 0.47356
-4.32885 4.93309 -3.76244
0.705674 0.417581 4.12728
4.52655 0.360926 -3.9744
-2.44895 -4.25749 -4.95907
-3.64515 -1.51421 -4.98331
-1.90437 2.18228 3.74869
-2.16135 1.19585 -2.39788
-4.74915 2.95325 -4.97842
-1.53396 -0.140815 0.283542
3.1821 3.82055 -0.799539
1.92735 -4.43294 -1.90341
3.63933 -0.607851 -4.16901
4.56755 2.93441 0.749448
4.48224 -0.779294 -4.24211
-4.04411 2.06302 0.775469
-4.79224 -1.36427 3.52056
4.19949 -1.32203 1.29878
-4.26867 -0.457541 3.48453
0.416459 4.74623 4.96305
-4.4739 -0.119374 3.76274
4.14605 -3.74451 4.64342
4.87113 0.263616 -0.08626
-3.56709 0.247511 4.28793
1.54627 0.544145 -0.645236
4.3005 1.65808 2.56157
1.21879 0.274314 -0.02069
-3.44835 0.661093 1.41406
1.4054 0.592253 4.74545
-2.77842 -4.4727 -0.442642
-4.5475 1.96377 3.37139
2.63031 3.1221 -4.77111
-3.08802 -0.499706 -4.93782
2.72376 -2.89434 3.99774
0.511195 1.12371 2.6723
4.92862 -2.62054 4.73963
-4.67683 -0.360462 2.32217
-1.97335 0.0089383 -2.53481
-0.250809 3.64691 -0.58564
-0.534531 -3.62028 2.55661
-4.25072 -3.53133 4.22745
-1.05261 4.23971 2.78247
3.8805 4.66031 2.99597
-2.48121 4.09158 4.4506
2.21961 2.31863 2.00083
-1.84772 4.44174 4.99641
-2.52135 2.61627 2.80317
2.53734 -4.44002 1.5455
4.49197 2.28023 3.9666
3.75102 -1.89006 -4.67502
-1.86273 -3.69334 -4.41088
3.43003 -4.34234 -2.18201
-4.93769 -4.4077 -0.321334
-1.93406 -4.22179 -1.06599
0.87522 -4.03852 -2.13678
0.737601 3.58716 1.57707
-3.76848 -4.85493 3.36051
4.52026 0.796078 -0.773854
-4.69208 -4.94519 -2.07515
2.92354 4.97091 -3.50105
3.66745 2.20201 -0.990647
-4.36551 -3.21196 -4.12178
3.34766 0.901447 4.97988
-2.13481 -3.52083 1.11526
0.326573 -3.46221 1.72297
-0.534087 -1.28789 -4.08291
2.61583 -2.56453 -0.209716
-4.65432 1.19503 -0.509261
4.8169 4.52472 4.15945
3.04343 3.70347 -3.9622
0.669605 -4.94351 0.340795
-3.49668 0.122943 -0.657718
4.96704 4.24705 4.11043
4.39331 -4.23517 2.22567
-3.39888 0.652999 3.05755
-4.22952 1.35505 3.05516
4.03166 -3.2453 -4.68932
