4.04186 3.27268 -3.63378
-2.60893 1.04878 -1.65711
4.90075 4.02416 3.17812
-2.31678 4.73398 -1.25407
3.61817 3.75794 3.74152
2.89404 -0.810231 -2.73228
2.22231 -2.63862 -0.160965
1.93786 4.83342 1.41879
1.09051 0.546421 -2.38207
0.492061 -0.605864 3.82879
4.3977 1.86987 -2.23972
-4.23986 -4.33264 4.42317
4.97787 -3.4564 -2.55645
2.48166 -1.00584 -1.60651
-0.755304 -4.363 -4.00058
-4.90938 -1.27488 3.56395
0.90575 2.49117 2.28511
2.07625 4.80468 1.86745
-2.11964 0.0639515 2.28204
-1.50865 1.01752 -2.43643
2.39336 -1.92523 1.68788
1.31871 -1.00506 1.43331
-0.771533 -4.65806 3.54079
-2.5167 3.82763 0.468002
-4.3059 4.97017 -3.85611
0.666583 0.38802 4.10331
4.4657 0.35223 -4.00138
-2.46404 -4.25931 -4.94747
-3.64181 -1.48942 -4.86359
-1.88609 2.08217 3.64638
-2.11868 1.2485 -2.49056
-4.89524 2.91175 4.77419
-1.46724 -0.337548 0.348446
3.15254 3.86079 -0.843621
1.93045 -4.47351 -1.9659
3.65153 -0.544562 -4.18496
4.59678 2.93817 0.752153
4.45297 -0.760742 -4.29123
-4.07176 2.0708 0.730884
-4.94155 -1.34654 3.57304
4.22633 -1.34278 1.35878
-4.1986 -0.492929 3.52567
0.453946 4.7456 4.97394
-4.50903 -0.0920718 3.70614
4.22705 -3.74903 4.50087
4.76136 2.73307 -0.0717518
-3.58641 0.234336 4.25532
1.58872 0.480894 -0.624544
4.32733 1.63418 2.56549
1.23862 0.244757 -0.0370752
-3.51529 0.67094 1.41478
1.36947 0.595638 4.69346
-2.79018 -4.50704 -0.46239
-4.58147 1.9765 3.34843
2.60514 3.2143 -4.73671
-3.08789 -0.504475 -4.91162
2.69088 -2.91013 3.96395
0.487078 1.22663 2.63404
4.90226 -2.61482 4.69673
-4.61599 -0.406683 2.32382
-2.00033 -0.0110562 -2.54496
-0.269421 3.63762 -0.351951
-0.450092 -3.57981 2.50594
-4.25445 -3.55326 4.24619
-1.04085 4.19098 2.72336
3.83704 4.68552 3.39358
-2.49102 2.52591 4.54737
2.2181 2.23463 2.05784
-1.83067 4.50438 4.86383
-2.52309 2.60196 2.81302
2.33547 -4.37843 1.44445
4.50032 2.33241 3.92493
3.73269 -1.85351 -4.65396
-1.95353 -3.71549 -4.40138
3.42588 -4.38232 -2.50926
-4.92025 -4.38215 -0.304501
-1.9328 -4.1285 -1.01506
0.863194 -4.02054 -2.1369
0.771693 3.58791 1.59891
-3.73726 -4.9106 3.35274
4.56341 0.807053 -0.782706
-4.63481 4.97713 -2.05834
2.88534 4.92205 -3.46158
3.65817 2.19765 -0.974986
-4.41651 -3.26568 -4.12775
3.3327 0.906436 4.98463
-2.11985 -3.51342 1.24804
0.287584 -3.41741 1.68221
-0.549714 -1.2756 -4.06853
2.59827 -2.55629 -0.208303
-4.66812 1.19857 -0.508555
4.77768 4.59198 4.18042
3.11442 3.6796 -3.94323
0.815022 -4.95644 0.370165
-3.50695 0.178919 -0.651181
4.94943 4.3151 4.10368
4.09637 -4.26638 2.4265
-3.32233 0.618776 3.10519
-4.19405 1.28589 3.06619
3.94307 -3.28032 -4.78794
