3.52328 3.56463 -3.23392
-2.21181 1.12111 -1.30921
4.90908 4.00652 3.29335
-2.45846 4.9209 -1.28596
3.64147 3.64998 3.49292
3.13174 -0.652302 -2.64433
2.27818 -2.85147 -1.81984
2.25092 4.97513 1.56803
1.06855 0.647137 -2.27364
0.641115 -0.760957 3.50255
4.50273 1.8314 -1.99959
-4.17033 -4.18253 -4.67095
4.69979 -3.66073 -2.70788
1.76997 -0.282455 -1.63895
-0.70747 -4.72816 -4.3106
-4.70488 -1.06011 3.5002
0.924811 2.25326 2.26328
3.04142 4.57163 1.4571
-2.32213 -0.538377 2.54438
-1.49909 1.01218 -2.40873
2.65677 -1.89809 1.87904
1.45585 -1.29682 1.79481
-0.513094 -4.50993 3.41848
-2.42428 3.96345 0.439981
-4.20782 -4.85049 -4.34257
0.470185 0.240771 3.9886
4.17778 0.3121 -4.15486
-2.54423 -4.28213 -4.91581
-3.63499 -1.36801 -4.28244
-1.79621 1.58487 3.14147
-1.91312 1.51805 -2.96352
4.37653 2.71917 3.5622
-1.13514 -1.32251 0.672294
3.01073 4.0751 -1.06588
1.94729 -4.68768 -2.28065
3.71615 -0.228244 -4.27593
4.752 2.96047 0.765964
4.32616 -0.670219 -4.55672
-4.23183 2.11418 0.507394
4.57011 -1.38214 3.86864
4.37633 -1.44919 1.659
-3.86754 -0.676416 3.74783
0.641456 4.75054 -4.96714
-4.71733 0.0492524 3.43948
4.65545 -3.79328 3.81899
4.2415 -4.92299 -0.000134549
-3.68946 0.169604 4.1078
1.80425 0.166487 -0.524833
4.47973 1.51572 2.58643
1.33685 0.0966188 -0.117673
-3.85557 0.720242 1.4179
1.19114 0.613227 4.44021
-2.85705 -4.7106 -0.560791
-4.78704 2.04401 3.23829
2.47988 3.67877 -4.57706
-3.09087 -0.528364 -4.80293
2.52838 -2.99364 3.80258
0.36566 1.74158 2.44559
4.79576 -2.59026 4.50529
-4.33114 -0.639614 2.33229
-2.13701 -0.112429 -2.59842
-0.363234 3.59873 0.815113
-0.0289611 -3.38272 2.25569
-4.29189 -3.66989 4.35116
-0.98322 3.95683 2.42968
3.62406 4.82781 -4.61027
-2.54227 4.69832 -4.94653
2.2158 1.81773 2.34545
-1.74808 4.83833 4.21808
-2.53534 2.53408 2.86361
1.32932 -4.12727 0.939249
4.57388 2.59257 3.72489
3.6476 -1.67343 -4.56497
-2.40881 -3.83002 -4.36236
3.4141 -4.61346 -4.15394
-4.85333 -4.26191 -0.22082
-1.92832 -3.68094 -0.763236
0.802202 -3.93539 -2.13976
0.941876 3.59865 1.70872
-3.60507 4.80283 3.32088
4.80519 0.86107 -0.828455
-4.36914 4.61241 -1.97875
2.69646 4.70143 -3.27154
3.618 2.17886 -0.898135
-4.6985 -3.54316 -4.18312
3.26224 0.932401 -4.98261
-2.04742 -3.48079 1.91259
0.0926829 -3.19997 1.4785
-0.62813 -1.2156 -4.00473
2.51691 -2.51677 -0.200787
-4.76627 1.21743 -0.505522
4.5936 4.95816 4.29946
3.47357 3.5703 -3.86375
1.54173 4.97141 0.515881
-3.56405 0.457898 -0.619344
4.87859 4.66156 4.07467
2.62126 -4.44913 3.43421
-2.94534 0.448659 3.34948
-4.03144 0.941771 3.12468
3.51588 -3.47112 4.66998
