3.12314 3.81398 -2.92168
-1.89742 1.18041 -1.03128
4.93149 4.00351 3.3894
-2.57362 -4.90984 -1.31408
3.66452 3.57257 3.30154
3.3262 -0.527085 -2.57798
2.32418 -3.02544 -3.14923
2.50206 -4.9038 1.68906
1.05031 0.729647 -2.19191
0.760346 -0.887055 3.24633
4.60233 1.80405 -1.81295
-4.13331 -4.07666 -3.95868
4.49987 -3.83642 -2.83473
1.20222 0.294587 -1.66809
-0.669795 4.96499 -4.56913
-4.60669 -0.890424 3.45564
0.941176 2.06556 2.24733
3.81859 4.3971 1.12997
-2.48658 -1.02243 2.75754
-1.49097 1.0083 -2.38817
2.87079 -1.87882 2.03345
1.566 -1.53106 2.08515
-0.306765 -4.40246 3.3265
-2.35513 4.08417 0.417528
-4.15146 -4.73207 -4.75536
0.311446 0.123238 3.90359
3.96691 0.286932 -4.29405
-2.61358 -4.32026 -4.93031
-3.64069 -1.2734 -3.83221
-1.72631 1.18984 2.74495
-1.75509 1.74076 -3.35293
3.82433 2.59338 2.60798
-0.871552 -2.11243 0.930827
2.90394 4.26258 -1.24524
1.9618 -4.87824 -2.53496
3.77118 0.0236745 -4.35993
4.88896 2.98245 0.777245
4.247 -0.600797 -4.79528
-4.38985 2.15425 0.328237
4.32817 -1.41676 4.13112
4.5168 -1.53798 1.89993
-3.62585 -0.829849 3.95143
0.791313 4.76566 -4.92696
-4.92554 0.164895 3.24234
-4.96933 -3.85498 3.29067
3.84483 4.94595 0.0567154
-3.78069 0.119532 4.00686
1.98269 -0.0838315 -0.448547
4.62865 1.42166 2.6054
1.41359 -0.0221267 -0.180241
-4.13622 0.759851 1.4202
1.04985 0.62834 4.24609
-2.92002 -4.92189 -0.638242
4.98881 2.10138 3.15658
2.37997 4.05708 -4.46187
-3.0977 -0.547494 -4.7369
2.40013 -3.06547 3.68117
0.265159 2.15378 2.29938
4.73652 -2.5757 4.374
-4.1256 -0.828899 2.33984
-2.24873 -0.194707 -2.64388
-0.439441 3.57533 1.74774
0.307131 -3.2314 2.06011
-4.34766 -3.77346 4.45685
-0.938724 3.77856 2.19772
3.46047 4.9821 -3.01386
-2.58674 -1.5573 -4.51959
2.22017 1.48698 2.58065
-1.68507 -4.87046 3.72373
-2.54953 2.48381 2.907
0.525208 -3.96962 0.535146
4.68044 2.79374 3.58153
3.58629 -1.53269 -4.51197
-2.77499 -3.92636 -4.34302
3.41462 -4.87345 4.50798
-4.81476 -4.17459 -0.154137
-1.9277 -3.33836 -0.563914
0.752353 -3.87329 -2.14419
1.0783 3.61514 1.79805
-3.52688 4.59986 3.30724
-4.94109 0.902325 -0.86771
-4.17763 4.34525 -1.91946
2.5471 4.55268 -3.12601
3.59362 2.16732 -0.837913
-4.95989 -3.77539 -4.25603
3.21016 0.95492 -4.96698
-1.99255 -3.46063 2.44593
-0.0638743 -3.03291 1.31444
-0.691257 -1.1693 -3.96261
2.45485 -2.48864 -0.194756
-4.90776 1.23472 -0.502543
4.46085 -4.77267 4.41745
3.76862 3.49496 -3.81918
2.12336 4.92955 0.631009
-3.61759 0.680195 -0.594817
4.83991 4.98012 4.0597
1.44559 -4.62439 4.25226
-2.64903 0.314106 3.55506
-3.91764 0.669377 3.17681
3.18886 -3.64418 4.25879
