2.54034 4.22643 -2.46408
-1.4291 1.27186 -0.614918
4.99131 4.02814 3.54306
-2.74903 -4.68266 -1.36145
3.70654 3.47458 3.02471
3.62699 -0.340654 -2.48388
2.39567 -3.29395 4.84667
2.88456 -4.77805 1.87509
1.02425 0.859172 -2.08262
0.939209 -1.07803 2.86933
4.79491 1.76965 -1.54206
-4.10615 -3.93021 -2.90852
4.23372 -4.12208 -3.03564
0.349634 1.15778 -1.71022
-0.616029 4.52134 -4.97756
-4.49462 -0.639165 3.40032
0.968787 1.78651 2.22584
4.99666 4.15297 0.639715
-2.73961 -1.75307 3.08526
-1.47986 1.00402 -2.3603
3.19866 -1.85325 2.26759
1.73266 -1.88412 2.52313
0.00226645 -4.25502 3.19779
-2.2586 4.28932 0.38393
-4.11183 -4.5875 4.58876
0.070444 -0.0533219 3.78757
3.67587 0.408356 -4.47658
-2.72439 -4.39637 -4.98716
-3.66533 -1.13405 -3.17079
-1.62566 0.601046 2.1573
-1.52425 2.08556 -3.9552
3.02583 2.42 1.18467
-0.485098 -3.30089 1.3184
2.75313 4.58763 -1.51493
1.98207 4.79488 -2.92089
3.86276 0.311755 -4.53914
-4.89075 3.02278 0.794649
4.16194 -0.499667 4.8057
-4.68831 2.22407 0.0586934
4.01927 -1.47417 4.58793
4.76817 -1.67729 2.26351
-3.2952 -1.07008 4.31303
1.01592 4.8353 -4.90852
4.74532 0.340771 2.96916
-4.43444 -3.97682 2.51067
3.26968 -0.242489 0.141175
-3.9376 0.0473685 3.8804
2.26364 -0.461098 -0.338213
4.89152 1.28197 2.63827
1.52554 -0.199865 -0.272275
-4.57809 0.819793 1.42366
0.839615 0.653294 3.96763
-3.03102 4.77623 -0.750843
4.63932 2.19405 3.04571
2.23183 4.64254 -4.30909
-3.11585 -0.57612 -4.66734
2.21026 -3.18039 3.51009
0.107153 2.77874 2.08661
4.68497 -2.56096 4.20557
-3.85226 -1.11783 2.35286
-2.42023 -0.319012 -2.71602
-0.55095 3.55521 3.14987
0.812434 -3.01302 1.77296
-4.47515 -3.94085 4.65597
-0.878872 3.52674 1.8536
3.22675 -4.78787 -0.627542
-2.65836 -0.940795 -3.8956
2.23544 0.994786 2.94562
-1.59627 -4.45031 3.00503
-2.57893 2.41535 2.9779
-0.681183 -3.75824 -0.074163
4.88612 3.11328 3.39029
3.50376 -1.3263 -4.46215
-3.33124 -4.07694 -4.32644
3.42954 4.71281 2.5184
-4.77647 -4.05922 -0.0546591
-1.93365 -2.83751 -0.268127
0.676232 -3.7905 -2.15406
1.28454 3.65523 1.93454
-3.45055 4.34847 3.30677
-4.54482 0.958847 -0.933868
-3.92047 3.9828 -1.83754
2.32502 4.37961 -2.91956
3.5736 2.15585 -0.750108
4.65107 -4.14069 -4.42028
3.13702 0.993336 -4.96746
-1.91527 -3.43876 3.25144
-0.297651 -2.79041 1.06717
-0.78643 -1.10224 -3.91348
2.36592 -2.45238 -0.187121
4.83792 1.26556 -0.494287
4.29129 -4.48419 4.63317
4.22961 3.40285 -3.77756
2.9982 4.89958 0.802068
-3.70956 1.01292 -0.559501
4.8164 -4.48037 4.05171
-0.317925 -4.99181 -4.43648
-2.21156 0.115441 3.88585
-3.77672 0.266837 3.26391
2.71722 -3.93597 3.68396
