2.35119 4.37132 -2.31176
-1.27374 1.30287 -0.47631
-4.985 4.04455 3.59703
-2.80841 -4.62053 -1.37855
3.72285 3.44581 2.93463
3.72992 -0.278894 -2.45429
2.42011 -3.38599 4.17736
3.01379 -4.75465 1.93802
1.01709 0.902681 -2.04942
0.998669 -1.14193 2.74532
4.87265 1.75994 -1.45455
-4.10371 -3.88438 -2.56142
4.15226 -4.22356 -3.10643
0.0640036 1.4462 -1.7238
-0.599238 4.38752 4.88254
-4.4672 -0.556183 3.38436
0.978258 1.6939 2.21934
-4.60545 4.07561 0.476247
-2.8265 -1.99815 3.19691
-1.47661 1.00297 -2.35191
3.3099 -1.84558 2.34627
1.78869 -2.00249 2.66996
0.105232 -4.20946 3.15729
-2.22811 4.36314 0.372756
-4.11238 -4.54762 4.3784
-0.0105981 -0.112413 3.75181
3.55295 0.517344 -4.5204
-2.76316 -4.42644 4.98637
-3.67754 -1.08824 -2.95328
-1.5935 0.405286 1.96239
-1.4487 2.2031 -4.16158
2.76486 2.36549 0.711274
-0.360295 -3.70135 1.44883
2.70513 4.71319 -1.60494
1.9874 4.69052 -3.05145
3.91478 0.36785 -4.62595
-4.82362 3.03804 0.800688
4.14154 -0.466127 4.68769
-4.80612 2.24984 -0.0315292
3.92487 -1.49527 4.7586
4.86383 -1.72552 2.38533
-3.19294 -1.15239 4.45103
1.09103 4.87092 -4.91192
4.65757 0.399464 2.88272
-4.26895 -4.02423 2.25219
3.08227 4.69584 0.169059
-3.99682 0.0238679 3.8442
2.36025 -0.587763 -0.302353
4.98808 1.23615 2.65049
1.56223 -0.258966 -0.302978
-4.73342 0.839828 1.42477
0.769799 0.662169 3.87775
-3.07241 4.70486 -0.788095
4.52958 2.22674 3.01162
2.18316 4.84237 -4.26285
-3.12417 -0.585572 -4.65318
2.14738 -3.2208 3.45589
0.0538734 2.98941 2.01696
4.67616 -2.55785 4.15506
-3.77092 -1.21547 2.35744
-2.47843 -0.360582 -2.74118
-0.588071 3.55301 3.62082
0.98133 -2.94238 1.67814
-4.53227 -3.99879 4.73144
-0.860305 3.44618 1.739
3.15144 -4.72473 0.167391
-2.6838 -4.06845 -3.69126
2.2425 0.831503 3.07125
-1.5681 -4.31728 2.76916
-2.59099 2.39415 3.00308
-1.08361 -3.69293 -0.278466
4.965 3.22452 3.33129
3.47822 -1.25863 -4.45722
-3.5194 -4.12909 -4.32702
3.43869 4.5947 1.85884
-4.76904 -4.02523 -0.0217887
-1.9379 -2.67384 -0.170549
0.650629 -3.76627 -2.15827
1.35373 3.67248 1.98081
-3.43508 4.27835 3.31103
-4.43294 0.976812 -0.9574
-3.84205 3.87026 -1.81251
2.25199 4.32812 -2.85473
3.57126 2.15353 -0.721771
4.53667 -4.26777 -4.49633
3.11338 1.00757 -4.97458
-1.8908 -3.43346 3.52209
-0.373795 -2.71006 0.983987
-0.818256 -1.0806 -3.90104
2.33724 -2.44192 -0.18508
4.77255 1.27618 -0.491154
4.24214 -4.39556 4.71629
4.38825 3.37739 -3.7697
3.29117 4.89893 0.858762
-3.74409 1.12375 -0.548018
4.81956 -4.30694 4.05217
-0.906495 4.8494 -3.99138
-2.06755 0.0499488 4.00248
-3.7383 0.134231 3.29454
2.56372 -4.04428 3.50084
