4.26226 1.76122 -1.12764
-2.90158 4.62388 1.71158
-4.68283 -1.48988 0.000847051
4.80921 4.76948 0.0350321
-4.63783 -1.61064 4.67011
2.40269 0.813011 -4.81423
0.440101 4.87214 1.34699
2.36309 -4.86492 2.8626
4.59888 2.71248 -2.4762
2.97802 -4.74207 -1.7154
4.82557 2.03689 2.42845
4.38111 1.39729 4.39277
-0.542264 3.09132 -0.605947
-2.651 -1.69751 -4.52448
-4.69908 -4.9386 4.63329
0.224057 0.192027 -2.29847
0.0586568 -2.79067 4.8477
4.8207 -0.136141 -1.58184
-4.51242 0.239493 -0.824339
3.92693 2.92846 2.7684
-4.17036 4.9331 1.80629
1.50506 2.59106 1.97204
4.63195 -3.08201 -2.44754
0.30576 0.960523 3.97384
4.3708 -2.79321 -1.1035
-0.367922 -2.69182 -3.97854
0.894521 3.72668 -4.94839
0.0675876 -4.49729 2.49698
-4.30617 1.18827 3.69158
-3.36983 2.39017 4.36523
-2.36865 4.8408 -1.30361
2.73933 -4.13431 -3.90733
-1.91102 -4.73795 1.39286
2.13407 -1.15148 -1.61706
-4.16226 0.827857 3.64768
-4.77013 0.68008 -4.81422
-0.874494 -4.17998 0.407959
-0.25342 -0.513797 -3.81468
-3.66694 -2.2965 1.22423
2.18937 1.0205 3.47076
-0.524867 -1.2393 -4.04276
4.52532 -1.19954 3.91409
-0.869746 -4.48892 4.14792
-4.20552 4.62901 -1.97633
-4.12614 4.49658 -1.07314
-0.525868 3.55884 -4.88627
-3.05187 1.93596 4.70334
-4.9332 -0.499228 -0.100157
3.8212 3.02515 -0.72378
1.604 -0.862953 3.4081
2.45565 -4.69403 -4.48809
-2.51043 0.257449 -0.163207
-1.22739 0.845961 4.94353
2.97132 4.17761 1.86685
2.45911 2.5479 4.99557
0.513881 -0.484875 4.33666
-0.0411254 1.83604 1.54987
4.9653 4.533 -4.91326
-4.67281 -0.716012 4.87557
-0.652218 -2.26836 -0.14693
-0.609989 -0.633095 3.16029
-3.23107 4.93591 -4.47665
1.3676 -4.94974 4.86354
2.66249 -2.18273 -1.04851
2.14631 -3.68017 3.67161
3.91263 4.71503 4.62656
1.57732 -3.48027 -3.59796
-1.31931 -4.31266 -4.55205
-2.42387 2.06444 -2.81016
3.40827 -0.877309 -2.77847
4.53183 -4.26923 -4.94592
4.20565 4.83528 -1.36001
-3.57046 3.76724 -4.32272
-2.5758 -3.11976 -4.81434
1.70313 2.42566 3.4303
3.06934 1.72168 1.07013
1.2055 -3.84425 -2.27653
-4.39879 2.88929 0.310025
1.06742 -2.07642 1.9808
-4.45659 -0.608921 4.59015
0.74288 2.51721 -2.34191
0.508556 -2.46009 0.721186
-0.729097 -2.90371 -1.68625
-0.566874 -0.370019 -1.45097
4.46662 -1.66554 -3.29796
2.19531 -0.0448048 2.11459
-4.93244 -0.580765 -4.48347
-0.345774 -0.0522934 1.30959
1.03693 4.96082 4.97501
-1.31544 0.379808 -0.00580688
4.78966 -2.56126 1.28811
-4.58148 -2.7992 -4.41109
-4.70044 1.95246 -0.896351
4.7583 -4.01203 2.04025
-0.717104 0.826092 2.44231
2.35499 -2.56268 2.46716
-3.8698 0.161734 4.63255
-2.95297 3.72357 2.44341
-4.89225 0.897862 0.0751191
1.17616 -1.29129 -4.08436
