1.97628 4.67234 -2.00512
-0.963825 1.3655 -0.199404
-4.95912 4.0893 3.70963
-2.92855 -4.5119 -1.41455
3.76389 3.39403 2.75725
3.94067 -0.155944 -2.3981
2.47187 -3.57407 2.84509
3.27639 -4.74389 2.06628
1.004 0.989688 -1.98577
1.1174 -1.26985 2.49895
-4.95023 1.74313 -1.28433
-4.10507 -3.79747 -1.87031
3.99928 -4.43754 -3.25526
-0.507653 2.02481 -1.75267
-0.566118 4.12717 4.61616
-4.42557 -0.391548 3.35524
0.99753 1.50938 2.20721
-3.81558 3.9265 0.149001
-3.00505 -2.49111 3.4239
-1.47084 1.00124 -2.33674
3.53614 -1.83136 2.50452
1.90166 -2.24029 2.96513
0.311107 -4.12355 3.07876
-2.16865 4.5199 0.350303
-4.13222 -4.48094 3.96773
-0.173381 -0.231068 3.68415
3.30575 0.738968 -4.62209
-2.84328 -4.49484 4.95044
-3.70726 -0.99761 -2.52198
-1.53086 0.0140217 1.5732
-1.29932 2.44146 -4.58672
2.24851 2.26073 -0.235422
-0.111303 -4.51116 1.71018
2.61484 4.9782 -1.78468
1.99637 4.4939 -3.3192
4.02969 0.478909 -4.8174
-4.69739 3.07117 0.813294
4.11311 -0.399075 4.48358
4.93179 2.30555 -0.212482
3.74661 -1.54131 -4.86574
-4.92755 -1.82466 2.6301
-2.99749 -1.32014 4.75863
1.2412 4.9493 -4.92708
4.52388 0.516169 2.71545
-3.94984 -4.12945 1.73608
2.71301 4.59699 0.22385
-4.12539 -0.0218859 3.78061
2.5576 -0.842687 -0.232009
-4.82417 1.14638 2.67709
1.63529 -0.377021 -0.364912
4.94349 0.87991 1.42676
0.630496 0.680658 3.70169
-3.16034 4.5961 -0.863555
4.32654 2.29487 2.94749
2.08732 -4.75723 -4.17733
-3.14394 -0.604201 -4.64081
2.02092 -3.30374 3.34999
-0.0521291 3.41545 1.87933
4.6706 -2.55397 4.06076
-3.62085 -1.41259 2.36672
-2.59624 -0.443873 -2.7937
-0.662867 3.55392 4.56829
1.31964 -2.80394 1.48864
-4.67311 -4.11848 4.89742
-0.824471 3.28921 1.50992
3.00396 -4.65022 1.75546
-2.7367 -0.323142 -3.28869
2.26047 0.505972 3.32975
-1.51337 -4.05999 2.29918
-2.61752 2.35378 3.0555
-1.88897 -3.57004 -0.688908
-4.87054 3.45395 3.21846
3.42972 -1.12443 -4.47199
-3.90092 -4.23738 -4.34499
3.46671 4.39822 0.542087
-4.76142 -3.96412 0.0432534
-1.9496 -2.34988 0.0231702
0.599333 -3.72323 -2.16843
1.49319 3.71306 2.07457
-3.41286 4.15674 3.32432
-4.22813 1.01161 -1.00645
-3.69439 3.65553 -1.76655
2.10894 4.22753 -2.72925
3.57451 2.15099 -0.666879
4.32915 -4.53199 -4.70893
3.06705 1.03864 4.99998
-1.84315 -3.42621 4.06678
-0.526652 -2.55113 0.816977
-0.881921 -1.03843 -3.88271
2.28136 -2.42342 -0.182075
4.66418 1.29691 -0.484913
4.15624 -4.22687 4.91738
4.71519 3.33413 -3.76285
3.88301 4.93293 0.971817
-3.81917 1.3457 -0.524997
4.84716 -3.96618 4.05772
-2.08464 4.54399 -3.11698
-1.78126 -0.0801975 4.24517
-3.66853 -0.129138 3.35721
2.26201 -4.279 3.14211
