1.7885 4.83423 -1.85207
-0.809148 1.39712 -0.0610679
-4.95262 4.11779 3.76865
-2.98938 -4.46439 -1.43345
3.78927 3.3713 2.66978
4.04901 -0.0947123 -2.37146
2.49975 -3.66987 2.18013
3.41215 -4.7495 2.13252
0.997908 1.03333 -1.95528
1.17678 -1.33383 2.37648
-4.87216 1.73606 -1.20168
-4.1084 -3.75645 -1.52599
3.92752 -4.55003 -3.33362
-0.793499 2.31528 -1.76817
-0.549557 4.00149 4.48724
-4.41056 -0.30997 3.34183
1.00736 1.41755 2.20154
-3.42294 3.85438 -0.0146965
-3.0968 -2.73913 3.53946
-1.46823 1.00052 -2.32998
3.65212 -1.82469 2.58429
1.95863 -2.35951 3.11382
0.413939 -4.08288 3.04071
-2.13954 4.60332 0.339044
-4.15087 -4.45396 3.76614
-0.254991 -0.290617 3.65218
3.18459 0.849807 -4.71321
-2.88464 -4.53304 4.93874
-3.7247 -0.952852 -2.30772
-1.50026 -0.181547 1.37886
-1.22536 2.56227 -4.80801
1.99129 2.21054 -0.709587
0.0130657 -4.92185 1.84095
2.57309 -4.88814 -1.87471
2.00098 4.40307 -3.45651
4.09147 0.53468 -4.92315
-4.6391 3.08913 0.819861
4.10562 -0.365689 4.39724
4.81123 2.33589 -0.303042
3.66284 -1.56672 -4.68264
-4.82824 -1.87552 2.75346
-2.90326 -1.40576 4.93139
1.31628 4.99385 -4.93872
4.48214 0.574265 2.63439
-3.79486 -4.18734 1.47839
2.53084 -0.451052 0.251294
-4.19439 -0.0437128 3.75336
2.65837 -0.970857 -0.197488
-4.74399 1.10254 2.69161
1.67181 -0.435995 -0.396197
4.78244 0.90001 1.42765
0.560989 0.690292 3.61531
-3.20687 4.55637 -0.902084
4.23421 2.33039 2.91738
2.04015 -4.56493 -4.13774
-3.15538 -0.613294 -4.64355
1.95727 -3.34612 3.29935
-0.104549 3.63209 1.81155
4.6745 -2.55302 4.0175
-3.54991 -1.51202 2.3716
-2.65563 -0.485695 -2.8207
-0.700623 3.55589 -4.95359
1.48901 -2.73596 1.39382
-4.75745 -4.18061 4.98972
-0.807284 3.21259 1.39536
2.93058 -4.62575 2.54876
-2.76433 -3.44982 -3.09003
2.27147 0.343719 3.46292
-1.48676 -3.93496 2.06489
-2.63177 2.33458 3.08281
-2.29204 -3.51251 -0.895029
-4.79963 3.57258 3.16412
3.40666 -1.05734 -4.48677
-4.09453 -4.29362 -4.36233
3.48494 4.31036 -0.116604
-4.76127 -3.93697 0.0754241
-1.9568 -2.18931 0.119467
0.573644 -3.70425 -2.17437
1.56352 3.73686 2.12215
-3.40512 4.10475 3.3334
-4.13188 1.02834 -1.03201
-3.62492 3.55276 -1.74572
2.03851 4.17989 -2.66762
3.58022 2.15081 -0.640272
4.23671 -4.67066 -4.87315
3.04425 1.05587 -4.99363
-1.81975 -3.42427 4.34101
-0.603238 -2.47283 0.733287
-0.913629 -1.01786 -3.87701
2.25421 -2.41533 -0.181176
4.62025 1.3069 -0.481811
4.11962 -4.14518 -4.94398
4.88428 3.31658 -3.76386
4.18287 4.96298 1.02802
-3.85999 1.4571 -0.513195
4.87165 -3.79807 4.06311
-2.67454 4.39725 -2.68416
-1.63874 -0.144908 4.37166
-3.63543 -0.26036 3.38971
2.11301 -4.40546 2.96702
