1.41184 -4.80594 -1.54654
-0.500149 1.46103 0.215429
-4.95224 4.18767 3.89414
-3.11267 -4.38283 -1.47284
3.84862 3.33273 2.49725
4.2725 0.0274568 -2.32082
2.55787 -3.86507 0.850555
3.69323 -4.7764 2.26619
0.986232 1.12108 -1.89674
1.29569 -1.46183 2.13305
-4.75703 1.72453 -1.04085
-4.12028 -3.67959 -0.838911
3.79397 -4.78544 -3.49673
-1.36543 2.89932 -1.80123
-0.516366 3.75791 4.25081
-4.39188 -0.148144 3.31591
1.02739 1.23483 2.19121
-2.6406 3.71418 -0.3418
-3.28625 -3.2388 3.77685
-1.46354 0.999317 -2.31804
3.89073 -1.81211 2.74573
2.07369 -2.59828 3.41448
0.619125 -4.00618 2.96725
-2.08226 4.78138 0.316813
-4.2034 -4.41269 3.37098
-0.418493 -0.410098 3.59204
2.95135 1.0587 -4.92119
-2.97015 -4.61748 4.92719
-3.76456 -0.864183 -1.88106
-1.44058 -0.572581 0.990822
-1.07933 2.80691 4.74198
1.47899 2.11429 -1.65943
0.26172 4.25768 2.10415
2.49582 -4.66283 -2.05635
2.01157 4.23646 -3.73659
4.22324 0.647404 4.85708
-4.5317 3.12815 0.833582
4.10442 -0.299362 4.2509
4.60777 2.40277 -0.48398
3.50495 -1.62356 -4.33641
-4.65169 -1.97951 3.00361
-2.72029 -1.58059 -4.71456
1.46651 -4.91463 -4.96942
4.4391 0.690579 2.47739
-3.49243 -4.31465 0.964179
2.16963 -0.545388 0.306934
-4.34177 -0.0845797 3.70916
2.86461 -1.22876 -0.129957
-4.60824 1.01693 2.72337
1.7449 -0.55382 -0.459505
4.47202 0.940573 1.42938
0.422111 0.71037 3.44582
-3.30569 4.50403 -0.980589
4.06258 2.40458 2.86154
1.94707 -4.19162 -4.06349
-3.18145 -0.630762 -4.6623
1.83087 -3.43395 3.20293
-0.208982 4.07495 1.67813
4.69689 -2.55263 3.9402
-3.41447 -1.71257 2.38276
-2.77578 -0.569372 -2.87714
-0.77659 3.56475 -4.01939
1.82826 -2.60207 1.2042
-4.95275 -4.30997 -4.82173
-0.773998 3.06216 1.16643
2.78661 -4.58481 4.13978
-2.82121 0.29875 -2.69697
2.29671 0.0200235 3.74065
-1.43475 -3.6919 1.59779
-2.6623 2.29807 3.14
-3.09942 -3.40474 -1.30869
-4.67683 3.81977 3.05968
3.36288 -0.921711 -4.52573
-4.48864 -4.41078 -4.41044
3.52935 4.14685 -1.43517
-4.76903 -3.88926 0.139374
-1.97386 -1.87083 0.311095
0.522139 -3.67052 -2.18781
1.70549 3.79244 2.21911
-3.39588 4.0172 3.35769
-3.94735 1.06034 -1.08512
-3.49455 3.35466 -1.70754
1.89907 4.09592 -2.54602
3.59872 2.15302 -0.588169
4.07495 -4.96404 4.7718
2.99768 1.10081 -4.98274
-1.77352 -3.42358 4.8947
-0.756421 -2.31877 0.565742
-0.976798 -0.977472 -3.87256
2.20146 -2.40106 -0.180612
4.55121 1.32607 -0.475552
4.06127 -3.98458 -4.66928
-4.77103 3.29013 -3.77413
4.79144 -4.9656 1.14052
-3.94895 1.68122 -0.48861
4.9386 -3.4653 4.08427
-3.85815 4.11784 -1.82438
-1.3549 -0.273652 4.63704
-3.57217 -0.523074 3.45934
1.81658 -4.67469 2.62502
