1.03535 -4.4665 -1.24227
-0.191323 1.5259 0.491672
-4.96937 4.27499 4.02965
-3.23803 -4.31708 -1.51459
3.91883 3.30375 2.32704
4.50667 0.149408 -2.27415
2.61936 -4.0657 -0.479197
3.98649 -4.819 2.40278
0.975022 1.20893 -1.84138
1.41502 -1.59001 1.8915
-4.69656 1.7161 -0.885223
-4.13875 -3.6091 -0.153264
3.67463 4.96228 -3.67065
-1.93772 3.4889 -1.83775
-0.483138 3.52306 4.02494
-4.38648 0.0133301 3.28781
1.04805 1.05324 2.18198
-1.86001 3.57881 -0.668795
-3.48569 -3.74449 4.02517
-1.45923 0.99859 -2.30827
4.13913 -1.80042 2.90961
2.19065 -2.83757 3.72038
0.823438 -3.93527 2.89697
-2.02604 4.97716 0.294977
-4.27346 -4.38821 2.98386
-0.582281 -0.530054 3.53663
2.64345 1.20532 4.48937
-3.05992 -4.71256 4.93049
-3.8111 -0.776563 -1.45607
-1.38244 -0.962899 0.603593
-0.935543 3.05672 4.3102
0.969548 2.02481 -2.61303
0.511924 3.45622 2.37211
2.42541 -4.46221 -2.24142
2.02437 4.08911 -4.02508
4.36692 0.762205 4.65639
-4.43467 3.17229 0.847979
4.12266 -0.233661 4.12563
4.45197 2.47932 -0.665387
3.35728 -1.68639 -4.00934
-4.50801 -2.08608 3.25913
-2.54371 -1.75998 -4.38878
1.61682 -4.83243 4.98973
4.44155 0.807809 2.3258
-3.19839 -4.45885 0.451531
1.8115 -0.636274 0.362824
-4.50336 -0.123289 3.68031
3.07793 -1.48741 -0.0637202
-4.49859 0.93408 2.758
1.81844 -0.671402 -0.523988
4.17406 0.981939 1.43079
0.283298 0.731455 3.28004
-3.41215 4.48683 -1.06068
3.90503 2.48322 2.8111
1.85529 -3.82528 -3.99683
-3.21182 -0.647462 -4.6923
1.70582 -3.52619 3.11151
-0.315435 4.53038 1.54495
4.74266 -2.55376 3.87418
-3.28697 -1.91547 2.39637
-2.89806 -0.653188 -2.93701
-0.852978 3.5813 -3.10234
2.16891 -2.47049 1.01524
4.87622 -4.4481 -4.65932
-0.741494 2.9148 0.937784
2.64721 -4.55388 -4.25725
-2.88042 4.04808 -2.30766
2.32568 -0.303165 4.03532
-1.3839 -3.45794 1.13241
-2.69542 2.264 3.20011
-3.91068 -3.30426 -1.72553
-4.57662 4.08443 2.96006
3.32312 -0.784587 -4.57987
-4.92781 -4.53554 -4.46947
3.58542 4.00184 -2.75608
-4.78824 -3.84814 0.203258
-1.99524 -1.55553 0.501397
0.470324 -3.64077 -2.20354
1.84974 3.85991 2.31838
-3.3943 3.95019 3.38988
-3.77057 1.09093 -1.14042
-3.37305 3.16454 -1.67431
1.76122 4.0286 -2.42715
3.62592 2.15895 -0.537263
3.94047 4.7476 4.45855
2.99877 1.18502 -4.78842
-1.72806 -3.42676 -4.55079
-0.909193 -2.1681 0.397849
-1.03955 -0.9379 -3.87817
2.15084 -2.38879 -0.181827
4.50609 1.34428 -0.469242
4.02201 -3.83048 -4.42291
-4.43937 3.27502 -3.79655
-4.58959 -4.89991 1.25344
-4.04795 1.90744 -0.462734
-4.97869 -3.13703 4.11822
4.94557 3.85782 -0.970729
-1.07233 -0.401571 4.92229
-3.51386 -0.78676 3.53671
1.52373 -4.97015 2.2895
