0.847393 -4.30425 -1.09068
-0.0369214 1.55868 0.629677
-4.98539 4.32452 4.10144
-3.30167 -4.28924 -1.5362
3.95806 3.2926 2.24252
4.62822 0.2103 -2.25241
2.65153 -4.16813 -1.14422
4.13954 -4.84674 2.47222
0.96971 1.25284 -1.81457
1.47493 -1.65429 1.77139
-4.68635 1.71264 -0.809078
-4.14985 -3.57579 0.189109
3.61998 4.83981 -3.76204
-2.22413 3.78655 -1.85763
-0.466109 3.40878 3.9141
-4.38777 0.0946883 3.27292
1.05866 0.962766 2.1777
-1.46993 3.51289 -0.832297
-3.58902 -4.00058 4.15414
-1.45728 0.998397 -2.30421
4.2678 -1.79496 2.99242
2.25005 -2.95784 3.87562
0.925238 -3.90199 2.86283
-1.99819 -4.91923 0.284176
-4.31368 -4.3825 2.79232
-0.664317 -0.590233 3.5106
2.48092 1.27867 3.99419
-3.10665 -4.76445 4.9377
-3.83688 -0.733109 -1.24409
-1.35341 -1.15727 0.410149
-0.865143 3.1834 4.09953
0.715483 1.98232 -3.09266
0.63718 3.05969 2.50751
2.39236 -4.36954 -2.33542
2.03144 4.02209 -4.17375
4.44366 0.820449 4.56137
-4.38951 3.19641 0.855431
4.13979 -0.201071 4.0689
4.39 2.52115 -0.756781
3.28675 -1.71928 -3.85156
-4.44941 -2.14033 3.38915
-2.45756 -1.85124 -4.23406
1.69199 -4.79517 4.97293
4.45767 0.866858 2.25167
-3.05326 -4.53875 0.195654
1.63322 4.31903 0.390869
-4.59092 -0.143044 3.67104
3.18764 -1.61695 -0.0310506
-4.45171 0.893688 2.77615
1.85552 -0.730103 -0.556756
4.02875 1.00293 1.43125
0.213849 0.742289 3.19831
-3.46908 4.49125 -1.10144
3.83068 2.52405 2.78773
1.80961 -3.64407 -3.96704
-3.22857 -0.655634 -4.71154
1.644 -3.57418 3.06731
-0.368989 4.76432 1.47872
4.78727 -2.55488 3.84475
-3.2258 -2.01793 2.40416
-2.96017 -0.695094 -2.96818
-0.891286 3.59226 -2.64673
2.34024 -2.40563 0.921198
4.88953 -4.52 -4.58945
-0.72542 2.84236 0.823579
2.57892 -4.54426 -3.45791
-2.91097 0.922798 -2.11453
2.34147 -0.464912 4.18875
-1.35875 -3.34416 0.900255
-2.71294 2.24783 3.23122
-4.31955 -3.25648 -1.93552
-4.53425 4.22488 2.91205
3.30499 -0.7159 -4.61318
4.76931 -4.60381 -4.49995
3.61795 3.9359 -3.41839
-4.80173 -3.82994 0.235345
-2.00824 -1.39913 0.596229
0.444266 -3.62735 -2.21235
1.92297 3.89865 2.36884
-3.3962 3.9238 3.40898
-3.68454 1.1059 -1.16877
-3.31614 3.07263 -1.65945
1.69277 3.99991 -2.36878
3.64256 2.16318 -0.512145
3.88214 4.61746 4.31303
3.00631 1.2286 -4.58295
-1.70562 -3.42982 -4.27726
-0.985281 -2.09408 0.313644
-1.07082 -0.918394 -3.88573
2.12632 -2.38341 -0.183085
4.4922 1.35302 -0.466099
4.00765 -3.75712 -4.30608
-4.27909 3.27121 -3.81247
-4.28274 -4.87145 1.31017
-4.10137 2.02145 -0.449348
-4.94813 -2.97493 4.13913
4.34924 3.73399 -0.54492
-0.931335 -0.465258 -4.92622
-3.48689 -0.918943 3.57846
1.37872 4.87358 2.12321
