0.565565 -4.06912 -0.863699
0.194705 1.60827 0.836596
4.98207 4.40664 4.21485
-3.39864 -4.25269 -1.56965
4.02183 3.27967 2.11631
4.8168 0.301552 -2.2217
2.70153 -4.32469 -2.14161
4.37878 -4.89823 2.57786
0.962235 1.31916 -1.77535
1.56515 -1.75113 1.59207
-4.69576 1.70797 -0.696535
-4.16845 -3.52747 0.702528
3.54243 4.67581 -3.90504
-2.655 4.23895 -1.88968
-0.437834 3.24105 3.74939
-4.39451 0.217514 3.25094
1.07492 0.827254 2.17172
-0.884885 3.41644 -1.07766
-3.74982 -4.3903 4.35386
-1.45455 0.998373 -2.299
4.46745 -1.78723 3.11771
2.34032 -3.13961 4.11164
1.07726 -3.8559 2.81264
-1.95661 -4.77182 0.268128
-4.38095 -4.3823 2.50696
-0.787627 -0.680792 3.47493
2.23895 1.39003 3.25874
-3.17955 -4.84807 4.9549
-3.87893 -0.668422 -0.9265
-1.30922 -1.44751 0.119416
-0.765421 3.37556 3.79034
0.334633 1.92059 -3.81668
0.825169 2.46767 2.71234
2.34412 -4.238 -2.47768
2.04256 3.92854 -4.40312
4.56555 0.908943 4.42444
-4.32597 3.23526 0.86691
4.17683 -0.152464 3.99046
4.3137 2.58809 -0.89561
3.18471 -1.76993 -3.62103
-4.38122 -2.22285 3.58732
-2.33092 -1.99013 -4.00982
1.80491 -4.74448 4.9545
4.49891 0.956037 2.1424
-2.83786 -4.66647 -0.188159
1.36658 1.75352 0.432854
-4.73243 -0.173637 3.66189
3.3565 -1.81172 0.0174252
-4.3901 0.834501 2.80423
1.91163 -0.818042 -0.606385
3.81441 1.03472 1.43168
0.109503 0.758774 3.07738
-3.55968 4.51471 -1.16377
3.72379 2.58708 2.75503
1.74123 -3.37429 -3.92658
-3.25564 -0.66777 -4.74545
1.55254 -3.64907 3.00281
-0.449593 -4.87842 1.38012
4.90961 -2.55711 3.80386
-3.13715 -2.17299 2.41725
-3.05479 -0.758083 -3.01644
-0.948808 3.61214 -1.96571
2.5989 -2.3097 0.780724
4.92327 -4.628 -4.50015
-0.701578 2.73548 0.652441
2.47791 -4.53803 -2.26258
-2.95812 -3.76503 -1.8259
2.36673 -0.70792 4.42836
-1.32135 -3.17653 0.552512
-2.74057 2.22468 3.27933
-4.93912 -3.18777 -2.25254
-4.48144 4.44895 2.84235
3.28011 -0.612918 -4.67126
4.31478 -4.71871 -4.54486
3.67166 3.84431 -4.41664
-4.82716 -3.80562 0.283265
-2.03169 -1.16526 0.73937
0.404914 -3.60908 -2.2268
2.03418 3.96035 2.44572
-3.40308 3.89303 3.44146
-3.5583 1.12829 -1.21191
-3.2355 2.93879 -1.63908
1.5905 3.96261 -2.28241
3.67107 2.1708 -0.474704
3.8044 4.43503 4.1054
3.01919 1.29472 -4.28152
-1.67244 -3.43629 -3.87045
-1.0989 -1.9849 0.186945
-1.11776 -0.889519 -3.90049
2.09038 -2.37647 -0.185721
4.48227 1.36569 -0.461419
3.99024 -3.65142 -4.13692
-4.04565 3.26994 -3.84213
-3.82588 -4.83423 1.39559
-4.18669 2.19405 -0.428759
-4.93722 -2.73449 4.17541
3.46406 3.55536 0.0932744
-0.71988 -0.560482 -4.70357
-3.4495 -1.11752 3.64532
1.16216 4.65341 1.87495
