0.377858 -3.91692 -0.712555
0.349028 1.64171 0.974525
4.9646 4.46731 4.29493
-3.4647 -4.23246 -1.59253
4.06748 3.27352 2.03253
4.94684 0.362383 -2.20248
2.73768 -4.43056 -2.80589
4.54598 -4.94035 2.64935
0.957535 1.36383 -1.74995
1.62555 -1.81599 1.47309
-4.71846 1.70508 -0.622434
-4.18247 -3.49635 1.045
3.493 4.579 -4.00422
-2.9428 4.54546 -1.91312
-0.416 3.13005 3.64084
-4.40248 0.299654 3.23708
1.08598 0.736948 2.16806
-0.494829 3.35357 -1.24118
-3.86254 -4.65497 4.49152
-1.45296 0.998566 -2.29607
4.60572 -1.78233 3.20193
2.40122 -3.2618 4.27134
1.17778 -3.82743 2.77959
-1.92898 -4.67796 0.257697
-4.43152 -4.38817 2.31784
-0.870049 -0.741336 3.45338
2.07886 1.46498 2.7713
-3.23025 -4.90789 4.97065
-3.90928 -0.625537 -0.714985
-1.2803 -1.63932 -0.0752888
-0.705003 3.50832 3.58806
0.0807031 1.88072 -4.30308
0.950582 2.07472 2.85033
2.3102 -4.15181 -2.5756
2.05018 3.87031 -4.5604
4.65174 0.968762 4.33651
-4.28625 3.26298 0.874736
4.21032 -0.120159 3.94238
4.27276 2.63575 -0.989683
3.11908 -1.80431 -3.47108
-4.35314 -2.2785 3.72169
-2.24823 -2.08396 -3.86493
1.88026 -4.71413 4.94647
4.53717 1.016 2.07063
-2.6958 -4.75793 -0.444148
1.18927 -3.28935 0.460741
-4.83467 -0.194559 3.65831
3.47224 -1.9419 0.049321
-4.35443 0.79612 2.82339
1.9494 -0.876575 -0.639833
3.67356 1.05608 1.43188
0.039737 0.769884 2.99787
-3.62392 4.54225 -1.20586
3.65511 2.63039 2.73488
1.69575 -3.19553 -3.90224
-3.275 -0.675766 -4.77148
1.49287 -3.70044 2.96127
-0.503504 -4.64423 1.31497
-4.94546 -2.55916 3.77754
-3.08016 -2.27729 2.42696
-3.11895 -0.800079 -3.04956
-0.987325 3.62804 -1.51326
2.77258 -2.24657 0.687518
4.95161 -4.70426 -4.44558
-0.685927 2.66555 0.538443
2.41101 -4.5396 -1.46683
-2.99043 3.11063 -1.63402
2.38456 -0.870142 4.59601
-1.29666 -3.06639 0.320936
-2.75999 2.21002 3.31242
4.64456 -3.14382 -2.46529
-4.45568 4.61005 2.79752
3.26511 -0.544256 -4.71588
4.01311 -4.80134 -4.57887
3.7104 3.78855 4.91147
-4.84743 -3.7913 0.314835
-2.04939 -1.00907 0.835636
0.378528 -3.59809 -2.23723
2.10912 4.00421 2.49791
-3.4114 3.87858 3.4657
-3.47584 1.14328 -1.24111
-3.18441 2.85196 -1.6268
1.52255 3.94165 -2.22562
3.69264 2.17673 -0.449885
3.75617 4.32123 3.97393
3.02874 1.3393 -4.08358
-1.65066 -3.44187 -3.6012
-1.17405 -1.91403 0.102482
-1.14929 -0.870474 -3.91193
2.06688 -2.37259 -0.187942
4.48321 1.37387 -0.458369
3.98131 -3.58331 -4.02782
-3.89444 3.27213 -3.8658
-3.5231 -4.81298 1.45273
-4.2471 2.3104 -0.414833
-4.96975 -2.5759 4.20346
2.87766 3.44028 0.5186
-0.578723 -0.623719 -4.56048
-3.42679 -1.25003 3.6928
1.01812 4.51546 1.71009
