0.28402 -3.84213 -0.637133
0.42619 1.65856 1.04347
4.95772 4.49968 4.33632
-3.49821 -4.22377 -1.60418
4.09127 3.27116 1.99073
-4.98681 0.392791 -2.19325
2.75636 -4.48446 -3.13848
4.63266 -4.96432 2.68542
0.955272 1.3863 -1.73748
1.65583 -1.84849 1.41376
-4.7349 1.70368 -0.585602
-4.19008 -3.48115 1.21628
3.46888 4.53474 -4.05552
-3.08685 4.70065 -1.92567
-0.404675 3.0745 3.58714
-4.40757 0.340714 3.23048
1.09156 0.691765 2.16631
-0.299641 3.32245 -1.32291
-3.92099 -4.78922 4.5618
-1.45223 0.998716 -2.29478
4.6773 -1.77993 3.24425
2.43192 -3.32322 4.35195
1.22758 -3.8139 2.76303
-1.91524 -4.63227 0.252581
-4.45871 -4.39313 2.22352
-0.911324 -0.771658 3.44322
1.99925 1.50264 2.52818
-3.25621 -4.93908 4.9798
-3.92519 -0.604179 -0.609296
-1.26644 -1.73396 -0.173552
-0.675804 3.57662 3.48764
-0.0462939 1.86115 -4.54768
1.01329 1.8787 2.91986
2.29283 -4.10947 -2.62513
2.05403 3.84238 -4.64058
4.69649 0.998932 4.29345
-4.26714 3.27738 0.878698
4.23033 -0.104018 3.91954
4.255 2.66051 -1.03722
3.0869 -1.82163 -3.39718
-4.34225 -2.30649 3.78961
-2.2074 -2.13127 -3.79375
1.91795 -4.69999 4.9437
4.55943 1.04614 2.03499
-2.62519 -4.80603 -0.572215
1.10073 -0.810768 0.474691
-4.88854 -0.205148 3.65716
3.53114 -2.0071 0.0651017
-4.33811 0.777298 2.83302
1.96838 -0.905801 -0.656652
3.60368 1.0668 1.43197
0.00477581 0.77546 2.95843
-3.65738 4.5596 -1.22699
3.6215 2.65244 2.72527
1.67303 -3.10643 -3.89084
-3.28507 -0.679742 -4.78556
1.46372 -3.72644 2.94113
-0.530525 -4.5287 1.28259
-4.86662 -2.56062 3.76437
-3.05219 -2.32975 2.4321
-3.1514 -0.821093 -3.0664
-1.00687 3.63696 -1.2875
2.85983 -2.21522 0.641051
4.96722 -4.74377 -4.41989
-0.678174 2.63095 0.481467
2.37779 -4.54125 -1.06888
-3.00654 1.55013 -1.53822
2.3938 -0.951336 4.68268
-1.28441 -3.01179 0.205189
-2.77001 2.20293 3.32927
4.43788 -3.12239 -2.57212
-4.44603 4.69517 2.77558
3.25812 -0.509903 -4.74016
3.86281 -4.84478 -4.59733
3.73064 3.76237 4.57674
-4.85851 -3.78469 0.330492
-2.05871 -0.930868 0.883959
0.365294 -3.59297 -2.2427
2.14681 4.02702 2.5243
-3.41674 3.87324 3.47857
-3.43512 1.15079 -1.25583
-3.1605 2.80804 -1.62103
1.48865 3.93225 -2.1975
3.70429 2.17997 -0.437519
3.73299 4.26659 3.90987
3.0338 1.36173 -3.98538
-1.63988 -3.44506 -3.46707
-1.21125 -1.87973 0.060776
-1.16518 -0.86101 -3.91814
2.05527 -2.37085 -0.189192
4.48611 1.37788 -0.45688
3.97762 -3.54986 -3.97435
-3.82007 3.27415 -3.87892
-3.37213 -4.8034 1.48136
-4.27841 2.36898 -0.407838
-4.99197 -2.49697 4.21877
2.58516 3.38375 0.731198
-0.508012 -0.655282 -4.49038
-3.41603 -1.31632 3.71743
0.946165 4.44892 1.62787
