0.00291415 -3.62241 -0.411405
0.657438 1.70973 1.25044
4.9455 4.60574 4.46619
-3.60054 -4.20354 -1.63989
4.16665 3.26672 1.86558
-4.79245 0.484032 -2.16714
2.81345 -4.65051 -4.13873
4.91066 4.9524 2.79506
0.94894 1.4543 -1.70116
1.74715 -1.94652 1.23641
-4.80561 1.69987 -0.475756
-4.21557 -3.43724 1.73023
3.3993 4.42365 -4.21613
-3.52077 -4.8257 -1.96612
-0.370471 2.9085 3.42849
-4.42864 0.463505 3.21248
1.10849 0.555908 2.1615
0.286312 3.23048 -1.56866
-4.10703 4.8013 4.78191
-1.45016 0.999441 -2.29162
4.90353 -1.77291 3.37199
2.52496 -3.50895 4.5973
1.3733 -3.77636 2.70974
-1.87446 -4.49968 0.237505
-4.54853 -4.41815 1.94114
-1.03542 -0.862867 3.41504
1.76233 1.61652 1.80027
-3.33637 4.96386 -4.9913
-3.97539 -0.540456 -0.292387
-1.22625 -2.01518 -0.478191
-0.589869 3.78789 3.18898
-0.427488 1.80392 4.71375
1.20153 1.29216 3.13142
2.24145 -3.98655 -2.77542
2.06582 3.76338 -4.88754
4.83781 1.09053 4.16767
-4.21271 3.32273 0.890746
4.30538 -0.0555526 3.85572
4.2121 2.73846 -1.18194
2.99302 -1.87395 -3.17957
-4.32333 -2.3912 3.99726
-2.08667 -2.27482 -3.585
2.0311 -4.66167 4.94084
4.6384 1.13729 1.92887
-2.4145 -4.95988 -0.956897
0.83553 -3.37396 0.516051
4.94049 -0.237375 3.65602
3.71268 -2.20344 0.111566
-4.29519 0.722527 2.8617
2.02588 -0.993359 -0.707589
3.39624 1.09906 1.43229
-0.100506 0.792229 2.84141
-3.76263 4.62812 -1.29076
3.52342 2.7202 2.69815
1.60492 -2.83997 -3.85963
-3.31683 -0.691591 -4.83223
1.38133 -3.80527 2.88744
-0.611715 -4.18746 1.18629
-4.65541 -2.56809 3.72543
-2.97037 -2.48853 2.4487
-3.24996 -0.884234 -3.11817
-1.06633 3.66773 -0.610865
3.12318 -2.12202 0.502234
-4.98254 -4.86836 -4.34964
-0.655232 2.52843 0.31059
2.27921 -4.54923 0.124805
-3.05549 -3.13104 -1.25159
2.42284 -1.19542 4.95567
-1.24806 -2.84998 -0.141967
-2.80134 2.18259 3.38109
3.82298 -3.06006 -2.89454
-4.43471 4.97334 2.71176
3.23935 -0.406653 -4.82146
3.41409 -4.98567 -4.65875
3.79532 3.68867 3.58186
-4.89536 -3.76702 0.377004
-2.08823 -0.696019 1.02963
0.325526 -3.57908 -2.26009
2.26074 4.09916 2.6047
-3.43761 3.86443 3.52029
-3.31469 1.17325 -1.30028
-3.09118 2.67954 -1.60535
1.38736 3.90779 -2.11419
3.74334 2.19097 -0.400605
3.66712 4.11191 3.72231
3.05037 1.42962 -3.69343
-1.60791 -3.45623 -3.06642
-1.32225 -1.77925 -0.057171
-1.21353 -0.832775 -3.93895
2.02099 -2.36653 -0.193398
4.50636 1.3896 -0.452603
3.96986 -3.45177 -3.81826
-3.60103 3.28398 -3.92351
-2.92046 -4.77867 1.56748
-4.37675 2.5465 -0.386875
4.95403 -2.261 4.26899
1.70959 3.21766 1.36873
-0.295063 -0.749869 -4.28529
-3.38647 -1.51537 3.79489
0.730483 4.25775 1.38196
