-0.0906453 -3.55067 -0.336449
0.734416 1.72698 1.31941
4.94507 4.64337 4.51167
-3.63525 -4.1981 -1.65197
4.19314 3.26596 1.82392
-4.72917 0.514465 -2.15896
2.83278 -4.70773 -4.47352
-4.98774 4.92635 2.83224
0.946971 1.47714 -1.68942
1.77774 -1.97934 1.1775
-4.83726 1.69879 -0.439323
-4.22508 -3.42337 1.90162
3.37741 4.39584 -4.27172
-3.66615 -4.67169 -1.98061
-0.359119 2.8535 3.37627
-4.43872 0.504206 3.20724
1.1142 0.510481 2.16002
0.481651 3.20029 -1.65078
-4.17296 4.66669 4.86201
-1.44954 0.999783 -2.29083
4.98253 -1.77066 3.41483
2.55628 -3.57139 4.6805
1.4211 -3.7643 2.68891
-1.86109 -4.45694 0.23255
-4.58126 -4.43117 1.84712
-1.0769 -0.893369 3.40635
1.68389 1.65478 1.55789
-3.36372 4.9326 -4.98589
-3.99299 -0.519296 -0.186801
-1.21277 -2.10929 -0.581758
-0.561582 3.86017 3.09024
-0.554691 1.78526 4.46884
1.26442 1.09695 3.20298
2.22472 -3.947 -2.82624
2.06984 3.73867 -4.97201
4.88705 1.1214 4.12683
-4.19553 3.3385 0.894816
4.33287 -0.0393429 3.83602
4.20102 2.76563 -1.23087
2.96253 -1.89148 -3.10836
-4.32451 -2.41992 4.06836
-2.04699 -2.32326 -3.51692
2.06882 -4.65027 4.94215
4.66847 1.16787 1.89371
-2.34455 4.98603 -1.08532
0.747311 -0.894818 0.529744
4.88573 -0.248299 3.65635
3.77501 -2.26924 0.12671
-4.28318 0.704862 2.871
2.04523 -1.0225 -0.724712
3.32774 1.10982 1.43242
-0.135752 0.797824 2.80274
-3.79926 4.65942 -1.31211
3.49159 2.74319 2.68965
1.58223 -2.75141 -3.85021
-3.32804 -0.695529 -4.84931
1.355 -3.83258 2.87413
-0.63885 -4.0754 1.15453
-4.59543 -2.57186 3.71268
-2.94387 -2.54206 2.45467
-3.28326 -0.90531 -3.13585
-1.0863 3.67944 -0.385501
3.21145 -2.09118 0.456164
-4.96779 -4.91263 -4.32852
-0.647692 2.49463 0.25363
2.24676 -4.55298 0.522623
-3.07217 -4.69163 -1.1562
2.43286 -1.27701 -4.94887
-1.23608 -2.79673 -0.257653
-2.81225 2.17605 3.39879
3.61956 -3.03994 -3.00265
-4.44009 -4.92817 2.69124
3.23369 -0.372159 -4.85135
3.26541 4.96299 -4.68127
3.8186 3.66467 3.25212
-4.90887 -3.7619 0.392385
-2.09862 -0.617667 1.0784
0.312274 -3.57494 -2.26622
2.29901 4.12447 2.63196
-3.44621 3.86309 3.53554
-3.27499 1.18082 -1.31526
-3.06882 2.63778 -1.60064
1.35377 3.90077 -2.0868
3.75781 2.19506 -0.38837
3.64627 4.06341 3.66164
3.05633 1.45244 -3.59691
-1.59736 -3.4605 -2.93336
-1.35952 -1.74535 -0.0951124
-1.22989 -0.823391 -3.94672
2.00975 -2.36537 -0.19495
4.51746 1.39339 -0.451262
3.96854 -3.41987 -3.76762
-3.52915 3.28826 -3.94
-2.77028 -4.77177 1.59632
-4.41103 2.60627 -0.379939
4.94429 -2.18263 4.28697
1.41821 3.16337 1.58122
-0.223818 -0.781396 -4.21858
-3.37785 -1.58186 3.82194
0.658583 4.19677 1.3003
