-0.277231 -3.40957 -0.186786
0.888113 1.76178 1.45744
4.95154 4.72202 4.60632
-3.70545 -4.18913 -1.67614
4.24849 3.26554 1.74067
-4.60475 0.575313 -2.14331
2.87174 -4.84244 4.85143
-4.78947 4.89587 2.90788
0.943255 1.52303 -1.66649
1.83923 -2.04529 1.06
-4.91587 1.69699 -0.366631
-4.24542 -3.39664 2.24464
3.33604 4.34585 -4.3862
-3.95874 -4.37177 -2.01165
-0.336527 2.74411 3.27271
-4.4638 0.585224 3.19823
1.12573 0.419427 2.15732
0.872315 3.14046 -1.81528
-4.31158 4.40205 -4.96712
-1.44838 1.00058 -2.28961
-4.85723 -1.76623 3.501
2.61947 -3.6975 4.85001
1.51834 -3.73975 2.64434
-1.83464 -4.3745 0.222706
-4.64892 -4.46111 1.65904
-1.16002 -0.954541 3.39004
1.52809 1.7317 1.07331
-3.41925 4.87273 -4.98209
-4.02953 -0.477126 0.024276
-1.1858 -2.29775 -0.790304
-0.505362 4.00741 2.89398
-0.809401 1.74847 3.98176
1.39063 0.706728 3.34786
2.1919 -3.87035 -2.92911
2.07808 3.69127 4.85805
4.98918 1.18367 4.0468
-4.16251 3.3711 0.903058
4.39057 -0.00660722 3.79924
4.18349 2.8216 -1.32976
2.90276 -1.92668 -2.96722
-4.33702 -2.47848 4.21429
-1.96838 -2.42109 -3.38284
2.14413 -4.63054 4.95058
4.73426 1.22931 1.82374
-2.20451 4.88817 -1.34259
0.570852 4.06347 0.55694
4.78129 -0.27054 3.65805
3.90281 -2.40167 0.15648
-4.26232 0.670373 2.88883
2.08422 -1.08073 -0.759178
3.19171 1.13136 1.4328
-0.206455 0.809021 2.7259
-3.87486 4.73585 -1.35511
3.42927 2.78966 2.67344
1.53689 -2.57473 -3.83256
-3.35142 -0.703392 -4.88583
1.30065 -3.89018 2.85246
-0.693093 -3.85355 1.09154
-4.48436 -2.58113 3.6874
-2.89175 -2.65002 2.46727
-3.35052 -0.947546 -3.17187
-1.12637 3.70476 0.0650358
3.38878 -2.02965 0.364306
-4.94216 4.99357 -4.29016
-0.632741 2.42746 0.139666
2.18249 -4.56228 1.3182
-3.10598 2.18217 -0.965452
2.45359 -1.44056 -4.76179
-1.21237 -2.69162 -0.488892
-2.83475 2.16334 3.43488
3.21457 -3.0009 -3.21991
-4.45286 -4.75728 2.65118
3.22321 -0.303064 -4.91359
2.96957 4.87879 -4.72981
3.86867 3.61843 2.59386
-4.93766 -3.75278 0.422988
-2.12019 -0.460943 1.1762
0.285818 -3.56751 -2.2789
2.3761 4.17713 2.6872
-3.4654 3.86316 3.56824
-3.1962 1.19602 -1.34545
-3.0251 2.55549 -1.59202
1.28697 3.88825 -2.03259
3.78924 2.2039 -0.364017
3.607 3.96958 3.54357
3.06895 1.49832 -3.40483
-1.57639 -3.47 -2.66787
-1.43451 -1.67704 -0.170448
-1.26295 -0.804658 -3.96356
1.98763 -2.36356 -0.198249
4.548 1.40072 -0.448745
3.96799 -3.3576 -3.6683
-3.38674 3.29809 -3.97549
-2.47027 -4.75979 1.65428
-4.48195 2.72668 -0.36618
4.93388 -2.02625 4.32471
0.835873 3.05633 2.00656
-0.0809854 -0.844512 -4.08713
-3.36229 -1.71508 3.87796
0.514835 4.0786 1.13713
