-3.58357 2.40093 -0.656801
-2.69181 -4.64979 1.55106
4.48286 -1.27624 -0.0444529
-4.54218 -4.58224 0.0570628
-4.82923 -1.27809 -4.59396
1.99315 0.78156 4.07878
0.390191 -4.20017 1.30057
2.13392 4.00833 2.38932
-4.42171 2.25711 -1.96338
2.68835 4.816 -1.5873
-4.96915 2.11922 2.2963
-4.17081 1.21019 3.61645
-0.515944 2.56249 -0.463967
-2.13627 -1.51813 -3.58538
4.10631 3.99275 -4.65003
0.166377 0.0565009 -2.05238
0.0600546 -2.45193 -4.34287
-4.15298 -0.101578 -1.39977
4.29551 0.191124 -0.598567
-4.42416 2.51194 2.46535
-3.63244 -4.96052 1.64716
1.41649 2.25848 2.01351
4.01391 -2.78044 -2.17976
0.254107 0.804858 3.23013
3.54567 -2.42005 -1.08542
-0.203053 -2.24302 -3.46224
0.837184 2.92155 -4.95476
0.104551 4.45985 2.24617
4.04204 1.1403 3.18748
-2.75883 2.04112 -3.95323
-2.13626 4.95473 -1.09893
2.22469 4.28689 -2.8522
-1.70743 3.77851 1.28256
1.9354 -1.24835 -1.36533
-3.41267 0.764325 3.22059
4.70883 0.45629 -3.76675
-0.793258 -3.6965 0.409487
0.0040349 -0.470787 4.41285
-2.89017 -1.92033 1.05514
1.63987 1.10453 2.80026
-0.122847 -1.21478 -3.21674
4.18968 -0.84738 -3.84085
-0.777711 -3.80495 3.62271
-3.26827 -4.42669 -1.59042
-3.5313 2.76937 -0.696523
-0.358818 2.98647 4.09348
-2.73121 1.69103 3.85857
3.74158 -0.397385 -0.178185
3.30148 2.45834 -0.618252
1.44964 -0.717318 3.01255
2.14652 4.77687 4.31874
-1.99511 0.265629 -0.0962769
-0.747091 0.661342 3.54365
2.4248 3.58987 1.91485
2.1888 2.31091 4.96618
0.370888 -0.474986 -4.61166
0.00876419 1.57202 1.58031
4.3045 3.5614 3.67606
-3.49625 -0.606559 4.67655
-0.422806 -1.95552 -0.0936705
-0.484215 -0.436308 2.83105
-2.76941 4.89672 -3.71204
1.2831 4.905 4.78387
2.39708 -1.92057 -1.06167
1.92871 -3.06408 3.13111
3.41374 -4.17636 -4.43477
1.4183 -2.97724 -3.11024
-0.995529 4.43266 4.25363
-2.1901 1.8158 -2.40367
2.96438 -0.883658 -2.42227
-4.80191 -3.20163 4.613
3.32704 -3.76284 -1.2591
-3.11631 3.18074 -3.66935
-2.31093 -2.77723 -4.23035
1.46995 1.85934 2.71826
2.65474 1.58843 1.09422
1.10365 -2.85232 -2.05389
-3.71406 2.52143 0.0287403
1.00097 -1.81522 1.79278
-3.27415 -0.260235 3.37283
0.68924 2.28405 -2.08244
0.407389 -2.00711 0.642903
-0.573345 -2.52553 -1.53907
-0.413268 -0.349906 -1.36194
-4.11448 -1.41454 -2.70662
1.88674 0.0296363 2.04721
4.58982 -0.502272 4.17951
-0.276366 0.0610835 1.3725
1.17655 4.77087 -3.75194
-1.43761 0.30975 -0.0108466
-4.74116 -2.36822 1.19131
4.32447 -2.44664 4.47683
3.57703 1.83041 -0.685289
-4.66714 -3.50605 1.83267
-0.516384 0.717353 2.27939
2.08077 -2.31642 2.30101
-4.90847 -0.149627 -4.47694
4.17851 2.73134 2.23033
-4.85055 0.74098 -0.0535764
0.571385 -1.21165 -3.09086
