4.01726 1.72654 -1.20086
-2.93272 4.62509 1.73029
-4.67324 -1.51412 0.00484808
4.76593 4.73117 0.034217
-4.53304 -1.65292 4.71704
2.45005 0.819162 -4.73272
0.445361 4.79643 1.35105
2.39104 -4.75536 2.91602
4.57742 2.76594 -2.53793
3.00791 -4.75389 -1.73083
4.82719 2.03698 2.4451
4.30457 1.42014 4.49036
-0.545953 3.15094 -0.620586
-2.70756 -1.71746 -4.63853
-4.5278 -4.82302 4.66309
0.230144 0.205976 -2.32476
0.0583783 -2.82337 4.79124
4.7387 -0.140695 -1.60578
-4.5597 0.243347 -0.844063
3.85159 2.97203 2.80064
-4.24191 4.93706 1.82414
1.51486 2.62749 1.97086
4.70238 -3.11637 -2.47598
0.309404 0.980193 4.0568
4.46637 -2.83667 -1.10598
-0.384138 -2.73649 -4.04642
0.90185 3.85262 4.99968
0.062991 -4.44352 2.53068
-4.19267 1.2042 3.74703
-3.44943 2.44813 4.22485
-2.40003 4.83871 -1.32703
2.8053 -4.03822 -4.03686
-1.93304 -4.6254 1.40663
2.16002 -1.14239 -1.6445
-4.25097 0.827801 3.69952
-4.80782 0.704872 -4.98068
-0.883189 -4.23637 0.40754
-0.275051 -0.503533 -3.787
-3.77028 -2.34378 1.24506
2.25115 1.02037 3.54972
-0.563462 -1.25023 -4.14239
4.45484 -1.24097 3.824
-0.880243 -4.56069 4.22111
-4.33156 4.63158 -2.02667
-4.21952 4.65115 -1.10185
-0.544475 3.63704 -4.78417
-3.08407 1.95616 4.80905
-4.751 -0.510422 -0.0917971
3.88446 3.08471 -0.734817
1.62149 -0.876687 3.45139
2.49036 -4.70232 -4.40937
-2.56052 0.257108 -0.169121
-1.27299 0.867771 -4.89522
3.02879 4.25649 1.8678
2.49019 2.58034 -4.97922
0.526715 -0.486857 4.32173
-0.0458436 1.86478 1.54841
4.85539 4.68191 -4.79662
-4.84038 -0.730617 4.83076
-0.676296 -2.30197 -0.151841
-0.623291 -0.651202 3.19705
-3.28812 4.91135 -4.57214
1.41236 4.94003 4.72318
2.69165 -2.20903 -1.04793
2.17044 -3.74611 3.7386
3.97975 4.63586 4.59331
1.59345 -3.52823 -3.65295
-1.35529 -4.2686 -4.51281
-2.45203 2.09265 -2.85905
3.4605 -0.876347 -2.81839
4.59626 -4.42562 4.96376
4.31634 4.71474 -1.37308
-3.62472 3.83822 -4.40872
-2.60531 -3.15701 -4.88017
1.72906 2.49065 3.51047
3.11485 1.73685 1.0684
1.21581 -3.94751 -2.30274
-4.48393 2.92793 0.331102
1.0745 -2.10291 2.00214
-4.60712 -0.643196 4.78823
0.748761 2.54541 -2.37025
0.518558 -2.50868 0.728605
-0.745248 -2.94399 -1.70276
-0.582437 -0.371953 -1.462
4.39147 -1.69226 -3.3718
2.22869 -0.0508993 2.12268
-4.90577 -0.586606 -4.50651
-0.352443 -0.0625463 1.30569
0.977957 -4.9347 -4.99304
-1.30974 0.387317 -0.00639578
4.79418 -2.58601 1.29975
-4.56246 -2.84292 -4.36593
-4.51497 1.98411 -0.90305
4.73574 -4.07927 2.06399
-0.737157 0.83835 2.46186
2.38437 -2.58885 2.48685
-3.74543 0.200512 4.74786
-2.8027 3.83162 2.4742
-4.81579 0.913874 0.0906536
1.23562 -1.30064 -4.21372
