-0.648286 -3.13633 0.111735
1.19511 1.83239 1.73475
4.99587 4.8889 4.82154
-3.84689 -4.18161 -1.72359
4.36994 3.26821 1.57383
-4.36425 0.696816 -2.11499
2.95319 4.83546 3.53087
-4.40846 4.91655 3.06598
0.936614 1.61531 -1.62283
1.96365 -2.17839 0.826239
4.86862 1.69594 -0.220975
-4.29136 -3.34832 2.93211
3.26351 4.26174 -4.63696
-4.55472 -3.79295 -2.08139
-0.291871 2.52784 3.06918
-4.53183 0.746955 3.1867
1.1494 0.236637 2.15279
1.65388 3.02217 -2.14563
-4.61531 3.88072 -4.64496
-1.44631 1.00256 -2.28872
-4.55867 -1.75764 3.67533
2.74857 -3.95651 -4.8074
1.71746 -3.6918 2.55334
-1.78337 -4.22048 0.202813
-4.79318 -4.53492 1.28263
-1.32671 -1.07766 3.36144
1.22034 1.88702 0.102379
-3.5344 4.76129 -4.98956
-4.10845 -0.393482 0.446211
-1.13142 -2.67255 -1.21901
-0.394221 4.31384 2.5061
-1.32073 1.67642 3.01643
1.64502 -0.0737209 3.64465
2.1287 -3.72755 -3.14096
2.09546 3.6036 4.53084
-4.80553 1.31021 3.8931
-4.10216 3.44025 0.919918
4.52144 0.0631976 3.73631
4.16527 2.93923 -1.53168
2.78844 -1.99768 -2.68924
-4.39076 -2.6023 4.52133
-1.8136 -2.62113 -3.12265
2.29406 -4.61197 4.99218
4.88959 1.35316 1.68506
-1.92551 4.70873 -1.85927
0.218751 3.98159 0.609542
4.59352 -0.318609 3.66498
4.17227 -2.67117 0.214632
-4.22931 0.602667 2.92074
2.16348 -1.19706 -0.828918
2.92329 1.1744 1.43405
-0.348395 0.831286 2.57387
-4.03421 4.92546 -1.44247
3.3099 2.88437 2.64422
1.44624 -2.22297 -3.8018
-3.40154 -0.719113 -4.96878
1.18765 -4.0141 2.81647
-0.801638 -3.41799 0.967963
-4.27827 -2.60581 3.63887
-2.7899 -2.87013 2.4951
-3.48767 -1.03252 -3.24669
-1.20751 3.76305 0.965647
3.74731 -1.90661 0.181048
-4.90678 4.80911 -4.2264
-0.603292 2.29448 -0.0887917
2.05668 -4.59067 2.90958
-3.17594 -4.06953 -0.583879
2.49904 -1.7692 -4.40257
-1.16645 -2.48827 -0.945791
-2.88226 2.13923 3.51011
2.41039 -2.92839 -3.66142
-4.48739 -4.51511 2.574
3.20607 -0.164566 4.95324
2.38141 4.77091 -4.87306
3.98103 3.53617 1.28055
4.99713 -3.73916 0.483536
-2.16627 -0.147659 1.37295
0.233209 -3.55625 -2.30611
2.53265 4.29257 2.80016
-3.51123 3.87275 3.64535
-3.04114 1.22652 -1.40703
-2.94173 2.39566 -1.57867
1.15464 3.86959 -1.92659
3.86223 2.22403 -0.315947
3.5388 3.79223 3.31694
3.09721 1.5908 -3.02441
-1.535 -3.49337 -2.13913
-1.586 -1.53942 -0.320266
-1.33011 -0.767342 -4.00276
1.94489 -2.36201 -0.205651
4.64581 1.41365 -0.44496
3.97553 -3.23939 -3.47677
-3.10622 3.32136 -4.0548
-1.87148 -4.74322 1.77139
-4.63492 2.97079 -0.339263
4.94806 -1.71473 4.40696
-0.327707 2.84783 2.85935
0.205711 -0.97103 -3.8313
-3.33557 -1.98292 3.99784
0.228007 3.85578 0.812616
