-1.39454 -2.60987 0.693886
1.81292 1.97859 2.29398
-4.8859 -4.78871 -4.69384
-4.14428 -4.20515 -1.82397
4.66064 3.28711 1.24522
-3.91673 0.939539 -2.07092
3.13478 4.23145 0.914316
-3.68101 -4.91147 3.40641
0.926435 1.79987 -1.54734
2.21932 -2.45073 0.364782
4.50177 1.71284 0.0857429
-4.40803 -3.27937 4.3195
3.1603 4.15047 4.79225
4.23958 -2.66911 -2.2365
-0.199003 2.09691 2.67742
-4.72568 1.07604 3.17762
1.19926 -0.130782 2.14735
3.22195 2.79247 -2.81373
4.73319 2.85631 -4.07469
-1.44345 1.00804 -2.29348
-4.02973 -1.74141 4.03404
3.02344 -4.50849 -4.17149
2.12439 -3.60934 2.37612
-1.68946 -3.94871 0.161866
4.86213 -4.73418 0.531317
-1.66164 -1.32707 3.31855
0.610504 2.20756 -1.84195
-3.77918 4.57524 4.99173
-4.29493 -0.228775 1.28928
-1.0179 -3.4471 -2.11807
-0.171183 -4.99228 1.74639
-2.3556 1.53916 1.1023
2.16215 -1.63664 4.26708
2.01321 -3.48203 -3.58362
2.13573 3.44985 3.92655
-4.44446 1.57323 3.60903
-4.00879 3.59519 0.955125
4.89186 0.228575 3.63878
4.18404 3.19787 -1.95207
2.5808 -2.1449 -2.14616
-4.57082 -2.87784 -4.82105
-1.51488 -3.04002 -2.63576
2.59981 -4.69676 -4.90069
-4.76508 1.60519 1.41246
-1.37233 4.39991 -2.90454
-0.484186 3.83133 0.703341
4.27788 -0.434355 3.68941
4.75693 -3.22653 0.328644
-4.19286 0.46101 2.97977
2.32709 -1.42918 -0.971327
2.39849 1.26045 1.4382
-0.632545 0.874812 2.27531
-4.39809 -4.63912 -1.62429
3.09197 3.08141 2.59621
1.26491 -1.52267 -3.75507
-3.51531 -0.750053 4.85196
0.95644 -4.29113 2.75866
-1.01514 -2.57149 0.741131
-3.9005 -2.67266 3.55431
-2.59622 -3.3306 2.55996
-3.77394 -1.20428 -3.41249
-1.37619 3.91461 2.76894
4.48384 -1.66124 -0.186486
-4.88292 4.48611 -4.14986
-0.546763 2.03389 -0.548348
1.8109 -4.72209 -3.86739
-3.32944 3.42708 0.178082
2.61334 -2.43114 -3.74156
-1.07972 -2.07812 -1.84006
-2.98633 2.09614 3.67342
0.813855 -2.80426 -4.57892
-4.60368 -4.20308 2.42961
3.18747 0.113703 4.70688
1.20858 4.6842 4.79197
4.25833 3.4108 -1.34881
4.90625 -3.73015 0.603183
-2.27195 0.477194 1.77002
0.129946 -3.54876 -2.36751
2.85329 4.5668 3.03982
-3.62844 3.93105 3.84369
-2.74161 1.28735 -1.53424
-2.79459 2.09432 -1.56358
0.891806 3.85477 -1.72141
4.03721 2.27407 -0.223546
3.44451 3.46821 2.89624
3.16603 1.77776 -2.27697
-1.45781 -3.56093 -1.08855
-1.8964 -1.26268 -0.619891
-1.46755 -0.692956 -4.10666
1.86407 -2.3674 -0.224386
4.87903 1.42734 -0.451106
4.02424 -3.0219 -3.11466
-2.55627 3.38312 -4.25191
-0.678451 -4.7531 2.01077
4.99302 3.47472 -0.289097
-4.93985 -1.09474 4.59437
-2.66001 2.4596 4.58014
0.779192 -1.22288 -3.34444
-3.29388 -2.52709 4.26648
-0.338784 3.43245 0.179073
