3.93945 1.71525 -1.22575
-2.94371 4.62742 1.73673
-4.67149 -1.52258 0.00619701
4.75301 4.71932 0.0340232
-4.49971 -1.66766 4.73504
2.46648 0.821334 -4.70767
0.44715 4.77274 1.35246
2.40076 -4.72112 2.93451
4.57232 2.78436 -2.55934
3.01826 -4.75957 -1.73618
4.83058 2.03736 2.4511
4.2817 1.42805 4.52487
-0.547242 3.1715 -0.625584
-2.72697 -1.72443 -4.67877
-4.47659 -4.78957 4.67778
0.232241 0.210731 -2.33377
0.0582794 -2.83461 4.77434
4.71368 -0.142262 -1.61407
-4.57863 0.24468 -0.850941
3.82721 2.98702 2.8118
-4.26723 4.93976 1.83032
1.51824 2.64003 1.97063
4.72686 -3.12844 -2.4858
0.310608 0.987043 4.08599
4.49966 -2.85199 -1.10688
-0.389659 -2.75185 -4.07074
0.904323 3.89767 4.98287
0.0613977 -4.42717 2.54244
-4.15629 1.21097 3.76673
-3.47732 2.4685 4.17981
-2.4111 4.83986 -1.33514
2.82866 -4.00815 -4.08258
-1.94079 -4.59118 1.41151
2.16914 -1.13939 -1.65394
-4.28201 0.826554 3.71774
-4.82253 0.713416 4.95851
-0.88616 -4.25598 0.407371
-0.282258 -0.499811 -3.77903
-3.80676 -2.36035 1.25233
2.27257 1.02052 3.57787
-0.576622 -1.25424 -4.17744
4.43829 -1.25534 3.79589
-0.883877 -4.58558 4.24696
-4.37674 4.63431 -2.04444
-4.25332 4.70399 -1.11139
-0.55089 3.66444 -4.75212
-3.09513 1.96306 4.8459
-4.69253 -0.514304 -0.0888414
3.90666 3.10507 -0.738566
1.62756 -0.881367 3.46641
2.50229 -4.70709 -4.38522
-2.57755 0.256991 -0.171116
-1.28846 0.875318 -4.84363
3.04855 4.28441 1.86833
2.50092 2.59164 -4.97247
0.531031 -0.487554 4.31806
-0.0474406 1.87464 1.548
4.82502 4.73931 -4.76742
-4.90064 -0.736521 4.82423
-0.68454 -2.3136 -0.15351
-0.627851 -0.657346 3.20983
-3.30819 4.90575 -4.60596
1.42799 4.91214 4.68986
2.70175 -2.2181 -1.04775
2.17879 -3.76897 3.76202
4.00317 4.61209 4.5849
1.59894 -3.54476 -3.6721
-1.36773 -4.25617 -4.50273
-2.46181 2.10235 -2.87605
3.47865 -0.876042 -2.83219
4.62237 -4.48335 4.93756
4.35567 4.67699 -1.37774
-3.64387 3.86275 -4.4389
-2.61549 -3.16999 -4.9031
1.73798 2.51315 3.53887
3.13066 1.74206 1.06787
1.21935 -3.98337 -2.31194
-4.51364 2.94116 0.338207
1.07695 -2.11202 2.00952
-4.65626 -0.653344 4.86134
0.750781 2.55515 -2.37996
0.521992 -2.52552 0.731109
-0.750772 -2.95794 -1.70849
-0.587738 -0.372645 -1.46583
4.3691 -1.70158 -3.39784
2.24023 -0.0529487 2.12554
-4.89867 -0.588542 -4.5237
-0.354685 -0.0660335 1.30448
0.957528 -4.91024 -4.99791
-1.30793 0.389888 -0.0066148
4.79718 -2.5947 1.30377
-4.55797 -2.85826 -4.35287
-4.45588 1.995 -0.905555
4.72959 -4.10307 2.0722
-0.743988 0.842568 2.46873
2.39451 -2.59788 2.49366
-3.70477 0.213494 4.79056
-2.7534 3.86886 2.48531
-4.7921 0.919344 0.096039
1.25597 -1.30398 -4.2594
