-1.69097 -2.41661 0.904957
2.04606 2.03542 2.5058
-4.85383 -4.6999 -4.52829
-4.26283 -4.21812 -1.86488
4.78652 3.30063 1.12357
-3.76021 1.03065 -2.05896
3.20726 4.01472 -0.0663721
-3.41551 -4.85814 3.54132
0.925876 1.86661 -1.52235
2.31834 -2.55543 0.194585
4.38593 1.72164 0.205222
-4.46019 -3.26177 4.85778
3.13398 4.13339 4.58861
3.80217 -2.25194 -2.29792
-0.163563 1.93823 2.53372
-4.81713 1.20105 3.17607
1.21884 -0.269013 2.14667
3.81252 2.70966 -3.06797
4.50285 2.47888 -3.87688
-1.44284 1.0106 -2.29781
-3.84111 -1.73547 4.17401
3.1335 -4.72564 -3.94239
2.27934 -3.58342 2.31185
-1.65775 -3.85703 0.146475
4.73845 -4.82742 0.249974
-1.78763 -1.42145 3.30691
0.380343 2.33541 -2.57371
-3.8759 4.52451 -4.99507
-4.37492 -0.168028 1.6053
-0.974533 -3.74657 -2.4597
-0.0838154 -4.70562 1.46307
-2.74888 1.4917 0.38567
2.36041 -2.22408 4.51447
1.97352 -3.40021 -3.75797
2.15275 3.39937 3.71062
-4.32214 1.67631 3.50987
-3.98504 3.65979 0.968978
-4.92003 0.292994 3.60957
4.20416 3.30102 -2.11964
2.50879 -2.20228 -1.94641
-4.65401 -2.98791 -4.60348
-1.40867 -3.20327 -2.46505
2.7184 -4.7492 -4.88874
-4.66577 1.70198 1.31202
-1.16658 4.29863 -3.30222
-0.747637 1.27858 0.740188
4.17744 -0.480397 3.7024
4.98981 -3.43692 0.369408
-4.19199 0.406062 3.00288
2.3902 -1.51583 -1.02545
2.20527 1.29284 1.44003
-0.73904 0.891105 2.16502
-4.55879 -4.49986 -1.69392
3.01546 3.15763 2.57998
1.19835 -1.26051 -3.74352
-3.56179 -0.761181 4.79298
0.869857 -4.40435 2.74093
-1.0855 -2.25844 0.664206
-3.76594 -2.7018 3.52695
-2.5272 -3.51049 2.58761
-3.88586 -1.26912 -3.48185
-1.4412 3.9848 3.44837
4.7677 -1.56972 -0.324775
-4.88646 4.39092 -4.13293
-0.526235 1.93792 -0.721329
1.71906 -4.7948 -2.65224
-3.39383 -1.25806 0.463281
2.66557 -2.68147 -3.50941
-1.04804 -1.92367 -2.17704
-3.02828 2.08195 3.73896
0.215304 -2.76365 -4.93762
-4.66605 -4.10548 2.37946
3.18642 0.218732 4.62282
0.768404 4.67793 4.68349
4.38783 3.37911 -2.33377
4.88728 -3.7339 0.649301
-2.31599 0.710621 1.92082
0.0922008 -3.55102 -2.39297
2.97758 4.68381 3.13563
-3.68159 3.97555 3.93181
-2.63261 1.30961 -1.58338
-2.74721 1.98925 -1.56187
0.793905 3.85707 -1.64663
4.11219 2.29698 -0.19039
3.42348 3.3579 2.74768
3.19557 1.84826 -2.0002
-1.43141 -3.59229 -0.695328
-2.01592 -1.15872 -0.732988
-1.51997 -0.664952 -4.15552
1.83412 -2.37177 -0.233094
4.97951 1.43041 -0.45725
4.05349 -2.94497 -2.9855
-2.35347 3.41339 -4.34388
-0.233172 -4.77623 2.10298
4.84029 3.67119 -0.27129
-4.9016 -0.862728 4.6722
-3.53719 2.3195 -4.76285
0.99246 -1.31541 -3.16772
-3.27979 -2.73478 4.37886
-0.550325 3.28377 -0.0611022
