-1.892 -2.28927 1.04708
2.20213 2.07388 2.64787
-4.83598 -4.64943 -4.42198
-4.34342 -4.22753 -1.89338
4.87577 3.31173 1.04302
-3.65925 1.09144 -2.05226
3.25642 3.87271 -0.72018
-3.24005 -4.82987 3.63448
0.92612 1.9116 -1.50604
2.38571 -2.62619 0.0819973
4.31567 1.72735 0.285688
-4.49709 -3.25225 -4.77176
3.11966 4.129 4.46131
3.51434 -1.97416 -2.33977
-0.139788 1.83344 2.43888
-4.88161 1.28484 3.17574
1.23221 -0.361279 2.14667
4.20752 2.65531 -3.23878
4.35488 2.22851 -3.74904
-1.44253 1.01243 -2.30145
-3.71672 -1.73167 4.26946
3.20894 -4.87357 -3.79165
2.38338 -3.56746 2.26963
-1.6377 -3.79832 0.136672
4.66054 -4.89568 0.0624428
-1.87165 -1.48458 3.3006
0.226886 2.42211 -3.06358
-3.94213 4.49692 -4.99126
-4.43108 -0.127866 1.81608
-0.945674 -3.95041 -2.68895
-0.0248431 -4.51938 1.27302
-3.01359 1.46122 -0.0919173
2.49456 -2.61655 4.68517
1.94788 -3.3484 -3.87796
2.16462 3.36769 3.56901
-4.24287 1.74637 3.44612
-3.97317 3.70493 0.978444
-4.79907 0.335726 3.59277
4.21536 3.3689 -2.23148
2.46224 -2.2414 -1.81432
-4.71429 -3.06264 -4.48024
-1.34022 -3.31343 -2.35366
2.79857 -4.78831 -4.88546
-4.61028 1.76742 1.24582
-1.02977 4.23524 -3.56942
-0.923243 -3.7558 0.764992
4.11774 -0.511437 3.71231
-4.87099 -3.57662 0.39454
-4.19352 0.369153 3.01896
2.43289 -1.57337 -1.06162
2.07728 1.31453 1.4413
-0.810025 0.902017 2.09201
-4.6761 -4.41498 -1.73986
2.96478 3.20928 2.56934
1.15458 -1.08563 -3.73824
-3.59354 -0.768407 4.75648
0.812422 -4.4822 2.73025
-1.13089 -2.04994 0.612842
-3.678 -2.72243 3.51022
-2.48215 -3.63271 2.60734
-3.9619 -1.31247 -3.53041
-1.48479 4.03519 3.9034
4.95993 -1.50888 -0.417088
-4.89275 4.33429 -4.12404
-0.51263 1.87447 -0.836788
1.65826 -4.84636 -1.84308
-3.43866 -4.38166 0.653355
2.70328 -2.84932 -3.35866
-1.02717 -1.82074 -2.40256
-3.05681 2.0732 3.78502
-0.183792 -2.73809 4.82047
-4.71342 -4.04419 2.34759
3.18793 0.288937 4.56917
0.474949 4.67656 4.6137
4.48487 3.36582 -2.99232
4.88971 -3.73935 0.681642
-2.34647 0.866479 2.02244
0.0674145 -3.55391 -2.41062
3.06216 4.76634 3.20131
-3.71995 4.01296 3.99881
-2.56078 1.32408 -1.61655
-2.71828 1.92224 -1.56159
0.728806 3.86149 -1.59722
4.16512 2.31392 -0.168879
3.41485 3.28784 2.65105
3.21624 1.8955 -1.81636
-1.4142 -3.61437 -0.433636
-2.09657 -1.08945 -0.808758
-1.5551 -0.646221 -4.19112
1.8139 -2.3751 -0.239234
-4.95197 1.43235 -0.461927
4.07683 -2.89502 -2.90115
-2.219 3.43596 -4.40953
0.0632396 -4.794 2.16573
4.74219 3.80527 -0.259674
-4.8794 -0.708162 4.72645
-4.12461 2.22737 -4.33056
1.13423 -1.37697 -3.05033
-3.27078 -2.8747 4.4583
-0.691611 3.18851 -0.221221
