-1.99311 -2.22584 1.11852
2.28041 2.09325 2.71919
-4.82811 -4.62655 -4.3697
-4.384 -4.2325 -1.90802
4.92225 3.31795 1.0029
-3.60962 1.12184 -2.04928
3.28132 3.80247 -1.04711
-3.15268 -4.81784 3.68214
0.926421 1.93431 -1.49804
2.41989 -2.66188 0.0259194
4.28387 1.73014 0.326162
-4.51594 -3.24829 -4.58861
3.11346 4.12881 4.40007
3.37151 -1.83526 -2.36106
-0.127837 1.78132 2.39172
-4.91477 1.32688 3.17583
1.239 -0.407442 2.1468
4.40561 2.62839 -3.3245
4.28262 2.10341 -3.6864
-1.44237 1.01338 -2.30349
-3.65485 -1.72985 4.31795
3.2473 -4.94854 -3.7168
2.43566 -3.55987 2.2487
-1.62808 -3.76968 0.131989
4.62347 -4.93182 -0.0313183
-1.91366 -1.5162 3.29785
0.150222 2.46588 -3.30917
-3.97582 4.48496 -4.99151
-4.45989 -0.107887 1.92149
-0.931321 -4.05367 -2.8043
0.00475121 -4.4275 1.17788
-3.14676 1.44624 -0.330606
2.56232 -2.81312 4.77247
1.9353 -3.32329 -3.93943
2.17071 3.35244 3.49887
-4.20381 1.78178 3.41488
-3.96841 3.7282 0.983256
-4.74058 0.357011 3.58524
4.22238 3.40411 -2.28726
2.43942 -2.26129 -1.74862
-4.7463 -3.10013 -4.41973
-1.30655 -3.36897 -2.29846
2.83904 -4.8091 -4.88518
-4.58541 1.80043 1.21294
-0.961429 4.20479 -3.7038
-1.01103 -1.27291 0.777583
4.08983 -0.527057 3.71766
-4.83208 -3.6465 0.406338
-4.19473 0.350639 3.02719
2.45444 -1.60204 -1.0797
2.01352 1.32543 1.44195
-0.845514 0.90749 2.05562
-4.73812 -4.37479 -1.7626
2.9394 3.23552 2.56413
1.13281 -0.99808 -3.7363
-3.60964 -0.771956 4.7391
0.783848 -4.52183 2.72525
-1.15338 -1.94567 0.587141
-3.6345 -2.73308 3.50244
-2.45986 -3.69455 2.61764
-4.00034 -1.33418 -3.55539
-1.50662 4.06142 4.13177
-4.9429 -1.4785 -0.463276
-4.8972 4.30784 -4.12024
-0.505828 1.84288 -0.894545
1.62802 -4.87311 -1.43865
-3.46171 4.05602 0.748425
2.72305 -2.93367 -3.28441
-1.01681 -1.76929 -2.51565
-3.07122 2.06905 3.80868
-0.383311 -2.72574 4.70097
-4.73871 -4.01462 2.3322
3.18937 0.324089 4.54306
0.328242 4.67666 4.57945
4.53553 3.36052 -3.32239
4.9101 -3.74284 0.69841
-2.36198 0.944544 2.07353
0.0551402 -3.55574 -2.41968
3.10504 4.80902 3.23474
-3.73999 4.03391 4.03523
-2.525 1.33115 -1.63326
-2.7045 1.88976 -1.56166
0.696311 3.86471 -1.57265
4.19324 2.32293 -0.158312
3.41241 3.25371 2.60334
3.22696 1.91923 -1.72461
-1.40564 -3.62568 -0.303093
-2.13716 -1.05483 -0.846746
-1.57269 -0.636834 -4.2099
1.80373 -2.37685 -0.242337
-4.91995 1.43332 -0.464398
4.08979 -2.8704 -2.8594
-2.15197 3.44796 -4.4437
0.211407 -4.80362 2.19734
4.69434 3.8735 -0.253935
-4.86922 -0.630903 4.75434
-4.41977 2.18167 -4.11616
1.20521 -1.40784 -2.99192
-3.26642 -2.94516 4.49975
-0.762323 3.14198 -0.301293
