-2.40064 -1.9745 1.40608
2.5957 2.17122 3.00661
-4.80393 -4.54995 -4.16653
-4.5478 -4.2559 -1.96894
-4.88529 3.34675 0.843394
-3.4167 1.24334 -2.04017
3.38341 3.52595 -2.35528
-2.80521 -4.78328 3.87951
0.928985 2.0267 -1.46721
2.56015 -2.80694 -0.197291
4.17587 1.74075 0.489574
-4.58833 -3.23925 -3.86538
3.09472 4.14015 4.17032
2.8069 -1.27944 -2.44928
-0.0794001 1.57458 2.20482
4.9489 1.49605 3.17802
1.26696 -0.592356 2.14821
-4.79825 2.52275 -3.66943
4.00479 1.60209 -3.44276
-1.44163 1.0173 -2.31326
-3.40924 -1.7235 4.51685
3.40526 4.75465 -3.42045
2.64669 -3.53217 2.16615
-1.59741 -3.66102 0.118298
4.48775 4.91685 -0.406381
-2.08162 -1.64314 3.28945
-0.155772 2.64349 -4.29709
-4.11532 4.44864 4.99441
-4.58005 -0.0289307 2.34302
-0.874636 -4.47634 -3.27121
0.123504 -4.06677 0.79744
-3.68636 1.38741 -1.28447
2.83873 -3.60353 -4.86351
1.88674 -3.22841 -4.19705
2.19608 3.29543 3.22262
-4.05213 1.92555 3.29348
-3.95651 3.8251 1.00327
-4.5185 0.441813 3.56163
4.26255 3.55319 -2.51239
2.35167 -2.34434 -1.48813
-4.89638 -3.24929 -4.18671
-1.17439 -3.59575 -2.08031
3.00376 -4.90227 -4.89302
-4.50442 1.93405 1.08299
-0.688043 4.09104 -4.24927
-1.36198 -1.33946 0.828837
3.98917 -0.590356 3.74177
-4.89223 -3.93171 0.446795
-4.2024 0.276102 3.06125
2.54264 -1.71606 -1.1518
1.75996 1.36937 1.44479
-0.987417 0.929447 1.91093
4.98979 -4.22772 -1.85235
2.83821 3.34477 2.5447
1.04622 -0.647391 -3.73211
-3.67557 -0.785798 4.67512
0.670824 -4.68475 2.70848
-1.24289 -1.53002 0.48408
-3.46332 -2.77806 3.47453
-2.37197 -3.94755 2.66135
-4.15689 -1.42135 -3.66027
-1.59418 4.17322 -4.94364
-4.55942 -1.35752 -0.648269
-4.92754 4.21293 -4.11002
-0.478428 1.71736 -1.12587
1.50818 -4.98675 0.178771
-3.55696 -2.1902 1.12872
2.80862 -3.27631 -2.99381
-0.975597 -1.56404 -2.97062
-3.12994 2.05387 3.90736
-1.18087 -2.67939 4.23115
-4.85039 -3.90377 2.274
3.19968 0.464891 4.44346
-0.258323 4.68202 4.44686
4.76092 3.34766 -4.64994
-4.87355 -3.76086 0.770439
-2.42575 1.25783 2.28014
0.0067669 -3.56571 -2.45744
3.28096 4.98932 3.37278
-3.82645 4.13141 4.20203
-2.3821 1.35799 -1.70135
-2.65401 1.76729 -1.56315
0.566714 3.8841 -1.47532
4.31852 2.36224 -0.117271
3.41494 3.12138 2.41499
3.27282 2.01486 -1.35863
-1.36748 -3.672 0.215073
-2.30091 -0.916795 -0.999543
-1.64324 -0.59921 -4.29181
1.76291 -2.3845 -0.254465
-4.80402 1.43712 -0.475034
4.15122 -2.77427 -2.69481
-1.88559 3.50038 -4.59354
0.803589 -4.84743 2.32387
4.51149 4.15482 -0.231341
-4.83427 -0.32204 4.87095
4.39247 1.99942 -3.26796
1.49038 -1.5321 -2.76103
-3.25045 -3.23085 4.676
-1.04574 2.96261 -0.621465
