-2.60574 -1.85004 1.5508
2.75481 2.21039 3.15194
-4.79643 -4.52007 -4.0693
-4.6512 -4.27073 -2.00054
-4.79485 3.36325 0.764075
-3.32324 1.30394 -2.03782
3.43597 3.38973 -3.00989
-2.63248 -4.77365 3.98197
0.931127 2.07384 -1.45246
2.63245 -2.88105 -0.308346
4.13211 1.74581 0.572119
-4.62495 -3.2372 -3.5058
3.08881 4.15354 4.06436
2.52788 -1.00129 -2.49518
-0.0547655 1.47214 2.11243
4.88778 1.58122 3.18033
1.28142 -0.684985 2.1495
-4.40914 2.47115 -3.84385
3.87095 1.3505 -3.32484
-1.44112 1.0193 -2.31913
-3.28739 -1.721 4.61938
3.48706 4.61174 -3.27389
2.75356 -3.5199 2.12566
-1.59163 -3.60933 0.110597
4.42763 4.84877 -0.594142
-2.1656 -1.70689 3.28679
-0.308261 2.73367 -4.79519
-4.18879 4.43709 4.99308
-4.64397 0.00990112 2.5536
-0.84663 -4.6944 -3.50803
0.183309 -3.89032 0.607614
-3.96195 1.35865 -1.76092
2.98072 -4.00248 -4.68323
1.86348 -3.18399 -4.33087
2.20916 3.26947 3.08713
-3.98174 1.99866 3.23463
-3.9528 3.87594 1.0136
-4.41641 0.48447 3.55422
4.29168 3.63248 -2.62666
2.30977 -2.38861 -1.35933
-4.98274 -3.32602 -4.07882
-1.10957 -3.71244 -1.97269
3.08798 -4.95529 -4.90195
-4.47393 2.00187 1.01889
-0.550914 4.03909 -4.52794
-1.53785 3.628 0.856281
3.94444 -0.62254 3.75554
-4.96864 -4.0817 0.462235
-4.2088 0.238464 3.07884
2.58808 -1.77259 -1.18764
1.63396 1.39159 1.44642
-1.05839 0.940488 1.83908
4.89396 -4.1622 -1.89709
2.78865 3.40262 2.536
1.00323 -0.471863 -3.73175
-3.70968 -0.792556 4.64636
0.614291 -4.76859 2.7031
-1.28689 -1.32319 0.431199
-3.37929 -2.802 3.46239
-2.32864 -4.07774 2.68471
-4.23699 -1.46516 -3.71586
-1.63833 4.23404 -4.47974
-4.37043 -1.29741 -0.74097
-4.95134 4.17126 -4.10939
-0.464548 1.65504 -1.2417
1.44895 4.95431 0.987482
-3.60597 4.68618 1.319
2.85531 -3.45183 -2.85115
-0.955086 -1.46185 -3.19981
-3.16028 2.04712 3.95926
-1.57918 -2.65811 4.00074
-4.91155 -3.85272 2.24687
3.20737 0.535375 4.39662
-0.551384 4.68784 4.38428
4.89145 3.34486 4.67795
-4.74221 -3.77145 0.809813
-2.45883 1.41535 2.38495
-0.0170381 -3.5723 -2.4772
3.37186 -4.91687 3.4449
-3.87399 4.18792 4.29422
-2.3103 1.37047 -1.73621
-2.63161 1.71072 -1.56391
0.502194 3.89715 -1.42717
4.39012 2.38365 -0.0973926
3.42272 3.05733 2.32182
3.29771 2.0631 -1.17612
-1.3426 -3.69621 0.47426
-2.38357 -0.848143 -1.0765
-1.67863 -0.580359 -4.337
1.74256 -2.38881 -0.260137
-4.75233 1.43899 -0.480657
4.18798 -2.72758 -2.61373
-1.75372 3.52884 -4.67678
1.10016 -4.87304 2.38639
4.42581 4.29869 -0.220069
-4.82024 -0.167672 4.93241
3.81646 1.90907 -2.8473
1.63362 -1.59471 -2.64732
-3.24359 -3.3763 4.76999
-1.18787 2.87671 -0.781496
