-2.70867 -1.78811 1.6233
2.83479 2.23006 3.22508
-4.79387 -4.50704 -4.02187
-4.71341 -4.27912 -2.01659
-4.75135 3.37201 0.724475
-3.27701 1.33421 -2.03722
3.46268 3.32204 -3.33754
-2.54634 -4.7707 4.0342
0.932417 2.09764 -1.44523
2.66912 -2.91857 -0.363746
4.11245 1.7483 0.613569
-4.64419 -3.23659 -3.32647
3.08668 4.16323 4.01344
2.38904 -0.862111 -2.51853
-0.0423384 1.42109 2.0665
4.85952 1.62396 3.18177
1.28877 -0.73135 2.15029
-4.21561 2.44555 -3.93179
3.8052 1.22447 -3.26698
-1.4408 1.0203 -2.32231
-3.22667 -1.71992 4.67146
3.52867 4.5416 -3.20101
2.80737 -3.51413 2.10561
-1.58957 -3.58388 0.105899
4.39937 4.81701 -0.688235
-2.20761 -1.73882 3.28581
-0.384353 2.7791 4.95444
-4.2267 4.43296 4.99509
-4.67709 0.029108 2.65877
-0.832662 -4.80558 -3.6273
0.213321 -3.80337 0.512783
-4.10176 1.34442 -1.99931
3.05277 -4.20307 -4.59465
1.85214 -3.16238 -4.39882
2.21574 3.25723 3.02002
-3.94795 2.03552 3.20559
-3.95147 3.90193 1.01883
-4.36744 0.506011 3.5517
4.30865 3.67342 -2.68426
2.2892 -2.41153 -1.29527
4.97199 -3.36517 -4.02671
-1.07745 -3.77177 -1.91919
3.13061 -4.98325 -4.90769
-4.46119 2.03599 0.987036
-0.482104 4.01439 -4.66901
-1.62588 -3.88771 0.870057
3.92331 -0.638769 3.76285
4.99091 -4.15889 0.469409
-4.2126 0.219493 3.08774
2.61118 -1.80072 -1.20553
1.57112 1.40276 1.4473
-1.09389 0.946009 1.80329
4.86976 -4.13131 -1.91951
2.7643 3.43256 2.53187
0.981809 -0.384071 -3.73196
-3.72706 -0.795919 4.63274
0.585775 -4.81132 2.701
-1.30888 -1.21987 0.404782
-3.33766 -2.81435 3.45675
-2.30711 -4.14397 2.69677
-4.27752 -1.48713 -3.74449
-1.6606 4.26601 -4.24927
-4.27655 -1.26746 -0.787366
-4.96498 4.15174 -4.11064
-0.457546 1.62396 -1.29967
1.41951 4.92627 1.39185
-3.63081 3.12502 1.41426
2.87962 -3.54076 -2.78034
-0.944835 -1.41089 -3.31488
-3.17575 2.04394 3.9859
-1.77818 -2.64798 3.88656
-4.94345 -3.82827 2.2338
3.21182 0.570636 4.37392
-0.697863 4.69161 4.35427
4.96055 3.34435 4.34249
-4.6772 -3.77717 0.829895
-2.4757 1.49432 2.43777
-0.0288608 -3.57601 -2.48729
3.41813 -4.87205 3.48184
-3.89912 4.21811 4.342
-2.27423 1.37649 -1.75388
-2.62123 1.68348 -1.56409
0.470009 3.90438 -1.4032
4.42834 2.39475 -0.0875999
3.42801 3.02591 2.27539
3.31066 2.08734 -1.08495
-1.32975 -3.70888 0.604429
-2.4251 -0.813943 -1.11511
-1.69636 -0.570926 -4.36069
1.73242 -2.39114 -0.26284
-4.72789 1.43991 -0.483526
4.20794 -2.70451 -2.57347
-1.68812 3.54356 -4.72002
1.24878 -4.88696 2.4177
4.38436 4.37139 -0.214347
-4.81404 -0.0904925 4.96394
3.52998 1.86437 -2.63743
1.70535 -1.6262 -2.59091
-3.24049 -3.44975 4.8184
-1.25905 2.83458 -0.861547
