-3.12396 -1.54232 1.91426
3.15822 2.30946 3.52125
-4.79799 -4.46703 -3.83913
4.90128 -4.32189 -2.08282
-4.58879 3.41076 0.566089
-3.09637 1.45546 -2.03782
3.57338 3.05386 -4.65215
-2.20353 -4.7719 4.25004
0.938851 2.19455 -1.41737
2.81877 -3.07189 -0.584488
4.04736 1.75818 0.780296
-4.74252 -3.23688 -2.61194
3.08364 4.21938 3.82273
1.83674 -0.304474 -2.61448
0.00799272 1.21784 1.88418
4.76045 1.79575 3.1896
1.31885 -0.917179 2.15442
-3.4454 2.34441 -4.2889
3.54981 0.720061 -3.04124
-1.43914 1.02414 -2.33697
-2.98534 -1.71675 4.8858
3.69948 4.26909 -2.91167
3.02482 -3.49362 2.02655
-1.58365 -3.48467 0.0841545
4.29511 4.70419 -1.06671
-2.37599 -1.86666 3.28415
-0.687907 2.96321 3.97149
-4.38686 4.42694 -4.99711
-4.81941 0.104332 3.07912
-0.776489 4.73923 -4.1122
0.334144 -3.46181 0.1337
-4.67425 1.28823 -2.95742
3.34743 4.95721 -4.24954
1.80846 -3.08049 -4.67801
2.24188 3.21238 2.75548
-3.82059 2.18488 3.09191
-3.95003 4.0106 1.04017
-4.18239 0.594492 3.55046
4.39256 3.84606 -2.91792
2.20827 -2.50804 -1.04094
4.8302 -3.52751 -3.82829
-0.951023 -4.01652 -1.70726
3.30444 4.91734 -4.9399
-4.42805 2.17405 0.860408
-0.205202 3.92357 4.74999
-1.98095 -3.95327 0.92781
3.84633 -0.704696 3.79527
4.87803 -4.48166 0.497317
-4.2311 0.142134 3.12444
2.70615 -1.91246 -1.27728
1.32079 1.44789 1.45118
-1.23609 0.968238 1.66077
-4.92766 -4.01558 -2.00817
2.67062 3.55928 2.51628
0.896524 -0.0328043 -3.7355
-3.7991 -0.809514 4.58396
0.470562 -4.9924 2.69515
-1.39651 -0.80683 0.298582
-3.17458 -2.86652 3.43696
-2.22274 -4.41693 2.74733
-4.44404 -1.57553 -3.86456
-1.75145 4.40439 -3.3348
-3.90522 -1.14839 -0.973333
4.97196 4.08145 -4.1248
-0.429048 1.50018 -1.53199
1.30177 4.87301 3.00856
-3.73318 -3.11871 1.79582
2.98226 -3.90555 -2.5004
-0.903794 -1.20811 -3.77873
-3.23957 2.0325 4.09739
-2.57361 -2.61139 3.43583
4.9254 -3.73695 2.18444
3.23384 0.711718 4.28788
-1.28368 4.71336 4.24267
-4.76263 3.34833 3.01058
-4.44659 -3.80336 0.911182
-2.54499 1.81205 2.65192
-0.0757963 -3.59372 -2.52934
3.60856 -4.70768 3.63609
-4.00798 4.35171 4.55965
-2.12864 1.39968 -1.82627
-2.58561 1.58022 -1.56273
0.341602 3.93799 -1.30803
4.59847 2.44174 -0.049399
3.45777 2.90388 2.0905
3.3659 2.18536 -0.720832
-1.2772 -3.76185 1.12572
-2.59283 -0.678028 -1.27057
-1.7676 -0.533171 -4.46339
1.69187 -2.40147 -0.272631
-4.63888 1.44351 -0.495539
4.29777 -2.61386 -2.41413
-1.42741 3.60726 -4.90997
1.84547 -4.99263 2.54545
4.22556 4.669 -0.190315
-4.79457 0.218214 -4.90928
2.38938 1.68723 -1.80083
1.99315 -1.75392 -2.36838
-3.23175 -3.74918 -4.97833
-1.54466 2.67156 -1.18203
