-3.22865 -1.48128 1.98731
3.24007 2.32954 3.59644
-4.80345 -4.46011 -3.79475
4.78636 -4.33583 -2.09994
-4.55092 3.42141 0.526485
-3.05251 1.48586 -2.03872
3.602 2.98733 -4.98219
-2.11833 -4.77636 4.30613
0.940724 2.21923 -1.41063
2.85695 -3.1111 -0.639462
4.03416 1.76066 0.822212
-4.77178 -3.23763 -2.43387
3.08417 4.23717 3.77834
1.69921 -0.164969 -2.63903
0.0206975 1.16719 1.83894
4.73896 1.83888 3.1922
1.32653 -0.963744 2.15571
-3.25361 2.31942 -4.37951
3.48778 0.59396 -2.98587
-1.43862 1.02503 -2.3411
-2.92536 -1.71626 4.94116
3.74302 4.20272 -2.83975
3.07966 -3.48916 2.00706
-1.58257 -3.46059 0.0783401
4.27116 4.67935 -1.16175
-2.41812 -1.89854 3.28438
-0.763693 3.00991 3.72898
-4.43009 4.42788 4.99447
-4.85779 0.122785 3.18455
-0.762298 4.62733 -4.23637
0.364465 -3.37775 0.0390023
-4.82075 1.27437 -3.19824
3.42274 4.73912 -4.16511
1.79796 -3.06138 -4.74972
2.24829 3.20196 2.69027
-3.79042 2.22269 3.0642
-3.95069 4.03897 1.04567
-4.13825 0.617274 3.55268
4.4172 3.8914 -2.97711
2.1883 -2.53323 -0.977717
4.80265 -3.56978 -3.78072
-0.919887 -4.07994 -1.65473
3.34867 4.89776 -4.95039
-4.42436 2.20898 0.82905
-0.135557 3.9024 4.60611
-2.07026 -1.46984 0.942343
3.8289 -0.721448 3.80434
4.8567 -4.56634 0.504322
-4.23646 0.122358 3.13403
2.73053 -1.94028 -1.29531
1.25845 1.45928 1.45226
-1.27171 0.973837 1.62531
-4.83631 -3.98716 -2.02966
2.64826 3.59288 2.51264
0.875298 0.0550142 -3.73704
-3.81777 -0.813001 4.57353
0.441477 4.95829 2.69415
-1.41844 -0.703711 0.272024
-3.13494 -2.88044 3.43296
-2.20215 -4.48752 2.76068
-4.48682 -1.59781 -3.89582
-1.77464 4.44076 -3.1075
-3.81338 -1.11881 -1.01991
4.95801 4.06559 -4.12984
-0.421785 1.46935 -1.59018
1.27207 4.88139 3.41314
-3.75983 -4.67992 1.89132
3.0093 -3.99954 -2.43115
-0.89348 -1.15773 -3.89565
-3.25604 2.02993 4.12677
-2.77238 -2.60334 3.32468
4.896 -3.71577 2.17291
3.24041 0.746969 4.26772
-1.43014 4.72096 4.21653
-4.69734 3.35089 2.67944
-4.39341 -3.81088 0.931614
-2.56278 1.89198 2.70629
-0.0874668 -3.59897 -2.54028
3.65749 -4.67052 3.67653
-4.03731 4.38826 4.6317
-2.09196 1.40537 -1.84477
-2.57814 1.55544 -1.56169
0.309564 3.94753 -1.2844
4.64558 2.45411 -0.0400652
3.46728 2.87422 2.04453
3.38057 2.21014 -0.629918
-1.26401 -3.7758 1.25633
-2.63517 -0.644285 -1.30968
-1.78552 -0.523736 -4.49107
1.68172 -2.40431 -0.274783
-4.61872 1.44438 -0.498676
4.32318 -2.59157 -2.37467
-1.36262 3.62438 -4.96276
1.99538 4.96283 2.57782
4.18738 4.74566 -0.184062
-4.79098 0.295385 -4.87964
2.1051 1.64324 -1.5922
2.06546 -1.78629 -2.31351
-3.23056 -3.82569 -4.92733
-1.61632 2.63213 -1.26222
