3.78822 1.69311 -1.27635
-2.96664 4.63484 1.74985
-4.67019 -1.54006 0.00889463
4.72945 4.69698 0.0337455
-4.43512 -1.69804 4.77451
2.50033 0.825862 -4.66095
0.450778 4.72755 1.35535
2.42085 -4.65603 2.97239
4.56518 2.82209 -2.60356
3.0396 -4.77342 -1.74722
4.84159 2.03864 2.46358
4.23999 1.44431 4.59568
-0.549911 3.2137 -0.635793
-2.76665 -1.73889 -4.76291
-4.38205 -4.72942 4.71321
0.236536 0.220394 -2.35215
0.0580728 -2.85759 4.74337
4.66693 -0.145463 -1.63114
-4.62122 0.247432 -0.865231
3.77954 3.01771 2.83467
-4.32019 4.94736 1.84302
1.52518 2.66566 1.97033
4.77737 -3.15352 -2.50599
0.313 1.00119 4.14666
4.56848 -2.88395 -1.10882
-0.400874 -2.78327 -4.12204
0.909269 3.99285 4.95578
0.0581191 -4.39673 2.56666
-4.08499 1.22624 3.80713
-3.53509 2.51073 4.09199
-2.43421 4.84492 -1.35187
2.87755 -3.95086 -4.17844
-1.95695 -4.52743 1.42167
2.18806 -1.13346 -1.67335
-4.34685 0.822663 3.75475
-4.85541 0.730876 4.83972
-0.892207 -4.29641 0.406971
-0.296683 -0.492001 -3.76493
-3.88309 -2.39474 1.26734
2.31665 1.02109 3.63673
-0.603359 -1.26274 -4.2504
4.41466 -1.28493 3.74204
-0.891349 -4.63688 4.30082
-4.47251 4.64263 -2.08156
-4.32542 4.8119 -1.13046
-0.56403 3.72135 -4.69156
-3.11782 1.97723 4.92179
-4.57865 -0.522289 -0.0827191
3.95277 3.14655 -0.746202
1.64009 -0.890875 3.49733
2.52666 -4.71962 -4.34003
-2.61208 0.256754 -0.175156
-1.31981 0.890835 -4.74509
3.08902 4.34271 1.86963
2.52296 2.61499 -4.96175
0.539714 -0.488989 4.31264
-0.0506699 1.89479 1.54731
4.77215 4.86824 -4.7265
4.97185 -0.749752 4.82163
-0.701347 -2.3375 -0.15692
-0.637162 -0.669786 3.23619
-3.34998 4.89885 -4.67718
1.45996 4.87175 4.63403
2.72249 -2.23671 -1.04747
2.19595 -3.81608 3.81047
4.05154 4.5685 4.57191
1.6101 -3.57864 -3.71176
-1.39328 -4.2346 -4.48723
-2.48198 2.12219 -2.91122
3.51606 -0.875456 -2.86063
4.68212 -4.61159 4.89725
4.43871 4.60485 -1.38759
-3.68386 3.91323 -4.5018
-2.63636 -3.19682 -4.95051
1.75623 2.55938 3.59797
3.16322 1.75269 1.06684
1.22656 -4.05727 -2.33115
-4.57519 2.96812 0.352513
1.08199 -2.13066 2.02465
-4.75265 -0.672051 -4.96875
0.754909 2.57516 -2.39985
0.529009 -2.56016 0.736122
-0.762022 -2.98661 -1.72031
-0.598505 -0.374102 -1.47374
4.32841 -1.72085 -3.45234
2.26391 -0.0570704 2.13149
-4.88707 -0.592329 -4.57984
-0.359195 -0.0731087 1.30218
0.916003 -4.87975 4.98012
-1.30443 0.395133 -0.00710196
4.80552 -2.61276 1.31202
-4.55179 -2.89014 -4.32987
-4.34097 2.01729 -0.911043
4.71946 -4.15292 2.08901
-0.757863 0.851199 2.483
2.4153 -2.61641 2.50766
-3.62458 0.239479 4.8799
-2.65586 3.9453 2.50877
-4.74724 0.93049 0.107074
1.29747 -1.31101 -4.35492
