-3.54616 -1.2992 2.20726
3.48816 2.39011 3.82497
-4.83267 -4.44693 -3.66541
4.46815 -4.38411 -2.152
-4.44392 3.45589 0.407319
-2.92445 1.57747 -2.04372
3.69031 2.78866 4.02704
-1.86423 -4.81336 4.48013
0.946682 2.29455 -1.39101
2.9734 -3.23121 -0.804058
4.00152 1.7679 0.948343
-4.87061 -3.24116 -1.90063
3.08859 4.29737 3.65185
1.28764 0.253376 -2.71393
0.0589951 1.01526 1.70397
4.68148 1.96862 3.20153
1.34996 -1.10384 2.16019
-2.67956 2.24509 -4.65574
3.30566 0.215591 -2.82189
-1.43681 1.0274 -2.35479
-2.74617 -1.71557 -4.88973
3.87515 4.00703 -2.62489
3.24534 -3.47794 1.9492
-1.58014 -3.39047 0.0605448
4.20394 4.61298 -1.44751
-2.5444 -1.99425 3.2871
-0.991047 3.15164 3.00506
-4.57059 4.43602 4.98109
-4.97993 0.177504 3.50288
-0.719431 4.29724 -4.62088
0.455385 -3.12887 -0.244899
4.73446 1.23324 -3.92547
3.65262 4.09195 -3.91772
1.76744 -3.00795 -4.97007
2.26718 3.17068 2.4962
-3.70364 2.33716 2.98273
-3.95534 4.12766 1.0623
-4.00981 0.686851 3.56457
4.50002 4.03308 -3.15825
2.12922 -2.61119 -0.788742
4.7383 -3.7013 -3.64269
-0.827392 -4.2765 -1.49815
3.48316 4.84338 -4.98823
-4.42576 2.31457 0.735474
0.0741963 3.84145 4.18184
-2.33909 -4.01946 0.986077
3.78079 -0.772474 3.83383
4.80437 -4.83335 0.525616
-4.25468 0.061808 3.1636
2.80518 -2.02375 -1.34968
1.07202 1.4936 1.45576
-1.37868 0.990682 1.51938
-4.62067 -3.90897 -2.09447
2.58375 3.69708 2.5024
0.811832 0.318409 -3.74335
-3.8754 -0.823848 4.54657
0.35404 4.81319 2.69184
-1.48433 -0.394813 0.192325
-3.01915 -2.92633 3.42481
-2.14155 -4.70681 2.80238
-4.618 -1.66521 -3.99253
-1.84524 4.55396 -2.42794
-3.54004 -1.03064 -1.15985
4.92524 4.02143 -4.15211
-0.399621 1.37705 -1.76515
1.18319 4.90927 4.62938
-3.84257 0.635014 2.17851
3.09357 -4.28987 -2.22536
-0.862225 -1.00749 -4.24903
-3.30696 2.0228 4.2191
-3.36923 -2.57945 2.99235
4.81712 -3.65646 2.14004
3.26278 0.852481 4.21035
-1.8694 4.75705 4.14113
-4.5107 3.3623 1.6881
-4.24082 -3.83605 0.992995
-2.61725 2.1329 2.87152
-0.122397 -3.61675 -2.57429
3.80752 -4.56917 3.80241
-4.13073 4.50585 4.8565
-1.98151 1.42248 -1.9012
-2.55874 1.48234 -1.55668
0.213564 3.97882 -1.21389
4.79964 2.49259 -0.0127612
3.50067 2.78667 1.90722
3.42672 2.2851 -0.357615
-1.22455 -3.81983 1.64856
-2.76317 -0.543642 -1.42771
-1.83963 -0.495492 -4.57909
1.65119 -2.41353 -0.280428
-4.56305 1.44688 -0.508512
4.40785 -2.52559 -2.25725
-1.16899 3.67846 4.87696
2.44575 4.83268 2.67565
4.07605 4.98303 -0.165161
-4.78334 0.526816 -4.79624
1.25393 1.51151 -0.967081
2.28344 -1.88433 -2.15095
-3.22948 -4.06011 -4.78279
-1.83196 2.51699 -1.50317
