-3.8683 -1.12087 2.4289
3.73912 2.44963 4.05807
-4.88461 -4.4451 -3.54175
4.16456 -4.4423 -2.20526
-4.34709 3.49459 0.287124
-2.80203 1.67032 -2.05262
3.78294 2.59289 3.04054
-1.6113 -4.90565 4.66392
0.953342 2.37239 -1.37275
3.09277 -3.35495 -0.968449
3.97886 1.77483 1.07487
-4.9854 -3.24665 -1.36774
3.0969 4.36703 3.53296
0.877399 0.671427 -2.79061
0.0973715 0.863125 1.57012
4.63308 2.09889 3.21295
1.3739 -1.24455 2.16559
-2.10699 2.17168 -4.93955
3.1278 -0.162861 -2.66076
-1.43466 1.02917 -2.3705
-2.5681 -1.71616 -4.72613
4.00975 3.8161 -2.41128
3.41277 -3.46986 1.89212
-1.57877 -3.32342 0.0423605
4.14341 4.56159 -1.73384
-2.67078 -2.09058 3.29377
-1.21862 3.29699 2.28401
-4.73011 4.4515 4.99248
4.89896 0.231533 3.82572
-0.675692 3.97619 4.95695
0.545758 -2.88435 -0.528624
4.30757 1.19317 -4.66342
3.88792 3.45256 -3.68116
1.73835 -2.96019 4.80669
2.28581 3.13932 2.30346
-3.62263 2.45344 2.90371
-3.96423 4.22173 1.07929
-3.88947 0.757761 3.58379
4.59698 4.18613 -3.34621
2.07226 -2.69285 -0.600849
4.70495 -3.84005 -3.51176
-0.735931 -4.48431 -1.34308
3.62069 4.79573 4.97002
-4.45046 2.42117 0.642556
0.284839 3.78419 3.76554
-2.6098 3.42981 1.02995
3.73825 -0.82467 3.86667
4.76789 4.88349 0.54758
-4.2806 -0.000314576 3.19496
2.88208 -2.10745 -1.4043
0.886439 1.52827 1.45971
-1.48597 1.00762 1.41408
-4.43751 -3.84219 -2.16149
2.52214 3.8063 2.49337
0.748641 0.581715 -3.75241
-3.93602 -0.835379 4.52691
0.266688 4.67242 2.69067
-1.55065 -0.0868285 0.112803
-2.9054 -2.97729 3.42235
-2.08294 -4.93987 2.84645
-4.75382 -1.73352 -4.09328
-1.91754 4.67425 -1.75111
-3.27003 -0.943621 -1.30002
4.90664 3.98209 -4.1866
-0.376879 1.28507 -1.94083
1.09477 4.94139 -4.15356
-3.92961 -4.0489 2.4658
3.18202 -4.59472 -2.02271
-0.830319 -0.858483 -4.60639
-3.36089 2.0166 4.31854
-3.972 -2.55776 2.66252
4.75112 -3.60357 2.10945
3.28865 0.957571 4.15758
-2.30944 4.82607 4.06883
-4.33763 3.37919 0.699441
-4.09654 -3.86555 1.05455
-2.67364 2.37593 3.04066
-0.157294 -3.63745 -2.61014
3.96262 -4.4823 3.93437
-4.23307 4.63751 -4.91836
-1.87086 1.43987 -1.95886
-2.54362 1.40961 -1.54868
0.117718 4.01447 -1.144
4.97718 2.53317 0.0131984
3.54076 2.70134 1.77062
3.47601 2.3611 -0.0860755
-1.18514 -3.86729 2.04145
-2.89259 -0.443571 -1.54694
-1.89456 -0.467305 -4.67336
1.62027 -2.42347 -0.284715
-4.51461 1.44915 -0.519078
4.50535 -2.46068 -2.14142
-0.976616 3.73691 4.74424
2.8971 4.70818 2.77466
3.96905 -4.7743 -0.14633
-4.78361 0.758047 -4.7209
0.404477 1.37963 -0.342054
2.50285 -1.98347 -1.99205
-3.23224 -4.30302 -4.65016
-2.04888 2.40719 -1.74507
