-3.97716 -1.06206 2.50323
3.82355 2.46957 4.13733
-4.90821 -4.44712 -3.50168
4.06522 -4.46404 -2.22335
-4.31721 3.5085 0.246349
-2.76244 1.70165 -2.05649
3.81462 2.52808 2.71206
-1.52702 -4.94326 4.72716
0.955826 2.39885 -1.36696
3.13325 -3.39695 -1.02326
3.97334 1.77702 1.11712
4.97323 -3.24908 -1.19007
3.10051 4.39215 3.49465
0.740939 0.810744 -2.81655
0.110149 0.812299 1.52576
4.61861 2.14242 3.21727
1.38198 -1.29159 2.16759
-1.91635 2.1474 4.96416
3.06931 -0.289011 -2.60764
-1.43386 1.02958 -2.37621
-2.50901 -1.71665 -4.67292
4.05529 3.75346 -2.34039
3.46902 -3.46786 1.87324
-1.57855 -3.3018 0.0362649
4.12473 4.54871 -1.82938
-2.71305 -2.12286 3.29684
-1.29455 3.34649 2.04412
-4.78796 4.45825 -4.98876
4.86324 0.249426 3.93463
-0.660372 3.87164 4.81025
0.575643 -2.80371 -0.623238
4.1709 1.18005 -4.91324
3.96755 3.24051 -3.60466
1.72896 -2.94544 4.73396
2.29204 3.12895 2.23939
-3.597 2.4926 2.87787
-3.96826 4.25427 1.0851
-3.85188 0.781586 3.59167
4.63282 4.24043 -3.41057
2.05402 -2.72102 -0.538473
4.70237 -3.88798 -3.46972
-0.705594 -4.55669 -1.29172
3.66731 4.78138 4.95785
-4.46584 2.45673 0.611896
0.355231 3.76592 3.62811
-2.70051 -4.08669 1.04465
3.725 -0.842324 3.87833
4.75943 4.7925 0.555027
-4.29212 -0.0212594 3.20586
2.90824 -2.13544 -1.4225
0.824767 1.53995 1.46116
-1.52182 1.01329 1.37915
-4.38098 -3.8221 -2.18443
2.502 3.84374 2.49066
0.727653 0.669459 -3.7561
-3.95709 -0.839386 4.52186
0.237619 4.62649 2.69051
-1.5729 0.0155954 0.0863402
-2.86791 -2.99517 3.42251
-2.06383 4.97867 2.86168
-4.80017 -1.75651 -4.12781
-1.94206 4.71616 -1.52591
-3.18077 -0.915013 -1.34675
4.90386 3.97 -4.2009
-0.369151 1.25448 -1.99958
1.06539 4.95308 -3.74917
-3.95991 4.38921 2.56159
3.21228 -4.70029 -1.95585
-0.819509 -0.809058 -4.72651
-3.37967 2.01474 4.35329
-4.17451 -2.55138 2.55367
4.73245 -3.58748 2.09969
3.29786 0.992508 4.14116
-2.45649 4.85326 4.04556
-4.2834 3.38578 0.370961
-4.05 -3.87658 1.07506
-2.69301 2.45754 3.09819
-0.168939 -3.64502 -2.62252
4.01558 -4.45649 3.97937
-4.26991 4.68514 -4.86352
-1.83399 1.44577 -1.97831
-2.53952 1.38515 -1.54538
0.0858109 4.02742 -1.12085
-4.95653 2.5471 0.0214716
3.55544 2.67341 1.72523
3.49317 2.38669 0.00425849
-1.17201 -3.88394 2.17256
-2.93604 -0.410184 -1.58705
-1.91311 -0.45792 -4.70614
1.60981 -2.42686 -0.285829
-4.50007 1.44984 -0.522765
4.54045 -2.43926 -2.10319
-0.913188 3.75728 4.70644
3.04787 4.66804 2.80786
3.93434 -4.69616 -0.140076
-4.78616 0.835081 -4.69751
0.121512 1.33573 -0.133682
2.57626 -2.01671 -1.94009
-3.23404 -4.38623 -4.60831
-2.12155 2.37194 -1.82603
