-4.19786 -0.945202 2.65259
3.99399 2.50996 4.29829
-4.96811 -4.4555 -3.42283
3.86837 -4.5113 -2.26004
-4.26124 3.5424 0.162145
-2.68494 1.76487 -2.06561
3.87934 2.39871 2.05572
-1.35862 4.97527 4.85591
0.961222 2.45243 -1.35578
3.21492 -3.48215 -1.13292
3.96598 1.78103 1.20168
4.89329 -3.25492 -0.834688
3.10896 4.4449 3.42034
0.468459 1.0894 -2.86913
0.135701 0.71036 1.43741
4.5922 2.22961 3.22677
1.39828 -1.38589 2.17186
-1.53525 2.09902 4.77299
2.9534 -0.541285 -2.50226
-1.43215 1.03007 -2.38846
-2.39119 -1.71812 -4.56819
4.14757 3.62952 -2.19904
3.58218 -3.46494 1.8357
-1.57845 -3.25978 0.0240003
4.08962 4.53055 -2.02062
-2.79798 -2.1878 3.30413
-1.44655 3.44672 1.5646
-4.91158 4.47416 -4.9555
4.79747 0.284978 4.15467
-0.62323 3.66621 4.52041
0.634919 -2.64364 -0.812694
3.90395 1.15393 4.58312
4.12898 2.81742 -3.4542
1.71058 -2.91755 4.59071
2.30468 3.10843 2.11145
-3.54743 2.57123 2.8269
-3.97795 4.32096 1.09697
-3.77978 0.829324 3.60933
4.71071 4.35481 -3.54136
2.01884 -2.77912 -0.413978
4.71426 -3.98661 -3.38764
-0.645077 -4.70715 -1.18953
3.76196 4.75502 4.9366
-4.50071 2.52777 0.551497
0.496291 3.7304 3.35431
-2.88275 0.878306 1.07411
3.69988 -0.878044 3.90272
4.74857 4.61621 0.570074
-4.31841 -0.0634419 3.22834
2.96133 -2.19165 -1.45868
0.70172 1.56352 1.46425
-1.59371 1.02462 1.30952
-4.27559 -3.78493 -2.23108
2.46215 3.92002 2.48574
0.685853 0.844888 -3.76459
-4.00056 -0.847693 4.51378
0.179564 4.53599 2.69041
-1.61766 0.220053 0.0334799
-2.79363 -3.03264 3.42416
-2.02613 4.81989 2.89291
-4.89458 -1.80284 -4.19833
-1.99178 4.80302 -1.07599
-3.00327 -0.858709 -1.44014
4.904 3.94717 -4.23162
-0.353439 1.1934 -2.11742
1.00673 4.97803 -2.94167
-4.02255 1.26686 2.75378
3.2735 -4.91936 -1.82286
-0.797612 -0.710563 -4.96851
-3.41845 2.01129 4.42453
-4.58299 -2.53994 2.33683
4.69983 -3.55791 2.08088
3.3171 1.06223 4.11029
-2.75115 4.91025 4.00042
-4.17576 3.393 -0.282388
-3.95914 -3.9007 1.11615
-2.7325 2.62151 3.21474
-0.19228 -3.66124 -2.64798
4.12358 -4.4097 4.07141
-4.34905 4.78657 -4.75874
-1.76025 1.45775 -2.01753
-2.53263 1.33566 -1.53802
0.0220749 4.05512 -1.07478
-4.82852 2.57535 0.0373009
3.58691 2.6183 1.63447
3.52929 2.43823 0.18463
-1.14572 -3.91916 2.43505
-3.02356 -0.343004 -1.66807
-1.95059 -0.439207 -4.77396
1.58856 -2.43363 -0.28762
-4.47238 1.45107 -0.530388
4.61284 -2.39682 -2.02726
-0.792009 3.7993 4.63191
3.3502 4.58975 2.87446
3.8662 -4.54342 -0.127541
-4.79441 0.989127 -4.65356
-0.444223 1.24806 0.282959
2.72316 -2.08336 -1.83803
-3.23898 -4.55675 -4.52769
-2.26745 2.30373 -1.98879
