3.7145 1.68227 -1.30205
-2.9786 4.6399 1.75653
-4.67063 -1.54908 0.0102464
4.71883 4.6865 0.0336631
-4.4044 -1.71365 4.79667
2.51773 0.828219 -4.63926
0.452613 4.70601 1.35681
2.43121 -4.62516 2.99172
4.5631 2.84142 -2.62638
3.05059 -4.78159 -1.75293
4.84919 2.03955 2.47008
4.22108 1.45267 4.63208
-0.551294 3.23534 -0.641012
-2.787 -1.74637 -4.80679
-4.33858 -4.70263 4.73398
0.238731 0.225301 -2.36153
0.0579612 -2.86934 4.72926
4.64514 -0.147094 -1.63991
-4.64489 0.248855 -0.87263
3.75622 3.03341 2.84637
-4.3479 4.9523 1.84953
1.52874 2.67876 1.97027
4.80341 -3.16654 -2.51635
0.314178 1.00849 4.17812
4.60403 -2.9006 -1.10986
-0.406574 -2.79933 -4.14911
0.911717 4.04319 4.94458
0.0564303 -4.38261 2.57909
-4.05003 1.23453 3.82789
-3.56501 2.53256 4.04922
-2.44627 4.84884 -1.3605
2.90307 -3.92364 -4.22882
-1.96537 -4.49781 1.42695
2.19785 -1.13053 -1.6833
-4.38082 0.820226 3.7737
-4.87393 0.73977 4.782
-0.895285 -4.31724 0.406736
-0.303915 -0.48794 -3.7588
-3.9231 -2.41256 1.2751
2.33929 1.02152 3.66749
-0.616943 -1.26722 -4.28835
4.40653 -1.30015 3.71669
-0.895191 -4.66331 4.32878
-4.5234 4.64826 -2.10093
-4.36394 4.86703 -1.14
-0.570757 3.75091 -4.66314
-3.12949 1.98451 4.96085
-4.52312 -0.526388 -0.0795502
3.97671 3.16766 -0.750092
1.64653 -0.895701 3.51323
2.5391 -4.72736 -4.31907
-2.62958 0.256633 -0.177198
-1.3357 0.898807 -4.69807
3.10972 4.37308 1.87039
2.53425 2.62704 -4.95781
0.544073 -0.489724 4.31091
-0.0523048 1.90508 1.547
4.74933 4.9425 -4.71734
4.93335 -0.756818 4.84729
-0.709914 -2.34978 -0.158662
-0.641919 -0.676079 3.24978
-3.37173 4.89774 -4.7148
1.47625 4.85766 4.60724
2.73313 -2.24625 -1.04736
2.20476 -3.84036 3.83545
4.07646 4.54872 4.56733
1.61576 -3.59599 -3.73237
-1.40642 -4.22547 -4.48194
-2.49237 2.13235 -2.92941
3.53531 -0.875176 -2.87525
4.71591 -4.68531 4.88599
4.48278 4.57035 -1.39278
-3.70472 3.93923 -4.53456
-2.64707 -3.21066 -4.97502
1.76555 2.58311 3.62866
3.17998 1.75811 1.06633
1.23024 -4.09534 -2.34125
-4.60706 2.98187 0.359716
1.08458 -2.14019 2.0324
-4.83574 -0.681197 -4.91684
0.757012 2.58543 -2.41003
0.532586 -2.57796 0.73862
-0.767753 -3.00134 -1.72641
-0.603975 -0.374867 -1.47781
4.30998 -1.73082 -3.48073
2.27605 -0.0591413 2.13457
-4.88581 -0.594096 -4.61619
-0.361468 -0.0766953 1.30109
0.894968 -4.87187 4.97108
-1.30274 0.397806 -0.00736884
4.8109 -2.62214 1.31625
-4.55019 -2.9067 -4.31984
-4.28501 2.02869 -0.914018
4.71551 -4.17903 2.09763
-0.764912 0.855611 2.49039
2.42594 -2.62591 2.51483
-3.58534 0.252475 4.92707
-2.60759 3.98455 2.52112
-4.72603 0.936168 0.112725
1.31859 -1.3147 -4.40487
