-4.89342 -0.605571 3.10453
4.52042 2.63587 4.80102
4.81942 -4.52725 -3.19645
3.2861 -4.69764 -2.37534
-4.11489 3.65856 -0.085335
-2.46554 1.9533 -2.09968
4.09121 2.01112 0.0897508
-0.855274 4.74025 -4.75396
0.980445 2.6186 -1.32531
3.4651 -3.75042 -1.46315
3.97076 1.78391 1.45596
4.67021 -3.28091 0.2315
3.13933 4.62329 3.21427
-0.345481 1.92781 -3.03655
0.213294 0.401646 1.17447
4.53068 2.49344 3.26098
1.44828 -1.67079 2.18663
-0.392767 1.95451 4.209
2.61219 -1.29758 -2.19365
-1.42624 1.02791 -2.4323
-2.04072 -1.72664 -4.26663
4.43585 3.26564 -1.77827
3.92745 -3.4648 1.72463
-1.58129 -3.14463 -0.0130823
4.00023 4.53294 -2.59934
-3.05812 -2.38603 3.33393
-1.90485 3.759 0.127288
4.69779 4.54758 -4.90161
4.63915 0.389666 4.83297
-0.487806 3.0438 3.65366
0.808679 -2.17143 -1.38498
3.14635 1.07369 3.09641
4.63403 1.55261 -3.02096
1.65815 -2.84611 4.17553
2.3445 3.05001 1.729
-3.41271 2.81073 2.67812
-4.02245 4.53417 1.13453
-3.58354 0.972566 3.67641
4.99734 4.76329 -3.95424
1.92341 -2.97051 -0.0393361
4.83394 -4.30411 -3.15499
-0.465964 4.79648 -0.886965
4.05621 4.69573 4.90535
-4.64631 2.74421 0.386507
0.921756 3.63013 2.53978
-3.43795 -4.23064 1.16365
3.6358 -0.988437 3.98337
4.76498 4.12023 0.616198
-4.41884 -0.190062 3.30277
3.13243 -2.37301 -1.55285
0.334507 1.63597 1.475
-1.8157 1.05778 1.10327
-4.01343 -3.69692 -2.37704
2.34513 4.15994 2.47463
0.56248 1.37068 -3.79993
-4.14251 -0.875163 4.50399
0.00533374 4.27482 2.69172
-1.75462 0.82961 -0.125902
-2.57593 -3.15867 3.4384
-1.91828 4.37013 2.99339
4.81475 -1.94519 -4.42298
-2.14677 -4.91456 0.271538
-2.47534 -0.697337 -1.72053
4.94239 3.88879 -4.34284
-0.304398 1.00988 -2.47332
0.831554 -4.94704 -0.524639
-4.22535 1.89704 3.33334
3.46304 4.45228 -1.42593
-0.730085 -0.41767 4.31564
-3.54525 2.00318 4.65282
4.16539 -2.51329 1.69102
4.64364 -3.49008 2.03009
3.37403 1.27139 4.02909
-3.6422 -4.91293 3.87746
-3.87568 3.42161 -2.25898
-3.70316 -3.98935 1.24019
-2.86031 3.12262 3.57936
-0.263068 -3.719 -2.72985
4.46419 -4.30861 4.36728
-4.68542 -4.87749 -4.48586
-1.53943 1.49664 -2.13707
-2.52299 1.18248 -1.51273
-0.168616 4.1579 -0.938323
-4.4806 2.66268 0.0739114
3.69188 2.46478 1.3642
3.6504 2.59656 0.722028
-1.06707 -4.04099 3.22538
-3.29678 -0.139022 -1.91786
-2.06646 -0.383972 4.99599
1.52184 -2.4537 -0.291206
-4.40144 1.45323 -0.555262
4.84651 -2.27306 -1.80331
-0.449309 3.94921 4.4388
4.26725 4.36953 3.07679
3.67048 -4.1076 -0.0892509
-4.84136 1.45149 -4.54708
-2.13181 0.987702 1.53221
3.15147 -2.26393 -1.57373
-3.26841 4.89644 -4.30894
-2.71145 2.1249 -2.49204
