4.9838 -0.550632 3.18043
4.61093 2.6576 4.88859
4.78766 -4.54878 -3.16048
3.18953 -4.7349 -2.39532
-4.09354 3.6796 -0.126839
-2.43009 1.98431 -2.10521
4.12951 1.94648 -0.238282
-0.771673 4.70344 -4.69279
0.984032 2.64715 -1.32067
3.50752 -3.7972 -1.51848
3.97515 1.78302 1.49904
4.63514 -3.28642 0.409145
3.14508 4.65621 3.18184
-0.480788 2.06835 -3.06625
0.226369 0.34982 1.1308
4.52292 2.53784 3.26752
1.45671 -1.71857 2.18936
-0.202392 1.93045 4.11624
2.55589 -1.42349 -2.14331
-1.42524 1.02688 -2.44065
-1.98276 -1.72861 -4.21817
4.48588 3.20595 -1.70859
3.98563 -3.46609 1.70632
-1.58226 -3.12694 -0.0193261
3.98724 4.54078 -2.69691
-3.10268 -2.41952 3.33993
-1.98181 3.81384 -0.112197
4.63907 4.5665 -4.90374
4.61751 0.406876 4.9491
-0.465168 2.9406 3.5108
0.837146 -2.09362 -1.48111
3.02384 1.05973 2.84886
4.72196 1.34215 -2.95107
1.64965 -2.83586 4.10826
2.35147 3.0409 1.66546
-3.39223 2.85137 2.65383
-4.03235 4.57217 1.14103
-3.55336 0.996363 3.68943
-4.94283 4.84936 -4.02686
1.90852 -3.00488 0.0236262
4.8578 -4.35779 -3.11726
-0.436842 4.71633 -0.837069
4.10624 4.68928 4.90811
-4.67953 2.78168 0.362824
0.992952 3.61443 2.40482
-3.53172 -1.75064 1.17863
3.62666 -1.00726 3.99794
4.77536 4.04146 0.623992
-4.43804 -0.21101 3.3161
3.16222 -2.4136 -1.56334
0.273468 1.64828 1.47698
-1.85388 1.06323 1.06817
-3.9773 -3.68549 -2.40229
2.32596 4.20161 2.47335
0.542232 1.45829 -3.80726
-4.16811 -0.880097 4.50425
-0.0237936 4.23281 2.6923
-1.77785 0.9308 -0.152652
-2.54041 -3.18134 3.44203
-1.90116 4.29912 3.01138
4.76754 -1.9694 -4.46246
-2.17346 -4.8686 0.495959
-2.38785 -0.67121 -1.7675
4.95239 3.88113 -4.36457
-0.29587 0.979059 -2.53305
0.802504 -4.93779 -0.122098
-4.26212 0.334892 3.43088
3.49595 4.35777 -1.35995
-0.718677 -0.369174 4.19909
-3.56807 2.00221 4.69322
3.95823 -2.50943 1.58389
4.63897 -3.48172 2.02263
3.38393 1.30644 4.01776
-3.79231 -4.88584 3.85888
-3.82992 3.42841 -2.58948
-3.66333 -4.00613 1.26114
-2.88356 3.20819 3.64285
-0.274994 -3.72987 -2.74424
4.52338 -4.2975 4.42031
-4.76733 -4.8371 -4.4474
-1.50273 1.50377 -2.15715
-2.52304 1.15643 -1.50835
-0.200306 4.1777 -0.915866
-4.42716 2.67738 0.0774291
3.7114 2.44059 1.32029
3.67219 2.62379 0.810954
-1.05403 -4.06353 3.35776
-3.3443 -0.10517 -1.96035
-2.08636 -0.374937 4.95541
1.51036 -2.45708 -0.291784
-4.39165 1.45338 -0.55967
4.88762 -2.25294 -1.76648
-0.392257 3.9762 4.41131
4.42185 4.33491 3.11135
3.63889 -4.03762 -0.0827814
-4.8528 1.52864 -4.5331
-2.41174 0.944444 1.74291
3.2219 -2.27276 -1.5424
-3.27609 4.80529 -4.27554
-2.78795 2.09876 -2.57988
