4.86968 -0.496158 3.25657
4.7025 2.67955 4.97756
4.7568 -4.57388 -3.12523
3.09307 -4.77344 -2.41551
-4.07305 3.70113 -0.168435
-2.39483 2.01553 -2.11079
4.16858 1.88184 -0.566422
-0.688127 4.66721 -4.63288
0.987724 2.67593 -1.31617
3.5502 -3.84456 -1.5739
3.9805 1.78188 1.5423
4.60067 -3.29228 0.586749
3.15113 4.69004 3.14989
-0.616043 2.20915 -3.09648
0.239473 0.297907 1.08715
4.51575 2.58237 3.27433
1.46517 -1.76643 2.19217
-0.0119996 1.90638 4.02379
2.49969 -1.54936 -2.09329
-1.42425 1.02563 -2.44929
-1.92491 -1.73073 -4.17029
4.53657 3.14652 -1.63906
4.04396 -3.46779 1.68806
-1.58338 -3.10962 -0.0256023
3.97494 4.55082 -2.79483
-3.14767 -2.45319 3.3462
-2.05903 3.86965 -0.351725
4.58311 4.58753 -4.91233
4.59705 0.424025 -4.93381
-0.442574 2.83765 3.36834
0.865512 -2.01601 -1.57748
2.90174 1.04567 2.60159
4.81118 1.13171 -2.88181
1.64122 -2.82606 4.04151
2.35854 3.03199 1.60197
-3.37229 2.89223 2.62967
-4.04296 4.61089 1.1476
-3.52387 1.02024 3.70294
-4.89026 4.9479 -4.10071
1.89379 -3.03989 0.0867473
4.8849 -4.41076 -3.07937
-0.408016 4.63828 -0.787282
4.15677 4.68396 4.91557
-4.71621 2.81971 0.339939
1.06419 3.5991 2.27002
-3.62609 0.729197 1.19362
3.61787 -1.02619 4.01286
4.78807 3.96362 0.631829
-4.46069 -0.232178 3.32958
3.19102 -2.45694 -1.5743
0.21245 1.66065 1.47901
-1.8921 1.06869 1.03307
-3.94303 -3.67496 -2.42783
2.30689 4.24379 2.47223
0.522072 1.54592 -3.815
-4.19444 -0.88515 4.50499
-0.0529433 4.19122 2.69302
-1.80119 1.03195 -0.179427
-2.5051 -3.20446 3.44598
-1.88428 4.22905 3.02972
4.72082 -1.99377 -4.50257
-2.20039 -4.82399 0.720394
-2.30049 -0.645251 -1.81459
4.96412 3.87414 -4.38737
-0.287213 0.94817 -2.59296
0.773488 -4.92951 0.28045
-4.29991 -1.22708 3.52866
3.52942 4.26517 -1.29406
-0.707248 -0.320763 4.08294
-3.5914 2.00135 4.73434
3.75158 -2.50568 1.47688
4.63547 -3.47413 2.01553
3.39416 1.34151 4.00686
-3.94304 -4.85965 3.84081
-3.78536 3.43583 -2.9204
-3.62413 -4.02363 1.28213
-2.90752 3.29444 3.7072
-0.28695 -3.7411 -2.75885
4.58354 -4.2881 4.47471
-4.85457 -4.80998 -4.41148
-1.46606 1.51112 -2.17726
-2.52358 1.13027 -1.50399
-0.231909 4.1979 -0.893538
-4.37464 2.69206 0.0804295
3.73161 2.41662 1.27679
3.69446 2.65131 0.899604
-1.04102 -4.08669 3.49038
-3.39243 -0.0714362 -2.00309
-2.10645 -0.365965 4.91564
1.4988 -2.46051 -0.292398
-4.38254 1.45349 -0.564146
4.92938 -2.23295 -1.72978
-0.33518 4.00366 4.38511
4.57702 4.30088 3.14622
3.60755 -3.96825 -0.0763072
-4.86542 1.60581 -4.52035
-2.69209 0.901134 1.95385
3.29511 -2.27604 -1.51038
-3.28445 4.71527 -4.24296
-2.86539 2.07301 -2.66871
