4.76334 -0.441883 3.33325
4.79531 2.70174 -4.93176
4.7263 -4.60218 -3.09067
2.99671 -4.81313 -2.43589
-4.05343 3.72315 -0.210124
-2.35979 2.047 -2.11647
4.20838 1.8172 -0.894652
-0.604626 4.63157 -4.57416
0.991521 2.70494 -1.31179
3.59315 -3.89252 -1.62942
3.98681 1.78048 1.58579
4.56678 -3.29847 0.764301
3.15751 4.7248 3.11844
-0.751258 2.35023 -3.12724
0.252603 0.245912 1.04353
4.50916 2.62703 3.28143
1.47364 -1.81438 2.19505
0.17842 1.88232 3.93164
2.44356 -1.67521 -2.04358
-1.4233 1.02415 -2.45822
-1.86717 -1.733 -4.12295
4.58793 3.08733 -1.56967
4.10247 -3.46987 1.66986
-1.58465 -3.09266 -0.0319066
3.96331 4.56311 -2.89313
-3.19307 -2.48706 3.35274
-2.13654 3.92631 -0.591317
4.52994 4.61068 -4.93167
4.57768 0.441122 -4.81797
-0.420036 2.73492 3.22628
0.893785 -1.9386 -1.67408
2.78002 1.03152 2.35464
4.90168 0.921266 -2.81304
1.63285 -2.81672 3.97528
2.36572 3.0233 1.53854
-3.3529 2.93333 2.60569
-4.0543 4.65034 1.15423
-3.49512 1.04413 3.71703
-4.84434 -4.92506 -4.17557
1.8792 -3.07552 0.150017
4.91603 -4.46369 -3.04129
-0.379536 4.56235 -0.737484
4.20778 4.67986 4.93089
-4.75648 2.85828 0.317555
1.13545 3.58415 2.13538
-3.7211 3.20895 1.20864
3.60944 -1.04524 4.02823
4.80324 3.88668 0.639723
-4.48629 -0.253277 3.34335
3.21927 -2.50159 -1.58577
0.151448 1.67308 1.48108
-1.93038 1.07415 0.998013
-3.91054 -3.66532 -2.45367
2.28793 4.28651 2.4713
0.501996 1.63358 -3.82314
-4.22148 -0.890284 4.50637
-0.0821104 4.15004 2.69386
-1.82463 1.13307 -0.206217
-2.46998 -3.228 3.45024
-1.86766 4.15988 3.04843
4.67463 -2.0183 -4.54333
-2.22756 -4.78061 0.944854
-2.21328 -0.619456 -1.8618
4.97746 3.86782 -4.41134
-0.27843 0.91721 -2.65306
0.744486 -4.92211 0.683014
-4.33874 -2.78927 3.62669
3.56347 4.17426 -1.22828
-0.695802 -0.272434 3.96715
-3.61527 2.00058 4.77627
3.54532 -2.50207 1.36998
4.63317 -3.46729 2.00883
3.4047 1.3766 3.9965
-4.09451 -4.8344 3.82327
-3.74199 3.44388 -3.25182
-3.58554 -4.04183 1.30317
-2.93223 3.38138 3.77251
-0.298934 -3.75271 -2.77365
4.64486 -4.28048 4.53065
-4.94756 -4.81175 -4.3787
-1.42939 1.51868 -2.19739
-2.52459 1.10401 -1.49966
-0.263379 4.2183 -0.871384
-4.32304 2.70676 0.0831149
3.75258 2.39265 1.23383
3.71724 2.67923 0.987889
-1.02804 -4.11046 3.62326
-3.44119 -0.0378378 -2.04607
-2.12672 -0.357059 4.87669
1.48717 -2.46401 -0.293052
-4.37417 1.45354 -0.568686
4.97176 -2.2131 -1.6932
-0.278076 4.03162 4.36015
4.73285 4.26747 3.18145
3.57645 -3.89945 -0.0698352
-4.87927 1.68302 -4.5086
-2.9728 0.857783 2.16504
3.37016 -2.27691 -1.47757
-3.29349 4.62629 -4.21119
-2.94374 2.04753 -2.75842
