4.66263 -0.387792 3.41058
4.88958 2.72421 -4.84231
4.69606 -4.63262 -3.05669
2.90044 -4.85383 -2.45645
-4.03466 3.74568 -0.251931
-2.32502 2.07873 -2.12228
4.24886 1.75257 -1.22296
-0.521158 4.5965 -4.51658
0.995421 2.73418 -1.30754
3.63638 -3.94104 -1.68504
3.99407 1.77884 1.62957
4.53348 -3.305 0.941776
3.16426 4.76056 3.08752
-0.886452 2.4916 -3.15851
0.265749 0.193838 0.999922
4.50315 2.67184 3.28895
1.48212 -1.86241 2.19801
0.368871 1.85826 3.83979
2.38749 -1.80105 -1.99415
-1.42239 1.02245 -2.46742
-1.80952 -1.7354 -4.0761
4.64001 3.02842 -1.50041
4.16117 -3.47234 1.65172
-1.58606 -3.07605 -0.0382394
3.95235 4.57791 -2.99179
-3.23886 -2.52108 3.35954
-2.21436 3.98375 -0.830998
4.47979 4.63673 -4.97349
4.5593 0.458169 -4.70317
-0.397561 2.6324 3.08459
0.921966 -1.86136 -1.77091
2.6586 1.01726 2.108
4.99349 0.7108 -2.74467
1.62455 -2.80782 3.90959
2.37302 3.01485 1.47518
-3.33404 2.97467 2.58194
-4.06636 4.69062 1.16093
-3.46708 1.06801 3.73176
-4.80336 -4.80342 -4.25041
1.86471 -3.11175 0.21342
4.9513 -4.51686 -3.00313
-0.351468 4.48874 -0.68739
4.25922 4.67739 4.96272
-4.80053 2.89731 0.295424
1.20672 3.56967 2.00089
-3.81695 -4.3109 1.22382
3.60134 -1.06438 4.04406
4.82129 3.81063 0.64768
-4.51438 -0.274395 3.35739
3.24725 -2.54697 -1.59761
0.0904556 1.68555 1.48319
-1.96875 1.0796 0.963026
-3.87979 -3.65644 -2.4798
2.26908 4.3298 2.47059
0.482001 1.72127 -3.83164
-4.24922 -0.895497 4.50833
-0.111288 4.1093 2.69484
-1.84821 1.23417 -0.232995
-2.43504 -3.25196 3.45481
-1.85126 4.0916 3.06753
4.62897 -2.04296 -4.58474
-2.25494 -4.73841 1.16935
-2.12621 -0.593816 -1.90911
4.99236 3.86261 -4.43623
-0.269525 0.886187 -2.71335
0.715486 -4.91554 1.0856
-4.37835 -4.35171 3.72509
3.59817 4.08491 -1.16261
-0.68435 -0.224182 3.85173
-3.63971 1.99992 4.8192
3.33938 -2.49862 1.26319
4.6322 -3.46117 2.00257
3.41555 1.41171 3.98674
-4.24684 -4.81012 3.80629
-3.69985 3.45269 -3.58377
-3.54755 -4.06079 1.32426
-2.95775 3.46911 3.83895
-0.310946 -3.76469 -2.78864
4.70765 -4.2745 4.5884
4.95215 -4.81709 -4.3504
-1.39272 1.52647 -2.21754
-2.52609 1.07766 -1.49535
-0.294661 4.23863 -0.84953
-4.27241 2.72149 0.0855915
3.77438 2.36831 1.19143
3.74052 2.70778 1.0758
-1.01508 -4.13483 3.75643
-3.49062 -0.00437685 -2.08927
-2.14717 -0.348213 4.83853
1.47549 -2.46759 -0.293746
-4.36653 1.45354 -0.573266
-4.98522 -2.19337 -1.65673
-0.22094 4.0601 4.33641
4.88948 4.23477 3.21709
3.54559 -3.83118 -0.0633722
-4.89444 1.76027 -4.49753
-3.254 0.81436 2.37642
3.4465 -2.2766 -1.44424
-3.30325 4.53854 -4.1802
-3.023 2.02231 -2.84889
