4.30187 -0.172594 3.72739
-4.7205 2.81748 -4.4974
4.61381 -4.77183 -2.92471
2.51637 4.97493 -2.5404
-3.96761 3.84091 -0.420052
-2.18843 2.20821 -2.14702
4.4173 1.49427 -2.53723
-0.187272 4.46213 -4.29641
1.01221 2.85342 -1.2917
3.81354 -4.1409 -1.90846
4.0329 1.77045 1.80766
4.40827 -3.33266 1.64838
3.19672 4.91437 2.96907
-1.42712 3.06028 -3.28875
0.318536 -0.0151527 0.82569
4.48735 2.85274 3.32306
1.51626 -2.05535 2.21072
1.13118 1.76218 3.47507
2.16456 -2.30492 -1.799
-1.4192 1.01352 -2.50672
-1.57964 -1.74628 -3.89297
4.8569 2.79521 -1.22458
4.39722 -3.48719 1.58071
-1.59289 -3.01303 -0.0638736
3.91651 4.66407 -3.39066
-3.42641 -2.65909 3.38969
-2.52891 4.22096 -1.7909
4.31464 4.77175 -3.52239
4.49611 0.525849 -4.25323
-0.308177 2.22425 2.52115
1.03424 -1.55384 -2.16066
2.17608 0.959143 1.1234
-4.64118 -0.13174 -2.47518
1.59231 -2.77653 3.652
2.40383 2.98347 1.22208
-3.2631 3.1428 2.48887
-4.12127 4.86246 1.18815
-3.3605 1.16366 3.79728
4.70922 -4.34574 -4.5786
1.80768 -3.26276 0.468009
-4.94429 -4.7424 -2.85207
-0.238265 4.21855 -0.468753
4.4652 4.68494 3.94005
4.97605 3.05731 0.20736
1.49212 3.51743 1.4641
-4.21115 -4.39975 1.28429
3.5724 -1.14197 4.11208
4.93059 3.51512 0.680542
-4.64495 -0.359535 3.41616
3.36004 -2.73231 -1.64735
-0.153422 1.73589 1.49198
-2.1232 1.10121 0.823821
-3.77022 -3.6284 -2.58753
2.19533 4.50966 2.46996
0.402871 2.07255 -3.86924
-4.36683 -0.917281 4.52177
-0.228043 3.95128 2.70021
-1.94361 1.639 -0.339853
-2.29691 -3.3516 3.47621
-1.78751 3.82706 3.14798
4.45157 -2.14296 -4.75699
-2.36616 -4.58049 2.06796
-1.77884 -0.492732 -2.09946
-4.95595 3.85203 -4.54686
-0.232669 0.761497 -2.95665
0.599509 -4.89847 2.69639
-4.54814 -0.600176 4.12559
3.74483 3.74053 -0.90119
-0.63844 -0.0319135 3.39316
-3.74234 1.99814 -4.99709
2.51881 -2.48674 0.837206
4.64312 -3.44366 1.98423
3.46299 1.55252 3.95332
-4.86684 -4.7267 3.74428
-3.54206 3.49497 -4.92195
-3.39912 -4.14294 1.40961
-3.06684 3.82911 4.11821
-0.359153 -3.81634 -2.85052
4.97889 -4.26728 4.84444
-4.86134 -4.89643 -4.26936
-1.24557 1.55981 -2.29848
-2.53626 0.971382 -1.47851
-0.420345 4.31718 -0.772696
-4.07995 2.7815 0.0949687
3.87079 2.26598 1.02198
3.83922 2.82898 1.42731
-0.963478 -4.23838 4.29255
-3.69385 0.128067 -2.26427
-2.23052 -0.313563 4.69317
1.42848 -2.48283 -0.296966
-4.34263 1.45316 -0.591837
-4.82354 -2.1156 -1.51181
0.00811829 4.18001 4.25243
-4.48668 4.11309 3.36376
3.42516 -3.56267 -0.0376919
-4.96762 2.06943 -4.46067
-4.38552 0.640096 3.22382
3.76464 -2.27128 -1.30875
-3.34892 4.19907 -4.06434
-3.34795 1.92363 -3.21841
