4.22106 -0.11898 3.80866
-4.62441 2.84174 -4.41393
4.61793 -4.8123 -2.89234
2.42069 4.93165 -2.56178
-3.95299 3.86598 -0.462293
-2.15482 2.24118 -2.15357
4.46117 1.42978 -2.86613
-0.103711 4.42999 -4.24364
1.01673 2.88377 -1.28804
3.8592 -4.19259 -1.96453
4.04504 1.76798 1.85294
4.37914 -3.33655 1.82482
3.2064 4.95567 2.94065
-1.56229 3.20331 -3.32257
0.331773 -0.0675704 0.782171
4.48578 2.89843 3.3326
1.52486 -2.1038 2.21412
1.32192 1.73823 3.3845
2.10919 -2.43126 -1.75078
-1.41853 1.01081 -2.5171
-1.52229 -1.74931 -3.84814
4.91352 2.7374 -1.15592
4.45632 -3.49473 1.56244
-1.59487 -2.99813 -0.0703428
3.91 4.69214 -3.49134
-3.4744 -2.69414 3.39798
-2.6084 4.2822 -2.03124
4.28147 4.81527 -2.75116
4.48311 0.542649 -4.14285
-0.28591 2.12265 2.38109
1.06232 -1.47726 -2.25877
2.05623 0.944375 0.877469
-4.55285 -0.342684 -2.40873
1.58454 -2.76979 3.58888
2.41201 2.97617 1.15886
-3.24634 3.18554 2.46615
-4.1366 4.90913 1.19503
-3.33483 1.18763 3.81568
4.57528 -4.23735 -4.67495
1.79356 -3.3022 0.531828
-4.95755 -4.80375 -2.81475
-0.208192 4.15359 -0.409545
4.51975 4.69065 3.39368
4.91484 3.09806 0.184968
1.56355 3.50574 1.3301
-4.3127 -1.92534 1.29964
3.56621 -1.16166 4.1303
4.96733 3.44336 0.689236
-4.68106 -0.381068 3.43133
3.38876 -2.77932 -1.66022
-0.214366 1.74855 1.49423
-2.16207 1.10655 0.789207
-3.74532 -3.62332 -2.6153
2.17733 4.55647 2.47035
0.38331 2.16053 -3.87948
-4.3977 -0.923128 4.5267
-0.257239 3.91318 2.70192
-1.96776 1.74041 -0.36648
-2.26275 -3.37746 3.48234
-1.77191 3.76288 3.16924
4.40863 -2.16834 -4.80186
-2.39439 -4.54367 2.29291
-1.69216 -0.467827 -2.14733
-4.94703 3.85185 -4.57699
-0.223146 0.730178 -3.01804
0.570554 -4.8968 3.09935
-4.59287 -2.16192 4.22723
3.78372 3.65707 -0.83618
-0.626931 0.0159663 3.27924
-3.76883 1.99785 -4.95007
2.31445 -2.48428 0.730998
4.65014 -3.44118 1.98223
3.47612 1.58782 3.94631
4.97448 -4.70969 3.73015
-3.50429 3.50726 4.73889
-3.36307 -4.16555 1.43104
-3.09549 3.92165 4.19323
-0.37122 -3.83024 -2.86647
-4.94743 -4.26889 4.91844
-4.81374 -4.92938 -4.25512
-1.20856 1.56864 -2.31884
-2.53972 0.944572 -1.4744
-0.452701 4.33763 -0.75605
-4.03567 2.79684 0.0972819
3.89708 2.23991 0.979132
3.86532 2.86041 1.5156
-0.950619 -4.2658 4.42759
-3.74576 0.160868 -2.30856
-2.25165 -0.305104 4.65859
1.41668 -2.48694 -0.297886
-4.33828 1.45296 -0.59653
-4.78554 -2.09648 -1.47579
0.0655608 4.21174 4.23397
-4.33336 4.08489 3.40157
3.39583 -3.49661 -0.03131
-4.98795 2.14673 -4.45319
-4.67088 0.596526 3.43643
3.84723 -2.26971 -1.2747
-3.36149 4.11677 -4.03719
-3.43091 1.89943 -3.31262
