4.14338 -0.0653969 3.89087
-4.52912 2.86641 -4.3314
4.63337 -4.85998 -2.86037
2.32513 4.88901 -2.58331
-3.93937 3.89152 -0.504604
-2.12144 2.27436 -2.16028
4.50578 1.36534 -3.19521
-0.0201002 4.39845 -4.19173
1.02136 2.9143 -1.2845
3.90548 -4.24532 -2.02066
4.05801 1.76539 1.89849
4.34978 -3.34021 2.0017
3.21656 4.99822 2.91266
-1.69751 3.34673 -3.35695
0.345016 -0.120054 0.738666
4.48501 2.94431 3.34253
1.53349 -2.15234 2.2176
1.51272 1.7143 3.29415
2.05395 -2.55788 -1.70277
-1.41793 1.00794 -2.52769
-1.46497 -1.75246 -3.80367
4.97108 2.67973 -1.08738
4.51598 -3.50302 1.5434
-1.59696 -2.98357 -0.0768379
3.90473 4.72264 -3.59271
-3.52285 -2.72946 3.40656
-2.68828 4.34432 -2.2718
4.2504 4.86801 -1.97998
4.4711 0.559402 -4.03316
-0.263676 2.0212 2.24138
1.09045 -1.4008 -2.35718
1.93665 0.92954 0.63154
-4.46561 -0.553815 -2.34261
1.5769 -2.76349 3.52625
2.42036 2.96905 1.09565
-3.23003 3.22857 2.44362
-4.15266 4.95675 1.20194
-3.30955 1.21162 3.83501
4.45033 -4.13045 -4.77911
1.77946 -3.34244 0.595704
-4.99044 -4.86879 -2.77767
-0.177694 4.08901 -0.349739
4.57519 4.69817 2.84766
4.85652 3.13907 0.162261
1.63497 3.49452 1.19615
-4.41514 0.548939 1.315
3.56051 -1.18146 4.14903
-4.99396 3.37233 0.698271
-4.71825 -0.40272 3.44675
3.41774 -2.82658 -1.67323
-0.275311 1.76121 1.49646
-2.20108 1.11185 0.754664
-3.72133 -3.61908 -2.64348
2.15946 4.60403 2.47092
0.363827 2.24858 -3.89004
-4.42917 -0.92903 4.53219
-0.286441 3.87559 2.70375
-1.99207 1.84192 -0.393071
-2.22872 -3.4037 3.48876
-1.75647 3.69941 3.19092
4.36649 -2.19388 -4.84773
-2.42285 -4.50792 2.51801
-1.60554 -0.443063 -2.19531
-4.93914 3.85268 -4.60811
-0.213512 0.698805 -3.07966
0.541633 -4.8962 3.50249
-4.63846 -3.72385 4.32951
3.8234 3.57443 -0.771322
-0.615421 0.0637749 3.16558
-3.79566 1.99761 -4.90418
2.11037 -2.48198 0.6249
4.65959 -3.4398 1.98153
3.48975 1.62318 3.93983
4.81709 -4.69471 3.71656
-3.4672 3.52018 4.40244
-3.32749 -4.18907 1.45249
-3.12464 4.01545 4.26976
-0.38329 -3.84456 -2.88262
-4.87878 -4.27142 4.99785
-4.7697 -4.96546 -4.24333
-1.17146 1.57767 -2.33926
-2.54356 0.917664 -1.47034
-0.485317 4.35867 -0.739785
-3.99344 2.81233 0.0996261
3.92401 2.2138 0.936138
3.89183 2.89214 1.60405
-0.937781 -4.29385 4.56308
-3.79814 0.193613 -2.35308
-2.27289 -0.296719 4.62469
1.40485 -2.49119 -0.298864
-4.33465 1.45272 -0.601238
-4.7485 -2.0775 -1.43984
0.123066 4.24444 4.21643
-4.18126 4.05741 3.4398
3.36681 -3.43097 -0.0249397
4.99091 2.22405 -4.44628
-4.95787 0.553075 3.64963
3.93108 -2.26821 -1.24067
-3.37447 4.03537 -4.01113
-3.51461 1.87539 -3.40753
