3.78593 0.197722 4.31596
-4.08488 2.99518 -3.93064
4.78514 4.87273 -2.71507
1.84888 4.68401 -2.69356
-3.88228 4.02725 -0.717334
-1.95741 2.44352 -2.19615
4.74071 1.04421 -4.84695
0.398708 4.25131 -3.94462
1.04627 3.07014 -1.26888
4.14456 -4.5306 -2.30292
4.13725 1.75142 2.1302
4.20426 -3.36183 2.89285
3.27456 -4.80183 2.77925
-2.37482 4.07079 -3.53772
0.411244 -0.383458 0.521413
4.49342 3.17763 3.39843
1.5771 -2.3964 2.23624
2.46776 1.59517 2.84521
1.7792 -3.19617 -1.46587
-1.41614 0.991685 -2.5834
-1.17901 -1.77009 -3.586
-4.74664 2.39315 -0.746677
4.82292 -3.55104 1.4431
-1.60931 -2.91573 -0.109549
3.89541 4.90293 -4.10948
-3.77314 -2.90978 3.4545
-3.09498 4.67024 -3.47916
4.10823 -4.84792 1.87562
4.42262 0.641059 -3.49404
-0.150004 1.5155 1.55129
1.23253 -1.02033 -2.85414
1.34262 0.85479 -0.598801
-4.04263 -1.61234 -2.01622
1.5401 -2.73811 3.2205
2.46604 2.93605 0.779922
-3.15438 3.44887 2.3331
-4.24515 -4.81134 1.2366
-3.191 1.33139 3.94546
3.88327 -3.617 4.67741
1.70968 -3.55627 0.916693
4.75685 4.80436 -2.58012
-0.0224696 3.77336 -0.047383
4.86763 4.75649 0.119685
4.70235 3.35304 0.0438729
1.992 3.4464 0.526838
-4.95076 2.91612 1.39367
3.53799 -1.28223 4.2507
-4.90603 3.02728 0.748054
-4.92291 -0.51255 3.52723
3.5665 -3.06667 -1.74028
-0.58149 1.82512 1.50531
-2.39795 1.13785 0.582889
-3.61585 -3.61272 -2.79042
2.0716 4.85823 2.4768
0.267378 2.69022 -3.94785
-4.59677 -0.960086 4.56776
-0.432266 3.6936 2.71483
-2.11598 2.35179 -0.525631
-2.06041 -3.54034 3.52563
-1.68093 3.39148 3.30632
4.16411 -2.32394 4.91129
-2.56898 -4.34558 3.64729
-1.17311 -0.321319 -2.43696
-4.91745 3.86772 -4.78027
-0.163918 0.541267 -3.39153
0.398079 -4.91624 -4.47757
-4.88689 -1.52817 4.86317
4.04245 3.17235 -0.450359
-0.558102 0.301669 2.60097
-3.94092 1.9969 -4.69109
1.09253 -2.47259 0.0971034
4.73599 -3.4447 1.98582
3.56439 1.80125 3.91541
4.04592 -4.63631 3.65716
-3.29225 3.59116 2.74082
-3.15565 -4.31689 1.56015
-3.27794 4.50779 4.68414
-0.443743 -3.92276 -2.96678
-4.5718 -4.30957 -4.59861
-4.58832 4.87518 -4.21198
-0.984461 1.62516 -2.44266
-2.56798 0.781472 -1.45077
-0.65048 4.47185 -0.661038
-3.799 2.89315 0.111564
4.07537 2.08337 0.720115
4.03519 3.05562 2.04879
-0.87407 -4.44365 -4.75273
-4.069 0.35652 -2.57946
-2.38146 -0.256089 4.46472
1.34511 -2.51469 -0.305675
-4.32501 1.45072 -0.625129
-4.57874 -1.98513 -1.26098
0.411169 4.4376 4.14172
-3.43292 3.93016 3.63793
3.22592 -3.10847 0.00689953
4.91732 2.61183 -4.42164
3.61624 0.339129 4.73038
4.37122 -2.26325 -1.07115
-3.44669 3.63875 -3.89429
-3.95077 1.75623 -3.89322
