3.71904 0.248592 4.40281
-4.00061 3.02172 -3.85235
4.81621 4.85525 -2.69484
1.75392 4.64446 -2.7161
-3.87306 4.05597 -0.760134
-1.9251 2.47798 -2.20379
4.79063 0.980109 4.8198
0.482625 4.22528 -3.89713
1.05159 3.10202 -1.26617
4.19372 -4.59374 -2.35971
4.15614 1.74852 2.17732
4.1765 -3.36702 3.07209
3.28743 -4.76713 2.75376
-2.51052 4.21725 -3.57563
0.424503 -0.436322 0.478029
4.4974 3.22525 3.41097
1.58591 -2.44548 2.24016
2.65901 1.57145 2.75593
1.72453 -3.32515 -1.41913
-1.41604 0.988145 -2.59505
-1.12192 -1.774 -3.54328
-4.69343 2.3361 -0.678928
4.88627 -3.56171 1.42238
-1.61219 -2.90315 -0.116109
3.8967 4.94275 -4.21511
-3.82501 -2.94666 3.46511
-3.17812 4.73898 -3.72207
4.08183 -4.79447 2.64683
4.41536 0.657069 -3.38787
-0.125908 1.41394 1.4147
1.26134 -0.944619 -2.95466
1.22451 0.839778 -0.845121
-3.96027 -1.82457 -1.95191
1.53293 -2.73425 3.16087
2.47604 2.92991 0.716943
-3.14025 3.49395 2.31097
-4.26672 -4.76811 1.2436
-3.16881 1.35531 3.97039
3.7744 -3.51787 4.57388
1.69596 -3.60143 0.98123
4.71512 4.68907 -2.52856
0.00877864 3.71185 0.0133997
4.92935 4.77256 -0.42586
4.69133 3.39832 0.0195969
2.06342 3.43856 0.392911
4.93638 -4.61079 1.40999
3.53486 -1.30274 4.27229
-4.90393 2.95993 0.758523
-4.96722 -0.534712 3.54395
3.59704 -3.1155 -1.7541
-0.643469 1.8384 1.50675
-2.43772 1.14294 0.548707
-3.59758 -3.61509 -2.82105
2.05422 4.91298 2.47863
0.248248 2.77889 -3.96037
-4.63233 -0.966527 4.57627
-0.461365 3.65816 2.71755
-2.14127 2.45431 -0.55209
-2.02702 -3.56872 3.53409
-1.6661 3.33144 3.33107
4.12552 -2.3505 4.86284
-2.59908 -4.31664 3.87452
-1.08674 -0.297368 -2.48565
-4.91686 3.87228 -4.81766
-0.153752 0.509657 -3.45471
0.369586 -4.92501 -4.0743
-4.94063 -3.08883 4.97344
4.09118 3.09384 -0.387098
-0.5467 0.349005 2.48876
-3.9724 1.99687 -4.65156
0.888715 -2.47122 -0.00725996
4.75526 -3.44717 1.9881
3.58057 1.8372 3.91224
3.89355 -4.62688 3.64674
-3.2593 3.60723 2.41105
-3.12245 -4.34417 1.58183
-3.31057 4.61106 4.77493
-0.455863 -3.93976 -2.9842
-4.51437 -4.32372 -4.52177
-4.55896 4.85333 -4.20959
-0.946777 1.63507 -2.46363
-2.57384 0.753878 -1.44705
-0.683782 4.496 -0.645544
-3.76275 2.91011 0.11401
4.10968 2.05729 0.676841
4.06625 3.08947 2.1383
-0.861447 -4.47556 -4.61631
-4.12519 0.388855 -2.62561
-2.40365 -0.248231 4.43454
1.33334 -2.51988 -0.307847
-4.32454 1.45009 -0.629992
-4.54821 -1.96719 -1.22532
0.468947 4.4813 4.13007
-3.28498 3.90654 3.67926
3.19852 -3.04491 0.0132588
4.90814 2.68973 -4.41861
3.33527 0.297401 4.95165
4.46421 -2.26296 -1.03745
-3.46271 3.56089 -3.87325
-4.04232 1.73227 -3.99268
