3.65349 0.299369 4.49023
-3.91745 3.04843 -3.77457
4.84889 4.84033 -2.67568
1.65907 4.60541 -2.73879
-3.86475 4.0852 -0.803019
-1.89296 2.51266 -2.21159
4.84147 0.91602 4.4874
0.566614 4.20128 -3.85011
1.05699 3.13416 -1.2636
4.24335 -4.66001 -2.41664
4.17588 1.74564 2.22465
4.14933 -3.37247 3.25157
3.3005 -4.73402 2.72859
-2.64631 4.36445 -3.61417
0.437769 -0.489238 0.434665
4.50205 3.27327 3.42397
1.59475 -2.49464 2.24412
2.85035 1.54775 2.66678
1.66994 -3.45467 -1.37259
-1.41604 0.984536 -2.60685
-1.06487 -1.77803 -3.50082
-4.64129 2.27913 -0.61129
4.9503 -3.57262 1.4015
-1.61522 -2.89088 -0.122668
3.89911 4.98381 -4.32167
-3.87757 -2.98382 3.47604
-3.26198 4.80929 -3.96605
4.05617 -4.74207 3.41822
4.40893 0.673043 -3.28232
-0.10155 1.31224 1.27817
1.29031 -0.869036 -3.05563
1.1066 0.824753 -1.09156
-3.87861 -2.03703 -1.88797
1.52579 -2.73079 3.10174
2.48629 2.9239 0.654057
-3.12502 3.53802 2.28772
-4.29027 -4.72565 1.2506
-3.14714 1.37925 3.9962
3.66682 -3.41967 4.47161
1.6823 -3.64737 1.04584
4.67409 4.57499 -2.476
0.0400372 3.65091 0.0742544
4.99192 4.78937 -0.971451
4.68456 3.44455 -0.00470823
2.13487 3.43133 0.258888
4.82641 -2.13893 1.42635
3.5322 -1.32332 4.29417
-4.90559 2.89303 0.769211
4.98744 -0.55691 3.5608
3.62786 -3.16462 -1.76805
-0.705593 1.85185 1.50828
-2.47762 1.148 0.514576
-3.58019 -3.61877 -2.85218
2.03687 4.96914 2.48065
0.229157 2.86771 -3.97322
-4.6686 -0.973043 4.58516
-0.49044 3.62301 2.72045
-2.16675 2.55704 -0.578547
-1.9937 -3.59747 3.54288
-1.65137 3.27182 3.35642
4.0878 -2.37721 4.81484
-2.62949 -4.28895 4.10247
-1.00039 -0.273538 -2.53445
-4.91765 3.87736 -4.85603
-0.143521 0.478026 -3.51819
0.341137 -4.93561 -3.67147
-4.99574 -4.64987 -4.9154
4.14159 3.01577 -0.324169
-0.535327 0.396258 2.37675
-4.0047 1.9969 -4.61306
0.684468 -2.47004 -0.111376
4.77563 -3.44995 1.9908
3.59712 1.87328 3.90955
3.74161 -4.61812 3.63679
-3.22939 3.62628 2.08352
-3.0897 -4.37203 1.60357
-3.34398 4.71633 4.86903
-0.468001 -3.9572 -3.00176
-4.45798 -4.34045 -4.4463
-4.53177 4.83501 -4.20863
-0.909013 1.6451 -2.48471
-2.58003 0.726163 -1.44341
-0.717158 4.52066 -0.630095
-3.72733 2.92737 0.116488
4.14531 2.03121 0.633586
4.09791 3.12379 2.22796
-0.84886 -4.50815 -4.48049
-4.18215 0.421094 -2.67209
-2.42602 -0.240455 4.4049
1.32182 -2.52523 -0.310199
-4.32456 1.44936 -0.634891
-4.51904 -1.9494 -1.18968
0.526779 4.52589 4.11938
-3.13744 3.88342 3.72115
3.17135 -2.9816 0.019611
4.90056 2.76775 -4.4162
3.05463 0.255663 -4.82589
4.55924 -2.26295 -1.00384
-3.47924 3.48347 -3.85293
-4.13559 1.70813 -4.09311
