3.46162 0.451476 4.76964
-3.67478 3.12887 -3.54306
4.96002 4.8121 -2.62103
1.37526 4.49213 -2.80772
-3.84452 4.17578 -0.93192
-1.79743 2.61805 -2.23591
4.99857 0.723786 3.49394
0.81909 4.13872 -3.71213
1.0738 3.2325 -1.25656
4.39693 -4.88348 -2.58839
4.24011 1.73719 2.36824
4.07136 -3.39046 3.79181
3.34221 -4.64236 2.65423
-3.05498 4.81211 -3.73365
0.477642 -0.648264 0.304741
4.51995 3.41991 3.46633
1.62142 -2.6426 2.25613
3.42489 1.47681 2.40022
1.50684 -3.84674 -1.23387
-1.41667 0.973382 -2.64314
-0.893957 -1.79087 -3.37477
-4.49094 2.10879 -0.408825
-4.86351 -3.60708 1.3382
-1.62527 -2.85601 -0.142244
3.91361 -4.89299 -4.6527
-4.03994 -3.0971 3.51118
-3.51821 -4.96685 -4.71142
3.98545 -4.59163 -4.25816
4.39494 0.720773 -2.9679
-0.0276778 1.00685 0.868833
1.37811 -0.643055 -3.36109
0.753935 0.77966 -1.83151
-3.63789 -2.6764 -1.69778
1.50435 -2.72253 2.92774
2.51852 2.90667 0.466189
-3.07962 3.67123 2.22372
-4.36542 -4.60239 1.27179
-3.08574 1.45114 4.07943
3.348 -3.12913 4.17231
1.64178 -3.78954 1.24007
4.56247 4.24535 -2.31783
0.13388 3.4716 0.257354
-4.82722 4.8447 -2.60798
4.6854 3.58926 -0.0775973
2.34989 3.41335 -0.143873
4.50294 -4.72333 1.47595
3.52602 -1.38544 4.36234
-4.93284 2.69443 0.802504
4.85806 -0.623812 3.61262
3.72211 -3.31385 -1.8106
-0.892429 1.89285 1.51355
-2.59833 1.16294 0.412511
-3.53328 -3.63795 -2.94822
1.98508 -4.86061 2.48793
0.172022 3.13525 -4.01372
-4.7845 -0.993096 4.61445
-0.577496 3.51925 2.73027
-2.24445 2.86673 -0.657883
-1.89423 -3.68623 3.57144
-1.60787 3.09518 3.43628
3.97743 -2.45818 4.67395
-2.72245 -4.21473 4.79315
-0.741535 -0.202742 -2.68158
4.83632 3.89927 -4.97921
-0.112539 0.383052 -3.71036
0.255905 -4.97676 -2.46445
-4.92604 0.659517 -4.58619
4.30477 2.78352 -0.136938
-0.501443 0.537517 2.04214
-4.10607 1.9979 -4.50321
0.0701768 -2.46795 -0.423474
4.8562 -3.46083 2.00135
3.64884 1.98237 3.90524
3.28688 -4.59514 3.61028
-3.14648 3.69065 1.0955
-2.99326 -4.45946 1.66929
-3.44955 -4.95198 -4.82552
-0.504598 -4.01213 -3.05539
-4.29515 -4.40844 -4.22583
-4.46542 4.80837 -4.21387
-0.795308 1.67588 -2.5486
-2.60066 0.642278 -1.43296
-0.817644 4.5979 -0.583869
-3.62559 2.98089 0.124177
4.26122 1.9527 0.504087
4.19641 3.22937 2.49814
-0.811277 -4.61005 -4.07623
-4.35843 0.517204 -2.81336
-2.49457 -0.217659 4.31927
1.28818 -2.54213 -0.317527
-4.32781 1.4464 -0.649858
-4.44115 -1.89663 -1.08287
0.700526 4.66496 4.09235
-2.69671 3.81686 3.85056
3.09132 -2.79297 0.0386804
4.88857 3.00287 -4.41202
2.21398 0.130308 -4.17293
4.85976 -2.26479 -0.903233
-3.53139 3.25486 -3.79624
-4.42746 1.63357 -4.39961
