3.39948 0.502182 4.86681
-3.59625 3.15571 -3.46553
-4.9149 4.80968 -2.60354
1.28092 4.45594 -2.83097
-3.8391 4.20705 -0.974946
-1.76587 2.65372 -2.24431
-4.9476 0.65972 3.16367
0.903403 4.11985 -3.66714
1.0796 3.26607 -1.25439
4.45133 -4.96948 -2.64597
4.26332 1.73455 2.41668
4.04667 -3.39703 3.97265
3.3571 -4.61367 2.62992
-3.19198 4.96599 -3.77455
0.490983 -0.701351 0.261492
4.52711 3.46972 3.48172
1.63041 -2.69203 2.2601
3.61662 1.45318 2.31165
1.45271 -3.97867 -1.18785
-1.41709 0.96959 -2.65551
-0.837054 -1.79538 -3.33317
-4.44281 2.05224 -0.341412
-4.80646 -3.61902 1.31696
-1.62892 -2.84501 -0.148704
3.92013 -4.85529 -4.7689
-4.09562 -3.13541 3.52376
-3.60977 -4.89455 -4.95664
3.96363 -4.54337 -3.47974
4.39242 0.736647 -2.86368
-0.00287831 0.905073 0.732456
1.40768 -0.567999 -3.46381
0.636764 0.764671 -2.07837
-3.55909 -2.89034 -1.63474
1.49716 -2.72031 2.87098
2.52971 2.90128 0.40385
-3.06525 3.71664 2.20309
-4.39208 -4.56257 1.27893
-3.06642 1.4752 4.10926
3.24246 -3.03317 4.07465
1.62845 -3.83815 1.30493
4.53142 4.13982 -2.26518
0.165198 3.41308 0.318602
-4.84137 4.86653 -3.15338
4.69161 3.63975 -0.101958
2.42196 3.40862 -0.27838
4.39928 -2.25229 1.49282
3.52464 -1.40619 4.3859
-4.95002 2.62896 0.813994
4.81725 -0.64623 3.63037
3.75418 -3.36419 -1.82497
-0.954808 1.90672 1.51553
-2.6389 1.16786 0.378604
-3.51933 -3.64697 -2.98109
1.96791 -4.8054 2.49076
0.152998 3.22487 -4.02789
-4.8255 -0.999934 4.62519
-0.606453 3.48526 2.73393
-2.27076 2.97058 -0.68433
-1.86124 -3.71661 3.58177
-1.5936 3.03703 3.46424
3.94157 -2.48538 4.62806
-2.75392 -4.19249 -4.97224
-0.655304 -0.179351 -2.73086
4.71643 3.90871 4.97751
-0.10214 0.351391 -3.77503
0.2275 -4.99293 -2.06237
-4.86532 -0.904199 -4.47784
4.36396 2.70683 -0.0749545
-0.490211 0.584456 1.93106
-4.14108 1.99876 -4.46815
-0.134836 -2.46773 -0.52752
4.89283 -3.4651 2.00566
3.66682 2.01907 3.90514
3.13576 -4.58849 3.60235
-3.12004 3.7138 0.766234
-2.96163 -4.4899 1.69142
-3.48169 -4.84133 -4.73527
-0.516849 -4.03126 -3.0736
-4.24329 -4.43718 -4.15392
-4.44928 4.8107 -4.21784
-0.757289 1.68639 -2.57012
-2.60821 0.614092 -1.42962
-0.851242 4.62487 -0.568459
-3.59316 2.99937 0.126808
4.30332 1.92639 0.461039
4.23034 3.26554 2.58868
-0.798801 -4.64534 -3.94241
-4.41926 0.549058 -2.86103
-2.51789 -0.210226 4.29184
1.27717 -2.54801 -0.319993
-4.32999 1.44512 -0.654981
-4.4191 -1.87913 -1.04733
0.758497 4.71324 4.08492
-2.55036 3.79572 3.89508
3.06518 -2.73042 0.0450471
4.88808 3.08182 -4.41154
1.93424 0.088529 -3.95772
4.96664 -2.26602 -0.869699
-3.54938 3.18042 -3.77941
-4.52917 1.60789 -4.50382
