3.2186 0.654602 -4.83535
-3.36401 3.2392 -3.23066
-4.56306 4.81748 -2.55095
0.998686 4.3511 -2.9014
-3.82645 4.30434 -1.10424
-1.67181 2.76247 -2.2704
-4.79265 0.46742 2.17415
1.15702 4.067 -3.53527
1.09768 3.36927 -1.24839
4.63916 4.76183 -2.81981
4.34146 1.7281 2.5644
3.97703 -3.41913 4.51881
3.40543 -4.53293 2.55825
-3.60484 -4.56811 -3.90036
0.531269 -0.860882 0.131925
4.55225 3.62211 3.53085
1.65785 -2.84081 2.27154
4.19342 1.38203 2.04633
1.2913 -4.37976 -1.05022
-1.41897 0.958079 -2.69341
-0.666453 -1.80958 -3.20946
-4.30411 1.88336 -0.139061
-4.64657 -3.65616 1.25299
-1.64071 -2.81389 -0.167743
3.9461 -4.75151 4.87641
-4.26744 -3.25188 3.56481
-3.89361 -4.69611 4.32311
3.90455 -4.41038 -1.14657
4.39192 0.784248 -2.55251
0.0719849 0.599844 0.323462
1.49744 -0.345333 -3.77498
0.286624 0.720029 -2.81968
-3.32598 -3.53549 -1.44607
1.47516 -2.71487 2.70517
2.56464 2.88629 0.217595
-3.02423 3.85631 2.14266
-4.47595 -4.44673 1.30065
-3.01091 1.54793 4.20466
2.92793 -2.74739 3.78618
1.58906 -3.98789 1.49964
4.45468 3.83189 -2.1078
0.259449 3.24108 0.503115
-4.89468 4.94499 -4.79268
4.72508 3.79757 -0.175174
2.64007 3.39789 -0.682656
4.09415 -4.83914 1.54386
3.52329 -1.46843 4.45945
4.97515 2.43457 0.850095
4.70377 -0.713633 3.68545
3.85298 -3.51711 -1.86859
-1.14215 1.94887 1.52207
-2.76152 1.18244 0.277216
-3.4813 -3.6811 -3.08181
1.91678 -4.64426 2.5004
0.0959535 3.49522 -4.07255
-4.95527 -1.02073 4.66302
-0.693064 3.3851 2.74609
-2.35075 3.28437 -0.763866
-1.76264 -3.80999 3.61601
-1.55126 2.86458 3.55197
3.83736 -2.56761 4.49395
-2.84874 -4.13045 -4.27572
-0.396768 -0.109779 -2.87937
4.36351 3.94243 4.85994
-0.07086 0.256431 -3.97109
0.142349 4.95792 -0.856447
-4.68789 4.40272 -4.16041
4.56117 2.47945 0.10975
-0.456545 0.724924 1.5991
-4.24946 2.00264 -4.36668
-0.750012 -2.4687 -0.839785
-4.97258 -3.48016 2.02085
3.7234 2.1301 3.90835
2.68354 -4.57151 3.58099
-3.04341 3.78832 -0.220683
-2.86804 -4.58517 1.75862
-3.57887 -4.53182 -4.48637
-0.553504 -4.09132 -3.12911
-4.09338 -4.5448 -3.94258
-4.41396 4.86159 -4.24048
-0.642936 1.71867 -2.63537
-2.63268 0.528907 -1.42017
-0.952297 4.70978 -0.522073
-3.50007 3.05651 0.134912
4.44307 1.84671 0.332299
4.33561 3.3769 2.86142
-0.761465 -4.75537 -3.54319
-4.60915 0.644219 -3.00604
-2.589 -0.188334 4.21286
1.24463 -2.5665 -0.327457
-4.34012 1.44038 -0.671117
-4.36165 -1.82656 -0.941166
0.932621 4.86425 4.06699
-2.11238 3.73552 4.03238
2.98857 -2.54366 0.0641275
4.89408 3.32052 -4.41632
1.09684 -0.0353468 -3.31618
-4.70276 -2.27206 -0.768877
-3.607 2.96018 -3.73683
-4.84661 1.52962 -4.82622
