3.15997 0.705461 -4.73816
-3.28732 3.26819 -3.15241
-4.45102 4.82251 -2.53364
0.904774 4.3172 -2.92504
-3.82353 4.33802 -1.14744
-1.64064 2.7993 -2.27941
-4.743 0.403203 1.8446
1.24191 4.05038 -3.49246
1.10393 3.40443 -1.24656
4.70773 4.67512 -2.87838
4.37002 1.7265 2.61483
3.95537 -3.42743 4.70215
3.42297 -4.5078 2.5348
-3.74282 -4.41874 -3.94335
0.544803 -0.914172 0.0887952
4.56196 3.67397 3.54828
1.66727 -2.89067 2.27508
4.38657 1.35816 1.95793
1.23785 -4.51597 -1.00451
-1.41981 0.954197 -2.70631
-0.609611 -1.81455 -3.16858
-4.26014 1.82726 -0.0715036
-4.59542 -3.66892 1.23158
-1.64491 -2.80421 -0.173935
3.95749 -4.72072 4.76054
-4.32619 -3.29127 3.5795
-3.99024 -4.63455 4.09293
3.88638 -4.36902 -0.369034
4.39421 0.800074 -2.44915
0.0970809 0.498119 0.187171
1.52814 -0.272118 -3.88017
0.170371 0.705396 -3.06708
-3.24913 -3.752 -1.38329
1.46754 -2.71326 2.65153
2.57669 2.88172 0.155719
-3.01127 3.90415 2.12295
-4.50518 -4.40931 1.30796
-2.99322 1.57233 4.23841
2.82389 -2.65277 3.69112
1.57613 -4.0392 1.56452
4.43275 3.73069 -2.0557
0.290976 3.18481 0.564887
-4.91561 4.97549 4.65838
4.74052 3.85242 -0.199613
2.71347 3.39542 -0.817674
3.99506 -2.3689 1.56107
3.52375 -1.48916 4.48489
4.9474 2.37047 0.862753
4.66865 -0.736128 3.70435
3.88684 -3.56875 -1.88337
-1.20468 1.96309 1.52445
-2.80275 1.18724 0.243528
-3.46977 -3.69453 -3.11612
1.8999 -4.59207 2.50397
0.0769466 3.58589 -4.0882
4.99917 -1.02775 4.67661
-0.721848 3.3523 2.75052
-2.37775 3.38975 -0.790515
-1.72988 -3.84189 3.62835
-1.53731 2.80766 3.58245
3.8037 -2.59521 4.45021
-2.88028 -4.11123 -4.04569
-0.310682 -0.0868224 -2.92909
4.24827 3.95536 4.82461
-0.0604524 0.224769 -4.03719
0.114012 4.94323 -0.454543
-4.6314 2.83853 -4.05633
4.63282 2.40481 0.170797
-0.445313 0.771646 1.48883
-4.28678 2.00418 -4.33399
-0.955039 -2.46964 -0.94397
-4.92517 -3.48586 2.0266
3.74314 2.1674 3.91076
2.53316 -4.56687 3.5745
-3.01885 3.81486 -0.54945
-2.83723 -4.61832 1.78127
-3.61249 -4.43587 -4.41233
-0.565645 -4.11222 -3.14792
-4.0454 -4.58874 -3.87351
-4.40567 4.89513 -4.25184
-0.604742 1.72967 -2.65735
-2.64145 0.500279 -1.41722
-0.986107 4.73934 -0.506545
-3.47068 3.0761 0.137798
4.49346 1.81972 0.289477
4.37182 3.415 2.95271
-0.749063 -4.79359 -3.41082
-4.67518 0.675773 -3.0551
-2.61309 -0.181183 4.18755
1.23394 -2.573 -0.32998
-4.34493 1.43854 -0.676819
-4.34302 -1.80889 -0.905988
0.990724 4.91682 4.06238
-1.96667 3.71644 4.07925
2.96369 -2.48167 0.0704792
4.89894 3.40068 -4.41999
0.818044 -0.076115 -3.10286
-4.59486 -2.27507 -0.735133
-3.62765 2.88744 -3.72435
-4.95631 1.50338 -4.93712
