3.10209 0.75634 -4.64237
-3.21096 3.2977 -3.07438
-4.34073 4.82876 -2.51648
0.810882 4.28383 -2.94877
-3.82129 4.37239 -1.1907
-1.60956 2.83642 -2.28859
-4.69434 0.338907 1.51514
1.32707 4.03421 -3.45023
1.11027 3.44003 -1.24481
4.77856 4.58936 -2.93733
4.39948 1.72511 2.66583
3.93442 -3.43625 4.8861
3.44132 -4.48359 2.51151
-3.88085 -4.27158 -3.98709
0.558385 -0.967526 0.0456914
4.57244 3.7264 3.56621
1.67686 -2.94073 2.27845
4.58033 1.33426 1.86957
1.18457 -4.65359 -0.958895
-1.42076 0.950296 -2.71933
-0.552785 -1.81965 -3.12788
-4.21747 1.77123 -0.00387475
-4.54476 -3.68187 1.21012
-1.64924 -2.79488 -0.180026
3.97033 -4.69201 4.64571
-4.38571 -3.331 3.59461
-4.08789 -4.57544 3.86438
3.86884 -4.3284 0.408475
4.39774 0.815867 -2.34595
0.122235 0.396404 0.0508973
1.55919 -0.199027 -3.98605
0.0542912 0.691075 -3.31478
-3.17272 -3.96951 -1.32058
1.45964 -2.71158 2.59873
2.58891 2.87738 0.0939305
-2.99866 3.95269 2.10342
-4.53491 -4.3725 1.31532
-2.97596 1.5968 4.27316
2.72018 -2.55842 3.59651
1.56328 -4.09128 1.62936
4.41228 3.63005 -2.00381
0.322567 3.12905 0.626794
-4.93805 -4.99216 4.11068
4.75788 3.90844 -0.224044
2.78723 3.39348 -0.952828
3.89695 0.101243 1.57834
3.52447 -1.50988 4.5108
4.92158 2.30674 0.875825
4.63412 -0.758623 3.72352
3.92114 -3.62075 -1.89829
-1.26728 1.9774 1.52693
-2.84418 1.192 0.209893
-3.45885 -3.70892 -3.15078
1.88311 -4.54066 2.50768
0.0579445 3.67689 -4.10425
4.95417 -1.03481 4.69067
-0.750596 3.31978 2.75512
-2.40485 3.49553 -0.817245
-1.69717 -3.8742 3.6411
-1.52345 2.75096 3.61354
3.77045 -2.62294 4.40682
-2.91178 -4.09279 -3.8164
-0.224692 -0.0640133 -2.9789
4.13404 3.9691 4.79065
-0.0500703 0.193087 -4.10373
0.0857154 4.92938 -0.0526201
-4.57707 1.27458 -3.95277
4.70674 2.33092 0.231566
-0.434072 0.818332 1.37873
-4.32472 2.00573 -4.30188
-1.16005 -2.47087 -1.04825
-4.87923 -3.49196 2.03265
3.76336 2.20483 3.91386
2.38293 -4.56278 3.56827
-2.9949 3.84224 -0.878161
-2.80659 -4.65221 1.80403
-3.64663 -4.3431 -4.34144
-0.57774 -4.13351 -3.1669
-3.99887 -4.63666 -3.8049
-4.39956 4.9369 -4.26578
-0.566517 1.74081 -2.67944
-2.65056 0.47153 -1.41439
-1.02 4.76958 -0.491004
-3.44212 3.09602 0.140812
4.54527 1.79241 0.246662
4.40861 3.45354 3.04413
-0.736695 -4.83268 -3.27876
-4.74266 0.707228 -3.10455
-2.63745 -0.174109 4.16275
1.22333 -2.57968 -0.332535
-4.3506 1.43659 -0.682697
-4.32469 -1.79107 -0.870957
1.04884 4.97066 4.05842
-1.82108 3.6978 4.12664
2.93911 -2.41979 0.0767964
4.90614 3.48125 -4.42475
0.539531 -0.117034 -2.88973
-4.48803 -2.2787 -0.701322
-3.64891 2.81499 -3.71249
4.93193 1.47709 4.95013
