3.49968 1.65076 -1.38064
-3.01658 4.66036 1.77706
-4.67643 -1.5772 0.0143181
4.69161 4.65782 0.0336569
-4.31881 -1.76192 4.87379
2.57174 0.8357 -4.58088
0.458199 4.64543 1.36131
2.4636 -4.53916 3.05132
4.56279 2.9014 -2.6976
3.08496 -4.81093 -1.77079
4.88036 2.04337 2.49085
4.17211 1.47875 4.74579
-0.555652 3.30247 -0.657106
-2.85025 -1.76979 -4.94705
-4.22265 -4.63392 4.80953
0.245494 0.240315 -2.3904
0.057588 -2.90561 4.69242
4.58587 -0.152098 -1.66707
-4.72556 0.253329 -0.895741
3.68832 3.082 2.88264
-4.43636 4.97206 1.86974
1.53976 2.71921 1.97042
4.88487 -3.20757 -2.54852
0.317622 1.03131 4.27715
4.71545 -2.95332 -1.11326
-0.424059 -2.84889 -4.23637
0.918853 4.20728 4.92023
0.0511571 -4.34444 2.61756
-3.94782 1.26116 3.89332
-3.65917 2.60103 3.92775
-2.48458 4.86627 -1.38748
2.98392 -3.84732 -4.39038
-1.99205 -4.41763 1.44357
2.22855 -1.12192 -1.71415
-4.48904 0.811893 3.83324
-4.9386 0.767019 4.61612
-0.904734 -4.38224 0.405887
-0.325738 -0.475262 -3.74397
-4.05164 -2.4686 1.29945
2.40962 1.02343 3.76536
-0.658546 -1.28145 -4.40835
4.3947 -1.34744 3.64788
-0.907156 -4.74592 4.41681
-4.69036 4.67157 -2.16236
-4.4909 -4.96215 -1.16872
-0.591559 3.84426 -4.58519
-3.16592 2.00728 -4.92363
-4.36164 -0.539094 -0.0696329
4.05212 3.23246 -0.762033
1.66652 -0.910446 3.56285
2.57746 -4.75613 -4.26222
-2.68302 0.256271 -0.183388
-1.38429 0.923608 -4.565
3.17377 4.46926 1.87316
2.5692 2.66478 -4.9518
0.557201 -0.491969 4.30964
-0.0572947 1.93675 1.54632
4.69381 -4.81079 -4.79098
4.99367 -0.781438 -4.9085
-0.736269 -2.38791 -0.164043
-0.656607 -0.695228 3.29221
-3.44053 4.90605 -4.83785
1.52622 4.83446 4.5313
2.76615 -2.27579 -1.04715
2.23205 -3.91628 3.9137
4.15424 4.50007 4.56107
1.63305 -3.64975 -3.79743
-1.44735 -4.20454 -4.47698
-2.52487 2.16382 -2.9861
3.59522 -0.874373 -2.92067
4.83399 -4.946 4.94567
4.62788 4.47277 -1.40934
-3.77101 4.02099 -4.63838
-2.68034 -3.25393 4.9525
1.79424 2.65692 3.72554
3.23216 1.77482 1.06493
1.24153 -4.21414 -2.3736
-4.70732 3.02414 0.381542
1.09257 -2.16959 2.05638
4.69645 -0.708142 -4.99203
0.763466 2.61731 -2.44154
0.543579 -2.63332 0.746071
-0.78537 -3.04709 -1.74554
-0.620732 -0.377311 -1.49053
4.2621 -1.76206 -3.57038
2.31362 -0.0653761 2.14434
-4.91894 -0.597284 -4.75998
-0.368363 -0.0876373 1.29812
0.831008 -4.87204 4.95147
-1.29797 0.406031 -0.0082471
4.83231 -2.65168 1.32938
-4.55156 -2.95871 -4.29575
-4.12237 2.06389 -0.923785
4.70852 -4.26251 2.12435
-0.786504 0.869244 2.51363
2.45884 -2.65536 2.53712
-3.47128 0.291491 -4.92444
-2.46463 4.10682 2.56079
-4.66704 0.953632 0.130206
1.3834 -1.32651 -4.5641
