2.98804 0.858269 -4.45535
-3.05939 3.35826 -2.91916
-4.12431 4.84525 -2.48256
0.623095 4.2188 -2.9966
-3.81896 4.44344 -1.27734
-1.54765 2.91164 -2.30748
-4.60028 0.210036 0.85641
1.49819 4.00338 -3.36728
1.12322 3.5128 -1.24158
4.92608 4.4207 -3.05633
4.4606 1.72286 2.76916
3.8945 -3.45499 -4.7465
3.48065 -4.43763 2.46548
-4.16072 -3.98236 -4.07692
0.585694 -1.07444 -0.0404393
4.5959 3.83385 3.60358
1.69665 -3.04162 2.28477
4.96995 1.28648 1.69311
1.07843 -4.93286 -0.867967
-1.42305 0.942465 -2.74578
-0.439166 -1.83021 -3.04698
-4.13634 1.65933 0.131559
-4.44477 -3.70818 1.16702
-1.65827 -2.7773 -0.191849
3.99981 -4.63872 4.41929
-4.50708 -3.41111 3.62621
-4.2864 -4.46103 3.41067
3.83624 -4.24898 1.96339
4.40835 0.847374 -2.14002
0.172685 0.193028 -0.221603
1.62207 -0.0530858 -4.19988
-0.177545 0.663635 -3.81171
-3.02116 -4.40851 -1.19529
1.4428 -2.70751 2.49532
2.61389 2.86943 -0.0294742
-2.97453 4.05227 2.06488
-4.59609 -4.30071 1.33011
-2.94311 1.64606 4.34531
2.51378 -2.37024 3.4087
1.53776 -4.19777 1.75876
4.37512 3.43039 -1.90076
0.385939 3.01908 0.750976
-4.98716 -4.93066 3.01691
4.79824 4.02396 -0.27293
2.93586 3.39112 -1.22359
3.7025 -4.95828 1.61318
3.52665 -1.55131 4.56405
4.87557 2.18045 0.903403
4.56662 -0.803597 3.76258
3.99104 -3.72583 -1.92851
-1.39272 2.00627 1.53219
-2.92772 1.20147 0.142754
-3.43897 -3.74032 -3.22083
1.84986 -4.43998 2.51561
0.0199464 3.86007 -4.13764
4.86584 -1.04904 4.72026
-0.808022 3.25563 2.76484
-2.45917 3.70846 -0.870588
-1.63195 -3.93997 3.66779
-1.49616 2.63826 3.67746
3.70515 -2.67874 4.32157
-2.97466 -4.05843 -3.3595
-0.0532319 -0.0187536 -3.07893
3.90758 3.9995 4.72609
-0.0293471 0.129556 -4.23822
0.0292038 4.904 0.751375
-4.47118 -1.85351 -3.74789
4.86223 2.18578 0.352161
-0.411576 0.91164 1.15896
-4.40378 2.0093 -4.2407
-1.57013 -2.47421 -1.2572
-4.7911 -3.50505 2.04561
3.80472 2.28024 3.92168
2.08293 -4.55614 3.55663
-2.94894 3.8996 -1.53588
-2.74584 -4.72238 1.84984
-3.7156 -4.16604 -4.20767
-0.601799 -4.17716 -3.20552
-3.90845 -4.744 -3.66842
-4.39405 -4.95493 -4.29939
-0.489976 1.76349 -2.72397
-2.66985 0.4137 -1.40911
-1.08796 4.83224 -0.459933
-3.38745 3.13705 0.147149
4.65357 1.73671 0.160654
4.48399 3.53224 3.22717
-0.712077 -4.91368 -3.01542
-4.88228 0.769866 -3.20484
-2.68709 -0.160172 4.11459
1.20231 -2.59357 -0.337755
-4.36486 1.43251 -0.695003
-4.28904 -1.75489 -0.801348
1.16505 -4.91962 4.05242
-1.5302 3.66183 4.2229
2.89083 -2.29635 0.0893484
4.92367 3.64371 -4.43724
-0.0162303 -0.199468 -2.46346
-4.27698 -2.28807 -0.633433
-3.69366 2.67111 -3.69073
4.71679 1.42476 4.73354
