2.82097 1.01197 -4.18465
-2.83457 3.45305 -2.68866
-3.80632 4.88304 -2.4325
0.341634 4.12576 -3.06952
-3.82061 4.55758 -1.40721
-1.45519 3.02717 -2.33708
-4.46498 0.0159261 -0.131367
1.75677 3.9611 -3.24607
1.14342 3.62593 -1.23731
-4.84806 4.17692 -3.23719
4.55848 1.72071 2.92684
3.83964 -3.48546 -4.20591
3.54536 -4.37492 2.39813
-4.59187 -3.5542 -4.21902
0.627065 -1.23533 -0.169402
4.63715 4.00308 3.66414
1.72779 -3.19497 2.29391
-4.44631 1.2147 1.4295
0.920176 4.64477 -0.73202
-1.42733 0.930757 -2.78646
-0.268692 -1.84698 -2.92683
-4.02517 1.49186 0.335107
-4.29798 -3.74854 1.10172
-1.67237 -2.7535 -0.208717
4.05192 -4.56805 4.08868
-4.69638 -3.53265 3.67811
-4.59715 -4.29772 2.73659
3.79556 -4.13269 4.2969
4.4317 0.89449 -1.83226
0.248785 -0.111769 -0.630195
1.71806 0.165481 -4.526
-0.526012 0.625586 -4.56195
-2.79657 4.91644 -1.00723
1.41498 -2.69881 2.34386
2.65292 2.85942 -0.21425
-2.94109 4.2096 2.00837
-4.69399 -4.19732 1.3524
-2.8978 1.72097 4.46011
2.20644 -2.08827 3.13095
1.49955 -4.36395 1.95166
4.32879 3.13471 -1.74786
0.481628 2.85784 0.938113
4.93842 -4.84479 1.37787
4.87334 4.2065 -0.346198
3.16194 3.39125 -1.63085
3.41608 2.44951 1.66551
3.53191 -1.61333 4.64815
4.83174 1.99411 0.949531
4.46912 -0.870794 3.82296
4.09953 -3.88616 -1.97454
-1.58157 2.05032 1.54081
-3.0547 1.2156 0.0423243
-3.41491 -3.79233 -3.32822
1.801 -4.29345 2.52911
-0.0369863 4.13844 -4.19123
4.73754 -1.07047 4.76859
-0.894082 3.16177 2.7807
-2.54192 4.03411 -0.949733
-1.53466 -4.04145 3.71084
-1.45636 2.47099 3.77785
3.61028 -2.7633 4.19892
-3.06814 -4.01431 -2.67641
0.204006 0.0487976 -3.23058
3.57128 4.05196 4.63645
0.00205992 0.0332753 -4.44347
-0.0555762 4.87135 1.9578
-4.31733 3.45176 -3.44354
-4.90647 1.97445 0.531049
-0.377717 1.0516 0.830201
-4.52919 2.01546 -4.15465
-2.18584 -2.48138 -1.57161
-4.67039 -3.52629 2.06718
3.86906 2.39502 3.93722
1.63385 -4.54885 3.54129
-2.8835 3.99376 -2.52391
-2.6561 -4.83468 1.91939
-3.82139 -3.91181 -4.02018
-0.637618 -4.2457 -3.26545
-3.77736 -4.92106 -3.46618
-4.40115 -4.79544 -4.36211
-0.374852 1.7985 -2.79168
-2.70143 0.326295 -1.40222
-1.19003 4.9323 -0.413208
-3.31091 3.20202 0.157296
4.83666 1.65117 0.029568
4.60176 3.65435 3.50222
-0.675291 4.95709 -2.62165
4.90036 0.863587 -3.3592
-2.76387 -0.139671 4.04584
1.17134 -2.61586 -0.345876
-4.39431 1.42632 -0.714767
-4.2387 -1.69938 -0.697871
1.33893 -4.76155 4.04883
-1.09446 3.61112 4.37114
2.82056 -2.11185 0.107929
4.95801 3.89197 -4.46235
-0.848885 -0.324329 -1.82311
-3.96508 -2.30708 -0.530941
-3.76583 2.45782 -3.66236
4.40605 1.347 4.42222
