3.42991 1.64067 -1.40727
-3.02996 4.66895 1.78409
-4.67986 -1.5869 0.01569
4.6841 4.64941 0.0337412
-4.29258 -1.77843 4.90346
2.59032 0.838348 -4.56359
0.460086 4.62653 1.36284
2.47484 -4.51265 3.07175
4.56465 2.92219 -2.72222
3.09691 -4.82225 -1.77699
4.89355 2.04505 2.4983
4.15829 1.4878 4.78545
-0.55718 3.32563 -0.662604
-2.87215 -1.7779 -4.99699
-4.18858 -4.61469 4.83968
0.247804 0.24542 -2.40025
0.0574484 -2.91804 4.68199
4.56809 -0.153792 -1.67636
-4.75575 0.254906 -0.903689
3.66635 3.09873 2.89514
-4.46778 4.98048 1.87671
1.54354 2.73308 1.9706
4.91317 -3.22183 -2.55959
0.318731 1.03923 4.31176
4.75424 -2.97174 -1.11448
-0.430025 -2.86586 -4.26762
0.921132 4.26727 4.91519
0.0493268 -4.33308 2.6308
-3.91468 1.27048 3.91678
-3.69212 2.6249 3.89017
-2.49811 4.8742 -1.39682
3.01229 -3.82349 -4.44784
-2.00145 -4.39366 1.44938
2.23921 -1.1191 -1.72474
-4.52725 0.808948 3.85448
-4.96347 0.776275 4.56372
-0.907958 -4.40474 0.405557
-0.333072 -0.470898 -3.74017
-4.09776 -2.4881 1.30796
2.43386 1.02429 3.8
-0.672704 -1.28643 -4.45044
4.39449 -1.36371 3.62804
-0.911296 -4.77461 4.44758
-4.75164 4.68304 -2.18397
-4.53751 -4.90759 -1.17833
-0.598702 3.87707 -4.5616
-3.17858 2.01522 -4.88743
-4.30937 -0.543445 -0.066184
4.0785 3.25463 -0.766094
1.67341 -0.91544 3.58008
2.5906 -4.76745 -4.24518
-2.70114 0.256159 -0.18546
-1.40081 0.932188 -4.52287
3.19579 4.50307 1.87425
2.58121 2.67792 -4.95175
0.561585 -0.492719 4.31057
-0.0589887 1.94759 1.54618
4.67881 -4.73283 -4.88409
-4.9512 -0.791949 -4.85781
-0.745275 -2.40103 -0.165882
-0.661648 -0.701691 3.30694
-3.46473 4.91358 -4.88309
1.54323 4.83224 4.50743
2.77752 -2.28593 -1.04711
2.24143 -3.94265 3.94098
4.18118 4.48825 4.56145
1.63891 -3.66822 -3.82022
-1.46153 -4.19968 -4.47934
-2.53615 2.17468 -3.00555
3.61588 -0.874105 -2.93626
4.87962 4.96106 -4.96774
4.6815 4.44317 -1.41515
-3.79445 4.0498 -4.67492
-2.69184 -3.26891 4.93013
1.80404 2.68242 3.75953
3.2502 1.78054 1.06451
1.24539 -4.25527 -2.38507
-4.74239 3.03864 0.388904
1.09531 -2.17966 2.06463
4.61396 -0.716449 -4.96217
0.765661 2.62832 -2.45236
0.547327 -2.65242 0.748547
-0.791387 -3.06285 -1.75219
-0.626437 -0.378169 -1.49492
4.24843 -1.7729 -3.60161
2.32651 -0.0674534 2.14779
-4.99757 -0.596875 -4.81622
-0.370689 -0.0913372 1.29725
0.809436 -4.87945 4.94739
-1.29647 0.408847 -0.00855428
4.84137 -2.66198 1.33393
-4.55419 -2.97675 -4.28972
-4.06978 2.07603 -0.927273
4.70794 -4.2922 2.13358
-0.793853 0.873926 2.52177
2.47012 -2.66549 2.54482
-3.43461 0.304523 -4.87754
-2.41756 4.14922 2.57494
-4.64887 0.959614 0.136222
1.40545 -1.33069 -4.62046
