2.39615 1.42613 -3.50793
-2.24436 3.7204 -2.08431
-2.97734 -4.95174 -2.30383
-0.40599 3.89496 -3.27362
-3.85567 4.90795 -1.75247
-1.2088 3.34705 -2.42396
-4.12673 -0.505805 -2.76728
2.45617 3.86885 -2.94008
1.20487 3.94306 -1.23113
-4.29569 3.56968 -3.73427
4.86208 1.72038 3.36205
3.72189 -3.57986 -2.79369
3.76002 -4.251 2.22513
4.23605 -2.43168 -4.65205
0.739863 -1.66793 -0.512055
4.77691 4.5066 3.8482
1.81723 -3.61252 2.31989
-2.92104 1.02072 0.736476
0.501827 3.54959 -0.367432
-1.44208 0.899032 -2.90243
0.186849 -1.89793 -2.61338
-3.76507 1.04639 0.878987
-3.92662 -3.8675 0.924935
-1.7118 -2.70668 -0.250529
4.23915 -4.43762 3.2444
4.75715 -3.87255 3.84533
4.91689 -3.91125 0.961829
3.71725 -3.84954 0.510807
4.54055 1.01826 -1.01781
0.455515 -0.924031 -1.72167
1.98142 0.74692 4.57732
-1.46235 0.528194 3.4502
-2.21092 3.14293 -0.484764
1.33379 -2.67196 1.9467
2.76948 2.84212 -0.705711
-2.86854 4.69362 1.86475
4.8296 -3.94246 1.41105
-2.79758 1.92553 4.8087
1.3962 -1.33523 2.40853
1.39599 -4.86207 2.45683
4.26495 2.36266 -1.34706
0.742482 2.44532 1.44298
4.8169 -4.66228 -2.99261
-4.88344 4.7851 -0.540044
3.79087 3.41292 -2.72597
2.67364 2.2286 1.80853
3.55632 -1.78049 4.89865
-4.68585 1.51387 1.11304
4.22895 -1.04912 3.99425
4.41421 -4.33383 -2.10096
-2.08869 2.17185 1.56825
-3.40045 1.25319 -0.225859
-3.37149 -3.99719 -3.63864
1.68078 -3.92853 2.57771
-0.187649 4.90384 -4.36222
4.4157 -1.12816 4.92041
-1.12397 2.92305 2.83053
-2.77251 4.94493 -1.17567
-1.27942 -4.33675 3.84381
-1.35599 2.03283 4.07389
3.37334 -2.99526 3.89215
-3.32715 -3.96714 -0.857352
0.892878 0.22714 -3.64382
2.68815 4.22497 4.42904
0.0874811 -0.227803 4.9845
-0.282899 4.82359 -4.81537
-3.94094 0.918488 -2.64358
4.85713 1.4251 0.986143
-0.285802 1.42518 -0.043272
-4.9066 2.03563 -3.95281
-3.83736 -2.51799 -2.41764
-4.42022 -3.59304 2.13894
4.0569 2.71124 4.0009
0.437714 -4.54962 3.50786
-2.72308 4.29792 4.81716
-2.4227 4.81899 2.11138
-4.15415 -3.28591 -3.57226
-0.732325 -4.47408 -3.43839
-3.44834 4.59283 -2.94534
-4.49835 -4.48105 -4.5951
-0.0656257 1.89499 -2.9796
-2.79996 0.0901323 -1.39146
-1.46136 -4.81286 -0.286302
-3.12961 3.39478 0.188379
-4.50903 1.42363 -0.326915
4.94897 3.98954 4.2537
-0.576105 4.63684 -1.57601
4.37576 1.11074 -3.79518
-2.98278 -0.0881812 3.88153
1.09215 -2.68567 -0.369154
-4.52123 1.41079 -0.775361
-4.12535 -1.55191 -0.424182
1.80609 -4.38468 4.08008
0.0666231 3.49038 4.79256
2.64492 -1.62357 0.15642
-4.92449 4.58701 -4.56338
-3.07119 -0.662787 -0.117776
-3.15268 -2.38108 -0.254651
-3.98352 1.89808 -3.61053
3.61887 1.14003 3.64502
