2.2441 1.58317 -3.26992
-2.02583 3.83028 -1.86065
-2.6705 -4.91482 -2.25825
-0.685407 3.81517 -3.35533
-3.88081 -4.93563 -1.88228
-1.11628 3.47227 -2.46037
-4.00694 -0.702369 -3.75917
2.72233 3.84237 -2.8316
1.23139 4.07005 -1.23119
-4.10173 3.35137 -3.92859
4.99257 1.72222 3.53167
3.68577 -3.62077 -2.2699
3.85321 -4.21926 2.16296
3.812 -2.01708 -4.85776
0.782764 -1.83094 -0.640552
4.84175 4.71392 3.92441
1.85348 -3.76982 2.32845
-2.35135 0.947197 0.479441
0.345896 3.14743 -0.229385
-1.44843 0.886874 -2.94932
0.357952 -1.91939 -2.49883
-3.67712 0.879256 1.08409
-3.79881 -3.91873 0.858719
-1.72701 -2.69461 -0.265579
4.323 -4.4097 2.93632
4.55904 -4.00959 3.91974
-4.90534 -3.78098 0.290939
3.69603 -3.75146 2.83854
4.60943 1.0637 -0.714366
0.534309 -1.22871 -2.13338
2.0828 0.965264 4.25076
-1.81523 0.490313 2.71838
-1.99347 2.48988 -0.285001
1.30243 -2.66336 1.79878
2.81829 2.83945 -0.889848
-2.84957 4.88924 1.81208
4.51172 -3.85369 1.43629
-2.76705 2.00414 4.9564
1.09388 -1.05221 2.14217
1.35716 4.92904 2.64674
4.26399 2.07855 -1.19885
0.842666 2.29666 1.63473
4.79439 -4.6133 -4.63419
-4.81819 -4.95821 -0.611735
4.04101 3.4307 -3.14207
2.40077 -0.345484 1.86327
3.56821 -1.84431 -4.98703
-4.58574 1.34003 1.18875
4.14544 -1.11584 4.063
4.5436 -4.5109 -2.14968
-2.28031 2.21927 1.58027
-3.53309 1.26779 -0.327379
-3.36414 -4.10293 -3.76697
1.63614 -3.80253 2.60271
-0.241494 -4.97212 -4.43989
4.30202 -1.14968 4.98841
-1.21053 2.83745 2.85204
-2.86367 -4.69147 -1.26296
-1.18568 -4.45976 3.90138
-1.31991 1.87112 4.19536
3.28845 -3.08517 3.78356
-3.43129 -3.97435 -0.175376
1.15209 0.293496 -3.80503
2.36066 4.30093 4.35994
0.119389 -0.32663 4.76621
-0.3705 -4.99405 -3.60386
-3.8082 -3.78357 -2.34642
4.8831 1.2183 1.14809
-0.250472 1.56572 -0.370427
4.93648 2.04496 -3.88624
-4.46584 -2.53792 -2.73924
-4.36559 -3.62533 2.17221
4.13472 2.83387 4.03298
-0.0115309 -4.55868 3.49907
-2.66931 4.42831 3.81709
-2.33536 4.69531 2.18733
-4.3047 -3.0661 -3.41956
-0.767965 -4.57916 -3.50831
-3.33313 4.44472 -2.75695
-4.56621 -4.40933 -4.70877
0.0510983 1.93213 -3.05377
-2.84114 0.000756632 -1.39109
-1.56296 -4.7375 -0.237667
-3.0685 3.47539 0.201698
-4.28434 1.34041 -0.455805
-4.90725 4.12194 4.55041
-0.538031 4.52902 -1.18511
4.20298 1.20261 -3.96921
-3.07073 -0.0701607 3.82638
1.06368 -2.71581 -0.378412
-4.58678 1.4058 -0.803389
-4.09098 -1.49813 -0.321784
1.98431 -4.25974 4.10447
0.502374 3.44997 4.96209
2.58288 -1.44128 0.174294
-4.89624 4.86645 -4.61556
-3.90771 -0.791942 0.522434
-2.85465 -2.41538 -0.150052
-4.07532 1.68985 -3.60031
3.33378 1.06268 3.36581
