1.99776 1.84885 -2.88574
-1.66404 4.03445 -1.48942
-2.16087 -4.88631 -2.18608
-1.15078 3.69786 -3.49846
-3.93585 -4.7085 -2.10013
-0.961972 3.69406 -2.52482
-3.81554 -1.03026 4.58108
3.17204 3.81013 -2.65684
1.27958 4.29501 -1.23289
-3.79329 2.99771 -4.26475
-4.79288 1.72852 3.82656
3.63611 -3.69443 -1.39983
4.02298 -4.18299 2.06129
3.16907 -1.33037 -4.57192
0.854968 -2.10267 -0.855606
4.98303 -4.89613 4.06525
1.92048 -4.03947 2.33776
-1.40252 0.824355 0.0517687
0.0882241 2.4847 0.00163481
-1.45998 0.866766 -3.03145
0.642922 -1.95986 -2.31127
-3.53816 0.600388 1.42835
-3.60489 -4.0111 0.758849
-1.7514 -2.67903 -0.290741
4.48307 -4.38429 2.43035
4.24961 -4.25653 4.0628
-4.63631 -3.57378 -0.82871
3.67016 -3.59478 -3.27927
4.77794 1.13842 -0.208872
0.668263 -1.7317 -2.82485
2.25517 1.33144 3.72412
-2.40602 0.426019 1.50622
-1.63281 1.40966 0.047436
1.25019 -2.65251 1.55366
2.90566 2.8406 -1.19691
-2.82564 -4.78433 1.72539
4.00151 -3.71017 1.47819
-2.72388 2.1395 -4.79804
0.590571 -0.580201 1.70216
1.29361 4.60992 2.96885
4.29301 1.61197 -0.954742
1.01261 2.05537 1.95807
4.82053 -4.58822 2.6428
-4.74011 -4.53581 -0.731164
4.47975 3.47521 -3.84646
1.95127 2.03853 1.95609
3.55838 -1.95332 4.77537
-4.58016 1.05676 1.31962
4.0151 -1.22638 4.20281
4.77848 -4.81659 -2.23325
-2.60213 2.30206 1.6029
-3.75733 1.29366 -0.496176
-3.36451 -4.30311 -3.99847
1.55452 -3.60504 2.65833
-0.328585 -4.9441 -4.58403
4.12255 -1.18408 -4.90153
-1.35518 2.69984 2.8922
-3.02113 -4.11369 -1.40791
-1.03207 -4.67767 4.00918
-1.26088 1.60494 4.41427
3.151 -3.23791 3.61184
-3.5926 -3.99865 0.946048
1.5852 0.403865 -4.0829
1.81806 4.44311 4.25494
0.172227 -0.491968 4.41166
-0.515834 -4.51984 -1.58958
-3.59444 -1.5991 -1.85361
-4.85882 0.873264 1.42274
-0.190138 1.801 -0.916097
4.69597 2.06384 -3.78414
4.48089 -2.57398 -3.28097
-4.31004 -3.68934 2.23426
4.2786 3.04509 4.09744
-0.760066 -4.58273 3.48962
-2.58926 4.6725 2.16688
-2.18971 4.5094 2.31816
-4.59167 -2.71039 -3.18171
-0.829429 -4.77081 -3.63118
-3.14893 4.24129 -2.44992
-4.76105 -4.35621 -4.95858
0.246347 1.99604 -3.18191
-2.91504 -0.149642 -1.39457
-1.7323 -4.63143 -0.155389
-2.97335 3.62536 0.225064
-3.93976 1.20343 -0.666794
-4.70434 4.36576 -4.92266
-0.473187 4.36543 -0.533837
3.93084 1.35584 -4.2729
-3.22421 -0.0410029 3.74429
1.01809 -2.77109 -0.393898
-4.73622 1.4006 -0.856089
-4.04216 -1.41012 -0.152095
2.28422 -4.07253 4.16064
1.22952 3.39091 -4.75491
2.48406 -1.13781 0.203816
-4.89451 -4.62526 -4.73328
4.68703 -1.00882 1.59263
-2.36386 -2.47605 0.0251099
-4.25375 1.3444 -3.5925
2.87065 0.935885 2.9108
