1.9495 1.90271 -2.81024
-1.59198 4.0787 -1.41526
-2.05923 -4.88453 -2.17214
-1.24393 3.67649 -3.52809
-3.94907 -4.66659 -2.14409
-0.931018 3.74083 -2.53816
-3.77852 -1.09592 4.24955
3.26308 3.80566 -2.62263
1.28981 4.34231 -1.23341
-3.73357 2.9284 -4.33369
-4.7537 1.73043 3.88787
3.62781 -3.70988 -1.22606
4.05882 -4.17745 2.04125
3.0433 -1.19164 -4.43885
0.869536 -2.15699 -0.898833
-4.98381 -4.81414 4.09669
1.9345 -4.09496 2.33945
-1.21272 0.799549 -0.0336977
0.0370682 2.35319 0.0480576
-1.46242 0.862787 -3.04843
0.699881 -1.96876 -2.27375
-3.51113 0.544602 1.49755
-3.57592 -4.03046 0.743306
-1.75598 -2.67655 -0.295937
4.51822 -4.38111 2.32998
4.19082 -4.30795 4.09479
-4.58635 -3.5331 -1.05276
3.66672 -3.56459 -2.50423
4.82076 1.15334 -0.107491
0.695449 -1.83131 -2.9651
2.2903 1.40523 3.62148
-2.52453 0.413006 1.26485
-1.56102 1.19484 0.113888
1.23982 -2.65086 1.50489
2.92407 2.84174 -1.25835
-2.82178 -4.72618 1.70829
3.90116 -3.6818 1.48637
-2.71622 2.1674 -4.7522
0.489989 -0.485783 1.61469
1.2811 4.55201 3.0344
4.30465 1.51959 -0.906379
1.04688 2.0081 2.02345
4.82967 -4.58862 2.10046
-4.72928 -4.45458 -0.755014
4.57136 3.48678 -3.98937
1.8622 4.51607 1.97498
3.55593 -1.97657 4.68096
-4.58606 1.00177 1.34595
3.99049 -1.24835 4.2361
4.82859 -4.87922 -2.25036
-2.66691 2.31934 1.60786
-3.80182 1.29957 -0.528952
-3.36653 -4.34604 -4.04736
1.53765 -3.56653 2.67074
-0.345891 -4.94031 -4.61483
4.08822 -1.19073 -4.8856
-1.38416 2.67311 2.90101
-3.05368 -4.00073 -1.43705
-1.00188 -4.72307 4.03308
-1.2492 1.55219 4.46105
3.12416 -3.26884 3.57868
-3.61102 -4.00493 1.16307
1.67201 0.425949 -4.13974
1.70992 4.47395 4.23573
0.182746 -0.525105 4.34202
-0.544656 -4.42743 -1.187
-3.55274 -3.16094 -1.75553
-4.80434 0.803329 1.47913
-0.177837 1.8483 -1.02544
4.65111 2.06817 -3.7648
4.27759 -2.5814 -3.39065
-4.30452 -3.70323 2.24768
4.30982 3.08872 4.1123
-0.909605 -4.58879 3.48833
-2.57542 4.73063 1.83865
-2.16014 4.47649 2.34489
-4.65957 -2.64021 -3.13617
-0.841838 -4.81115 -3.65673
-3.11322 4.20588 -2.38924
-4.80794 -4.34901 4.9813
0.285482 2.00916 -3.20814
-2.93058 -0.179917 -1.3958
-1.76625 -4.61299 -0.138768
-2.95523 3.65798 0.229856
-3.8763 1.17557 -0.710727
-4.66833 4.42051 -4.81447
-0.460012 4.33523 -0.403491
3.87848 1.38664 -4.33576
-3.25581 -0.0351923 3.7294
1.00925 -2.78292 -0.396906
-4.77306 1.40005 -0.867141
-4.03375 -1.39267 -0.118212
2.34469 -4.03802 4.17437
1.37511 3.38019 -4.70021
2.46495 -1.07713 0.209697
-4.89831 -4.52654 -4.76058
4.4076 -1.05241 1.80721
-2.26677 -2.48849 0.0604494
-4.29289 1.27551 -3.5921
2.78004 0.910845 2.82118
