1.90157 1.95684 -2.73511
-1.51998 4.12415 -1.34114
-1.95767 -4.88396 -2.15837
-1.33712 3.65576 -3.55806
-3.96311 -4.62546 -2.18824
-0.900004 3.78847 -2.55165
-3.74186 -1.16161 3.91841
3.35455 3.80189 -2.58865
1.30023 4.39044 -1.234
-3.67443 2.85951 -4.40315
-4.71566 1.73257 3.95006
3.62011 -3.72559 -1.0523
4.09531 -4.17237 2.0213
2.91776 -1.05289 -4.30725
0.884156 -2.21131 -0.942161
-4.95212 -4.73292 4.12911
1.94867 -4.15111 2.34117
-1.02277 0.77459 -0.119223
-0.0139665 2.22198 0.0945701
-1.4649 0.858823 -3.06559
0.756873 -1.97775 -2.23626
-3.48434 0.488815 1.56687
-3.54725 -4.05016 0.727419
-1.7604 -2.67431 -0.301278
4.55459 -4.37833 2.23029
4.13422 -4.35988 4.12764
-4.53777 -3.49264 -1.27686
3.66388 -3.53468 -1.72945
4.86638 1.16831 -0.00598028
0.722684 -1.93097 -3.10604
2.32569 1.47926 3.51969
-2.64315 0.399939 1.0237
-1.48958 0.980487 0.180478
1.22952 -2.64943 1.45622
2.94279 2.84318 -1.31981
-2.81826 -4.67281 1.69133
3.80121 -3.6535 1.49447
-2.70882 2.19557 -4.70737
0.389458 -0.391363 1.52739
1.26864 4.49575 3.10043
4.31875 1.42745 -0.858172
1.08132 1.96113 2.08908
4.84018 -4.58962 1.55807
-4.72019 -4.37434 -0.778795
4.6646 3.49927 -4.13308
1.77332 -3.00514 1.99392
3.55378 -2 4.5882
-4.59221 0.947713 1.37196
3.9664 -1.27026 4.27112
4.8799 -4.94241 -2.26761
-2.73183 2.33687 1.61295
-3.84633 1.30631 -0.560689
-3.36907 -4.38995 -4.09737
1.52073 -3.52838 2.68343
-0.363153 -4.9371 -4.64635
4.05436 -1.19732 -4.87169
-1.41317 2.64664 2.91008
-3.08655 -3.88852 -1.46629
-0.971796 -4.76913 4.05797
-1.23756 1.49958 4.50881
3.09761 -3.29991 3.54579
-3.63019 -4.01173 1.38077
1.75889 0.44805 -4.197
1.60191 4.50557 4.21714
0.193254 -0.558263 4.27277
-0.573409 -4.3358 -0.784483
-3.51134 -4.72284 -1.6576
-4.75242 0.732538 1.53647
-0.165466 1.89573 -1.1349
4.60718 2.07266 -3.74578
4.07622 -2.58895 -3.50105
-4.30115 -3.71742 2.26146
4.34189 3.13285 4.1279
-1.05913 -4.59523 3.48716
-2.56188 4.79623 1.5106
-2.13058 4.44472 2.37196
-4.72993 -2.57018 -3.09131
-0.854258 -4.85221 -3.68259
-3.07787 4.17192 -2.32874
-4.85627 -4.34234 4.96725
0.324641 2.02239 -3.23459
-2.94644 -0.210242 -1.39724
-1.80026 -4.5955 -0.122101
-2.93743 3.69148 0.234665
-3.81441 1.14657 -0.756601
-4.63325 4.47733 -4.70769
-0.446768 4.3059 -0.273102
3.82677 1.41753 -4.39936
-3.28769 -0.0293508 3.71495
1.0005 -2.795 -0.399862
-4.81224 1.39963 -0.878343
-4.02578 -1.37525 -0.0843383
2.40543 -4.0044 4.18889
1.52078 3.3698 -4.64615
2.44604 -1.01645 0.215574
-4.90306 -4.42899 -4.8077
4.12932 -1.09603 2.02197
-2.17009 -2.50099 0.0960181
-4.33305 1.20666 -3.59208
2.69001 0.885871 2.73191
