1.85397 2.01124 -2.66032
-1.44804 4.17085 -1.26705
-1.85616 -4.88456 -2.14478
-1.43037 3.63566 -3.58835
-3.97812 -4.585 -2.2327
-0.868919 3.83701 -2.56533
-3.70555 -1.22737 3.5876
3.44649 3.79886 -2.55491
1.31084 4.43943 -1.23468
-3.61584 2.79103 -4.47314
-4.67874 1.73494 4.01318
3.61301 -3.74158 -0.878435
4.13247 -4.16767 2.00152
2.79248 -0.914127 -4.17671
0.898831 -2.26564 -0.985608
-4.9218 -4.65238 4.16255
1.96297 -4.20773 2.34294
-0.832674 0.749577 -0.204845
-0.0648817 2.09104 0.141173
-1.46743 0.854875 -3.08294
0.813903 -1.9868 -2.19883
-3.45777 0.43303 1.63635
-3.51895 -4.07021 0.711407
-1.76467 -2.67232 -0.306843
4.59261 -4.37614 2.13112
4.07976 -4.41233 4.16136
-4.4906 -3.45232 -1.50111
3.66171 -3.50496 -0.954969
4.91461 1.18335 0.0956594
0.74996 -2.03076 -3.24759
2.36137 1.55359 3.41872
-2.76193 0.386839 0.782683
-1.41847 0.766361 0.247286
1.21917 -2.64808 1.40751
2.96183 2.84494 -1.38129
-2.81505 -4.62402 1.67462
3.7016 -3.62526 1.50252
-2.70168 2.22404 -4.66352
0.288972 -0.296926 1.44023
1.25627 4.4411 3.16685
4.33568 1.33552 -0.810104
1.11591 1.9145 2.15497
4.85178 -4.59105 1.01561
-4.71298 -4.29498 -0.802482
4.75965 3.51271 -4.27769
1.68467 -0.526479 2.01296
3.55195 -2.02359 4.4968
-4.59882 0.894732 1.39749
3.94281 -1.29209 4.30794
4.93252 4.99384 -2.28503
-2.79692 2.35466 1.61818
-3.89146 1.31388 -0.591586
-3.37213 -4.43487 -4.14853
1.50376 -3.49056 2.69649
-0.380368 -4.93443 -4.67862
4.02095 -1.20387 -4.85979
-1.4422 2.62042 2.91941
-3.11971 -3.77673 -1.49564
-0.94172 -4.81584 4.08386
-1.22594 1.44711 4.55755
3.07136 -3.33111 3.5132
-3.65021 -4.01912 1.59879
1.84585 0.470178 -4.25468
1.494 4.53796 4.19916
0.203748 -0.591436 4.20389
-0.602089 -4.2449 -0.382008
-3.47029 3.71441 -1.55966
-4.70282 0.660704 1.59498
-0.153027 1.9433 -1.24447
4.56411 2.07734 -3.72705
3.87632 -2.59668 -3.61222
-4.29978 -3.7319 2.27565
4.37481 3.1775 4.14426
-1.20871 -4.60205 3.48612
-2.5485 4.86937 1.1826
-2.10109 4.41405 2.39931
-4.80221 -2.50027 -3.04708
-0.866686 -4.89399 -3.70878
-3.04286 4.1396 -2.26845
-4.90598 -4.3361 -4.9419
0.363822 2.03574 -3.26125
-2.9626 -0.240623 -1.39892
-1.83433 -4.579 -0.105393
-2.91994 3.72594 0.239495
-3.75302 1.11647 -0.804087
-4.59915 4.53616 -4.60222
-0.433448 4.27742 -0.142667
3.77569 1.44851 -4.46372
-3.31985 -0.0234633 3.70093
0.991847 -2.80733 -0.402768
-4.85377 1.39937 -0.889686
-4.01824 -1.35787 -0.0504788
2.46644 -3.97157 4.2042
1.66655 3.35973 -4.59269
2.42734 -0.955739 0.221439
-4.9088 -4.33256 -4.90011
3.85203 -1.13964 2.23695
-2.07383 -2.51353 0.131891
-4.37418 1.13786 -3.59243
2.60051 0.86097 2.64297
