1.71308 2.17595 -2.43779
-1.23232 4.3179 -1.04501
-1.552 -4.89373 -2.1049
-1.7105 3.57893 -3.68111
-4.02795 -4.47113 -2.36722
-0.775228 3.98838 -2.60748
-3.59838 -1.42499 2.59673
3.72552 3.79316 -2.45495
1.34378 4.59132 -1.23719
-3.44339 2.58763 -4.68644
-4.57459 1.74325 4.20882
3.59416 -3.79539 -0.356397
4.24845 -4.1558 1.94363
2.4183 -0.497965 -3.78946
0.943245 -2.42894 -1.11672
-4.83892 -4.41451 4.27526
2.00651 -4.38045 2.34869
-0.261942 0.674538 -0.462124
-0.217012 1.69976 0.281443
-1.47527 0.843062 -3.13617
0.985272 -2.01428 -2.08731
-3.37904 0.265649 1.8457
-3.43649 -4.13298 0.663175
-1.77692 -2.66805 -0.325576
4.71778 -4.37368 1.83554
3.92761 -4.57337 4.27
-4.35627 -3.33433 -2.1751
3.65972 -3.41286 1.36721
-4.92949 1.22912 0.401282
0.832025 -2.33117 -3.67561
2.47064 1.77848 3.12063
-3.11994 0.34741 0.0601425
-1.20606 0.124109 0.448607
1.18856 -2.64528 1.26203
3.02099 2.85185 -1.56586
-2.8068 -4.49027 1.6261
3.40453 -3.54111 1.52676
-2.68157 2.31091 -4.53752
-0.0123119 -0.0137022 1.1797
1.21976 4.28576 3.36863
4.40869 1.06028 -0.666446
1.21902 1.77639 2.35496
4.89285 -4.59779 -0.611769
-4.70485 -4.06384 -0.873573
-4.94292 3.55807 -4.7178
1.42036 -3.08862 2.07058
3.54835 -2.09546 4.22933
-4.62392 0.74147 1.47106
3.87515 -1.35711 4.4308
-4.90385 4.81014 -2.33807
-2.99324 2.40959 1.63474
-4.03148 1.33907 -0.682396
-3.38441 -4.57749 -4.30748
1.45282 -3.37878 2.73723
-0.431732 -4.92975 -4.78053
3.92325 -1.22334 -4.83627
-1.52946 2.54328 2.94903
-3.22129 -3.44508 -1.58461
-0.851353 -4.96001 4.16764
-1.1913 1.29036 4.70974
2.99432 -3.4256 3.41712
-3.71507 -4.04475 2.25434
2.1072 0.536779 -4.43024
1.17082 4.63972 4.14878
0.235146 -0.691088 3.99944
-0.687697 -3.97601 0.825483
-3.349 -0.971661 -1.26633
-4.56391 0.439355 1.77801
-0.115345 2.08702 -1.57383
4.43972 2.09225 -3.67258
3.28292 -2.62157 -3.95032
-4.30695 -3.77707 2.32119
4.47846 3.31451 4.19867
-1.65794 -4.62497 3.48447
-2.50975 -4.88917 0.198977
-2.01317 4.32839 2.48293
4.97192 -2.29191 -2.91755
-0.904035 4.97593 -3.7893
-2.9397 4.04918 -2.0887
-4.94821 -4.37467 4.94845
0.481498 2.07647 -3.3426
-3.01278 -0.332461 -1.40534
-1.93703 -4.53654 -0.0553209
-2.8694 3.83505 0.254175
-3.56993 1.02349 -0.950472
-4.50346 4.72374 -4.29052
-0.393039 4.19649 0.248902
3.62618 1.54201 -4.66148
-3.41805 -0.00562164 3.66175
0.966376 -2.84587 -0.411118
-4.99279 1.39936 -0.924489
-3.99815 -1.30614 0.0510529
2.65125 -3.87753 4.2554
2.1045 3.33134 -4.43555
2.37245 -0.773581 0.23895
-4.97877 -4.026 4.97211
3.02466 -1.27052 2.8836
-1.78707 -2.55165 0.242168
-4.50303 0.931474 -3.59569
2.33503 0.786519 2.37819
