1.62084 2.2871 -2.29082
-1.08846 4.42195 -0.897193
-1.34943 -4.90618 -2.07908
-1.89758 3.54349 -3.74454
-4.06358 -4.40114 -2.45808
-0.712391 4.09388 -2.63663
-3.52819 -1.55699 1.93705
3.91532 3.7923 -2.38946
1.36672 4.69671 -1.23934
-3.33071 2.45356 -4.83198
-4.51015 1.74973 4.34508
3.58413 -3.83275 -0.00891118
4.33029 -4.14979 1.90639
2.17012 -0.220725 -3.53394
0.973252 -2.53835 -1.20485
-4.79111 -4.25867 4.35506
2.03605 -4.49812 2.35289
0.118784 0.624551 -0.63393
-0.318046 1.44017 0.375315
-1.48066 0.835216 -3.1727
1.09981 -2.03286 -2.01375
-3.32707 0.154117 1.98597
-3.38341 -4.17634 0.631022
-1.78519 -2.66643 -0.339908
4.81097 -4.37537 1.6389
3.83387 -4.68419 4.34639
-4.27274 -3.25805 -2.62625
3.66246 -3.35134 2.9147
-4.82828 1.26043 0.605479
0.886934 -2.53263 -3.964
2.5458 1.93014 2.92536
-3.36004 0.321188 -0.421017
-1.06483 -0.304087 0.583198
1.16853 -2.64427 1.16523
3.06232 2.8578 -1.68909
-2.8023 -4.40507 1.5947
3.2068 -3.48613 1.54356
-2.66875 2.37002 -4.45785
-0.212712 0.175097 1.0069
1.19611 4.18853 3.50525
4.47797 0.876819 -0.570827
1.28782 1.6859 2.49002
4.93042 -4.60494 -1.69666
-4.72095 -3.91359 -0.921451
-4.74564 3.59282 4.98072
1.2449 1.87147 2.10929
3.5477 -2.14419 4.05529
-4.64479 0.642514 1.51866
3.83255 -1.40008 4.52538
-4.79691 4.69391 -2.37424
-3.12494 2.44761 1.64644
-4.12811 1.35712 -0.742575
-3.39507 -4.68081 -4.42037
1.41889 -3.30587 2.76598
-0.465739 -4.93172 -4.85362
3.86006 -1.23613 -4.8321
-1.58776 2.49304 2.97011
-3.29074 -3.22648 -1.64494
-0.791105 4.9427 4.22921
-1.16831 1.1863 4.81624
2.9444 -3.48942 3.35425
-3.76145 -4.06435 2.69278
2.28193 0.581442 -4.54958
0.955711 4.71153 4.11808
0.256013 -0.757618 3.86486
-0.744518 -3.79907 1.63079
-3.26929 -4.09594 -1.07143
-4.47593 0.288765 1.90502
-0.0899768 2.18373 -1.79388
4.36077 2.10294 -3.63774
2.89072 -2.6396 -4.18084
-4.32173 -3.80826 2.35342
4.55307 3.40856 4.23998
-1.95784 -4.64293 3.48485
-2.48588 -4.73297 -0.456553
-1.955 4.27654 2.53977
4.82475 -2.15389 -2.83425
-0.928983 4.89157 -3.84481
-2.87222 3.99356 -1.96961
-4.85555 -4.42196 4.74031
0.560089 2.10415 -3.39805
-3.04726 -0.393799 -1.41104
-2.00535 -4.51264 -0.0221617
-2.8372 3.91416 0.264098
-3.449 0.961484 -1.04948
-4.44405 4.85774 -4.08802
-0.36574 4.14588 0.510159
3.52973 1.60494 -4.79743
-3.48492 0.00632268 3.63801
0.949798 -2.87283 -0.416432
4.90718 1.40021 -0.948357
-3.98677 -1.27201 0.118771
2.77616 -3.81824 4.29393
2.39723 3.31391 -4.33329
2.33693 -0.652078 0.250547
4.92126 -3.81765 4.94763
2.47563 -1.35761 3.31651
-1.59657 -2.5775 0.317957
-4.59306 0.793918 -3.59982
2.16037 0.737102 2.20316
