1.57515 2.3431 -2.21772
-1.01648 4.47585 -0.82334
-1.24818 -4.91444 -2.0664
-1.99123 3.52635 -3.77676
-4.0824 -4.36787 -2.50394
-0.680866 4.14804 -2.65155
-3.49345 -1.62307 1.6074
4.01149 3.79283 -2.35709
1.37847 4.75063 -1.24056
-3.27496 2.38689 -4.90611
-4.47935 1.75322 4.41504
3.57982 -3.85183 0.164741
4.3728 -4.14738 1.8881
2.04631 -0.0821644 -3.40679
0.98837 -2.59332 -1.24912
-4.77039 -4.18135 4.39519
2.05096 -4.55764 2.35508
0.30921 0.599569 -0.71993
-0.368537 1.31072 0.422319
-1.48343 0.831292 -3.1913
1.15718 -2.04223 -1.97725
-3.30122 0.0983758 2.05628
-3.35739 -4.19848 0.614973
-1.78949 -2.66593 -0.3475
4.86035 -4.37715 1.54046
3.78873 -4.74076 4.38545
-4.23309 -3.22058 -2.85267
3.66479 -3.32078 3.68873
-4.77923 1.27636 0.707668
0.914411 -2.63381 -4.10925
2.58421 2.00652 2.82861
-3.48091 0.307966 -0.661418
-0.994391 -0.518259 0.650525
1.15867 -2.6441 1.11693
3.0835 2.86117 -1.75079
-2.80038 -4.3634 1.57923
3.10825 -3.45884 1.55189
-2.66246 2.39993 -4.41927
-0.312758 0.269525 0.92077
1.18456 4.14146 3.57422
4.51501 0.784986 -0.523004
1.32242 1.64067 2.559
4.95256 -4.60997 -2.23922
-4.73395 -3.83945 -0.945347
-4.65002 3.61169 4.83062
1.15722 4.35201 2.1283
3.54791 -2.16873 3.96927
-4.65656 0.593592 1.54233
3.81193 -1.4215 4.57768
-4.74509 4.63809 -2.39264
-3.19108 2.46702 1.65246
-4.17824 1.36642 -0.772689
-3.40125 -4.73559 -4.47945
1.40192 -3.26986 2.78071
-0.482681 -4.9355 -4.89213
3.82899 -1.24245 -4.83431
-1.61696 2.46822 2.98104
-3.32612 -3.11771 -1.6755
-0.761031 4.89684 4.26213
-1.15686 1.13433 4.87102
2.91973 -3.52164 3.32315
-3.78554 -4.07493 2.91259
2.36947 0.603842 -4.61001
0.848219 4.74858 4.10356
0.266413 -0.790924 3.79807
-0.772899 -3.71118 2.0336
-3.22987 4.34143 -0.974071
-4.4331 0.212997 1.9696
-0.0772617 2.23235 -1.90406
4.32237 2.10851 -3.62083
2.69522 -2.64904 -4.29797
-4.33222 -3.82422 2.3698
4.59262 3.45647 4.26175
-2.10792 -4.65307 3.48551
-2.47462 -4.65735 -0.784553
-1.92604 4.25202 2.5685
4.75401 -2.08508 -2.79351
-0.941483 4.85125 -3.87319
-2.83887 3.96709 -1.9103
-4.82271 -4.44864 4.63981
0.599425 2.11813 -3.42617
-3.06502 -0.424621 -1.41434
-2.03935 -4.50192 -0.00543191
-2.82153 3.95558 0.269122
-3.38926 0.930681 -1.09939
-4.41545 4.92742 -3.98851
-0.351997 4.12142 0.640858
3.48244 1.6366 -4.86677
-3.51881 0.0122819 3.62685
0.941616 -2.88669 -0.419017
4.85962 1.40091 -0.960497
-3.9817 -1.25503 0.152614
2.83911 -3.78954 4.31458
2.54386 3.30563 -4.28289
2.31948 -0.591322 0.256317
4.87889 -3.71367 4.93659
2.20153 -1.40112 3.53369
-1.50131 -2.59066 0.356358
-4.6393 0.72514 -3.60251
2.0737 0.712398 2.11603
