1.52975 2.39939 -2.14486
-0.944443 4.53096 -0.749509
-1.14694 -4.92415 -2.05388
-2.08496 3.50959 -3.80934
-4.10231 -4.33576 -2.55008
-0.649267 4.20323 -2.66672
-3.45893 -1.68922 1.27784
4.1086 3.79403 -2.32497
1.3904 4.8054 -1.24189
-3.21958 2.32043 -4.98128
-4.44948 1.75686 4.48629
3.57597 -3.87122 0.338321
4.41646 -4.14538 1.87004
1.92265 0.056369 -3.28
1.00356 -2.64854 -1.29353
-4.75173 -4.10414 4.43546
2.06598 -4.61782 2.35734
0.499684 0.574595 -0.805983
-0.419016 1.18148 0.469347
-1.48624 0.827362 -3.21014
1.21463 -2.05165 -1.94092
-3.27545 0.0426449 2.12673
-3.3317 -4.22102 0.598928
-1.79391 -2.66567 -0.355317
4.91146 -4.37952 1.44189
3.74462 -4.79817 4.4251
-4.1948 -3.1836 -3.07975
3.6679 -3.29044 4.46314
-4.73105 1.29248 0.809908
0.941887 -2.73533 -4.2553
2.62315 2.08327 2.73235
-3.60253 0.294535 -0.901697
-0.924047 -0.732527 0.717889
1.14893 -2.64419 1.0687
3.10501 2.86478 -1.81256
-2.79868 -4.32233 1.56392
3.00993 -3.4317 1.56022
-2.65629 2.4301 -4.38152
-0.412711 0.363983 0.834825
1.17322 4.09533 3.64376
4.5537 0.693058 -0.475158
1.35708 1.5957 2.6284
4.97735 -4.61671 -2.78192
-4.74859 -3.7661 -0.969279
-4.55671 3.63162 4.68204
1.06962 -3.16639 2.1474
3.54852 -2.19333 3.88383
-4.6692 0.544914 1.56599
3.79176 -1.44293 4.63428
-4.69506 4.58434 -2.41123
-3.25742 2.48669 1.6586
-4.22961 1.37589 -0.802829
-3.408 -4.79264 -4.54045
1.38496 -3.2342 2.79566
-0.499586 -4.94144 -4.93227
3.79826 -1.24871 -4.84011
-1.6462 2.44357 2.99223
-3.36194 -3.00934 -1.70628
-0.731016 4.85304 4.29683
-1.14544 1.0824 4.92686
2.89523 -3.5541 3.29219
-3.81028 -4.08604 3.13282
2.45715 0.626275 -4.67097
0.740755 4.78642 4.08961
0.276787 -0.824252 3.73158
-0.801287 -3.62367 2.43655
-3.19079 2.77993 -0.876733
-4.39101 0.13701 2.03478
-0.0645355 2.28113 -2.01434
4.28463 2.11421 -3.60429
2.50005 -2.65877 -4.41652
-4.34463 -3.8405 2.38632
4.63395 3.50499 4.28408
-2.2581 -4.66393 3.48651
-2.46362 -4.58377 -1.11275
-1.89717 4.22839 2.59743
4.685 -2.01642 -2.75335
-0.954004 4.81211 -3.90202
-2.80575 3.94141 -1.8512
-4.79429 -4.47767 4.54157
0.638791 2.13221 -3.45457
-3.0831 -0.455601 -1.41793
-2.07338 -4.49221 0.0113881
-2.80613 3.99811 0.274233
-3.32994 0.900108 -1.14957
-4.38762 4.99894 -3.89001
-0.338206 4.09747 0.771599
3.43574 1.66842 -4.93705
-3.55301 0.018226 3.61615
0.933499 -2.90081 -0.42156
4.81361 1.40178 -0.97276
-3.97704 -1.23813 0.186435
2.9024 -3.76149 4.33625
2.69068 3.29766 -4.23298
2.30222 -0.530568 0.262078
4.83953 -3.60986 4.92629
1.9276 -1.44463 3.75148
-1.40602 -2.60406 0.394999
-4.68636 0.656356 -3.60565
1.9874 0.687705 2.02912
