-3.58958 2.38867 -0.65828
-2.69238 -4.65381 1.55168
4.48806 -1.27721 -0.0442036
-4.54485 -4.5851 0.0569162
-4.83771 -1.27936 -4.60133
1.99489 0.781553 4.08334
0.390416 -4.20393 1.30084
2.13463 4.01268 2.39147
-4.42717 2.25865 -1.96543
2.6897 4.82065 -1.58774
-4.95281 2.11955 2.29707
-4.17632 1.21089 3.61934
-0.516014 2.56442 -0.464585
-2.13812 -1.51901 -3.58908
4.10953 3.99574 -4.65546
0.166669 0.0570956 -2.05343
0.0600853 -2.4536 -4.34639
-4.15645 -0.10171 -1.40034
4.30749 0.191721 -0.599702
-4.43596 2.51362 2.46629
-3.63448 -4.96413 1.64783
1.41683 2.25993 2.01319
4.01653 -2.78182 -2.18091
0.254487 0.805459 3.23336
3.54912 -2.42173 -1.08543
-0.203809 -2.24525 -3.46432
0.837325 2.92347 -4.9699
0.104417 4.46459 2.24705
4.04713 1.14037 3.18963
-2.761 2.04194 -3.95922
-2.13706 4.96583 -1.09975
2.22678 4.29235 -2.85615
-1.70839 3.78416 1.28303
1.93609 -1.24789 -1.36638
-3.41531 0.764556 3.22208
4.71996 0.457267 -3.76973
-0.793606 -3.69864 0.409476
0.00364127 -0.47167 4.42627
-2.89279 -1.92185 1.05577
1.64222 1.10353 2.80315
-0.125083 -1.21475 -3.22005
4.20676 -0.848691 -3.84813
-0.778051 -3.80781 3.62459
-3.2717 -4.43648 -1.59186
-3.53244 2.78245 -0.699475
-0.359454 2.98824 4.09873
-2.73246 1.69214 3.86148
3.74601 -0.39795 -0.17768
3.30347 2.46094 -0.618688
1.45034 -0.718065 3.01422
2.14791 4.78081 4.32282
-1.99773 0.265519 -0.0966538
-0.749442 0.662088 3.54935
2.42716 3.59178 1.91426
2.18991 2.31159 4.97108
0.371161 -0.474981 -4.61949
0.00851551 1.57314 1.58011
4.31067 3.56497 3.68113
-3.49907 -0.60713 4.68372
-0.423821 -1.95704 -0.0939464
-0.484752 -0.437351 2.83236
-2.771 4.90132 -3.71494
1.28296 4.90823 4.78935
2.39826 -1.92187 -1.06154
1.92969 -3.06687 3.13319
3.41591 -4.18085 -4.43897
1.41907 -2.97971 -3.1123
-0.996825 4.43912 4.25951
-2.19091 1.8166 -2.40523
2.96621 -0.883669 -2.42371
-4.81332 -3.20549 4.61971
3.33028 -3.76916 -1.25948
-3.11805 3.18255 -3.67178
-2.31187 -2.77887 -4.23277
1.47087 1.86172 2.72145
2.65649 1.58892 1.09405
1.10414 -2.85698 -2.05471
-3.71681 2.52278 0.0308187
1.00128 -1.81644 1.79354
-3.27785 -0.261893 3.37621
0.689476 2.28483 -2.08347
0.40792 -2.00919 0.643277
-0.574009 -2.52742 -1.53968
-0.413947 -0.350077 -1.36223
-4.12015 -1.41576 -2.70875
1.88813 0.0291919 2.04745
4.59707 -0.502603 4.18513
-0.276663 0.0604419 1.37205
1.17657 4.77536 -3.75748
-1.43645 0.310033 -0.0107214
-4.74478 -2.36893 1.19164
4.33277 -2.44815 4.48189
3.58275 1.83007 -0.686392
-4.66984 -3.5078 1.83351
-0.517314 0.717794 2.28
2.08202 -2.31752 2.30163
-4.93118 -0.149116 -4.48882
4.18904 2.73448 2.23139
-4.86163 0.741413 -0.0532532
0.574747 -1.212 -3.09422
