1.4398 2.513 -1.9998
-0.800223 4.64464 -0.601878
-0.944471 -4.94796 -2.02926
-2.27266 3.47735 -3.87568
-4.14483 -4.27451 -2.64302
-0.585838 4.31725 -2.69786
-3.39051 -1.82172 0.618971
4.30602 3.79851 -2.26141
1.41486 4.91759 -1.24483
-3.10972 2.18808 4.86793
-4.39246 1.76467 4.63238
3.56954 -3.91081 0.685237
4.50755 -4.14257 1.83462
1.6758 0.333404 -3.02751
1.03415 -2.75978 -1.38279
-4.72035 -3.9498 4.51744
2.09633 -4.73955 2.36206
0.880783 0.524703 -0.978242
-0.519916 0.923966 0.563316
-1.49197 0.819499 -3.24863
1.32979 -2.07057 -1.86884
-3.22416 -0.0687975 2.26797
-3.28131 -4.26718 0.566803
-1.80316 -2.66579 -0.371485
-4.98142 -4.3859 1.24444
3.65917 -4.91552 4.50635
-4.12177 -3.11082 -3.53628
3.6763 -3.23036 -3.98873
-4.63692 1.32533 1.01454
0.996774 -2.93946 -4.55027
2.70266 2.23802 2.54103
-3.84907 0.266839 -1.38244
-0.783491 -1.16128 0.852792
1.1298 -2.64499 0.972275
3.14909 2.87279 -1.93638
-2.79595 -4.24186 1.53374
2.81394 -3.37781 1.57694
-2.64443 2.49139 -4.31031
-0.612543 0.552636 0.663474
1.15121 4.00596 3.78463
4.6363 0.508967 -0.379395
1.42665 1.50663 2.76852
-4.96896 -4.63392 -3.86833
-4.78173 -3.62137 -1.01737
-4.37756 3.67503 4.3887
0.894378 1.79623 2.18576
3.55095 -2.24261 3.7145
-4.69708 0.448064 1.61348
3.7528 -1.48592 4.76621
-4.59845 4.48143 -2.44882
-3.39073 2.52684 1.67119
-4.33624 1.39529 -0.863196
-3.42322 -4.91272 -4.66867
1.35129 -3.16379 2.82668
-0.533289 -4.96111 4.98112
3.73784 -1.26088 -4.86703
-1.70476 2.39483 3.01535
-3.43488 -2.79347 -1.76847
-0.671191 4.77313 4.37324
-1.12267 0.978646 -4.9583
2.84695 -3.61967 3.23083
-3.8617 -4.1097 3.5746
2.63299 0.671232 -4.79485
0.525946 4.8647 4.06344
0.297429 -0.890922 3.59953
-0.85815 -3.44971 3.243
-3.11319 -0.342208 -0.681968
-4.30906 -0.0154221 2.16666
-0.0390717 2.37925 -2.23526
4.21107 2.12608 -3.5724
2.11049 -2.67898 -4.65851
-4.37492 -3.87408 2.41989
4.72255 3.60414 4.3304
-2.55879 -4.68755 3.4895
-2.44238 -4.4406 -1.76968
-1.83963 4.18367 2.65586
4.5518 -1.87946 -2.67469
-0.979118 4.73733 -3.96115
-2.74018 3.89256 -1.73344
-4.74667 -4.54215 4.34989
0.717638 2.16066 -3.51225
-3.12012 -0.518139 -1.426
-2.14161 -4.47549 0.0451061
-2.77609 4.08651 0.284585
-3.21224 0.839521 -1.25087
-4.3344 -4.85482 -3.6957
-0.310472 4.05099 1.03324
3.34409 1.73257 4.92198
-3.62232 0.0300903 3.59612
0.917456 -2.92982 -0.426566
4.72615 1.404 -0.997611
-3.96897 -1.20449 0.253968
3.03008 -3.70718 4.38326
2.98497 3.28273 -4.13472
2.26831 -0.409048 0.27356
4.76807 -3.40267 4.9082
1.38013 -1.53165 4.18941
-1.21533 -2.63166 0.4728
-4.78287 0.518799 -3.61338
1.81587 0.638489 1.85585
