1.35101 2.6282 -1.85558
-0.655804 4.7626 -0.454288
-0.741958 -4.97804 -2.00519
-2.46069 3.44702 -3.94392
-4.18892 -4.21614 -2.73681
-0.522073 4.43716 -2.73038
-3.32275 -1.95465 -0.0395756
4.50851 3.80577 -2.19869
1.44018 -4.96647 -1.24822
-3.00079 2.05646 4.72311
-4.33896 1.77326 4.78223
3.56538 -3.95149 1.03185
4.61098 -4.14139 1.80004
1.42956 0.610424 -2.77646
1.06505 -2.87229 -1.47266
-4.69597 -3.79597 4.60249
2.1272 -4.86321 2.36707
1.2621 0.474892 -1.15068
-0.618399 0.67081 0.657329
-1.49785 0.811668 -3.288
1.44541 -2.0896 -1.79746
-3.17313 -0.180231 2.40969
-3.23191 -4.3149 0.534601
-1.81272 -2.66684 -0.388204
-4.88057 -4.39435 1.04658
3.57729 4.96383 4.59056
-4.05254 -3.03894 -3.99686
3.68745 -3.17121 -2.44536
-4.54527 1.35905 1.21932
1.0515 -3.14538 -4.85022
2.78449 2.39458 2.3508
-4.10081 0.238836 -1.8646
-0.642903 -1.59021 0.988054
1.11126 -2.64682 0.876168
3.19464 2.8819 -2.06067
-2.79385 -4.16342 1.50414
2.61884 -3.32442 1.59376
-2.63338 2.55408 -4.24779
-0.815335 0.736905 0.492406
1.13015 3.92034 3.92789
4.72606 0.324701 -0.283554
1.4971 1.41841 2.91091
-4.91862 -4.65343 -4.95815
-4.81916 -3.47894 -1.06584
-4.20764 3.72386 4.09937
0.719228 -3.23976 2.22452
3.5552 -2.292 3.54711
-4.72835 0.351659 1.66131
3.71581 -1.52987 4.94957
-4.50446 4.38309 -2.48701
-3.52485 2.56811 1.68411
-4.44816 1.41538 -0.923691
-3.44035 4.96122 -4.80626
1.31783 -3.09453 2.85875
-0.566847 -4.99549 4.89538
3.67879 -1.27206 -4.93515
-1.76345 2.34681 3.03941
-3.5094 -2.57859 -1.83164
-0.611676 4.70849 4.45384
-1.09995 0.875033 -4.8453
2.79975 -3.68612 3.17035
-3.91543 -4.1352 4.01851
2.8096 0.71628 -4.9225
0.311415 4.94673 4.0389
0.317951 -0.957587 3.46867
-0.915117 -3.27714 4.05041
-3.0361 -3.46414 -0.486966
-4.23004 -0.168273 2.30025
-0.0136341 2.4782 -2.45677
4.13998 2.13861 -3.54246
1.72206 -2.70012 -4.90705
-4.41096 -3.90907 2.45436
4.8194 3.70662 4.37899
-2.85988 -4.7135 3.49371
-2.42185 -4.30197 -2.42756
-1.78231 4.14204 2.71497
4.42486 -1.74284 -2.59808
-1.00431 4.66708 -4.0239
-2.67536 3.84682 -1.61619
-4.70787 -4.61279 4.16396
0.796683 2.18955 -3.57118
-3.15827 -0.581389 -1.43559
-2.21001 -4.46238 0.0787566
-2.74692 4.17944 0.294991
-3.09557 0.779732 -1.35306
-4.28306 -4.71234 -3.50423
-0.282566 4.00628 1.29502
3.2547 1.79759 4.78702
-3.69286 0.0419637 3.57789
0.901698 -2.95987 -0.431495
4.64465 1.40682 -1.02283
-3.96271 -1.17086 0.32149
3.16014 -3.65483 4.43554
3.28035 3.2693 -4.03883
2.23522 -0.287529 0.285009
4.70507 -3.19575 4.89382
0.833101 -1.61884 4.63163
-1.02444 -2.66052 0.551122
-4.8826 0.381319 -3.62333
1.64567 0.58943 1.68316
