1.30703 2.68656 -1.78371
-0.583519 4.82319 -0.380506
-0.64068 -4.99561 -1.99333
-2.55486 3.43254 -3.97878
-4.21163 -4.18796 -2.78405
-0.490067 4.4998 -2.74723
-3.28912 -2.02124 -0.368799
4.61186 3.81039 -2.16761
1.45317 -4.90887 -1.25009
-2.94661 1.99086 4.6524
-4.31348 1.77781 4.8587
3.56424 -3.97224 1.20507
4.66764 -4.14149 1.78305
1.30666 0.748938 -2.65143
1.08061 -2.929 -1.51787
-4.6861 -3.71946 4.64686
2.14286 -4.92583 2.36969
1.45284 0.450024 -1.23695
-0.665288 0.544977 0.705747
-1.50084 0.807765 -3.30798
1.50341 -2.09912 -1.76202
-3.14769 -0.235954 2.48073
-3.20756 -4.33943 0.518498
-1.81756 -2.66767 -0.396734
-4.83337 -4.39937 0.947525
3.53767 4.9047 4.63389
-4.01932 -3.00346 -4.22923
3.69398 -3.14203 -1.67419
-4.50024 1.37621 1.32178
1.07876 -3.24928 4.99734
2.82626 2.47356 2.25603
-4.22854 0.224852 -2.1063
-0.572581 -1.80467 1.05586
1.10225 -2.64805 0.828196
3.21797 2.88689 -2.12301
-2.79302 -4.12494 1.48959
2.52161 -3.29791 1.60222
-2.62819 2.58584 -4.219
-0.919659 0.828487 0.405239
1.11998 3.87886 4.00049
4.7735 0.232537 -0.235604
1.53259 1.37463 2.98288
-4.89485 -4.66441 4.4935
-4.8396 -3.40853 -1.09025
-4.1255 3.75019 3.9561
0.63164 -0.75769 2.24406
3.55805 -2.31675 3.46402
-4.74525 0.303565 1.68536
3.6982 -1.55308 -4.90901
-4.45857 4.33537 -2.50634
-3.59224 2.58916 1.69069
-4.50617 1.42564 -0.953981
-3.44965 4.9007 -4.87901
1.30127 -3.06031 2.87533
-0.583594 4.97874 4.85423
3.64967 -1.27663 4.99114
-1.79283 2.32305 3.0518
-3.54733 -2.47147 -1.86368
-0.582042 4.68541 4.49489
-1.08861 0.823265 -4.79019
2.77658 -3.71977 3.14044
-3.94306 -4.14901 4.24186
2.89824 0.738818 -4.98788
0.204296 4.98936 4.02715
0.328197 -0.990897 3.40366
-0.943669 -3.19139 4.45466
-2.9978 4.97459 -0.389589
-4.19162 -0.244828 2.3676
-0.000936967 2.52803 -2.56779
4.1053 2.14507 -3.52816
1.52837 -2.71103 4.96594
-4.43111 -3.92721 2.472
4.87078 3.75911 4.40434
-3.01058 -4.72743 3.49629
-2.4118 -4.2342 -2.75703
-1.75371 4.12226 2.74479
4.36364 -1.67463 -2.56057
-1.01694 4.63358 -4.05688
-2.64321 3.82497 -1.55773
-4.69129 -4.65079 4.07472
0.836293 2.20418 -3.60113
-3.17781 -0.613125 -1.4407
-2.24424 -4.45723 0.0955353
-2.73263 4.22779 0.300211
-3.03762 0.750089 -1.40431
-4.25818 -4.6427 -3.40944
-0.268555 3.98458 1.42598
3.21079 1.83042 4.72186
-3.72861 0.0479151 3.56948
0.893924 -2.97523 -0.433964
4.60612 1.40843 -1.03554
-3.96026 -1.15401 0.355319
3.22626 -3.62975 4.46335
3.42851 3.2631 -3.99178
2.21898 -0.226756 0.290734
4.67645 -3.09245 4.88791
0.559646 -1.66249 4.85485
-0.928954 -2.67547 0.590415
-4.93368 0.312604 -3.62912
1.56096 0.565034 1.59704
