1.21984 2.80489 -1.6405
-0.438787 4.94728 -0.232995
-0.438076 4.96625 -1.96998
-2.74359 3.40481 -4.05009
-4.25838 -4.13345 -2.87928
-0.425834 4.62959 -2.78236
-3.22241 -2.15472 -1.02732
4.82348 3.82143 -2.10609
1.47982 -4.79647 -1.25432
-2.83873 1.85996 4.51367
-4.26504 1.78738 -4.98512
3.5637 -4.01463 1.55138
4.79026 -4.14323 1.74936
1.06123 1.02597 -2.40243
1.11194 -3.04337 -1.60905
-4.67057 -3.56739 4.73792
2.17458 4.94747 2.37504
1.83458 0.40033 -1.40966
-0.758456 0.292741 0.80342
-1.50695 0.799953 -3.34857
1.61981 -2.11821 -1.69173
-3.09696 -0.347454 2.62312
-3.1596 -4.3908 0.486294
-1.82742 -2.67018 -0.414137
-4.74417 -4.41117 0.749131
3.4608 4.79073 4.72224
-3.95571 -2.93357 -4.70047
3.70918 -3.08437 -0.132347
-4.41162 1.41106 1.52681
1.13322 -3.45992 4.69491
2.91152 2.63299 2.06692
-4.48758 0.196906 -2.59111
-0.43189 -2.23372 1.19187
1.08476 -2.65127 0.732379
3.26573 2.89771 -2.2482
-2.7918 -4.04963 1.46097
2.32769 -3.24529 1.61911
-2.61852 2.64986 -4.1656
-1.1292 1.01295 0.22989
1.10032 3.79836 4.14742
4.87335 0.0481602 -0.139715
1.60426 1.28762 3.12827
-4.85206 -4.68904 3.39849
-4.88462 -3.26948 -1.13956
-3.96537 3.80679 3.67171
0.456611 4.20663 2.28348
3.56523 -2.36643 3.29863
-4.7816 0.207498 1.73372
3.66485 -1.60188 -4.71165
-4.3693 4.24238 -2.54566
-3.72768 2.63208 1.70404
-4.62659 1.44654 -1.01468
-3.46989 4.78941 4.96525
1.26836 -2.99273 2.90893
-0.617178 4.93041 4.77534
3.59219 -1.28396 4.91046
-1.85167 2.27593 3.07723
-3.62455 -2.25806 -1.9288
-0.522862 4.64133 4.5782
-1.06595 0.719719 -4.68284
2.73106 -3.78801 3.08099
-3.99974 -4.17979 4.69207
3.07632 0.783872 4.87958
-0.00959016 -4.92639 4.00429
0.348684 -1.05757 3.27439
-1.00092 -3.02119 -4.73561
-2.92184 1.85607 -0.19513
-4.11702 -0.398251 2.50316
0.0244188 2.62835 -2.79053
4.03766 2.15831 -3.50094
1.14197 -2.7333 4.71442
-4.47623 -3.96499 2.50788
4.97914 3.86674 4.45689
-3.31235 -4.75751 3.50238
-2.39213 -4.10204 -3.41764
-1.69664 4.08445 2.80493
4.24552 -1.53858 -2.48736
-1.04228 4.56835 -4.12635
-2.57941 3.78287 -1.44126
-4.65915 -4.73306 3.89837
0.915718 2.23373 -3.66211
-3.21799 -0.676804 -1.45158
-2.31263 -4.45141 0.128954
-2.70458 4.32843 0.310813
-2.92247 0.69115 -1.50721
-4.2099 -4.50678 -3.22201
-0.240391 3.94241 1.68799
3.12447 1.89675 4.59533
-3.80111 0.0598585 3.55403
0.878568 -3.00663 -0.43901
4.5337 1.41196 -1.06116
-3.95665 -1.12041 0.423074
3.36092 -3.58204 4.52107
3.72591 3.25165 -3.89957
2.18707 -0.10519 0.302141
4.62424 -2.88623 4.87811
0.0127062 -1.75007 -4.69917
-0.738089 -2.70671 0.669008
4.96163 0.175188 -3.64256
1.39228 0.516582 1.42512
