1.17659 2.86479 -1.56913
-0.366363 -4.98942 -0.159267
-0.336751 4.94821 -1.95845
-2.83822 3.39157 -4.08664
-4.28246 -4.10687 -2.92721
-0.393638 4.69542 -2.80067
-3.18931 -2.22163 -1.35661
4.93203 3.82784 -2.0756
1.49349 -4.74182 -1.25669
-2.78505 1.79464 4.4457
-4.24217 1.79238 -4.90801
3.5643 -4.03641 1.72449
4.85628 -4.14492 1.73258
0.938634 1.1645 -2.27838
1.12771 -3.1011 -1.65502
-4.66479 -3.49185 4.78482
2.19066 4.88469 2.37778
2.0256 0.375487 -1.4961
-0.804968 0.166521 0.852441
-1.51007 0.796042 -3.36916
1.67821 -2.12782 -1.65683
-3.07167 -0.40324 2.69452
-3.13599 -4.41734 0.47016
-1.83245 -2.67185 -0.422974
-4.70182 -4.41794 0.649782
3.42335 4.73555 4.76728
-3.92534 -2.89908 -4.94061
3.71783 -3.05583 0.638456
-4.368 1.42872 1.62942
1.16062 -3.56673 4.54507
2.95504 2.7134 1.97255
-4.62001 0.182951 -2.83421
-0.361473 -2.44835 1.26023
1.07628 -2.6533 0.68455
3.29014 2.90353 -2.31108
-2.79144 -4.01269 1.44687
2.23098 -3.21927 1.62756
-2.61403 2.68205 -4.14068
-1.23411 1.10551 0.142052
1.09082 3.75949 4.22186
4.92571 -0.0440456 -0.0917815
1.64044 1.24432 3.20162
-4.83281 -4.7024 2.85095
-4.90913 -3.20073 -1.16451
-3.88697 3.83723 3.53037
0.369253 -3.31042 2.30341
3.56956 -2.39137 3.21628
-4.8011 0.159511 1.75805
3.64892 -1.62678 -4.62866
-4.32608 4.19701 -2.56566
-3.79578 2.65398 1.71082
-4.6892 1.45714 -1.0451
-3.48094 4.73868 4.88744
1.252 -2.9594 2.92601
-0.634182 4.90882 4.73772
3.56386 -1.28728 4.882
-1.88114 2.25256 3.09029
-3.66394 -2.15173 -1.96197
-0.493122 4.62132 4.62059
-1.05464 0.667927 -4.63049
2.70872 -3.82277 3.05148
-4.02894 -4.19718 4.91917
3.16576 0.806378 4.81419
-0.116366 -4.88812 3.99321
0.358943 -1.09092 3.21017
-1.02963 -2.93664 -4.33121
-2.88411 0.297095 -0.0979216
-4.08088 -0.475138 2.57138
0.0370758 2.6788 -2.90231
4.00458 2.16506 -3.48799
0.949051 -2.7446 4.59026
-4.50147 -3.98463 2.52609
-4.96407 3.92192 4.48412
-3.46345 -4.77374 3.50579
-2.38251 -4.03764 -3.74906
-1.66818 4.06642 2.83527
4.18846 -1.47077 -2.4516
-1.055 4.53661 -4.1629
-2.54776 3.76255 -1.38323
-4.64363 -4.77742 3.81209
0.955542 2.24863 -3.69317
-3.23873 -0.708708 -1.45731
-2.34685 -4.45011 0.145534
-2.69084 4.38104 0.316127
-2.86532 0.661804 -1.55888
-4.18644 -4.4405 -3.12945
-0.226308 3.92189 1.819
3.08196 1.93025 4.53318
-3.83793 0.0658723 3.54709
0.870977 -3.02273 -0.441602
4.49993 1.41386 -1.07405
-3.95554 -1.1037 0.456993
3.4295 -3.55936 4.55104
3.87519 3.2464 -3.85441
2.1714 -0.0443997 0.307833
4.60038 -2.78331 4.87426
-0.260773 -1.79402 -4.47841
-0.642803 -2.72309 0.708203
4.91022 0.106484 -3.6502
1.30823 0.492481 1.33933
