1.13356 2.92528 -1.4979
-0.293904 -4.92694 -0.0855552
-0.235402 4.93098 -1.947
-2.93304 3.37878 -4.1238
-4.3071 -4.08045 -2.97532
-0.361402 4.76197 -2.81947
-3.15632 -2.28866 -1.68591
-4.95734 3.83483 -2.04526
1.50741 -4.68808 -1.25921
-2.7315 1.72941 4.37861
-4.22012 1.79754 -4.83232
3.56552 -4.05863 1.89762
4.9259 -4.14714 1.71578
0.816108 1.30305 -2.15456
1.14358 -3.15916 -1.70123
-4.66021 -3.41663 4.83291
2.20691 4.82275 2.38057
2.21674 0.350653 -1.58262
-0.851459 0.0403155 0.901546
-1.51323 0.79214 -3.38994
1.73676 -2.13745 -1.62208
-3.04642 -0.459045 2.76607
-3.11265 -4.44448 0.454008
-1.83757 -2.67374 -0.431894
-4.66078 -4.42527 0.55032
3.38661 4.68139 4.81292
-3.89586 -2.86482 4.81527
3.72712 -3.02744 1.40918
-4.3248 1.44653 1.7321
1.18824 -3.67448 4.39604
2.99919 2.7943 1.87827
-4.75586 0.169041 -3.07774
-0.291 -2.66301 1.32892
1.06802 -2.65552 0.636722
3.31492 2.90963 -2.37413
-2.79124 -3.97618 1.43292
2.13444 -3.19345 1.636
-2.6097 2.71435 -4.1168
-1.33904 1.19831 0.0541758
1.08156 3.72144 4.29698
4.97977 -0.136238 -0.043863
1.67685 1.20117 3.2754
-4.81443 -4.71639 2.30353
-4.93477 -3.13244 -1.18966
-3.80902 3.86921 3.3895
0.281862 -0.827922 2.32349
3.5744 -2.41637 3.13413
-4.82149 0.11157 1.78249
3.63346 -1.65185 -4.55059
-4.2839 4.15233 -2.5859
-3.86412 2.6762 1.71765
-4.75356 1.46787 -1.07556
-3.49241 4.69121 4.81141
1.23577 -2.92631 2.94332
-0.65148 4.8893 4.70124
3.53583 -1.2905 4.85708
-1.91062 2.22935 3.10358
-3.70398 -2.04559 -1.99561
-0.463057 4.60255 4.66368
-1.04332 0.616134 -4.579
2.68666 -3.85801 3.02212
-4.05869 -4.216 -4.8522
3.2555 0.828877 4.74938
-0.22304 -4.85259 3.98236
0.369217 -1.12427 3.14621
-1.05836 -2.85241 -3.92741
-2.84656 -1.26183 -0.000691382
-4.04553 -0.55214 2.63992
0.0497244 2.72948 -3.01439
3.97201 2.17189 -3.47545
0.756202 -2.75609 4.46705
-4.52862 -4.00466 2.54448
-4.90808 3.97802 4.512
-3.61469 -4.79085 3.50943
-2.37305 -3.97431 -4.08146
-1.63976 4.04897 2.86577
4.1327 -1.4031 -2.41635
-1.06775 4.50547 -4.2007
-2.51628 3.74272 -1.32532
-4.6294 -4.82386 3.72655
0.995451 2.26362 -3.72463
-3.25994 -0.740631 -1.46325
-2.38105 -4.44978 0.162009
-2.67728 4.43545 0.321427
-2.80845 0.632581 -1.61073
-4.16329 -4.37547 -3.03768
-0.21218 3.90183 1.95006
3.03991 1.96398 4.47173
-3.87514 0.0719428 3.54071
0.86345 -3.03904 -0.444262
4.46791 1.41585 -1.087
-3.95495 -1.08704 0.490941
3.49897 -3.5374 4.58176
4.02499 3.24146 -3.80984
2.15591 0.0164107 0.313515
4.57789 -2.68048 4.87112
-0.53423 -1.83807 -4.25874
-0.54769 -2.73985 0.747179
4.86077 0.0377828 -3.65847
1.22435 0.468516 1.25367
