1.09078 2.98637 -1.42678
-0.221402 -4.86524 -0.0118537
-0.134014 4.91455 -1.93563
-3.02805 3.36642 -4.16159
-4.33243 -4.05393 -3.0237
-0.329126 4.82926 -2.83877
-3.12337 -2.35589 -2.01529
-4.84754 3.84241 -2.01503
1.52161 -4.63526 -1.2619
-2.67808 1.66426 4.31234
-4.19885 1.80285 -4.75794
3.56742 -4.08136 2.07076
-4.99937 -4.14983 1.69885
0.693657 1.44165 -2.03093
1.15956 -3.21755 -1.7477
-4.65677 -3.34172 4.88208
2.22333 4.76161 2.38341
2.40801 0.325831 -1.66922
-0.897961 -0.0858442 0.950695
-1.51644 0.788251 -3.41091
1.79546 -2.14713 -1.58747
-3.02122 -0.514865 2.83778
-3.08957 -4.47229 0.437844
-1.84273 -2.67585 -0.440901
-4.62087 -4.43318 0.45073
3.35055 4.62819 4.85917
-3.86718 -2.83077 4.57271
3.73711 -2.99916 2.17984
-4.28199 1.46449 1.83486
1.21608 -3.78315 4.24772
3.04399 2.87572 1.78408
-4.89815 0.155233 -3.32165
-0.220432 -2.87792 1.39802
1.05998 -2.65794 0.588904
3.34019 2.91601 -2.43737
-2.79121 -3.94009 1.41912
2.03804 -3.16782 1.64445
-2.60545 2.74678 -4.09387
-1.44402 1.29131 -0.0337331
1.07254 3.68414 4.37283
-4.96445 -0.228396 0.00403019
1.71349 1.15817 3.34961
-4.79767 -4.73102 1.75618
-4.96145 -3.0646 -1.215
-3.73149 3.90281 3.24909
0.194487 1.65464 2.34363
3.57976 -2.44143 3.05218
-4.84278 0.0636862 1.80704
3.61846 -1.67704 -4.47597
-4.242 4.10827 -2.60638
-3.9327 2.69874 1.72454
-4.8198 1.47871 -1.10607
-3.50425 4.64683 4.73781
1.21962 -2.8935 2.96081
-0.669142 4.87199 4.66575
3.50809 -1.29365 4.8345
-1.94012 2.20627 3.1171
-3.74479 -1.93955 -2.02973
-0.432537 4.58491 4.70771
-1.03198 0.564337 -4.52836
2.66488 -3.89374 2.99292
-4.08899 -4.23614 -4.62693
3.34559 0.851377 4.68515
-0.329628 -4.81987 3.97172
0.379518 -1.15765 3.08255
-1.08712 -2.76849 -3.52407
-2.80913 -2.82078 0.096545
-4.01097 -0.629261 2.70874
0.0623748 2.78039 -3.12681
3.93997 2.17878 -3.4633
0.563392 -2.76786 4.34467
-4.55785 -4.02508 2.56321
-4.85285 4.03506 4.54062
-3.76608 -4.80891 3.51337
-2.36371 -3.91205 -4.41501
-1.61137 4.0321 2.89646
4.07824 -1.33556 -2.3816
-1.08054 4.47492 -4.23979
-2.4849 3.72339 -1.2675
-4.61648 -4.87243 3.64193
1.03546 2.2787 -3.75649
-3.28163 -0.772514 -1.4694
-2.41521 -4.45053 0.17837
-2.66387 4.4919 0.326715
-2.75183 0.603476 -1.66273
-4.14015 -4.31187 -2.94648
-0.197999 3.88222 2.08116
2.99831 1.99795 4.41095
-3.91277 0.0780874 3.53486
0.855994 -3.05555 -0.446997
4.43783 1.41793 -1.09999
-3.95495 -1.07043 0.524929
3.56938 -3.51614 4.61328
4.17542 3.23685 -3.76583
2.14061 0.0772453 0.31918
4.55666 -2.57776 4.8686
-0.807644 -1.88224 -4.03998
-0.452747 -2.75693 0.785885
4.81499 -0.0309406 -3.66748
1.14063 0.444715 1.16809
