1.04827 3.04808 -1.3558
-0.148844 -4.80428 0.061835
-0.0325727 4.8989 -1.92435
-3.12327 3.35448 -4.20002
-4.35859 -4.02737 -3.07268
-0.296812 4.89732 -2.85857
-3.09043 -2.42331 -2.34483
-4.73852 3.8506 -1.98489
1.53612 -4.58338 -1.26473
-2.62477 1.59919 4.24682
-4.17835 1.80832 -4.6848
3.5703 -4.10461 2.24391
-4.92605 -4.1528 1.68185
0.571293 1.58029 -1.90747
1.17568 -3.2763 -1.79442
-4.65439 -3.26711 4.93221
2.23993 4.70127 2.3863
2.59947 0.301019 -1.75592
-0.944462 -0.211978 0.999887
-1.51969 0.784377 -3.43207
1.85435 -2.15684 -1.55299
-2.99602 -0.570701 2.90965
-3.0667 -4.50087 0.421677
-1.84786 -2.67815 -0.450024
-4.58149 -4.44166 0.350991
3.31515 4.57588 4.90604
-3.83922 -2.79698 4.33137
3.74802 -2.971 2.95051
-4.23949 1.48258 1.93771
1.24417 -3.89276 4.10005
3.08954 2.95768 1.68996
4.94222 0.141761 -3.56578
-0.149765 -3.09319 1.46754
1.05222 -2.66054 0.541098
3.36596 2.92268 -2.5008
-2.79125 -3.90442 1.40548
1.94182 -3.14238 1.65289
-2.60126 2.77936 -4.07182
-1.54903 1.3845 -0.12167
1.06377 3.64754 4.44945
-4.90944 -0.320515 0.0518922
1.75044 1.11528 3.42427
-4.78134 -4.7463 1.20886
-4.98904 -2.99717 -1.24054
-3.65431 3.93807 3.1091
0.107167 4.13733 2.36392
3.58569 -2.46652 2.97045
-4.86474 0.0158615 1.83168
3.60392 -1.70235 -4.40399
-4.20035 4.06482 -2.6271
-4.00149 2.72163 1.73147
-4.88803 1.48966 -1.13661
-3.51645 4.60535 4.66642
1.20358 -2.86092 2.97848
-0.687156 4.85695 4.63111
3.48067 -1.29676 4.81363
-1.96963 2.18334 3.13085
-3.78626 -1.83355 -2.06419
-0.40154 4.56838 4.75291
-1.02061 0.512523 -4.47857
2.64338 -3.92996 2.96387
-4.11984 -4.25749 -4.4042
3.43607 0.873884 4.62148
-0.436142 -4.79 3.9613
0.389846 -1.19102 3.01909
-1.11587 -2.68487 -3.12107
-2.77184 -4.37986 0.193784
-3.9771 -0.706511 2.77785
0.0750378 2.83153 -3.23961
3.90846 2.18575 -3.45154
0.370613 -2.77994 4.22301
-4.58796 -4.04602 2.58227
-4.79834 4.09309 4.57001
-3.91758 -4.82798 3.51761
-2.35447 -3.85082 -4.74991
-1.583 4.0158 2.92734
4.02516 -1.26815 -2.3473
-1.09335 4.44494 -4.28023
-2.45361 3.70455 -1.20978
-4.60477 -4.92318 3.55807
1.07558 2.29386 -3.78875
-3.30365 -0.804357 -1.47569
-2.44924 -4.45248 0.194604
-2.65055 4.55073 0.331987
-2.69538 0.574471 -1.71486
-4.11687 -4.24959 -2.85548
-0.183758 3.86307 2.21232
2.95716 2.03216 4.3508
-3.9508 0.084318 3.52953
0.848627 -3.07228 -0.449813
4.40999 1.42008 -1.11301
-3.9552 -1.05384 0.558933
3.6408 -3.49556 4.6456
4.32658 3.23255 -3.72237
2.12554 0.138101 0.324828
4.53662 -2.47512 4.8667
-1.08101 -1.9265 -3.82205
-0.357919 -2.77422 0.824352
4.77901 -0.0998152 -3.67739
1.05708 0.421017 1.0826
