1.00602 3.11041 -1.28493
-0.076227 -4.74408 0.135498
0.0689234 4.88403 -1.91316
-3.21874 3.34293 -4.23912
-4.38547 -4.00104 -3.12238
-0.264467 4.96617 -2.87888
-3.0576 -2.49089 -2.67457
-4.63025 3.85941 -1.95481
1.55096 -4.53247 -1.26773
-2.57158 1.53418 4.18198
-4.15873 1.81394 -4.61282
3.5741 -4.1284 2.41707
-4.85388 -4.15617 1.66492
0.448998 1.71899 -1.78415
1.19192 -3.33541 -1.84139
-4.65303 -3.19278 4.9832
2.25673 4.64171 2.38924
2.79108 0.276221 -1.84271
-0.990967 -0.338076 1.04913
-1.52298 0.78052 -3.45342
1.9134 -2.16661 -1.51864
-2.97086 -0.626552 2.98168
-3.04439 -4.5305 0.405766
-1.85302 -2.68063 -0.459227
-4.54261 -4.45069 0.251049
3.28036 4.52441 4.95355
-3.81202 -2.76347 4.09101
3.75986 -2.94329 3.72133
-4.19731 1.50081 2.04065
1.27249 -4.00339 3.953
3.13585 3.04022 1.59589
4.78511 0.129823 -3.81013
-0.0790423 -3.30898 1.53737
1.04473 -2.66329 0.493297
3.3922 2.92964 -2.56443
-2.79137 -3.86914 1.39202
1.84578 -3.11712 1.66132
-2.59713 2.81212 -4.05061
-1.65407 1.47787 -0.209619
1.05525 3.61161 4.52693
-4.8552 -0.412591 0.0997181
1.78761 1.07249 3.49938
-4.76542 -4.76212 0.661521
4.98243 -2.93012 -1.26625
-3.57745 3.97501 2.96947
0.0203722 -3.37881 2.38453
3.59211 -2.49138 2.88887
-4.88738 -0.0319048 1.85642
3.5898 -1.72776 -4.33418
-4.15899 4.02194 -2.64808
-4.07053 2.74488 1.73845
-4.95861 1.50071 -1.1672
-3.52903 4.56661 4.59703
1.18765 -2.82857 2.99633
-0.70546 4.84422 4.59728
3.45352 -1.29983 4.79408
-1.99915 2.16055 3.14481
-3.8284 -1.72763 -2.09892
-0.370125 4.5529 4.79944
-1.00921 0.460684 -4.4296
2.62214 -3.96669 2.93497
-4.15124 -4.27994 -4.18344
3.52692 0.896408 4.55837
-0.542606 -4.76307 3.95112
0.400198 -1.22439 2.95582
-1.14462 -2.60152 -2.71832
-2.73493 4.06044 0.290658
-3.94395 -0.783901 2.84724
0.0877123 2.8829 -3.35282
3.87742 2.19278 -3.44017
0.177843 -2.79237 4.10203
-4.61902 -4.06754 2.60163
-4.74456 4.15217 4.60018
-4.0692 -4.84809 3.52213
-2.34535 -3.79058 4.91364
-1.55468 4.00007 2.95843
3.97323 -1.20085 -2.31343
-1.10621 4.4155 -4.32208
-2.42239 3.68624 -1.15218
-4.59441 -4.9762 3.47487
1.1158 2.30909 -3.82143
-3.32607 -0.836166 -1.4821
-2.48223 -4.45595 0.210693
-2.6373 4.61309 0.337254
-2.63916 0.545554 -1.76713
-4.09356 -4.18826 -2.76451
-0.169755 3.84407 2.34338
2.91643 2.0666 4.29127
-3.98928 0.0906442 3.52471
0.841345 -3.08923 -0.452721
4.38461 1.42232 -1.12607
-3.95568 -1.03731 0.592954
3.71326 -3.47564 4.67878
4.4785 3.22858 -3.67942
2.11068 0.198983 0.330463
4.51766 -2.37256 4.86545
-1.35437 -1.97086 -3.60488
-0.263187 -2.79167 0.862658
4.74324 -0.169512 -3.68827
0.973663 0.397438 0.997192
