0.922233 3.23713 -1.14353
0.0691501 -4.62579 0.282739
0.272064 4.85727 -1.89113
-3.41053 3.32091 -4.31943
-4.44125 -3.9496 -3.22362
-0.199726 -4.89627 -2.92108
-2.99249 -2.62655 -3.33489
-4.41597 3.879 -1.89483
1.58154 -4.43353 -1.27416
-2.46557 1.40434 4.05415
-4.12227 1.82559 -4.47212
3.58428 -4.17761 2.76353
-4.71244 -4.16481 1.63102
0.204578 1.99664 -1.53791
1.22478 -3.45471 -1.93615
-4.65341 -3.04492 -4.91483
2.29089 4.52488 2.39526
3.1748 0.226673 -2.01657
-1.08407 -0.590142 1.14769
-1.52973 0.772879 -3.4967
2.03199 -2.18629 -1.45028
-2.92063 -0.738297 3.12625
-3.0007 -4.59369 0.374012
-1.8636 -2.68621 -0.477859
-4.46595 -4.46985 0.0504593
3.21245 4.42383 -4.95125
-3.75985 -2.69744 3.6126
3.78579 -2.88842 -4.73567
-4.1139 1.53759 2.24687
1.32977 -4.22775 3.66057
3.23074 3.20709 1.40792
4.47534 0.109836 -4.30421
0.0624057 -3.74226 1.67729
1.03056 -2.66918 0.397645
3.44597 2.94447 -2.69228
-2.79195 -3.79992 1.3655
1.65423 -3.06709 1.67819
-2.58918 2.87834 -4.01066
-1.86428 1.66512 -0.385575
1.03889 3.54169 4.68471
-4.74914 -0.596621 0.195229
1.86263 0.987193 3.651
-4.73515 -4.79577 -0.433066
4.93125 -2.79712 -1.3182
-3.42463 4.05332 2.6911
-0.15333 1.58811 2.42637
3.60662 -2.54125 2.72594
-4.93481 -0.127283 1.9062
3.56267 -1.77885 -4.20005
-4.07726 3.93778 -2.69083
-4.20944 2.79236 1.75254
4.89541 1.52316 -1.22853
-3.55534 4.49641 4.46326
1.15621 -2.76443 3.03266
-0.74265 4.82588 4.53187
3.39999 -1.30587 4.75812
-2.05823 2.11536 3.17339
-3.91529 -1.51615 -2.1693
-0.306317 4.52496 4.89659
-0.986299 0.356909 -4.33409
2.58042 -4.04162 2.87759
-4.21576 -4.32801 -3.74654
3.70982 0.941553 4.4339
-0.755459 -4.7178 3.9314
0.421064 -1.29112 2.82983
-1.20207 -2.43547 -1.9134
-2.66151 0.942598 0.484365
-3.87989 -0.939141 2.98691
0.113098 2.98644 -3.58074
3.81662 2.20708 -3.41855
-0.207717 -2.81831 3.86185
-4.68411 -4.11317 2.64107
-4.63918 4.27336 4.66307
-4.37262 -4.90019 3.53211
-2.32754 -3.67291 4.24389
-1.49812 3.97031 3.02116
3.87222 -1.06658 -2.24688
-1.13211 4.35832 -4.41046
-2.36022 3.6511 -1.03734
-4.57854 4.93583 3.30979
1.19653 2.33977 -3.88809
-3.37235 -0.899693 -1.49525
-2.54762 -4.46821 0.242365
-2.61088 4.74943 0.347801
-2.52743 0.487942 -1.8721
-4.04761 -4.06775 -2.58282
-0.141544 3.80743 2.6057
2.83613 2.13619 4.174
-4.06773 0.103592 3.51652
0.82699 -3.12377 -0.45887
4.33989 1.42697 -1.15223
-3.95741 -1.00439 0.661059
3.86146 -3.43821 4.74836
4.7849 3.22156 -3.59496
2.08157 0.320854 0.341692
4.48273 -2.16762 4.86529
-1.90123 -2.06004 -3.17279
-0.0740041 -2.82703 0.938954
4.67378 -0.310943 -3.71083
0.807121 0.350669 0.826583
