0.880678 3.30163 -1.07296
0.1419 -4.5676 0.356329
0.3737 4.84593 -1.88028
-3.5069 3.31039 -4.36065
-4.47012 -3.9245 -3.27483
-0.167339 -4.82994 -2.94292
-2.96023 -2.69461 -3.66551
-4.30995 3.8899 -1.86486
1.5973 -4.38545 -1.27755
-2.41274 1.33947 3.99111
-4.10547 1.83158 -4.40324
3.59065 -4.20313 2.93702
-4.64296 -4.17028 1.61405
0.0824336 2.13566 -1.41496
1.24138 -3.51488 -1.9839
-4.65519 -2.97139 -4.86585
2.30825 4.46754 2.39841
3.36689 0.201936 -2.10364
-1.13067 -0.716144 1.19704
-1.5332 0.769106 -3.51864
2.09152 -2.1962 -1.41626
-2.89558 -0.794196 3.19884
-2.97942 -4.62784 0.358209
-1.86903 -2.6893 -0.487246
-4.42817 -4.48002 -0.0497083
3.17927 4.37463 -4.90515
-3.73478 -2.66503 3.37472
3.79979 -2.86129 -3.96748
-4.07271 1.55614 2.35021
1.3587 -4.34157 3.51524
3.27932 3.29144 1.31404
4.3222 0.100348 -4.55397
0.133146 -3.95989 1.74751
1.02387 -2.67229 0.349835
3.47344 2.95239 -2.75645
-2.79241 -3.76598 1.35243
1.5587 -3.04232 1.68667
-2.58539 2.91187 -3.99184
-1.96949 1.75907 -0.473628
1.03104 3.50769 4.76535
-4.69739 -0.68858 0.242912
1.90048 0.944646 3.72765
-4.72079 -4.81356 -0.980546
4.9086 -2.73111 -1.34436
-3.34863 4.09423 2.55232
-0.240167 4.07173 2.44749
3.61473 -2.56633 2.64473
-4.95966 -0.174904 1.93129
3.54965 -1.80451 -4.13517
-4.03697 3.89647 -2.71257
-4.27938 2.81656 1.75967
4.82358 1.53457 -1.25928
-3.56906 4.4643 4.39882
1.14068 -2.73264 3.0512
-0.761415 4.8203 4.50033
3.37359 -1.30885 4.74165
-2.08781 2.09298 3.18802
-3.96011 -1.4106 -2.20493
-0.27403 4.5124 4.94736
-0.974782 0.304949 -4.28751
2.55991 -4.07983 2.84916
-4.24886 -4.35373 -3.52968
3.80192 0.964193 4.37263
-0.861879 -4.69936 3.9219
0.431584 -1.3245 2.76712
-1.23078 -2.35265 -1.51115
-2.62499 -0.616161 0.581251
-3.84901 -1.01701 3.05734
0.12581 3.03869 -3.69554
3.7868 2.21435 -3.40826
-0.400511 -2.83182 3.74257
-4.71818 -4.13812 2.66126
-4.58756 4.3353 4.696
-4.52439 -4.94836 3.538
-2.31887 -3.61538 3.91033
-1.4699 3.95628 3.05283
3.82306 -0.999609 -2.21409
-1.14517 4.33065 -4.45707
-2.32928 3.63433 -0.980064
-4.57327 4.94314 3.22723
1.23704 2.35524 -3.92208
-3.39627 -0.93141 -1.50193
-2.5799 -4.47751 0.257945
-2.59773 4.82518 0.353084
-2.47195 0.459239 -1.92481
-4.0251 -4.00836 -2.49207
-0.127333 3.78979 2.737
2.79654 2.17133 4.11633
-4.10777 0.110201 3.5132
0.819907 -3.14136 -0.462106
4.31787 1.42938 -1.1653
-3.95866 -0.988035 0.695176
3.93734 -3.42083 4.78809
4.93955 3.21849 -3.55333
2.0673 0.381846 0.347298
4.46665 -2.06521 4.86726
-2.17474 -2.10485 -2.95761
0.0204719 -2.845 0.977113
4.64024 -0.38185 -3.72272
0.723981 0.327444 0.741349
