0.839347 3.36693 -1.00246
0.214693 -4.51009 0.429879
0.475378 4.83583 -1.86956
-3.60364 3.30018 -4.4026
-4.49973 -3.89968 -3.32637
-0.134943 -4.76503 -2.96524
-2.92816 -2.76286 -3.99654
-4.2046 3.90169 -1.8349
1.61337 -4.33835 -1.28104
-2.36002 1.27464 3.92861
-4.08963 1.83768 -4.33528
3.59787 -4.22928 3.11075
-4.57424 -4.17658 1.59706
-0.0396755 2.27483 -1.29213
1.2581 -3.57541 -2.03193
-4.65797 -2.89811 -4.81807
2.32581 4.41092 2.40163
3.55915 0.177237 -2.19081
-1.17725 -0.842114 1.24646
-1.53673 0.765368 -3.54078
2.1512 -2.20617 -1.38232
-2.87057 -0.850104 3.27165
-2.95862 -4.66465 0.342463
-1.87456 -2.69262 -0.496662
-4.39092 -4.49085 -0.149849
3.14658 4.32611 -4.86
-3.71031 -2.63302 3.13748
3.81448 -2.83447 -3.20034
-4.03184 1.5748 2.45369
1.38783 -4.45662 3.37046
3.32869 3.37643 1.2202
4.17019 0.091 -4.80584
0.203919 -4.1784 1.81788
1.01747 -2.6755 0.302033
3.5013 2.96065 -2.82081
-2.79299 -3.73251 1.33949
1.46333 -3.0177 1.69518
-2.58177 2.94572 -3.97378
-2.07483 1.85325 -0.561692
1.02341 3.47428 4.84734
-4.64652 -0.780494 0.290527
1.93855 0.902142 3.80491
-4.70683 -4.83194 -1.5281
4.88795 -2.66542 -1.37063
-3.2729 4.13627 2.41378
-0.327089 -3.44338 2.46827
3.62342 -2.59151 2.56366
-4.98528 -0.222473 1.95654
3.53698 -1.8302 -4.07154
-3.99712 3.85569 -2.73454
-4.34967 2.84107 1.76684
4.75253 1.54613 -1.2901
-3.58314 4.43401 4.33589
1.12527 -2.70104 3.07001
-0.780236 4.81703 4.46962
3.34742 -1.31184 4.72607
-2.11743 2.07074 3.20287
-4.00592 -1.30515 -2.24089
-0.241535 4.50069 4.99967
-0.963206 0.252925 -4.24167
2.53965 -4.11855 2.82089
-4.28247 -4.38074 -3.31372
3.89448 0.9869 4.3121
-0.968322 -4.68369 3.91269
0.442141 -1.35785 2.70458
-1.25947 -2.26994 -1.10903
-2.58856 -2.17489 0.678146
-3.81888 -1.09503 3.12824
0.138536 3.09126 -3.81103
3.75737 2.2217 -3.39832
-0.593306 -2.84573 3.6238
-4.75329 -4.16474 2.68174
-4.53663 4.39823 4.72995
-4.67649 4.98442 3.54475
-2.31035 -3.55867 3.57744
-1.44176 3.9428 3.08472
3.77476 -0.932747 -2.18158
-1.15832 4.30355 -4.50538
-2.29844 3.61809 -0.922858
-4.56919 4.99485 3.14394
1.27765 2.3708 -3.95653
-3.42071 -0.963089 -1.50867
-2.61181 -4.48982 0.273337
-2.58457 4.90856 0.35838
-2.41671 0.430608 -1.97766
-4.00294 -3.94946 -2.40141
-0.112924 3.7723 2.86875
2.75733 2.2067 4.05927
-4.14836 0.116896 3.51037
0.812885 -3.15917 -0.465464
4.29601 1.43183 -1.17834
-3.96019 -0.971743 0.729358
4.01449 -3.40413 4.82965
-4.90467 3.21573 -3.51207
2.05319 0.442881 0.352906
4.4514 -1.96287 4.87037
-2.44835 -2.14981 -2.74288
0.114886 -2.8632 1.01532
4.60749 -0.45276 -3.73516
0.640909 0.304325 0.656163
