0.798255 3.43303 -0.932041
0.287538 -4.45319 0.503381
0.577107 4.82693 -1.85897
-3.70061 3.29024 -4.44532
-4.53006 -3.8751 -3.37839
-0.102531 -4.7014 -2.98806
-2.89624 -2.83132 -4.32803
-4.09973 3.91453 -1.80494
1.62978 -4.29222 -1.28462
-2.30738 1.20981 3.8666
-4.07452 1.84386 -4.26819
3.60597 -4.25616 3.28474
-4.50623 -4.18389 1.58005
-0.161747 2.41419 -1.16939
1.27493 -3.63634 -2.08022
-4.66168 -2.82508 -4.77143
2.34357 4.355 2.40494
3.75162 0.152593 -2.27808
-1.22385 -0.968017 1.29594
-1.5403 0.76167 -3.56312
2.21105 -2.21618 -1.34846
-2.8456 -0.906013 3.34471
-2.93842 -4.70559 0.326762
-1.88021 -2.69622 -0.506128
-4.35422 -4.50241 -0.250008
3.11443 4.27823 -4.81576
-3.68642 -2.6015 2.90078
3.82986 -2.80792 -2.43365
-3.99128 1.59357 2.55735
1.41718 -4.57295 3.22619
3.37887 3.46207 1.12639
4.01931 0.0817354 4.9397
0.274797 -4.39785 1.88834
1.01137 -2.67878 0.25422
3.52975 2.96928 -2.88535
-2.79369 -3.69956 1.32667
1.36812 -2.99322 1.70372
-2.57824 2.97988 -3.95646
-2.18031 1.94765 -0.649761
1.01602 3.44147 4.93086
-4.5965 -0.872361 0.338058
1.97684 0.859679 3.88283
-4.69328 -4.85105 -2.0757
4.86932 -2.60001 -1.39699
-3.19739 4.1793 2.27544
-0.414045 -0.958924 2.48925
3.63271 -2.61684 2.48273
4.98833 -0.269988 1.98193
3.52468 -1.85599 -4.00906
-3.95751 3.81544 -2.75674
-4.4203 2.86583 1.77407
4.68231 1.55786 -1.32101
-3.59751 4.40492 4.27438
1.11003 -2.6696 3.08912
-0.79907 4.81599 4.43973
3.32148 -1.31483 4.71131
-2.14707 2.04863 3.21793
-4.05277 -1.19977 -2.27719
-0.208849 4.48979 -4.94643
-0.951553 0.200827 -4.19655
2.51965 -4.15777 2.79275
-4.3165 -4.40917 -3.0984
3.98757 1.00969 4.25242
-1.0748 -4.6706 3.90379
0.452745 -1.39116 2.64219
-1.28812 -2.18728 -0.707049
-2.55223 -3.7337 0.775068
-3.78952 -1.17319 3.19965
0.151287 3.14413 -3.92732
3.72849 2.22912 -3.38872
-0.786101 -2.85998 3.50558
-4.78947 -4.19416 2.70247
-4.48627 4.46182 4.76495
-4.82915 4.9182 3.55217
-2.30199 -3.50278 3.24513
-1.41367 3.9299 3.11682
3.72733 -0.866007 -2.14934
-1.17155 4.27699 -4.55542
-2.26766 3.60237 -0.865721
-4.5658 -4.95024 3.06035
1.31836 2.38643 -3.99148
-3.44568 -0.994722 -1.51545
-2.64327 -4.50654 0.288534
-2.57127 -4.99636 0.363708
-2.36166 0.402041 -2.03065
-3.98111 -3.89101 -2.31084
-0.0984341 3.75528 3.00063
2.7185 2.2423 4.00282
-4.18954 0.123668 3.50805
0.805927 -3.17721 -0.468958
4.27429 1.4343 -1.19132
-3.96195 -0.955477 0.763615
4.09303 -3.38815 4.87277
-4.7496 3.21326 -3.47118
2.03927 0.503967 0.35852
4.43695 -1.86061 4.8745
-2.72213 -2.19497 -2.52854
0.209269 -2.8816 1.05356
4.57554 -0.523654 -3.74819
0.557899 0.281324 0.571012
