0.757393 3.50002 -0.861672
0.360436 -4.39684 0.576848
0.678886 4.81921 -1.8485
-3.79783 3.2806 -4.48882
-4.56104 -3.85082 -3.43098
-0.0701064 -4.63893 -3.01125
-2.86446 -2.89997 -4.66006
-3.9953 3.92852 -1.77497
1.64652 -4.24708 -1.28828
-2.25484 1.14501 3.80506
-4.06014 1.85012 -4.20199
3.61494 -4.2837 3.45905
-4.43894 -4.19191 1.56304
-0.283787 2.55378 -1.04674
1.29188 -3.69769 -2.12879
-4.66634 -2.75227 -4.72591
2.36153 4.29982 2.40835
3.94436 0.128021 -2.36549
-1.27054 -1.09385 1.34544
-1.54394 0.758019 -3.58566
2.27105 -2.22624 -1.31469
-2.82072 -0.961912 3.41801
-2.91899 -4.74712 0.311055
-1.88605 -2.70005 -0.515662
-4.3181 -4.51455 -0.35021
3.08279 4.23098 -4.77242
-3.66315 -2.5703 2.66451
3.84589 -2.78159 -1.66721
-3.95114 1.61248 2.66116
1.44673 -4.69059 3.08248
3.42988 3.54847 1.03261
3.86944 0.072529 4.687
0.345739 -4.61823 1.95899
1.00554 -2.68209 0.206398
3.55879 2.97831 -2.95009
-2.79463 -3.66688 1.31419
1.27307 -2.96886 1.71232
-2.57479 3.0144 -3.93984
-2.28597 2.04233 -0.737841
1.00887 3.40925 -4.98348
-4.54757 -0.964181 0.385474
2.01533 0.817271 3.96137
-4.68018 -4.87098 -2.62336
4.85272 -2.53485 -1.42344
-3.12213 4.22377 2.13733
-0.50106 1.52563 2.51043
3.64255 -2.64228 2.40191
4.96357 -0.317434 2.00743
3.51276 -1.88189 -3.9477
-3.91812 3.77578 -2.77916
-4.49133 2.89093 1.78135
4.61293 1.5698 -1.35205
-3.61217 4.37736 4.21425
1.09492 -2.63833 3.10855
-0.817894 4.81703 4.4117
3.29576 -1.31785 4.69718
-2.17675 2.0267 3.23322
-4.10072 -1.09441 -2.31387
-0.175993 4.47967 -4.89482
-0.939825 0.148655 -4.15212
2.49992 -4.19748 2.76475
-4.35104 -4.43879 -2.88358
4.08119 1.03259 4.19316
-1.18131 -4.6599 3.89539
0.463462 -1.42448 2.57995
-1.31669 -2.1046 -0.305182
-2.5159 4.70735 0.871893
-3.76117 -1.25145 3.27155
0.164057 3.19732 -4.04438
3.70011 2.23661 -3.37949
-0.978881 -2.87459 3.3879
-4.82677 -4.22485 2.72346
-4.43648 4.52629 4.80104
-4.98242 4.85652 3.56006
-2.29378 -3.44753 2.91334
-1.38561 3.91761 3.14922
3.68066 -0.799382 -2.11739
-1.18487 4.25098 -4.60653
-2.23696 3.58737 -0.808644
-4.56313 -4.90534 2.97691
1.35918 2.40214 -4.02695
-3.47119 -1.02629 -1.52227
-2.67427 -4.52314 0.303488
-2.55762 -4.90295 0.369106
-2.30681 0.373542 -2.08378
-3.95961 -3.83292 -2.22037
-0.0838645 3.73875 3.13276
2.68003 2.27815 3.94693
-4.23152 0.130523 3.50613
0.799022 -3.19547 -0.472592
4.25263 1.43678 -1.2042
-3.96408 -0.93921 0.79796
4.17304 -3.37281 4.91744
-4.59519 3.2111 -3.43065
2.02549 0.565113 0.364137
4.42324 -1.75841 4.87952
-2.99615 -2.24032 -2.31457
0.303609 -2.90022 1.09188
4.54439 -0.594514 -3.76216
0.474938 0.25846 0.485862
