0.676356 3.6367 -0.721039
0.506394 -4.28588 0.72371
0.882611 4.80717 -1.82788
-3.99309 3.26221 -4.5783
-4.62479 -3.80339 -3.53789
-0.00522886 -4.51716 -3.05863
-2.80132 -3.03797 4.674
-3.78768 3.95954 -1.71505
1.68097 -4.1598 -1.29576
-2.15001 1.01539 3.68333
-4.03355 1.8629 -4.07206
3.63536 -4.34093 3.80883
-4.30652 -4.21032 1.52907
-0.527759 2.83377 -0.80162
1.32611 -3.82182 -2.22674
-4.67848 -2.60719 -4.63812
2.39809 4.19176 2.41551
4.33087 0.0790909 -2.54081
-1.36406 -1.34538 1.44471
-1.55137 0.750855 -3.63137
2.39151 -2.24651 -1.24737
-2.77123 -1.0737 3.56544
-2.88302 -4.83449 0.27922
-1.89819 -2.70849 -0.535139
-4.24758 -4.54088 -0.550765
3.02094 4.13836 -4.68808
-3.61847 -2.50884 2.19299
3.87967 -2.72951 -0.134608
-3.87208 1.65069 2.86935
1.50643 -4.9304 2.79679
3.53446 3.72366 0.845124
3.5724 0.0541803 4.18552
0.487839 4.93734 2.10091
0.99467 -2.68884 0.110736
3.61858 2.99766 -3.08014
-2.79696 -3.60268 1.28953
1.08339 -2.92053 1.72976
-2.56822 3.08455 -3.90863
-2.49793 2.23244 -0.914105
0.995306 3.3465 -4.81616
-4.45305 -1.14786 0.479884
2.0929 0.732567 4.12069
-4.6555 -4.91367 -3.71928
4.8258 -2.4052 -1.47669
-2.97242 4.31719 1.86184
-0.674949 -3.504 2.55336
3.6639 -2.69353 2.24059
4.91883 -0.412144 2.05883
3.49004 -1.93404 -3.82788
-3.83999 3.69826 -2.82457
-4.63469 2.94211 1.79609
4.47677 1.59446 -1.41472
-3.64285 4.32665 4.09797
1.06507 -2.57631 3.14841
-0.855456 4.82476 4.36051
3.2449 -1.324 4.67064
-2.23633 1.98336 3.26457
-4.20015 -0.883649 -2.38838
-0.109839 4.46165 -4.79649
-0.91613 0.0440153 -4.06517
2.46128 -4.27835 2.70918
-4.42146 -4.5008 -2.45513
4.27023 1.07877 4.07595
-1.39454 -4.64512 3.88016
0.485008 -1.49101 2.45594
-1.37376 -1.93921 0.498462
-2.44331 1.60103 1.06609
-3.70739 -1.40833 3.41713
0.189621 3.30457 -4.27988
3.64473 2.25176 -3.36203
-1.36437 -2.90492 3.15416
-4.90551 -4.28988 2.76621
-4.33873 4.65794 4.87664
4.71169 4.73985 3.57699
-2.27783 -3.3389 2.25105
-1.32973 3.89488 3.21507
3.5894 -0.666447 -2.05425
-1.21178 4.20052 -4.71196
-2.17575 3.55935 -0.694688
-4.56181 -4.82983 2.81116
1.44112 2.43378 -4.09881
-3.52398 -1.08931 -1.53602
-2.73555 -4.55636 0.332815
-2.52767 -4.72992 0.380172
-2.19763 0.316672 -2.19047
-3.91762 -3.71776 -2.0397
-0.0544245 3.70717 3.39823
2.60412 2.35062 3.83708
-4.31806 0.144414 3.50352
0.785317 -3.23276 -0.480293
4.20931 1.44155 -1.22946
-3.96942 -0.906581 0.866989
4.33783 -3.34402 -4.98825
-4.28813 3.20778 -3.35059
1.99834 0.687577 0.375396
4.39796 -1.55418 4.89216
-3.54533 -2.33168 -1.88759
0.492112 -2.93819 1.16878
4.48451 -0.736148 -3.79273
0.309149 0.213034 0.315559
