3.15851 1.60251 -1.51586
-3.0873 4.71272 1.81328
-4.70106 -1.62708 0.0212625
4.66201 4.62278 0.0345382
-4.19704 -1.84647 -4.96144
2.66734 0.849667 -4.50529
0.467753 4.55715 1.36922
2.52216 -4.4175 3.15672
4.58191 3.0093 -2.82493
3.14759 -4.87508 -1.80282
4.96026 2.05379 2.53099
4.11348 1.5257 4.95402
-0.56369 3.42241 -0.685246
-2.96385 -1.81195 4.80532
-4.0721 -4.57208 4.99791
0.257309 0.266315 -2.44084
0.0568338 -2.96954 4.64989
4.50664 -0.160685 -1.71463
-4.89365 0.261662 -0.936383
3.5817 3.16824 2.94745
-4.60514 -4.98136 1.9059
1.55924 2.79048 1.97201
-4.96886 -3.28196 -2.60551
0.322937 1.07255 4.45838
4.91875 -3.04937 -1.11968
-0.454606 -2.93606 -4.40457
0.929801 4.55028 4.91059
0.0416366 -4.29424 2.68579
-3.78775 1.30916 4.0195
-3.83282 2.72522 3.75246
-2.55631 4.91744 -1.43595
3.13331 -3.73791 -4.69672
-2.0416 -4.31093 1.47402
2.28399 -1.1081 -1.76849
-4.70021 0.796928 3.94667
4.93771 0.81393 4.36834
-0.921229 -4.49895 0.404018
-0.362778 -0.45301 -3.73086
-4.30438 -2.57008 1.34413
2.53466 1.02883 3.94969
-0.730771 -1.30746 -4.63025
4.41112 -1.43148 3.56578
-0.928632 -4.89582 4.57839
4.96755 4.7529 -2.27617
-4.74906 -4.72227 -1.21692
-0.628312 4.01775 -4.47953
-3.23228 2.04868 -4.7525
-4.10724 -0.561384 -0.0517658
4.19069 3.34646 -0.782699
1.702 -0.935819 3.65291
2.6452 -4.82172 -4.18566
-2.77514 0.25578 -0.193768
-1.46855 0.968037 -4.36471
3.28745 4.64767 1.87972
2.63101 2.73324 -4.96162
0.57911 -0.495684 4.32124
-0.0659253 1.99232 1.54609
4.63855 -4.59245 4.74038
-4.97956 -0.84725 -4.66856
-0.782392 -2.4556 -0.173459
-0.68255 -0.727912 3.36889
-3.56819 4.97444 4.91343
1.61295 4.84679 4.41906
2.82489 -2.32794 -1.04707
2.28042 -4.05452 4.05721
4.29503 4.45436 4.58217
1.6629 -3.74526 -3.91711
-1.52102 -4.191 -4.50977
-2.58373 2.22006 -3.08604
3.70206 -0.873085 -3.00066
-4.91407 4.76241 -4.66915
4.93038 4.34493 -1.43941
-3.89609 4.17215 -4.83203
-2.73983 -3.33195 4.84879
1.84427 2.78896 3.90494
3.32565 1.80427 1.06318
1.26131 -4.42794 -2.43452
-4.89163 3.09894 0.418855
1.10662 -2.22129 2.09904
4.48031 -0.752897 -4.86649
0.77465 2.67429 -2.49719
0.562753 -2.73213 0.758429
-0.816161 -3.12846 -1.78023
-0.649851 -0.381827 -1.51321
4.20543 -1.81864 -3.73236
2.37994 -0.0757454 2.16273
4.79955 -0.583057 4.94778
-0.380145 -0.106378 1.29442
0.721931 -4.95176 4.94333
-1.29099 0.420494 -0.00984437
4.88974 -2.70542 1.35305
-4.57575 -3.05318 -4.27529
-3.8667 2.12675 -0.942208
4.71622 -4.42038 2.17236
-0.824012 0.893334 2.55628
2.51687 -2.70761 2.57721
-3.29483 0.356704 -4.70656
-2.23191 4.32814 2.63629
-4.58326 0.984381 0.161192
1.49584 -1.3488 -4.86422
