0.477193 3.99441 -0.370203
0.872357 -4.02169 1.09067
1.39315 4.79668 -1.77816
-4.48794 3.22168 -4.81632
-4.79614 -3.69244 -3.81321
0.156923 -4.22864 -3.18288
-2.6464 -3.38802 3.01462
-3.2746 4.05452 -1.56619
1.7727 -3.95931 -1.31544
-1.88906 0.691216 3.38563
-3.97972 1.89609 -3.75982
3.69772 -4.4993 4.69515
-3.9895 -4.27039 1.44511
-1.13678 3.54021 -0.189654
1.41378 -4.14332 -2.47639
-4.7267 -2.24706 -4.43271
2.49332 3.9319 2.43564
-4.69316 -0.0421877 -2.98227
-1.60545 -1.97511 1.68221
-1.57089 0.73375 -3.74966
2.69584 -2.29835 -1.0804
-2.64923 -1.35305 3.93923
-2.80338 4.93585 0.195346
-1.92976 -2.73296 -0.586769
-4.08083 -4.61986 -1.0528
2.87355 3.91698 -4.48986
-3.5192 -2.35893 1.01812
3.97704 -2.60164 3.6982
-3.68212 1.74877 3.39414
1.6595 4.47371 2.09027
3.81183 4.17704 0.376353
2.8423 0.00875127 2.94512
0.843581 3.84597 2.45947
0.971491 -2.70666 -0.128916
3.77828 3.05384 -3.40917
-2.80732 -3.44909 1.22862
0.611682 -2.80251 1.77657
-2.5537 3.26665 -3.8423
-3.03265 2.71251 -1.35587
0.966648 3.19758 -4.41893
-4.23589 -1.60893 0.713186
2.29002 0.521578 4.53431
-4.60449 4.94134 3.524
4.80441 -2.08479 -1.61308
-2.60271 4.586 1.177
-1.10887 -1.07743 2.66435
3.72517 -2.8253 1.83894
4.83463 -0.647833 2.18983
3.43997 -2.06687 -3.54023
-3.64834 3.5136 -2.94004
4.99792 3.07596 1.83425
4.15043 1.66286 -1.57795
-3.73147 4.22692 3.83115
0.99258 -2.42531 3.25444
-0.948766 4.86963 4.25563
3.12105 -1.34027 4.61418
-2.38677 1.87789 3.3478
-4.47507 -0.356559 -2.58088
0.0572574 4.42857 -4.57146
-0.85557 -0.219542 -3.8581
2.36909 -4.49443 2.57337
-4.60851 -4.67306 -1.38809
4.7561 1.19626 3.79055
-1.92922 -4.63967 3.8508
0.539836 -1.65683 2.14829
-1.51182 -1.525 2.51528
-2.26597 3.83892 1.555
-3.5902 -1.80316 3.79312
0.252679 3.5773 -4.88003
3.51294 2.29004 -3.32352
-2.32872 -2.98794 2.57833
4.89041 -4.47197 2.88074
-4.10468 -4.96303 -4.90562
3.9697 4.47096 3.6261
-2.23484 -3.08175 0.594751
-1.19134 3.84744 3.38656
3.37241 -0.334533 -1.90018
-1.28077 4.08264 -4.99653
-2.02391 3.50064 -0.41048
-4.60213 -4.68491 2.40353
1.64785 2.51381 -4.28421
-3.667 -1.24624 -1.57217
-2.9021 -4.64489 0.405478
-2.42815 -4.32095 0.412226
-1.92729 0.174844 -2.45975
-3.8185 -3.43551 -1.59056
0.0206324 3.63405 4.07244
2.4198 2.5357 3.57348
-4.55218 0.179925 3.50401
0.751299 -3.33146 -0.502305
4.10102 1.45012 -1.28646
-3.99033 -0.822628 1.04136
4.7841 -3.28293 -4.77244
-3.52867 3.20355 -3.1564
1.93261 0.994743 0.403695
4.34605 -1.04428 4.94015
-4.93977 -2.564 -0.823667
0.962919 -3.04049 1.35855
4.34967 -1.08995 -3.88561
-0.104449 0.101266 -0.110853
