0.437883 4.06884 -0.300223
0.945785 -3.97115 1.16408
1.49554 4.79798 -1.76851
-4.58837 3.2145 -4.86615
-4.83324 -3.6717 -3.86952
0.189318 -4.17336 -3.20874
-2.61609 -3.45918 2.68395
-3.17283 4.07653 -1.53672
1.79198 -3.92219 -1.3196
-1.83702 0.62638 3.32703
-3.97104 1.90293 -3.69928
3.71197 -4.53382 4.875
-3.92883 -4.28544 1.42859
-1.25825 3.68294 -0.0673455
1.43171 -4.21005 -2.52714
-4.73967 -2.1754 -4.39372
2.51304 3.8812 2.44007
-4.49814 -0.0661443 -3.07137
-1.65591 -2.10227 1.72519
-1.57494 0.730457 -3.77407
2.75739 -2.30896 -1.04719
-2.62516 -1.40894 4.015
-2.78804 4.90367 0.17787
-1.93618 -2.73848 -0.597692
-4.04873 -4.63854 -1.15318
2.84516 3.87434 -4.45234
-3.50143 -2.32955 0.783507
3.99891 -2.57646 4.46594
-3.64561 1.76881 3.50005
1.69076 4.36 1.9497
3.87019 4.27068 0.282519
2.69791 -0.000225868 2.69833
0.914739 3.63015 2.53208
0.967493 -2.71037 -0.176943
3.8121 3.06638 -3.47584
-2.81038 -3.41995 1.21672
0.517421 -2.77927 1.78667
-2.55108 3.30424 -3.83101
-3.14058 2.80937 -1.4444
0.961678 3.1689 -4.34252
-4.19534 -1.7015 0.759521
2.33014 0.479493 4.62005
-4.59736 4.90978 2.97383
4.81129 -2.02118 -1.64118
-2.52954 4.6481 1.04073
-1.19534 1.40806 2.68732
3.73855 -2.85247 1.75863
4.82239 -0.694823 2.21649
3.43116 -2.0939 -3.4843
-3.61086 3.4784 -2.96311
4.92406 3.10371 1.84213
4.087 1.67783 -1.61202
-3.75144 4.2118 3.78238
0.978422 -2.3958 3.27676
-0.967348 4.88204 4.23822
3.09685 -1.34369 4.60448
-2.41716 1.85722 3.36532
-4.53421 -0.251451 -2.61996
0.090843 4.42397 -4.5293
-0.843241 -0.272605 -3.81831
2.3513 -4.54049 2.54675
-4.64822 -4.71046 -1.17549
4.85621 1.22007 3.73473
-2.03649 -4.64299 3.84647
0.550982 -1.6899 2.08711
-1.5382 -1.44154 2.9219
-2.23138 2.28662 1.65399
-3.56976 -1.88273 3.87075
0.265187 3.63261 4.99632
3.4876 2.29773 -3.31657
-2.52184 -3.0058 2.46426
4.86332 -4.51333 2.9053
-4.05942 -4.88111 -4.86431
3.8237 4.42006 3.6371
-2.22486 -3.03334 0.261994
-1.16388 3.83937 3.42225
3.33116 -0.268106 -1.86999
-1.29487 4.06037 4.94251
-1.99382 3.49048 -0.353766
-4.62501 -4.66235 2.32278
1.68956 2.52992 -4.32238
-3.69758 -1.27766 -1.57985
-2.93761 -4.68265 0.420219
-2.40634 -4.2453 0.418598
-1.87357 0.146475 -2.51403
-3.79965 -3.38 -1.50126
0.0358392 3.62019 4.21035
2.38379 2.57329 3.52259
-4.6027 0.187096 3.50528
0.744504 -3.35232 -0.507162
4.07993 1.45106 -1.29652
-3.99601 -0.805305 1.07643
4.88068 -3.27259 -4.73404
-3.37764 3.20275 -3.11881
1.91979 1.05634 0.409371
4.3375 -0.942346 4.95267
4.77396 -2.6113 -0.611003
1.05781 -3.06259 1.39567
4.32578 -1.1607 -3.9075
-0.187043 0.0791726 -0.196315
