0.398716 4.14431 -0.230353
1.01929 -3.92134 1.2375
1.59803 4.80044 -1.75897
-4.68938 3.20764 -4.9167
-4.87186 -3.65136 -3.92628
0.221688 -4.1188 -3.23503
-2.58598 -3.53096 2.35362
-3.07132 4.09956 -1.5074
1.81154 -3.88602 -1.32389
-1.78508 0.561503 3.2687
-3.96304 1.90988 -3.63937
3.72675 -4.56918 -4.9442
-3.86903 -4.30173 1.41215
-1.37952 3.82633 0.0549616
1.44976 -4.27773 -2.5782
-4.7539 -2.10382 -4.35546
2.53298 3.8309 2.44464
-4.30365 -0.0899747 -3.16097
-1.70638 -2.22953 1.76823
-1.57903 0.727204 -3.79879
2.81914 -2.31966 -1.01404
-2.60122 -1.46485 4.09113
-2.77281 4.87802 0.160174
-1.94263 -2.74422 -0.608892
-4.01693 -4.65831 -1.25371
2.81708 3.83223 -4.41558
-3.4843 -2.30043 0.548888
4.02145 -2.55152 -4.76525
-3.6097 1.78898 3.60633
1.72216 4.24776 1.80918
3.92955 4.36546 0.188635
2.55393 -0.00916475 2.45179
0.985919 3.41485 2.60495
0.963671 -2.71413 -0.22501
3.84659 3.07934 -3.54288
-2.81368 -3.3913 1.20492
0.4231 -2.75618 1.79689
-2.54855 3.34227 -3.82064
-3.24892 2.90654 -1.53302
0.956804 3.14056 -4.26843
-4.15585 -1.79414 0.805829
2.37053 0.437436 4.70681
-4.59213 4.88163 2.42401
4.82004 -1.95772 -1.66957
-2.45651 4.7133 0.90476
-1.28175 3.89364 2.71044
3.75244 -2.87986 1.67839
4.8116 -0.7418 2.24331
3.42274 -2.12107 -3.42888
-3.5739 3.44382 -2.98622
4.85095 3.13179 1.85008
4.02397 1.69318 -1.64652
-3.77229 4.19832 3.7349
0.964356 -2.36651 3.29942
-0.985922 4.8954 4.2213
3.07281 -1.34715 4.59526
-2.4477 1.83669 3.38312
-4.59456 -0.146517 -2.65885
0.124457 4.42003 -4.48942
-0.830846 -0.325786 -3.77909
2.3337 -4.58742 2.52029
-4.68907 -4.74888 -0.963041
4.95755 1.244 3.6793
-2.14389 -4.64752 3.84252
0.562173 -1.72292 2.02602
-1.5646 -1.35809 3.32871
-2.19691 0.734459 1.753
-3.55031 -1.96254 3.94929
0.27777 3.68821 4.8757
3.46256 2.30545 -3.30985
-2.71515 -3.0237 2.35036
4.84269 -4.55834 2.93046
-4.01475 -4.80021 -4.824
3.6782 4.36988 3.64846
-2.21498 -2.98537 -0.0708398
-1.13647 3.83173 3.45817
3.29054 -0.201658 -1.84004
-1.30907 4.03852 4.88245
-1.96389 3.48071 -0.297149
-4.65214 -4.6443 2.24204
1.73141 2.54607 -4.3611
-3.72902 -1.3091 -1.58771
-2.97364 -4.72966 0.435051
-2.38442 -4.1719 0.424901
-1.81995 0.118091 -2.56848
-3.78128 -3.32477 -1.41213
0.0510745 3.60655 4.34885
2.34805 2.61104 3.47223
-4.65473 0.194257 3.50692
0.737691 -3.37358 -0.512158
4.05921 1.45179 -1.30621
-4.00227 -0.787837 1.11154
4.9804 -3.26278 -4.69747
-3.22658 3.20188 -3.08164
1.90706 1.11798 0.415038
4.32955 -0.840383 4.96618
4.48941 -2.65891 -0.398359
1.15308 -3.08514 1.43278
4.30301 -1.23146 -3.93066
-0.269608 0.0571375 -0.281865
