0.359688 4.22085 -0.16058
1.09288 -3.87227 1.31094
1.70063 4.80405 -1.74952
-4.79101 3.20111 -4.96794
-4.91249 -3.63146 -3.9833
0.254032 -4.06495 -3.26173
-2.55595 -3.60341 2.02354
-2.97002 4.1236 -1.47823
1.83136 -3.8508 -1.32828
-1.73317 0.496634 3.21063
-3.95572 1.91693 -3.58004
3.74206 -4.60533 -4.76411
-3.81007 -4.31948 1.39583
-1.5006 3.97053 0.177309
1.46794 -4.34639 -2.62954
-4.76955 -2.03232 -4.31777
2.55312 3.781 2.44935
-4.10954 -0.11377 -3.25097
-1.75686 -2.35691 1.81138
-1.58317 0.723992 -3.82382
2.8811 -2.33045 -0.980943
-2.57742 -1.52079 4.16765
-2.75767 4.85826 0.142244
-1.94901 -2.75013 -0.620485
-3.98553 -4.67919 -1.35447
2.7893 3.79066 -4.37943
-3.46775 -2.27156 0.314197
4.04487 -2.52679 -3.9974
-3.5744 1.80928 3.71303
1.75373 4.1368 1.66868
3.99003 4.46153 0.0947218
2.41029 -0.0180659 2.20553
1.05714 3.19996 2.67811
0.96002 -2.71794 -0.273107
3.88176 3.0927 -3.61025
-2.8172 -3.36314 1.19317
0.328734 -2.73325 1.80721
-2.54609 3.38077 -3.8112
-3.35771 3.00406 -1.62171
0.951986 3.11257 -4.19615
-4.11741 -1.88683 0.852195
2.4112 0.395406 4.79469
-4.58819 4.85994 1.87446
4.83072 -1.89441 -1.69818
-2.38354 4.78226 0.769129
-1.36825 -3.62013 2.73358
3.76685 -2.90747 1.59828
4.80227 -0.788771 2.27035
3.4147 -2.14838 -3.37379
-3.5375 3.40976 -3.00944
4.77859 3.1602 1.85812
3.96127 1.70886 -1.68139
-3.79406 4.18644 3.68869
0.950385 -2.33741 3.32247
-1.00449 4.90966 4.20485
3.04896 -1.35066 4.58668
-2.47837 1.81627 3.40119
-4.6563 -0.041572 -2.69773
0.158098 4.41674 -4.45161
-0.818385 -0.37908 -3.74041
2.31627 -4.6352 2.49404
-4.73096 -4.78835 -0.750621
-4.93973 1.26806 3.62427
-2.25144 -4.65323 3.83897
0.573411 -1.7559 1.96503
-1.591 -1.27469 3.73576
-2.16256 -0.817648 1.85202
-3.53182 -2.04264 4.02889
0.290539 3.74415 4.75778
3.43782 2.31322 -3.30335
-2.90893 -3.04162 2.2369
4.82687 -4.60598 2.95644
-3.97067 -4.72023 -4.78452
3.53312 4.32036 3.66034
-2.20529 -2.93792 -0.403618
-1.10909 3.82446 3.49446
3.2505 -0.135191 -1.81028
-1.32339 4.01708 4.82326
-1.93411 3.47126 -0.240642
-4.68293 -4.63865 2.16141
1.7734 2.56226 -4.40036
-3.76137 -1.34056 -1.59574
-3.0102 -4.78564 0.449984
-2.36246 -4.10056 0.431143
-1.76644 0.089695 -2.62309
-3.76335 -3.26983 -1.32317
0.0662791 3.59309 4.48791
2.31255 2.64896 3.42244
-4.70839 0.201398 3.50897
0.730861 -3.39528 -0.517274
4.03888 1.45237 -1.31556
-4.00912 -0.770245 1.14669
-4.91605 -3.25345 -4.66202
-3.07544 3.20104 -3.04477
1.89443 1.17967 0.420702
4.32218 -0.738385 4.98076
4.20633 -2.70684 -0.185729
1.24871 -3.10808 1.46999
4.28141 -1.3022 -3.95497
-0.352144 0.0351652 -0.367489
