0.320801 4.29855 -0.0908943
1.16656 -3.8239 1.38441
1.80337 4.80882 -1.74015
-4.89324 3.1949 4.98014
-4.954 -3.612 -4.04059
0.286363 -4.01176 -3.28885
-2.52596 -3.67644 1.69365
-2.86891 4.14867 -1.44921
1.85145 -3.81648 -1.3328
-1.68128 0.43181 3.15278
-3.94902 1.9241 -3.52127
3.75806 -4.64222 -4.58464
-3.75185 -4.33898 1.37964
-1.62149 4.11568 0.299727
1.48626 -4.41608 -2.68116
-4.78633 -1.96088 -4.28067
2.57349 3.73151 2.45421
-3.91575 -0.13756 -3.3413
-1.80732 -2.48442 1.85465
-1.58732 0.720828 -3.84917
2.94328 -2.34132 -0.947897
-2.55372 -1.57678 4.24459
-2.74263 4.84393 0.12406
-1.9549 -2.75592 -0.632701
-3.95458 -4.70123 -1.45546
2.76185 3.74964 -4.34389
-3.45176 -2.2429 0.0793649
4.0697 -2.50233 -3.23014
-3.53942 1.82973 3.82019
1.78548 4.027 1.52821
4.05188 4.55908 0.000776477
2.26706 -0.0269185 1.95949
1.12841 2.98545 2.75158
0.956552 -2.72179 -0.321248
3.91769 3.10647 -3.67798
-2.82095 -3.33542 1.18139
0.234351 -2.71049 1.8176
-2.54368 3.41977 -3.80269
-3.46699 3.10199 -1.71044
0.947223 3.08493 -4.12539
-4.07993 -1.97961 0.898655
2.45226 0.353414 4.88369
-4.58504 4.84275 1.32492
4.84344 -1.83126 -1.727
-2.31049 4.85571 0.633856
-1.45468 -1.1346 2.75707
3.78183 -2.9353 1.51828
4.79449 -0.835734 2.2976
3.40705 -2.17581 -3.31899
-3.50158 3.3761 -3.03284
4.70705 3.18894 1.86626
3.89889 1.72483 -1.71658
-3.81666 4.17617 3.64363
0.936535 -2.3085 3.34588
-1.02304 4.92483 4.18887
3.02533 -1.35423 4.57864
-2.5091 1.79597 3.4195
-4.71936 0.0634533 -2.7368
0.191775 4.4141 -4.41569
-0.805834 -0.432474 -3.70229
2.29904 -4.68379 2.46797
-4.77388 -4.82898 -0.538245
-4.83764 1.29224 3.5696
-2.35912 -4.65998 3.83584
0.584722 -1.78882 1.90413
-1.61735 -1.19131 4.14311
-2.12828 -2.36969 1.9511
-3.51408 -2.12301 4.1096
0.303832 3.80073 4.64236
3.4134 2.32106 -3.29706
-3.10327 -3.05978 2.12398
4.81449 -4.65525 2.98319
-3.92701 -4.64107 -4.74584
3.38845 4.27145 3.67269
-2.19627 -2.89133 -0.736098
-1.08174 3.81759 3.53096
3.21105 -0.0687012 -1.78072
-1.33781 3.99606 4.76489
-1.90442 3.46211 -0.18424
-4.71679 -4.6416 2.08128
1.81553 2.57851 -4.44017
-3.79465 -1.37204 -1.60396
-3.04731 -4.8505 0.465024
-2.34047 -4.03118 0.437303
-1.71301 0.0612943 -2.67788
-3.74585 -3.21519 -1.23436
0.0812126 3.57964 4.62747
2.27737 2.68704 3.3732
-4.76291 0.208522 3.51142
0.72402 -3.41742 -0.5225
4.019 1.45283 -1.32464
-4.01652 -0.752526 1.18189
-4.814 -3.24454 -4.62775
-2.92422 3.20034 -3.00811
1.88188 1.24142 0.426362
4.31547 -0.636351 4.99633
3.92453 -2.75511 0.0268866
1.34469 -3.13133 1.50732
4.26115 -1.3729 -3.98038
-0.434645 0.0132781 -0.453186
