3.09233 1.59357 -1.54357
-3.10261 4.72639 1.82081
-4.70821 -1.63743 0.0226586
4.65847 4.61801 0.0348309
-4.17556 -1.86392 -4.92853
2.68715 0.852685 -4.49359
0.469702 4.54131 1.37086
2.53464 -4.3964 3.17871
4.58859 3.03209 -2.8518
3.16104 -4.89021 -1.80959
4.98036 2.05655 2.53981
4.104 1.5356 4.99867
-0.565424 3.44769 -0.691091
-2.98787 -1.82086 4.76007
-4.04649 -4.5721 -4.956
0.259748 0.271655 -2.4513
0.0566736 -2.98287 4.64437
4.49371 -0.162433 -1.72449
-4.93259 0.263477 -0.944757
3.56132 3.18633 2.96107
-4.64296 -4.97361 1.91346
1.56331 2.80532 1.97252
-4.9403 -3.29778 -2.61746
0.323915 1.08129 4.49707
4.96282 -3.06976 -1.12111
-0.460936 -2.9542 -4.44211
0.932038 4.64067 4.91329
0.0396232 -4.28615 2.70003
-3.75796 1.31913 4.04734
-3.8705 2.75158 3.72068
-2.57196 4.93115 -1.44624
3.16573 -3.71895 -4.76463
-2.0523 -4.29336 1.48046
2.29575 -1.10543 -1.77982
-4.75632 0.793932 3.97121
4.92416 0.823514 4.32257
-0.924642 -4.52357 0.403567
-0.370315 -0.448464 -3.73005
-4.3636 -2.59144 1.35365
2.5607 1.03026 3.98999
-0.745653 -1.31296 -4.67828
4.41905 -1.44905 3.55414
-0.933158 -4.92788 4.61311
4.89394 4.77631 -2.30087
-4.80921 -4.68381 -1.22668
-0.635967 4.05558 -4.46228
-3.24658 2.0575 -4.72117
-4.0583 -0.565995 -0.0480475
4.22044 3.37025 -0.786974
1.7094 -0.941003 3.67218
2.65947 -4.8375 -4.17302
-2.79401 0.255712 -0.19586
-1.48594 0.97739 -4.32772
3.31132 4.68643 1.88131
2.6439 2.74778 -4.96676
0.583472 -0.496401 4.32568
-0.0677046 2.00386 1.54617
4.63651 -4.57144 4.65475
4.96434 -0.862041 -4.62997
-0.791937 -2.46975 -0.175428
-0.68797 -0.734548 3.38513
-3.59531 4.99999 4.86476
1.63083 4.8559 4.39865
2.83724 -2.33879 -1.0471
2.29057 -4.08428 4.08815
4.32601 4.44941 4.59072
1.66907 -3.76535 -3.9429
-1.53657 -4.19154 -4.52308
-2.59628 2.23191 -3.10691
3.72451 -0.872844 -3.01732
-4.86754 4.72648 -4.60838
-4.99953 4.3254 -1.44576
-3.92323 4.20474 -4.87637
-2.75232 -3.3485 4.83021
1.85457 2.8168 3.94377
3.34534 1.81042 1.06292
1.26547 -4.47323 -2.44787
-4.93137 3.11468 0.42645
1.10954 -2.23203 2.10798
4.46647 -0.763044 -4.86996
0.776945 2.68628 -2.50882
0.566722 -2.75289 0.760867
-0.82252 -3.14551 -1.78762
-0.655851 -0.382797 -1.51798
4.19772 -1.83071 -3.76665
2.39372 -0.0778034 2.16674
4.78194 -0.578414 4.90518
-0.382554 -0.110189 1.29386
0.699654 -4.98603 4.94533
-1.28975 0.423506 -0.0101903
4.90578 -2.71679 1.35805
-4.58368 -3.07338 -4.27412
-3.81767 2.13999 -0.946208
4.72152 -4.45404 2.18248
-0.831752 0.898364 2.56537
2.52896 -2.71854 2.58569
-3.26194 0.369766 -4.6677
-2.18611 4.37551 2.65267
-4.5686 0.990795 0.16763
1.51896 -1.3537 -4.9303
