0.0144512 4.97224 0.464766
1.75472 -3.46343 1.97612
2.63117 4.88519 -1.66765
4.29289 3.15614 4.59449
4.75626 -3.47125 -4.51172
0.544983 -3.60772 -3.51993
-2.29202 -4.29719 -0.940411
-2.06475 4.3856 -1.22343
2.02098 -3.57229 -1.37397
-1.26681 -0.0863097 2.69761
-3.92148 1.98587 -3.07118
3.90613 -4.96434 -3.1655
-3.31215 -4.56969 1.25913
-2.58394 -4.63106 1.28634
1.63687 4.9886 -3.10376
-4.96618 -1.39139 -3.99973
2.74361 3.3498 2.49727
-2.37504 -0.32783 -4.07448
-2.20428 -3.51684 2.20789
-1.62171 0.697716 -4.0644
3.44931 -2.43198 -0.685272
-2.36798 -2.02711 4.87826
-2.62798 4.86335 -0.0291119
-1.99176 -2.80712 -0.727806
-3.72563 -4.93309 -2.2722
2.55157 3.44026 -4.08105
-3.34514 -2.01789 -1.80207
4.29866 -2.31418 2.90442
-3.27239 1.99867 4.69703
2.04645 3.1784 0.404308
4.64164 -4.6021 -0.753974
1.13054 -0.096298 -0.00319483
1.69916 1.27499 3.35336
0.933931 -2.75525 -0.708703
4.23027 3.23129 -4.24318
-2.8608 -3.1258 1.08885
-0.521516 -2.53466 1.90394
-2.52942 3.75287 -3.76973
-4.36756 3.91077 -2.42472
0.910569 2.87494 -3.59432
-3.81079 -2.72556 1.27378
2.79346 0.0186156 -4.41011
-4.58461 4.80156 -3.07189
-4.97057 -1.32924 -1.96392
-1.71769 -4.65963 -0.447171
-2.14793 -1.24824 2.95376
3.92411 -3.16737 0.88327
4.78321 -1.21183 2.52637
3.35838 -2.40013 -2.89022
-3.22682 3.11723 -3.22931
4.15978 3.43265 1.93478
3.40922 1.86029 -2.00534
-4.03609 4.15301 3.31173
0.828955 -2.08287 3.54705
-1.17178 -4.93832 4.07686
2.84377 -1.38501 4.5375
-2.75867 1.63719 3.57497
4.74406 0.905891 -3.06003
0.462257 4.41695 -4.17402
-0.700551 -0.86341 -3.41698
2.16703 4.90045 2.26541
4.84311 4.73993 1.15875
-4.04261 1.49009 3.14295
-3.22724 -4.74716 3.82694
0.677761 -2.05118 1.41975
-1.82904 -0.526072 -2.59497
-1.86027 -4.78263 2.75066
-3.39824 -2.77757 4.80809
0.42257 4.28043 3.76906
3.22814 2.38733 -3.25477
-4.68803 -3.22258 1.23734
4.79319 4.90701 3.21979
-3.59555 -4.03281 -4.46491
2.24052 3.89852 3.78697
-2.14 -2.53887 -3.41605
-0.863415 3.77658 3.83311
2.91237 0.463096 -1.54922
-1.45744 3.84402 4.32573
-1.66789 3.4023 0.265292
4.93059 -4.74364 1.45241
2.15677 2.71113 -4.77904
-4.11166 -1.62326 -1.6767
-3.36515 4.5646 0.590088
-2.15744 -3.52436 0.480267
-1.28797 -0.164671 -3.12217
-3.62289 -2.79145 -0.528307
0.194578 3.47189 -4.2502
2.00506 2.99941 2.99893
4.77881 0.265132 3.55035
0.668817 -3.61154 -0.566797
3.87575 1.45553 -1.39155
-4.09586 -0.607547 1.46554
-4.0913 -3.18505 -4.39503
-1.71425 3.2016 -2.72101
1.78456 1.73795 0.47165
4.2829 0.180883 -4.88939
1.69642 -3.15285 1.7264
2.12884 -3.32295 1.81413
4.15744 -1.94018 -4.20803
-1.09462 -0.158942 -1.14033
