-0.0233299 -4.93531 0.534278
1.82714 -3.42235 2.05169
2.73545 4.89902 -1.65882
4.19351 3.1525 4.55045
4.72806 -3.45543 -4.57283
0.577379 -3.55972 -3.5505
-2.26386 -4.38002 -1.27009
-1.96477 4.42077 -1.19601
2.04319 -3.5452 -1.37973
-1.21509 -0.150924 2.64166
-3.92202 1.99419 -3.01687
3.92708 4.99144 -2.98954
-3.26119 -4.60855 1.24524
-2.70447 -4.47337 1.41099
1.65615 4.91126 -3.15769
-4.9948 -1.32033 -3.96624
2.76568 3.3035 2.50315
-2.18352 -0.351602 -4.16767
-2.25458 -3.64774 2.2532
-1.6262 0.695198 -4.09282
3.51383 -2.44382 -0.652616
-2.34521 -2.08368 4.96034
-2.61452 4.87689 -0.0487079
-1.9965 -2.81467 -0.740121
-3.69929 -4.97166 -2.37525
2.52622 3.40376 -4.05055
-3.33422 -1.99048 -2.03785
4.33065 -2.29136 3.67186
-3.24082 2.02049 4.80983
2.07982 3.07503 0.263822
4.72508 -4.50025 -0.848798
0.989069 -0.104779 -0.248179
1.77069 1.06131 3.43095
0.931604 -2.75996 -0.757545
4.27225 3.24874 -4.31776
-2.86699 -3.10095 1.07779
-0.616093 -2.5133 1.91517
-2.5286 3.79767 -3.76956
-4.48467 4.01679 -2.51482
0.906167 2.84995 -3.53033
-3.78107 -2.81925 1.32118
2.83742 -0.023162 -4.32656
-4.58777 4.8047 -3.62206
-4.9396 -1.26668 -1.99438
-1.64264 -4.61998 -0.582758
-2.23528 1.23738 2.97997
3.94479 -3.19776 0.804246
4.78722 -1.25886 2.55652
3.35387 -2.42894 -2.83753
-3.19379 3.08599 -3.25496
4.09381 3.4648 1.94379
3.34891 1.87796 -2.04197
-4.06986 4.15758 3.27344
0.815764 -2.05528 3.57401
-1.1905 -4.92444 4.06491
2.8218 -1.38916 4.53537
-2.79055 1.61777 3.59564
4.67909 1.0114 -3.10185
0.496172 4.42054 -4.14714
-0.686533 -0.917885 -3.38344
2.15107 4.84775 2.24076
4.79792 4.69401 1.37076
-3.94622 1.51529 3.09081
-3.33702 -4.7618 3.82805
0.689605 -2.08401 1.3595
-1.8561 -0.443295 -2.18817
-1.82707 3.66529 2.85142
-3.38724 -2.86093 4.90521
0.437838 4.34345 3.66459
3.20604 2.39617 -3.25042
-4.893 -3.24565 1.12787
4.79785 4.85151 3.25208
-3.55647 -3.9597 -4.43353
2.09772 3.85373 3.80336
-2.13367 -2.49641 -3.75326
-0.836061 3.77396 3.87238
2.87657 0.529397 -1.52066
-1.47309 3.82805 4.27419
-1.63851 3.39685 0.321525
4.88344 -4.7745 1.37532
2.19979 2.72809 -4.82405
-4.1589 -1.65456 -1.6865
-3.40785 4.50105 0.60607
-2.13403 -3.4643 0.485605
-1.23486 -0.192284 -3.17851
-3.6097 -2.73995 -0.440332
0.208556 3.45933 -4.113
1.97153 3.03944 2.95444
4.72323 0.272293 3.55806
0.661876 -3.63802 -0.572512
3.85955 1.45598 -1.39946
-4.1085 -0.589094 1.5013
-4.01202 -3.17926 -4.37178
-1.5631 3.20274 -2.6858
1.77269 1.80031 0.477388
4.28088 0.283129 -4.87767
1.41891 -3.20257 1.9372
2.23074 -3.34872 1.85411
4.15175 -2.01163 -4.2391
-1.17727 -0.180072 -1.22623
