-0.0610146 -4.84438 0.603856
1.89964 -3.38203 2.12771
2.83994 4.91354 -1.65004
4.09458 3.14904 4.50749
4.70102 -3.44015 -4.6346
0.609812 -3.51235 -3.58144
-2.23585 -4.46382 -1.59995
-1.8649 4.45776 -1.16875
2.06563 -3.51886 -1.38562
-1.1634 -0.215539 2.58589
-3.92349 2.00263 -2.96293
3.94873 4.94793 -2.8138
-3.21132 -4.64968 1.23145
-2.82509 -4.31723 1.53595
1.67554 4.83463 -3.21186
4.97547 -1.24929 -3.93309
2.78792 3.25737 2.50916
-1.99216 -0.375401 -4.26128
-2.30506 -3.77918 2.29894
-1.63073 0.692764 -4.12162
3.57873 -2.45578 -0.619982
-2.32253 -2.14034 -4.95667
-2.60124 4.89194 -0.0683256
-2.00131 -2.82245 -0.752547
-3.67348 4.98803 -2.4785
2.50106 3.36755 -4.02052
-3.32366 -1.96329 -2.27392
4.36323 -2.26876 4.4399
-3.20963 2.04244 4.92349
2.11336 2.97212 0.123329
4.81014 -4.39985 -0.943721
0.847684 -0.113226 -0.493144
1.84231 0.847618 3.50912
0.929388 -2.76484 -0.806492
4.31499 3.26648 -4.3935
-2.87344 -3.07632 1.06683
-0.710695 -2.49204 1.92651
-2.528 3.84326 -3.77023
-4.60315 4.12425 -2.60514
0.901836 2.82508 -3.46673
-3.75223 -2.91318 1.36881
2.88172 -0.0649749 -4.24406
-4.59164 4.80865 -4.17257
-4.91015 -1.20411 -2.02503
-1.56749 -4.58261 -0.718366
-2.32273 3.72302 3.00637
3.96635 -3.22845 0.725254
4.7923 -1.30594 2.58699
3.34978 -2.458 -2.78502
-3.16102 3.05496 -3.28086
4.02827 3.49728 1.95291
3.28879 1.89574 -2.07867
-4.10544 4.16366 3.23582
0.802607 -2.02782 3.60138
-1.20926 -4.91181 4.0534
2.79995 -1.39338 4.53385
-2.82266 1.59845 3.61668
4.6153 1.11694 -3.14402
0.530107 4.42473 -4.12085
-0.67234 -0.972559 -3.35035
2.13521 4.79575 2.21623
4.75379 4.65614 1.58283
-3.85042 1.54056 3.03888
-3.44718 -4.77738 3.8297
0.701478 -2.11687 1.29929
-1.88329 -0.360512 -1.78143
-1.794 2.11369 2.95233
-3.37702 -2.94472 -4.99384
0.453162 4.40718 3.56068
3.18418 2.40509 -3.24627
4.89962 -3.26931 1.01854
4.80406 4.79733 3.285
-3.51784 -3.88738 -4.4032
1.95501 3.80922 3.82026
-2.12746 -2.45429 -4.09159
-0.808618 3.77191 3.91204
2.84108 0.595612 -1.49213
-1.48894 3.81278 4.22331
-1.6092 3.39186 0.377783
4.83827 -4.81634 1.29839
2.24289 2.74508 -4.86976
-4.20696 -1.68598 -1.69633
-3.45121 4.43927 0.622059
-2.11065 -3.40479 0.490939
-1.18177 -0.219794 -3.23513
-3.59693 -2.68865 -0.352396
0.222477 3.44695 -3.9763
1.93799 3.07961 2.91037
4.66841 0.279475 3.56643
0.654947 -3.66492 -0.57825
3.84371 1.45646 -1.40731
-4.12173 -0.570596 1.53712
-3.93414 -3.17396 -4.35055
-1.41197 3.20412 -2.65072
1.76086 1.86272 0.48316
4.27927 0.385386 -4.86652
1.1408 -3.25255 2.1481
2.33375 -3.37511 1.89396
4.14734 -2.0833 -4.27086
-1.25993 -0.201103 -1.31205
