-0.136176 -4.66699 0.743331
2.04437 -3.30279 2.28084
3.04949 4.94463 -1.63256
3.89797 3.14261 4.42499
4.64996 -3.41134 -4.76002
0.674768 -3.41943 -3.64438
-2.18028 -4.63454 -2.2601
-1.66544 4.53755 -1.11455
2.11112 -3.46839 -1.39769
-1.06016 -0.344751 2.47495
-3.92928 2.01976 -2.85584
3.99402 4.86288 -2.4628
-3.11442 -4.73903 1.20401
-3.06759 -4.00836 1.7871
1.71464 4.68333 -3.32092
4.91797 -1.10727 -3.86761
2.83292 3.16558 2.52159
-1.60985 -0.423097 -4.44945
-2.40661 -4.04397 2.39177
-1.63999 0.688149 -4.18013
3.70948 -2.48011 -0.554752
-2.27767 -2.2538 -4.79228
-2.57529 4.92574 -0.107601
-2.01129 -2.83886 -0.777664
-3.6236 4.91087 -2.68549
2.45129 3.29596 -3.96182
-3.30416 -1.90969 -2.74669
4.43023 -2.22424 -4.02213
-3.14846 2.08667 -4.84813
2.18091 2.76757 -0.157676
4.98487 -4.20363 -1.13378
0.565097 -0.130037 -0.982993
1.98579 0.420198 3.66733
0.925199 -2.77512 -0.904641
4.40284 3.30273 -4.54843
-2.88729 -3.02769 1.04524
-0.899992 -2.4498 1.94958
-2.52753 3.93658 -3.77376
-4.84511 4.34161 -2.78649
0.89338 2.77567 -3.34061
-3.69849 -3.10192 1.46497
2.97101 -0.148743 -4.08199
-4.60157 4.81866 4.72498
-4.85645 -1.07885 -2.08675
-1.41711 -4.51476 -0.989646
-2.49846 -1.30463 3.06067
4.01049 -3.2908 0.567355
4.80527 -1.40035 2.64922
3.34254 -2.51689 -2.68048
-3.09624 2.99339 -3.33332
3.89836 3.56318 1.97148
3.169 1.93159 -2.15224
-4.18282 4.18053 3.16289
0.776361 -1.97329 3.65748
-1.24692 -4.89014 4.03186
2.75653 -1.40204 4.53273
-2.88751 1.55994 3.66007
4.49081 1.32806 -3.22937
0.598004 4.43486 -4.06998
-0.643549 -1.08258 -3.28507
2.1037 4.6937 2.16753
4.66843 4.59555 2.00778
-3.66043 1.5913 2.93577
-3.66893 -4.8118 3.83509
0.725316 -2.18271 1.17902
-1.93842 -0.194927 -0.968065
-1.72805 -0.98929 3.15477
-3.35923 -3.11379 -4.79627
0.483896 4.53693 3.3544
3.14111 2.42317 -3.2386
4.48987 -3.31836 0.800425
4.82166 4.69286 3.35315
-3.44192 -3.74545 -4.34405
1.66979 3.72094 3.85571
-2.11532 -2.37127 -4.76916
-0.753449 3.76947 3.99263
2.77087 0.727746 -1.4351
-1.52126 3.78426 4.12345
-1.55078 3.38314 0.490417
4.75244 -4.92119 1.14443
2.32933 2.77922 -4.96341
-4.30602 -1.74942 -1.71588
-3.54001 4.32034 0.654086
-2.06414 -3.28733 0.501644
-1.07578 -0.274532 -3.34897
-3.57293 -2.58663 -0.176593
0.250113 3.42278 -3.70414
1.87089 3.16044 2.82345
4.56066 0.293883 3.58529
0.641111 -3.71995 -0.589746
3.81303 1.45751 -1.4228
-4.15002 -0.533483 1.6091
-3.78281 -3.16497 -4.30965
-1.10981 3.20749 -2.58095
1.73729 1.98762 0.494863
4.27696 0.589933 -4.84584
0.584117 -3.35425 2.57089
2.54213 -3.4301 1.97357
4.14002 -2.22729 -4.33647
-1.42466 -0.242813 -1.48332
