-0.173671 -4.58043 0.813257
2.11662 -3.26375 2.35792
3.15457 4.96122 -1.62384
3.80025 3.13964 4.38545
4.62582 -3.39781 -4.82361
0.707299 -3.37381 -3.6764
-2.15269 -4.72133 -2.59039
-1.56585 4.5804 -1.08755
2.13415 -3.44419 -1.40386
-1.00854 -0.409273 2.41975
-3.93356 2.02849 -2.80255
4.01778 4.82137 -2.28753
-3.067 -4.78703 1.19043
-3.18981 -3.85533 1.9132
1.73438 4.60863 -3.37582
4.89021 -1.03625 -3.83522
2.85567 3.11988 2.52804
-1.41884 -0.446984 -4.54405
-2.45763 -4.17747 2.43891
-1.64474 0.685979 -4.20979
3.77534 -2.49245 -0.522158
-2.2569 -2.30959 -4.71107
-2.5626 4.94428 -0.127257
-2.01649 -2.8475 -0.79037
-3.59953 4.87408 -2.78927
2.42666 3.26055 -3.93312
-3.29537 -1.88322 -2.98338
4.46514 -2.20233 -3.25359
-3.11844 2.10898 -4.73516
2.21495 2.66587 -0.298198
-4.92535 -4.10776 -1.22891
0.423904 -0.138394 -1.22789
2.05766 0.206491 3.74743
0.923219 -2.78055 -0.953839
4.44799 3.32127 -4.62771
-2.89464 -3.00367 1.03456
-0.994669 -2.42882 1.96131
-2.52768 3.98443 -3.77653
-4.9691 4.45164 -2.87763
0.889268 2.75111 -3.27804
-3.67337 -3.1968 1.5135
3.01605 -0.190698 -4.00228
-4.60776 4.82491 4.17433
-4.83223 -1.0161 -2.11777
-1.34193 -4.4843 -1.12536
-2.58691 1.1812 3.08884
4.03289 -3.32244 0.488346
4.81322 -1.44769 2.68103
3.33937 -2.54673 -2.62841
-3.06422 2.96284 -3.35982
3.83397 3.59663 1.98093
3.10933 1.94964 -2.1891
-4.22498 4.1914 3.12752
0.763301 -1.94621 3.68625
-1.26582 -4.88094 4.02184
2.73497 -1.40649 4.53315
-2.92023 1.54081 3.68265
4.43007 1.43367 -3.27251
0.631952 4.4408 -4.04536
-0.62898 -1.13793 -3.25282
2.08806 4.64359 2.14335
4.62729 4.56894 2.22064
-3.56615 1.6168 2.8846
-3.78057 -4.83091 3.8388
0.737301 -2.21572 1.11896
-1.96637 -0.112073 -0.561247
-1.69515 -2.54073 3.25657
-3.35148 -3.19909 -4.69986
0.499278 4.60302 3.25196
3.11989 2.43234 -3.23507
4.28729 -3.34374 0.691805
4.83366 4.64257 3.38838
-3.40459 -3.67586 -4.3152
1.52725 3.67715 3.87426
-2.10668 -2.33225 4.8915
-0.725742 3.76906 4.03362
2.73611 0.793667 -1.40656
-1.53775 3.77097 4.0744
-1.52167 3.37937 0.546816
4.71164 -4.97907 1.06743
2.37268 2.79638 4.98857
-4.35713 -1.7815 -1.7256
-3.58541 4.26293 0.67013
-2.04098 -3.22933 0.507013
-1.02288 -0.301744 -3.40617
-3.56169 -2.53587 -0.0887305
0.263822 3.41102 -3.56858
1.83732 3.20115 2.78056
4.50769 0.301113 3.59583
0.634214 -3.74809 -0.595497
3.79819 1.45809 -1.43046
-4.16508 -0.514856 1.64527
-3.70933 -3.16116 -4.28985
-0.958791 3.20952 -2.54621
1.72554 2.05011 0.500821
4.27627 0.692227 -4.83627
0.305759 -3.40607 2.78287
2.64727 -3.45879 2.01345
4.13673 -2.29961 -4.37037
-1.50676 -0.263561 -1.56915
