-0.211099 -4.49525 0.883283
2.18885 -3.22506 2.43529
3.25995 4.97852 -1.61514
3.70289 3.13682 4.34683
4.60255 -3.3848 -4.88787
0.73988 -3.32873 -3.70883
-2.12519 -4.80907 -2.92084
-1.46633 4.62522 -1.06062
2.15742 -3.42067 -1.41014
-0.956947 -0.473753 2.36473
-3.93874 2.03732 -2.74943
4.04254 4.78053 -2.1124
-3.02011 -4.83714 1.17694
-3.31268 -3.70313 2.03968
1.75426 4.53453 -3.43105
4.86311 -0.96523 -3.8031
2.87858 3.07431 2.53463
-1.2279 -0.470892 -4.63909
-2.50882 -4.31186 2.4865
-1.64958 0.683888 -4.23975
3.8416 -2.5049 -0.489587
-2.23637 -2.36548 -4.6394
-2.55007 4.96384 -0.146938
-2.02181 -2.85646 -0.803196
-3.57598 4.83852 -2.89329
2.4022 3.22539 -3.90547
-3.28725 -1.85691 -3.22039
4.50096 -2.18066 -2.48525
-3.08878 2.1314 -4.62298
2.24919 2.56452 -0.438753
-4.83743 -4.01335 -1.32414
0.282786 -0.146725 -1.47282
2.12962 -0.00720804 3.82813
0.921322 -2.7862 -1.00314
4.49397 3.34012 -4.70828
-2.90226 -2.97984 1.02394
-1.08935 -2.40792 1.97313
-2.52807 4.03317 -3.77999
4.90474 4.56267 -2.96921
0.885253 2.72663 -3.21593
-3.64929 -3.29205 1.56226
3.0614 -0.232709 -3.92351
-4.61532 4.8325 3.62438
-4.80983 -0.953234 -2.14891
-1.26673 -4.4562 -1.26119
-2.67545 3.667 3.11729
4.05519 -3.35437 0.408887
4.82215 -1.49515 2.71326
3.33653 -2.57684 -2.57647
-3.03242 2.93247 -3.38651
3.76998 3.63042 1.99044
3.04981 1.96776 -2.22603
-4.26982 4.20392 3.09272
0.750297 -1.91924 3.71547
-1.28478 -4.8728 4.01228
2.71351 -1.41103 4.53416
-2.95321 1.5218 3.70587
4.37029 1.53932 -3.31606
0.665901 4.44731 -4.02136
-0.614317 -1.19351 -3.22089
2.0725 4.59405 2.11925
4.58735 4.54378 2.4337
-3.47234 1.64243 2.83363
-3.89276 -4.852 3.84309
0.749341 -2.2488 1.05895
-1.99444 -0.0291663 -0.154365
-1.66234 -4.09231 3.35876
-3.34428 -3.28487 -4.60572
0.514673 4.66999 3.14986
3.0989 2.44161 -3.23187
4.0868 -3.36977 0.584118
4.84913 4.5936 3.42427
-3.36762 -3.60724 -4.28685
1.38474 3.63357 3.89321
-2.09795 -2.29349 4.57119
-0.697954 3.76918 4.07507
2.70158 0.859487 -1.378
-1.55443 3.75832 4.02585
-1.49263 3.37598 0.603255
4.6723 4.96068 0.990443
2.41612 2.81361 4.94171
-4.40937 -1.81384 -1.73531
-3.6314 4.20677 0.686178
-2.01785 -3.17176 0.512381
-0.970028 -0.328856 -3.46365
-3.55089 -2.48525 -0.00090032
0.277463 3.3995 -3.43336
1.80376 3.24208 2.7379
4.4553 0.30835 3.60704
0.627344 -3.77666 -0.601257
3.78369 1.4587 -1.43807
-4.18072 -0.496194 1.68153
-3.63728 -3.15761 -4.27055
-0.807813 3.21176 -2.51157
1.71382 2.11266 0.506849
4.27589 0.794533 -4.82725
0.0274522 -3.45859 2.99525
2.75297 -3.48832 2.05342
4.13401 -2.37218 -4.40493
-1.58897 -0.284264 -1.65512
