-0.323001 -4.248 1.09393
2.40577 -3.11113 2.66915
3.57724 -4.96895 -1.58913
3.41267 3.12929 4.23596
4.53726 -3.34874 4.91745
0.837909 -3.19645 -3.80874
-2.04323 4.92092 -3.91355
-1.16821 4.77096 -0.980056
2.22843 -3.35391 -1.4296
-0.802299 -0.666949 2.20072
-3.95976 2.06454 -2.59096
4.12023 4.66399 -1.58768
-2.88219 4.9999 1.13692
-3.68528 -3.25155 2.42249
1.81472 4.31571 -3.59899
4.78563 -0.752272 -3.70838
2.9483 2.93798 2.55518
-0.655227 -0.542712 -4.92681
-2.66393 -4.72231 2.63135
-1.66468 0.677987 -4.33138
4.04283 -2.54302 -0.391964
-2.17534 -2.53385 -4.43161
-2.51351 -4.97355 -0.206201
-2.03864 -2.88529 -0.842398
-3.50997 4.73918 -3.20676
2.32958 3.12132 -3.82804
-3.26719 -1.77868 -3.93371
4.61669 -2.11677 -0.180849
-3.00205 2.19932 -4.29047
2.35291 2.26203 -0.860435
-4.58581 -3.73874 -1.61053
-0.14018 -0.17156 -2.2079
2.34614 -0.648191 4.07402
0.915999 -2.80458 -1.15164
4.63627 3.39852 -4.95739
-2.9267 -2.90969 0.99241
-1.37351 -2.34573 2.00926
-2.5312 4.18738 -3.79467
4.53553 4.90246 -3.24689
0.873736 2.65356 -3.03219
-3.58299 -3.58118 1.70871
3.19954 -0.359151 -3.69241
-4.65711 4.86478 1.97656
-4.7545 -0.763884 -2.24318
-1.0413 -4.38496 -1.66962
-2.94316 1.12532 3.20573
4.12654 -3.45232 0.160915
4.8549 -1.63828 2.81248
3.32982 -2.6688 -2.42172
-2.93853 2.84242 -3.46772
3.58044 3.73337 2.01931
2.872 2.02251 -2.33724
-4.42469 4.2507 2.99148
0.711561 -1.83906 3.80585
-1.34182 -4.85622 3.98665
2.64984 -1.4252 4.54048
-3.05352 1.46498 3.77872
4.19613 1.85657 -3.44928
0.767647 4.47031 -3.95298
-0.570009 -1.36162 -3.12674
2.02629 4.44842 2.04737
4.47946 4.47345 3.07391
-3.19313 1.71976 2.68172
-4.23388 -4.92929 3.85998
0.785755 -2.34859 0.879194
-2.07925 0.219844 1.0665
-1.56445 1.25454 3.66714
-3.32579 -3.54577 -4.34375
0.561048 4.87657 2.84546
3.03706 2.46999 -3.22415
3.48807 -3.45413 0.278149
4.93637 4.45453 3.53729
-3.25782 -3.4089 -4.20052
0.957347 3.50404 3.95241
-2.07285 -2.17828 3.62673
-0.614106 3.77273 4.20249
2.59909 1.05624 -1.29223
-1.6055 3.72411 3.88329
-1.40585 3.36808 0.772749
4.56288 4.78941 0.759479
2.54695 2.86577 4.80749
-4.57724 -1.91225 -1.76466
-3.77312 4.04428 0.734238
-1.94873 -3.00157 0.528469
-0.811791 -0.409694 -3.63788
-3.52123 -2.33418 0.262393
0.31801 3.36657 -3.02953
1.70317 3.36618 2.61135
4.30127 0.330056 3.64455
0.606879 -3.86497 -0.618568
3.74213 1.46069 -1.46075
-4.23111 -0.440006 1.791
-3.43055 -3.1455 -4.2146
-0.355264 3.21985 -2.40815
1.67875 2.30062 0.525328
4.27656 1.10148 -4.80351
-0.80708 -3.62062 3.63537
3.07319 -3.58255 2.17426
4.1292 -2.59136 -4.51303
-1.83687 -0.346085 -1.91334
