-0.360205 -4.16821 1.16437
2.47824 -3.07384 2.74764
3.68336 -4.9568 -1.58057
3.31649 3.1271 4.20046
4.5169 -3.33767 4.85477
0.87069 -3.15328 -3.84296
-2.01604 4.83035 -4.24515
-1.06894 4.82317 -0.953241
2.25249 -3.33269 -1.43633
-0.750748 -0.73129 2.14637
-3.96849 2.07389 -2.5384
4.14735 4.63083 -1.41294
-2.83702 4.9459 1.12372
-3.81104 -3.10231 2.55133
1.83516 4.24392 -3.65582
4.76109 -0.68133 -3.67737
2.97186 2.89265 2.56231
-0.464341 -0.566686 4.97633
-2.71622 -4.86195 2.68039
-1.66991 0.676111 -4.36261
4.11069 -2.556 -0.3595
-2.15512 -2.59027 -4.36344
-2.50165 -4.95381 -0.226039
-2.04456 -2.8955 -0.85571
-3.48937 4.70825 -3.31179
2.3056 3.08709 -3.8039
-3.2619 -1.75271 -4.17252
4.65767 -2.09558 0.587276
-2.97387 2.22215 -4.18091
2.38778 2.16175 -1.00091
-4.50563 -3.64955 -1.70633
-0.281031 -0.179749 -2.45307
2.41854 -0.861744 4.15726
0.914325 -2.81117 -1.20136
4.68518 3.41866 4.95711
-2.93542 -2.88682 0.982024
-1.46827 -2.32519 2.02153
-2.53295 4.24124 -3.8009
4.41503 -4.98159 -3.34062
0.870079 2.62931 -2.97178
-3.56255 -3.67938 1.75753
3.2464 -0.401434 -3.61705
-4.67439 4.87743 1.42745
-4.73949 -0.700593 -2.27495
-0.966238 -4.36488 -1.80615
-3.03307 3.61102 3.23608
4.15226 -3.486 0.0779378
4.86792 -1.68626 2.84634
3.32826 -2.69993 -2.37053
-2.9077 2.81276 -3.49515
3.51809 3.76829 2.02905
2.81296 2.04089 -2.37446
-4.48481 4.26959 2.95883
0.698738 -1.81261 3.83694
-1.36095 -4.85298 3.9791
2.62886 -1.43016 4.54364
-3.08754 1.44621 3.80419
4.13973 1.96248 -3.49464
0.801507 4.47913 -3.93138
-0.555188 -1.41812 -3.09589
2.01105 4.40082 2.02353
4.4477 4.45182 3.28782
-3.10074 1.74583 2.6313
-4.34978 -4.95882 3.86687
0.797987 -2.38205 0.819372
-2.10772 0.302941 1.47349
-1.53193 -0.295877 3.77062
-3.32247 -3.63833 -4.26563
0.576555 4.94729 2.74455
3.01682 2.47969 -3.22222
3.28825 -3.48383 0.177043
4.97475 4.41148 3.5771
-3.22035 -3.34403 -4.16962
0.814917 3.46122 3.97291
-2.0649 -2.14027 3.31427
-0.586055 3.77492 4.24605
2.56529 1.12157 -1.26359
-1.62284 3.71395 3.8367
-1.37703 3.36622 0.829299
4.52953 4.73527 0.682446
2.59071 2.88333 4.76471
-4.63663 -1.94549 -1.77471
-3.8216 3.99172 0.750215
-1.92578 -2.94554 0.533827
-0.759142 -0.43653 -3.69666
-3.51233 -2.28403 0.350083
0.331445 3.35617 -2.89546
1.66969 3.40802 2.56963
4.25096 0.33729 3.65828
0.600106 -3.89528 -0.624346
3.72894 1.46142 -1.46828
-4.2491 -0.42121 1.82769
-3.36487 -3.13968 -4.19695
-0.204598 3.22296 -2.37379
1.66712 2.36343 0.531592
4.2774 1.20381 -4.79672
-1.08519 -3.67615 3.85005
3.18097 -3.61589 2.21493
4.12869 -2.66491 -4.55176
-1.92 -0.366601 -1.99952
