-0.397365 -4.08977 1.23492
2.55081 -3.03689 2.82637
3.78968 -4.94834 -1.57215
3.22058 3.1251 4.16541
4.49722 -3.32705 4.79366
0.903529 -3.11055 -3.87771
-1.9889 4.74057 -4.57736
-0.969729 4.87696 -0.926451
2.27675 -3.31193 -1.4432
-0.699176 -0.795612 2.09211
-3.97806 2.08339 -2.48601
4.17508 4.60149 -1.23824
-2.79219 4.89395 1.11056
-3.93775 -2.9536 2.68067
1.85575 4.17272 -3.71314
4.7372 -0.610405 -3.64665
2.99559 2.84737 2.56955
-0.273433 -0.590674 4.88026
-2.76886 4.99656 2.7298
-1.67523 0.674279 -4.39432
4.17903 -2.56907 -0.32711
-2.13492 -2.64686 -4.29576
-2.48995 -4.93498 -0.245933
-2.05064 -2.90604 -0.869157
-3.46942 4.67842 -3.41717
2.28171 3.05312 -3.78056
-3.25731 -1.72673 -4.41208
4.69949 -2.07445 1.35548
-2.94603 2.24503 -4.07199
2.42277 2.06176 -1.14132
-4.42702 -3.56126 -1.80236
-0.421814 -0.187855 -2.69846
2.49105 -1.07513 4.24105
0.912697 -2.81801 -1.25122
4.7349 3.43923 4.87261
-2.94446 -2.86428 0.971696
-1.56305 -2.30477 2.03389
-2.53505 4.29587 -3.80777
4.29563 -4.86725 -3.43513
0.866508 2.6051 -2.91183
-3.54287 -3.77878 1.80648
3.2937 -0.443774 -3.54252
-4.69281 4.8908 0.878397
-4.72607 -0.637239 -2.30689
-0.891228 -4.34634 -1.94291
-3.12347 -3.90252 3.26685
4.17864 -3.52024 -0.00503008
4.88205 -1.73438 2.88061
3.32705 -2.73124 -2.31956
-2.87708 2.78329 -3.52279
3.45616 3.80353 2.03882
2.75404 2.05933 -2.41179
-4.54996 4.29037 2.92642
0.685961 -1.7863 3.86843
-1.38012 -4.85086 3.97207
2.60804 -1.43529 4.54734
-3.12186 1.42748 3.83012
4.08412 2.06855 -3.54066
0.835332 4.48853 -3.91035
-0.540358 -1.47484 -3.06545
1.99589 4.35366 1.99973
4.41746 4.43128 3.502
-3.00863 1.77199 2.58099
-4.46729 -4.99055 3.8743
0.810265 -2.41563 0.759584
-2.1363 0.386085 1.88051
-1.49949 -1.84628 3.87447
-3.32044 -3.73419 -4.18921
0.592084 -4.98107 2.64387
2.99678 2.48956 -3.22064
3.08869 -3.51426 0.075993
-4.98187 4.37066 3.61775
-3.18221 -3.28006 -4.13884
0.672507 3.41858 3.99377
-2.0572 -2.10246 3.00247
-0.557981 3.77759 4.29016
2.53166 1.18673 -1.23496
-1.64031 3.70437 3.79055
-1.34827 3.36471 0.885861
4.49841 4.68248 0.605329
2.63454 2.901 4.72278
-4.69734 -1.97891 -1.7849
-3.87068 3.93969 0.766145
-1.90286 -2.88987 0.539167
-0.706543 -0.463336 -3.7564
-3.50394 -2.23396 0.43772
0.344885 3.34609 -2.76165
1.63622 3.4501 2.52811
4.20113 0.344528 3.67256
0.59336 -3.92606 -0.630135
3.71608 1.46217 -1.47582
-4.26771 -0.402375 1.86448
-3.30113 -3.13228 -4.18026
-0.0540729 3.22628 -2.33943
1.65552 2.42634 0.537887
4.27856 1.30614 -4.79053
-1.36329 -3.73247 4.06559
3.28931 -3.65022 2.2558
4.12874 -2.73868 -4.59225
-2.00342 -0.387077 -2.08581
