-0.434467 -4.01245 1.30558
2.62353 -3.00023 2.90535
3.89629 -4.9431 -1.56391
3.125 3.12331 4.13079
4.47829 -3.31685 4.73425
0.936439 -3.06823 -3.913
-1.96182 4.65162 -4.9104
-0.870548 4.93221 -0.899688
2.3012 -3.2916 -1.45021
-0.647574 -0.859894 2.03794
-3.9884 2.09307 -2.43378
4.2034 4.5754 -1.06352
-2.74766 4.84375 1.09745
-4.0656 -2.80539 2.81044
1.87649 4.10211 -3.77101
4.71397 -0.539489 -3.61623
3.01951 2.80215 2.5769
-0.0825051 -0.614653 4.78489
-2.82179 4.85719 2.77956
-1.68064 0.672492 -4.42644
4.2479 -2.58221 -0.294759
-2.11475 -2.70362 -4.2286
-2.4784 -4.91705 -0.265883
-2.05688 -2.91689 -0.882739
-3.45009 4.6497 -3.52295
2.25793 3.0194 -3.75798
-3.25341 -1.70074 -4.6526
4.74216 -2.05345 2.12374
-2.91851 2.26795 -3.96367
2.45789 1.96213 -1.28165
-4.34983 -3.47379 -1.89862
-0.562538 -0.195833 -2.94408
2.56363 -1.28812 4.32518
0.911119 -2.8251 -1.30122
4.7857 3.46024 4.78909
-2.9538 -2.84207 0.961414
-1.65784 -2.28446 2.04631
-2.53742 4.3514 -3.81528
4.1773 -4.75439 -3.53046
0.863024 2.58094 -2.85233
-3.52391 -3.87955 1.85557
3.34149 -0.486159 -3.46878
-4.71278 4.90487 0.329365
-4.71424 -0.573828 -2.33899
-0.816265 -4.32916 -2.07991
-3.21429 -1.41737 3.29826
4.20569 -3.55506 -0.0879903
4.89743 -1.7826 2.91531
3.32622 -2.76273 -2.26879
-2.84666 2.75402 -3.5506
3.39469 3.83914 2.04864
2.69523 2.07783 -2.44922
-4.61716 4.31299 2.89419
0.673245 -1.76012 3.90034
-1.39932 -4.84994 3.96562
2.58741 -1.44068 4.55168
-3.15646 1.40881 3.85651
4.0293 2.17478 -3.58738
0.86913 4.49855 -3.8899
-0.525514 -1.5318 -3.0354
1.98083 4.30708 1.97597
4.39363 4.41198 3.7166
-2.91675 1.79825 2.53081
-4.58569 4.97505 3.88229
0.822598 -2.4493 0.699829
-2.16498 0.469279 2.28759
-1.46707 -3.39673 3.97887
-3.31945 -3.8325 -4.11405
0.607648 -4.91063 2.54343
2.97695 2.49958 -3.21942
2.88943 -3.54536 -0.0250181
-4.94558 4.33264 3.65915
-3.14287 -3.21803 -4.10806
0.530129 3.37618 4.01498
-2.0498 -2.06483 2.69117
-0.529894 3.78077 4.33487
2.49822 1.25165 -1.20631
-1.65788 3.69535 3.74485
-1.31954 3.36354 0.942443
4.47058 4.63098 0.528161
2.67844 2.91879 4.68171
-4.75936 -2.0125 -1.79525
-3.92033 3.88812 0.782054
-1.87999 -2.83453 0.544473
-0.653986 -0.490119 -3.81705
-3.49604 -2.18396 0.525294
0.358395 3.33636 -2.62815
1.6028 3.4926 2.48681
4.1518 0.351782 3.68738
0.586646 -3.95731 -0.635933
3.70358 1.46295 -1.48337
-4.28698 -0.383484 1.90136
-3.2402 -3.12243 -4.16516
0.0962526 3.22978 -2.305
1.64396 2.48936 0.544209
4.28005 1.40849 -4.78497
-1.6414 -3.78966 4.28227
3.39831 -3.6855 2.29688
4.12936 -2.81265 -4.63474
-2.08711 -0.407507 -2.17221
