-0.47152 -3.93626 1.37637
2.69642 -2.96388 2.98458
4.00328 -4.94038 -1.55588
3.02973 3.1217 4.09655
4.46011 -3.30719 4.67667
0.969423 -3.0263 -3.94888
-1.93484 4.5636 4.75539
-0.771402 4.98884 -0.872952
2.32587 -3.27171 -1.45738
-0.595938 -0.924143 1.98385
-3.99952 2.10289 -2.38169
4.23234 4.55181 -0.888813
-2.70341 4.79515 1.0844
-4.19494 -2.65778 2.94069
1.89739 4.03207 -3.82945
4.69143 -0.468585 -3.5861
3.04363 2.75697 2.58436
0.108439 -0.638625 4.69015
-2.87507 4.71918 2.82972
-1.68614 0.670742 -4.45898
4.31733 -2.59546 -0.262423
-2.09458 -2.76055 -4.16196
-2.46699 -4.89998 -0.285887
-2.06327 -2.92807 -0.896451
-3.43138 4.62206 -3.62916
2.23424 2.98591 -3.73612
-3.25019 -1.67478 -4.89429
4.78579 -2.03263 2.89203
-2.89132 2.29082 -3.85595
2.49314 1.86291 -1.42192
-4.27396 -3.38714 -1.99511
-0.703238 -0.203652 -3.18994
2.63628 -1.50011 4.40849
0.909589 -2.83244 -1.35138
4.83769 3.48155 4.70653
-2.96345 -2.82024 0.951176
-1.75261 -2.26429 2.05876
-2.54002 4.40787 -3.82347
4.05998 -4.64299 -3.62666
0.859618 2.5568 -2.79328
-3.50566 -3.98178 1.90483
3.38981 -0.528603 -3.39581
-4.73432 4.91964 -0.219698
-4.70404 -0.510379 -2.37127
-0.741348 -4.31322 -2.21717
-3.30568 1.06774 3.33028
4.2334 -3.59052 -0.170939
4.91435 -1.83091 2.95057
3.32578 -2.79442 -2.21822
-2.81641 2.725 -3.57857
3.33366 3.87511 2.05852
2.63652 2.09639 -2.48676
-4.68633 4.33646 2.86208
0.660581 -1.73405 3.93267
-1.41852 -4.85036 3.95985
2.56699 -1.44666 4.55725
-3.19135 1.39017 3.88337
3.97529 2.28119 -3.63483
0.902903 4.50919 -3.87002
-0.510655 -1.58897 -3.00569
1.96587 4.26106 1.95224
4.37515 4.39341 3.93175
-2.82509 1.82462 2.48076
-4.70516 4.94151 3.89082
0.834985 -2.48307 0.640108
-2.19374 0.552509 2.69477
-1.43459 -4.94736 4.08368
-3.31942 -3.93303 -4.04003
0.623251 -4.84136 2.44321
2.95734 2.50976 -3.21853
2.69047 -3.57713 -0.125982
-4.9152 4.29519 3.70123
-3.10115 -3.15895 -4.07624
0.387793 3.33398 4.03654
-2.04265 -2.02734 2.38041
-0.501803 3.78443 4.38024
2.46496 1.31621 -1.17757
-1.67557 3.68683 3.69963
-1.29086 3.36268 0.999045
4.44597 4.58065 0.451065
2.72242 2.93668 4.64151
-4.82275 -2.04626 -1.80576
-3.97057 3.83695 0.79797
-1.85715 -2.77952 0.549744
-0.60146 -0.516915 -3.87862
-3.48861 -2.13403 0.612811
0.372095 3.32704 -2.49511
1.5694 3.53551 2.44573
4.10296 0.359047 3.70273
0.579962 -3.98906 -0.641741
3.69142 1.46376 -1.49092
-4.30692 -0.364531 1.93832
-3.1839 -3.10903 -4.15328
0.246266 3.23341 -2.27035
1.63244 2.55249 0.550554
4.28188 1.51085 -4.78003
-1.91978 -3.84828 4.50074
3.50797 -3.72181 2.33817
4.13057 -2.8869 -4.67949
-2.1711 -0.4279 -2.25873
