-0.508538 -3.86113 1.44729
2.76947 -2.92784 3.06405
4.11076 -4.93965 -1.54804
2.93478 3.1203 4.06267
4.44266 -3.29806 4.62111
1.00248 -2.98475 -3.98537
-1.90802 4.47745 4.42205
-0.672291 -4.95319 -0.846258
2.35073 -3.25225 -1.46471
-0.544269 -0.988368 1.92985
-4.01139 2.11288 -2.32977
4.2621 4.53003 -0.714134
-2.65946 4.7481 1.07137
-4.32647 -2.51072 3.07143
1.91843 3.96259 -3.88853
4.66959 -0.397692 -3.55628
3.06796 2.71183 2.59192
0.299396 -0.66259 4.59598
-2.92873 4.58256 2.88017
-1.69172 0.669025 -4.49194
4.38734 -2.60881 -0.230086
-2.07441 -2.81765 -4.09583
-2.45572 -4.88374 -0.305948
-2.06981 -2.93958 -0.910293
-3.41331 4.59556 -3.73598
2.21063 2.95264 -3.71496
-3.24764 -1.64887 4.8628
4.82979 -2.01324 3.6602
-2.86445 2.31353 -3.74891
2.52855 1.76416 -1.56228
-4.19931 -3.30125 -2.09187
-0.843995 -0.211273 -3.43604
2.71116 -1.71372 4.4884
0.908104 -2.84006 -1.4017
4.8911 3.50314 4.62491
-2.9734 -2.79876 0.940979
-1.84728 -2.24435 2.07117
-2.54282 4.46544 -3.83277
3.9436 -4.53302 -3.7238
0.856278 2.53267 -2.73471
-3.48808 -4.08544 1.95428
3.43869 -0.571114 -3.32358
-4.7572 4.93513 -0.768801
-4.69552 -0.4469 -2.4037
-0.666475 -4.29843 -2.35473
-3.39759 3.55276 3.36252
4.26178 -3.62665 -0.253877
4.93409 -1.87756 2.98674
3.32574 -2.8263 -2.16787
-2.78632 2.69632 -3.60671
3.27304 3.91144 2.06846
2.57792 2.11499 -2.52442
-4.7574 4.36087 2.83005
0.647956 -1.70812 3.96543
-1.43741 -4.8504 3.95202
2.54571 -1.45194 4.56536
-3.22652 1.37167 3.91083
3.92206 2.3878 -3.68307
0.936658 4.52049 -3.85073
-0.49578 -1.64635 -2.9763
1.95101 4.21559 1.92853
4.36099 4.37558 4.14756
-2.73361 1.85113 2.43077
-4.82593 4.90887 3.89985
0.847427 -2.51694 0.58042
-2.22257 0.63573 3.10211
-1.40242 3.49815 4.19137
-3.32029 -4.03564 -3.96724
0.6389 -4.77322 2.34318
2.93796 2.52009 -3.21799
2.49181 -3.60956 -0.226887
-4.88954 4.25828 3.74387
-3.05581 -3.10257 -4.04131
0.245516 3.292 4.05842
-2.03602 -1.98976 2.07034
-0.4737 3.78874 4.42614
2.43184 1.38031 -1.14858
-1.69336 3.67903 3.65471
-1.26222 3.36214 1.05565
4.4235 4.5315 0.374091
2.76648 2.95467 4.6022
-4.88757 -2.08018 -1.81642
-4.02142 3.78617 0.813886
-1.83434 -2.72479 0.554976
-0.548921 -0.543782 -3.94111
-3.48162 -2.08415 0.700284
0.386221 3.3184 -2.36308
1.53602 3.57884 2.40488
4.05463 0.366317 3.7186
0.573309 -4.02136 -0.647561
3.67963 1.46457 -1.4985
-4.32749 -0.345544 1.97535
-3.13406 -3.09251 -4.1478
0.395752 3.23696 -2.23494
1.62097 2.61574 0.556916
4.28407 1.61321 -4.77574
-2.19836 -3.908 4.72082
3.61835 -3.75916 2.37967
4.13235 -2.96144 -4.72682
-2.25538 -0.448262 -2.34538
