-0.545525 -3.78695 1.51833
2.8427 -2.8921 3.14374
4.21893 -4.94067 -1.54041
2.8401 3.1191 4.02906
4.42597 -3.28949 4.56772
1.03559 -2.94356 -4.02249
-1.88136 4.39275 4.08936
-0.573221 -4.89599 -0.819611
2.37582 -3.23318 -1.47221
-0.492567 -1.05257 1.87592
-4.02401 2.12302 -2.27802
4.29295 4.50963 -0.539497
-2.61578 4.70258 1.05836
-4.46105 -2.36417 3.20254
1.93962 3.89366 -3.9483
4.64847 -0.326804 -3.52679
3.0925 2.66672 2.59958
0.490365 -0.68654 4.50232
-2.98277 4.44716 2.93088
-1.69738 0.667336 -4.52538
4.45792 -2.62227 -0.197737
-2.05423 -2.87493 -4.0303
-2.44459 -4.86821 -0.326067
-2.07652 -2.95135 -0.924271
-3.39588 4.57027 -3.84352
2.1871 2.91959 -3.69447
-3.2458 -1.62305 4.62152
4.87503 -1.99401 4.42901
-2.83797 2.33587 -3.64255
2.56418 1.66577 -1.7029
-4.12582 -3.2161 -2.18895
-0.984964 -0.218654 -3.6825
2.78704 -1.92865 4.56885
0.90666 -2.84789 -1.4522
4.94624 3.52496 4.54421
-2.98364 -2.77763 0.930803
-1.94162 -2.22506 2.08369
-2.54576 4.52418 -3.84312
3.82812 -4.42444 -3.82198
0.852982 2.50857 -2.67662
-3.47115 -4.19057 2.00387
3.48816 -0.613696 -3.25209
-4.78151 4.95152 -1.31796
-4.68874 -0.383396 -2.43636
-0.591642 -4.28443 -2.49261
-3.49008 -3.96189 3.39517
4.29082 -3.66345 -0.336808
4.9562 -1.92425 3.02298
3.32611 -2.85838 -2.11773
-2.75634 2.66813 -3.63506
3.21285 3.94815 2.07846
2.51941 2.13364 -2.56222
-4.83036 4.38627 2.79808
0.635365 -1.68234 3.99861
-1.45628 -4.8524 3.94454
2.52418 -1.45669 4.57406
-3.26202 1.3532 3.93873
3.86964 2.49463 -3.73216
0.970402 4.53245 -3.83202
-0.480893 -1.7039 -2.94724
1.93627 4.17066 1.90483
4.35044 4.35851 4.36414
-2.64232 1.87771 2.38083
-4.94828 4.87717 3.90936
0.859924 -2.5509 0.520765
-2.25149 0.718931 3.50965
-1.37025 1.94391 4.29963
-3.32206 -4.14043 -3.89582
0.654595 -4.70617 2.24332
2.91881 2.53058 -3.21779
2.29342 -3.6426 -0.327722
-4.8678 4.22187 3.78707
-3.00779 -3.0469 -4.003
0.103325 3.25017 4.08061
-2.03038 -1.95121 1.76052
-0.44553 3.79354 4.47262
2.3988 1.44406 -1.11915
-1.7113 3.67172 3.60989
-1.23361 3.36195 1.11225
4.40259 4.48351 0.297254
2.81065 2.97273 4.56382
-4.95388 -2.11428 -1.82729
-4.0729 3.73579 0.829785
-1.81157 -2.67031 0.560153
-0.496276 -0.570778 -4.00456
-3.47506 -2.03429 0.787717
0.400059 3.31201 -2.23414
1.50264 3.62258 2.36426
4.00677 0.373591 3.73494
0.566686 -4.05404 -0.653397
3.66821 1.46541 -1.50608
-4.34865 -0.326521 2.01245
-3.08931 -3.07589 -4.1497
0.545381 3.23905 -2.19685
1.60955 2.67911 0.563287
4.28663 1.71557 -4.77213
-2.47715 -3.96907 4.94291
3.72953 -3.79758 2.42135
4.13473 -3.03631 -4.77718
-2.33998 -0.468592 -2.43223
