-0.582486 -3.71366 1.58953
2.91615 -2.85667 3.22368
4.32824 -4.94364 -1.53297
2.74563 3.11813 3.99571
4.4101 -3.28149 4.51673
1.06878 -2.90272 -4.06028
-1.85484 4.30964 3.75716
-0.4742 -4.83955 -0.79301
2.40113 -3.21449 -1.47989
-0.44083 -1.11674 1.82207
-4.03737 2.13335 -2.22643
4.32462 4.49033 -0.364934
-2.57238 4.65857 1.04535
-4.60001 -2.21804 3.33408
1.96095 3.82528 -4.00881
4.62808 -0.25591 -3.49766
3.11726 2.62165 2.60733
0.681354 -0.710459 4.40913
-3.03722 4.31303 2.98185
-1.70315 0.665673 -4.55941
4.5291 -2.63584 -0.165367
-2.034 -2.93238 -3.96536
-2.43361 -4.85332 -0.346241
-2.08339 -2.96337 -0.93838
-3.37912 4.5463 -3.95185
2.16362 2.88674 -3.67465
-3.24472 -1.5973 4.3816
4.92139 -1.97486 -4.80132
-2.81195 2.35758 -3.53667
2.60007 1.5675 -1.84379
-4.05342 -3.13165 -2.28637
-1.12626 -0.225829 -3.92955
2.86343 -2.14416 4.65029
0.905255 -2.85593 -1.50289
-4.99656 3.54701 4.46441
-2.9942 -2.75683 0.920629
-2.03596 -2.20607 2.09661
-2.54884 4.58431 -3.85446
3.71351 -4.31725 -3.92131
0.849697 2.48447 -2.61902
-3.45484 -4.29714 2.05356
3.53828 -0.656349 -3.18133
-4.80726 4.96914 -1.86721
-4.68381 -0.319863 -2.46925
-0.516846 -4.27124 -2.63083
-3.58317 -1.4777 3.42833
4.32049 -3.70089 -0.419736
4.98234 -1.97098 3.05943
3.32692 -2.89066 -2.0678
-2.7264 2.64064 -3.66373
3.15306 3.98526 2.08852
2.46099 2.15235 -2.60016
-4.90519 4.41283 2.76619
0.622805 -1.65672 4.03222
-1.47513 -4.85638 3.93743
2.50264 -1.46127 4.5832
-3.29788 1.33477 3.96705
3.81801 2.60173 -3.78216
1.00414 4.54509 -3.81387
-0.465996 -1.76159 -2.91849
1.92164 4.12625 1.88113
4.34294 4.34228 4.58165
-2.5512 1.90438 2.33096
4.92762 4.84651 3.91932
0.872477 -2.58495 0.461143
-2.28052 0.802107 3.9175
-1.33812 0.389752 4.40841
-3.32471 -4.24754 -3.82595
0.670339 -4.64015 2.14363
2.89992 2.54121 -3.21792
2.09528 -3.67626 -0.428478
-4.84959 4.18605 3.83083
-2.95867 -2.99098 -3.96283
-0.0387871 3.20849 4.10308
-2.02505 -1.91228 1.45035
-0.417373 3.79885 4.5197
2.36582 1.50768 -1.08928
-1.72932 3.66486 3.56531
-1.20504 3.3621 1.16884
4.38297 4.43669 0.220631
2.85499 2.99087 4.52642
4.97821 -2.14854 -1.83836
-4.12504 3.68581 0.845675
-1.78884 -2.61605 0.565258
-0.443449 -0.597909 -4.0689
-3.46893 -1.98443 0.875118
0.411271 3.30726 -2.10594
1.46926 3.66673 2.3239
3.95937 0.380875 3.75175
0.560096 -4.0871 -0.659247
3.65717 1.46627 -1.51368
-4.37037 -0.307452 2.0496
-3.04739 -3.06047 -4.15702
0.69733 3.24029 -2.15821
1.59818 2.74263 0.569667
4.28956 1.81794 -4.7692
-2.75621 -4.03148 -4.83222
3.84159 -3.83709 2.46322
4.13773 -3.11156 -4.83115
-2.4249 -0.488884 -2.51932
