-0.767355 -3.35961 1.94934
3.28769 -2.6838 3.62772
4.88943 -4.97983 -1.49727
2.27478 3.1162 3.83393
4.34324 -3.24909 4.30008
1.23553 -2.70325 -4.26005
-1.72374 3.90983 2.09989
0.0193711 -4.56856 -0.660497
2.53046 -3.12633 -1.5202
-0.181579 -1.4373 1.55414
-4.11516 2.18812 -1.97031
4.49617 4.41832 0.499267
-2.35983 4.45909 0.980594
4.66822 -1.49106 4.00652
2.06929 3.49109 -4.32348
4.53843 0.0989677 -3.35672
3.24454 2.39685 2.64785
1.63709 -0.829288 3.94906
-3.31769 3.6565 3.24282
-1.73282 0.658278 -4.74239
4.89234 -2.70553 -0.00290565
-1.93225 -3.22315 -3.64579
-2.38117 -4.78778 -0.447708
-2.12093 -3.02721 -1.01041
-3.30474 4.45137 -4.50579
2.04666 2.72543 -3.58424
-3.24817 -1.47018 3.19914
-4.85444 -1.88019 -0.963505
-2.6876 2.46217 -3.00657
2.78343 1.07484 -2.55111
-3.71358 -2.71773 -2.77734
-1.83594 -0.26217 4.81751
3.25143 -3.22729 -4.91949
0.898542 -2.89928 -1.75929
-4.73995 3.65961 4.08151
-3.05218 -2.6577 0.869945
-2.50893 -2.11278 2.16434
-2.56557 4.91608 -3.92175
3.15126 -3.80123 -4.43996
0.831874 2.36431 -2.33707
-3.3837 -4.85313 2.30524
3.80024 -0.870753 -2.83637
-4.95296 -4.93611 -4.6167
-4.69303 -0.00145982 -2.63646
-0.143369 -4.21776 -3.32716
-4.06078 0.941691 3.60113
4.47626 -3.89663 -0.834264
-4.8686 -2.20717 3.24261
3.3361 -3.0552 -1.82096
-2.57741 2.51024 -3.81607
2.85933 4.17701 2.14041
2.16977 2.24671 -2.79147
4.71312 4.56424 2.61028
0.560051 -1.53126 4.20833
-1.56984 -4.89774 3.90929
2.39669 -1.48394 4.63573
-3.48206 1.24377 4.1164
3.57258 3.14272 -4.04667
1.17286 4.61915 -3.73074
-0.391593 -2.05165 -2.7791
1.85049 3.91122 1.76255
4.33576 4.27552 -4.33288
-2.09767 2.03879 2.08284
4.34923 4.70699 3.97845
0.936047 -2.7565 0.163758
-2.42795 1.2187 -4.03448
-1.17773 2.61762 4.96554
-3.35118 -4.83 -3.48589
0.749813 -4.32411 1.64769
2.80994 2.59676 -3.22296
1.10781 -3.8534 -0.931401
-4.82954 4.01916 4.062
-2.71295 -2.70879 -3.75456
-0.74875 3.00172 4.22013
-2.00062 -1.7155 -0.100566
-0.276473 3.83294 4.76508
2.20277 1.82669 -0.936221
-1.82038 3.63542 3.3479
-1.06272 3.36777 1.45198
4.29119 4.19834 -0.146309
3.08138 3.08341 4.35405
4.67725 -2.3229 -1.89563
-4.39701 3.44126 0.925266
-1.67542 -2.3487 0.589949
-0.177546 -0.734323 -4.40277
-3.44482 -1.735 1.31242
0.459728 3.29023 -1.46402
1.30088 3.89418 2.1268
3.73032 0.417349 3.84309
0.527563 -4.25832 -0.688593
3.60733 1.47106 -1.55154
-4.48637 -0.211455 2.23668
-2.8556 -2.99841 -4.22802
1.463 3.25043 -1.96708
1.542 3.06253 0.601727
4.31148 2.33011 -4.76496
-4.16144 -4.36871 -3.72989
4.41634 -4.0534 2.67657
4.16312 -3.49542 4.8538
-2.85556 -0.589697 -2.95863
