-0.841502 -3.22323 2.09555
3.43857 -2.61642 3.79206
-4.8834 4.99968 -1.48369
2.08681 3.11665 3.77232
4.32254 -3.23897 4.22115
1.30258 -2.6254 -4.34533
-1.6719 3.75397 1.43772
0.215018 -4.4659 -0.607548
2.58332 -3.09339 -1.5369
-0.0776428 -1.56546 1.44764
-4.15145 2.21177 -1.86851
4.57109 4.39825 0.844934
-2.27703 4.38819 0.954638
4.39114 -1.20033 4.28121
2.11331 3.36073 -4.45571
4.50908 0.241121 -3.30252
3.29709 2.30719 2.66496
2.01979 -0.876557 3.7671
-3.43393 3.39947 3.35058
-1.74491 0.655539 -4.82103
-4.95701 -2.73447 0.0624412
-1.89136 -3.34155 -3.51995
-2.3614 -4.76538 -0.488545
-2.13748 -3.05458 -1.03988
-3.27885 4.42536 -4.73469
1.99978 2.66233 -3.55192
-3.253 -1.41984 2.73106
-4.78419 -1.84217 0.570661
-2.63964 2.50507 -2.79479
2.85888 0.87698 -2.83578
-3.58599 -2.55477 -2.9759
-2.12113 -0.277941 4.32059
3.40971 -3.66325 -4.75172
0.896122 -2.91803 -1.86343
-4.64802 3.70459 3.93594
-3.07792 -2.62003 0.849744
-2.6988 -2.0761 2.19257
-2.57295 -4.93125 -3.95394
2.92998 -3.60349 -4.66176
0.823622 2.3168 -2.22646
-3.36054 4.91279 2.40754
3.91164 -0.957138 -2.70209
4.98026 -4.90598 4.28109
-4.71414 0.126259 -2.70482
0.00584189 -4.20261 -3.60876
-4.25822 -4.09132 3.67383
4.54247 -3.97843 -1.00009
-4.829 -2.30369 3.3174
3.3425 -3.12252 -1.72342
-2.51869 2.45968 -3.88049
2.74382 4.25684 2.16211
2.05359 2.28467 -2.86859
4.57365 4.63577 2.55005
0.534771 -1.48199 4.28339
-1.60812 -4.92179 3.90126
2.35525 -1.49321 4.66025
-3.55788 1.20777 4.18028
3.48001 3.36262 -4.15974
1.2405 4.6543 -3.70091
-0.361928 -2.16831 -2.72525
1.82311 3.82784 1.71504
4.34508 4.25868 -3.90869
-1.91711 2.09293 1.98426
4.13028 4.65825 4.00732
0.961901 -2.82574 0.0451997
-2.48828 1.38577 -3.21666
-1.11376 -0.490613 -4.80744
-3.36721 4.90995 -3.35331
0.781968 -4.20365 1.4504
2.77628 2.62016 -3.22677
0.714757 -3.92799 -1.133
-4.84506 3.96317 4.1628
-2.61606 -2.59579 -3.67185
-1.03263 2.91992 4.26938
-1.99219 -1.63575 -0.721431
-0.219776 3.84991 4.86805
2.13882 1.95492 -0.873987
-1.85743 3.62677 3.26357
-1.00581 3.37212 1.56526
4.25723 4.10377 -0.292965
3.17429 3.12163 4.29186
4.5855 -2.39452 -1.91998
-4.51203 3.34575 0.957222
-1.63016 -2.24338 0.600083
-0.0709347 -0.78901 -4.54194
-3.43797 -1.63513 1.48768
0.478078 3.28597 -1.20716
1.23235 3.98891 2.0504
3.6422 0.431984 3.88297
0.515117 -4.32968 -0.70027
3.58981 1.47329 -1.56659
-4.53633 -0.172769 2.31218
-2.78347 -2.97845 -4.26614
1.77005 3.25684 -1.89112
1.51985 3.19173 0.614586
4.32399 2.53534 -4.76829
-4.73169 -4.51462 -3.29639
4.65386 -4.1507 2.76397
4.17932 -3.6536 4.73529
-3.0309 -0.629803 -3.13671
