-0.87862 -3.15609 2.16925
3.51459 -2.58306 3.87504
-4.77153 4.9901 -1.47704
1.99289 3.11711 3.74224
4.31356 -3.2344 4.18279
1.33618 -2.58686 -4.38915
-1.64617 3.67659 1.10671
0.311707 -4.41617 -0.580738
2.60997 -3.07743 -1.54534
-0.0256143 -1.62954 1.39453
-4.17069 2.22391 -1.81773
4.6098 4.38904 1.01784
-2.23611 4.35434 0.941603
4.25431 -1.05498 4.41968
2.13543 3.29615 -4.52336
4.49598 0.312225 -3.27588
3.32373 2.26241 2.67371
2.21124 -0.900165 3.67648
-3.49287 3.27175 3.40522
-1.75108 0.654216 -4.86146
-4.8816 -2.7493 0.095124
-1.87093 -3.40125 -3.45738
-2.35173 -4.75502 -0.509014
-2.14605 -3.06874 -1.05474
-3.26671 4.41448 -4.85112
1.97627 2.63109 -3.53658
-3.25615 -1.39469 2.49782
-4.7506 -1.82317 1.33777
-2.61595 2.52691 -2.68906
2.89711 0.777906 -2.97863
-3.52369 -2.47381 -3.07573
-2.26418 -0.285974 4.07593
3.49028 -3.88244 -4.67361
0.895047 -2.92774 -1.91586
-4.60392 3.72738 3.86388
-3.09122 -2.60161 0.83964
-2.79385 -2.05796 2.20691
-2.57689 -4.8563 -3.97121
2.8191 -3.50611 -4.77552
0.819254 2.29324 -2.17148
-3.35009 4.79615 2.45904
3.9688 -1.00051 -2.63562
4.94777 -4.89385 3.73118
-4.72897 0.190136 -2.73935
0.0804089 -4.19643 -3.75033
-4.35937 -1.60886 3.71109
4.57712 -4.02048 -1.08302
-4.81193 -2.35233 3.35541
3.34638 -3.1566 -1.67487
-2.48954 2.43468 -3.91332
2.68647 4.29746 2.17318
1.99555 2.30363 -2.90725
4.50675 4.67459 2.52032
0.522125 -1.45751 4.32225
-1.62735 -4.93515 3.89794
2.33471 -1.49793 4.67339
-3.59631 1.18981 4.21302
3.4348 3.47344 -4.21812
1.27437 4.67315 -3.68667
-0.347117 -2.22678 -2.69871
1.80967 3.78657 1.6913
4.35162 4.25202 -3.69815
-1.82698 2.12005 1.93511
4.02253 4.63616 4.02268
0.974955 -2.86051 -0.0139931
-2.51866 1.4693 -2.80811
-1.08176 -2.0447 -4.69501
-3.37645 4.78148 -3.28784
0.79814 -4.1446 1.35198
2.75998 2.6321 -3.22904
0.518644 -3.9659 -1.23431
-4.8578 3.93839 4.21567
-2.5679 -2.53938 -3.63088
-1.1746 2.87924 4.29465
-1.9882 -1.59581 -1.03197
-0.191404 3.85905 4.92061
2.10718 2.01914 -0.842706
-1.87609 3.62316 3.22188
-0.977201 3.37464 1.62199
4.24196 4.05777 -0.366452
3.22125 3.14104 4.26219
4.54164 -2.4307 -1.9325
-4.57101 3.29835 0.973221
-1.60758 -2.19093 0.605222
-0.0175462 -0.81639 -4.6129
-3.43501 -1.5852 1.57535
0.487157 3.28436 -1.07873
1.19783 4.03723 2.0127
3.59882 0.439326 3.90362
0.509596 -4.36593 -0.70616
3.58155 1.47446 -1.57412
-4.56208 -0.153359 2.3501
-2.74815 -2.96932 -4.28682
1.92371 3.26053 -1.8532
1.50886 3.25662 0.62101
4.33111 2.63807 -4.77115
4.98075 -4.59015 -3.08081
4.77507 -4.20237 2.80809
4.18883 -3.73397 4.68004
-3.11935 -0.649852 -3.2264
