-0.95299 -3.02382 2.31804
3.66798 -2.51695 4.04274
-4.55166 4.97441 -1.46392
1.80514 3.11852 3.68351
4.29811 -3.22635 4.10808
1.4035 -2.5105 -4.47937
-1.59496 3.5226 0.444635
0.500332 -4.31922 -0.522325
2.66349 -3.0465 -1.56243
0.0785731 -1.75776 1.28858
-4.21151 2.24876 -1.71639
4.68981 4.37223 1.36368
-2.15535 4.28964 0.915589
3.98384 -0.764364 4.69915
2.17982 3.16802 -4.66185
4.47336 0.454484 -3.22351
3.37775 2.17296 2.69163
2.59444 -0.947367 3.49583
-3.61264 3.01738 3.5162
-1.76357 0.65165 -4.94411
-4.73269 -2.77962 0.160469
-1.83026 -3.52162 -3.33279
-2.33285 -4.73603 -0.550034
-2.16384 -3.09807 -1.08463
-3.24416 4.39627 4.91203
1.92907 2.56924 -3.50768
-3.26368 -1.34396 2.03293
-4.68538 -1.78549 2.87211
-2.56917 2.5714 -2.47802
2.97454 0.579537 -3.26562
-3.40223 -2.31285 -3.27655
-2.55101 -0.302108 3.59067
3.65312 -4.32469 -4.52642
0.893212 -2.9479 -2.02141
-4.51969 3.77454 3.72109
-3.1186 -2.56558 0.819365
-2.98409 -2.02228 2.23606
-2.58579 -4.71318 -4.00795
2.5976 -3.31359 4.99061
0.810045 2.24653 -2.0621
-3.33172 4.56638 2.56286
4.0861 -1.08764 -2.50393
4.88607 -4.87563 2.6326
-4.76818 0.31789 -2.80923
0.22948 -4.18699 -4.03519
-4.56447 3.35602 3.78724
4.64944 -4.10736 -1.24892
-4.78332 -2.4507 3.43271
3.35541 -3.22575 -1.57808
-2.43164 2.3851 -3.9802
2.57245 4.38017 2.19582
1.87946 2.34149 -2.98472
4.37725 4.76109 2.46152
0.496856 -1.40877 4.40332
-1.66605 -4.96454 3.89282
2.29396 -1.50752 4.70158
-3.67417 1.15405 4.28007
3.34615 3.69709 -4.33887
1.3422 4.71351 -3.65949
-0.317556 -2.34403 -2.64635
1.78323 3.70469 1.64394
4.36723 4.24215 -3.27902
-1.647 2.17436 1.83709
3.80915 4.59589 4.05547
1.00132 -2.93041 -0.132223
-2.57984 1.63635 -1.99139
-1.01788 4.84662 -4.47174
-3.39818 4.5322 -3.15842
0.83067 -4.02871 1.15562
2.7284 2.65645 -3.23428
0.126427 -4.0431 -1.43829
-4.89212 3.89288 4.32656
-2.47218 -2.42679 -3.54972
-1.45861 2.79833 4.34647
-1.98071 -1.51586 -1.65322
-0.134679 3.87863 -4.97204
2.04459 2.14779 -0.779843
-1.91373 3.61728 3.13939
-0.919849 3.38046 1.73585
4.21464 3.96801 -0.513551
3.31613 3.18045 4.20574
4.45731 -2.50391 -1.95819
-4.69215 3.20413 1.00526
-1.56254 -2.08637 0.615584
0.0891939 -0.871021 -4.75824
-3.42996 -1.48538 1.75043
0.505157 3.28215 -0.821907
1.12833 4.13597 1.93822
3.51354 0.454108 3.94635
0.502267 -4.44012 -0.721099
3.566 1.47686 -1.58917
-4.61513 -0.114356 2.42625
-2.679 -2.95256 -4.3311
2.23133 3.26885 -1.77746
1.48705 3.38704 0.633827
4.34709 2.8438 -4.77939
4.4102 -4.74724 -2.65124
-4.97796 -4.31218 2.89717
4.2101 -3.8976 4.57627
-3.29801 -0.689881 -3.40734
