-0.990229 -2.95863 2.39315
3.74549 -2.48416 4.12731
-4.44361 4.96833 -1.45746
1.71133 3.11944 3.6549
4.29183 -3.22292 4.07151
1.43721 -2.47269 -4.52616
-1.56945 3.44598 0.113527
0.593906 -4.2705 -0.490041
2.69031 -3.03148 -1.57113
0.130735 -1.82191 1.23573
-4.23313 2.26146 -1.66585
4.7313 4.36482 1.53655
-2.11545 4.25871 0.902677
3.84987 -0.619122 4.84021
2.20212 3.10439 -4.73274
4.46407 0.525635 -3.19779
3.40519 2.12828 2.70078
2.78624 -0.970987 3.40575
-3.67331 2.89057 3.57243
-1.76987 0.650378 -4.98625
-4.6591 -2.79509 0.193135
-1.81002 -3.58234 -3.27079
-2.32364 -4.72742 -0.570582
-2.17306 -3.11324 -1.09965
-3.23364 4.38876 4.79422
1.90542 2.53865 -3.49418
-3.26748 -1.31784 1.80182
-4.65385 -1.76677 3.63946
-2.54605 2.59403 -2.37276
3.01377 0.480256 -3.40992
-3.34297 -2.23281 -3.37764
-2.69478 -0.310212 3.3495
3.73547 -4.54814 -4.45693
0.892467 -2.9584 -2.07455
-4.47928 3.79953 3.65025
-3.13267 -2.54796 0.809185
-3.07929 -2.0048 2.25091
-2.59077 -4.64454 -4.02774
2.4872 -3.21848 4.87453
0.805236 2.22338 -2.00765
-3.32368 4.45325 2.61512
4.14625 -1.13137 -2.4387
4.85925 -4.87128 2.08357
-4.79308 0.381741 -2.84463
0.304022 -4.18404 -4.17855
-4.66883 -4.1618 3.82623
4.68709 -4.15221 -1.3319
-4.77161 -2.50046 3.4721
3.36056 -3.26086 -1.52982
-2.40288 2.36049 -4.0143
2.51581 4.42228 2.20738
1.82139 2.36038 -3.02346
4.3152 4.81405 2.43236
0.484229 -1.38454 4.44582
-1.6855 -4.98071 3.89109
2.27374 -1.5124 4.71659
-3.7136 1.1362 4.31438
3.30277 3.8101 -4.40146
1.37618 4.73505 -3.64651
-0.302811 -2.40283 -2.62056
1.77022 3.66406 1.62036
4.37633 4.23918 -3.0703
-1.55713 2.20154 1.78821
3.70355 4.57727 4.0729
1.01463 -2.96553 -0.191275
-2.61064 1.71986 -1.58313
-0.98599 3.29306 -4.36094
-3.41047 4.4104 -3.0947
0.847039 -3.97184 1.05769
2.71311 2.66888 -3.23726
-0.0698783 -4.08262 -1.54082
-4.91299 3.87166 4.38444
-2.42452 -2.37064 -3.50956
-1.60066 2.75808 4.37318
-1.97722 -1.47588 -1.96395
-0.106305 3.88904 -4.91869
2.01364 2.21223 -0.74827
-1.93269 3.61499 3.09857
-0.891151 3.38379 1.79298
4.20258 3.9243 -0.587141
3.36416 3.20044 4.17898
4.41671 -2.54095 -1.9714
-4.75431 3.15732 1.02128
-1.54009 -2.03424 0.620793
0.142493 -0.898293 -4.83311
-3.42818 -1.43571 1.83736
0.514096 3.28154 -0.693514
1.09342 4.18641 1.90142
3.47164 0.461547 3.96843
0.499288 -4.47917 -0.730797
3.5587 1.47809 -1.59672
-4.64243 -0.094785 2.46448
-2.64505 -2.9449 -4.35468
2.38532 3.27346 -1.73964
1.47624 3.4526 0.640209
4.35613 2.94683 -4.78497
4.12678 -4.82917 -2.43716
-4.8619 -4.3702 2.94232
4.22203 -3.98099 4.52685
-3.38828 -0.709866 -3.49867
