-1.13952 -2.70372 2.69841
4.06356 -2.35471 4.47104
-4.02243 4.95502 -1.43227
1.3364 3.12458 3.54561
4.27892 -3.21373 3.92935
1.57247 -2.32393 -4.72902
-1.46811 3.14222 -1.21123
0.970769 -4.0787 -0.356685
2.79803 -2.97427 -1.60755
0.339825 -2.07895 1.02513
-4.32829 2.31399 -1.46474
4.90833 4.35075 2.22801
-1.95837 4.14335 0.851632
3.32172 -0.0386121 -4.59325
2.29232 2.85218 4.97233
4.44467 0.810546 -3.09792
3.51791 1.9499 2.73885
3.55574 -1.06579 3.04693
-3.92212 2.3852 3.80247
-1.79557 0.645265 4.84697
-4.37015 -2.85909 0.323686
-1.72975 -3.82857 -3.02476
-2.2883 -4.69886 -0.652943
-2.2122 -3.17712 -1.16021
-3.19586 4.3682 4.33325
1.81173 2.41849 -3.44803
-3.27328 -1.20311 0.871473
-4.53614 -1.69244 -3.28955
-2.45533 2.68664 -1.95358
3.17465 0.082747 -3.99452
-3.11454 -1.91512 -3.78813
-3.27226 -0.342078 2.39089
4.0734 4.54809 -4.19944
0.890705 -3.00383 -2.28984
-4.32791 3.90567 3.37081
-3.19135 -2.4799 0.768209
-3.46117 -1.93732 2.3124
-2.61411 -4.38377 -4.11657
2.04847 -2.84553 4.42788
0.785001 2.13208 -1.79119
-3.29793 4.01088 2.82629
4.39763 -1.30731 -2.18153
4.7619 -4.87743 -0.112828
-4.93786 0.636892 -2.98999
0.601962 -4.18283 -4.75945
4.89807 -4.2378 3.98762
4.84743 -4.34196 -1.66437
-4.74274 -2.70411 3.63368
3.38515 -3.40564 -1.33717
-2.28918 2.26307 -4.15589
2.29143 4.59602 2.25546
1.58792 2.43568 -3.1771
4.08418 -4.93878 2.31956
0.434119 -1.28924 4.64059
-1.76384 4.94984 3.88875
2.19407 -1.53232 4.78373
-3.87483 1.06503 4.45676
3.13479 4.2719 -4.66866
1.51258 4.83016 -3.59834
-0.244081 -2.63946 -2.52028
1.71953 3.50334 1.52713
4.42152 4.23931 -2.23967
-1.19832 2.31049 1.59349
3.28682 4.51157 4.15055
1.06869 -3.10725 -0.42726
-2.73528 2.05422 0.0497889
-0.858602 -2.91993 -3.92372
-3.46831 3.93628 -2.84651
0.913185 -3.75103 0.667705
2.65515 2.72033 -3.25159
-0.856314 -4.24805 -1.95313
4.97912 3.79526 4.63333
-2.23477 -2.14724 -3.35172
-2.16931 2.59835 4.48597
-1.9647 -1.31574 -3.20814
0.00713891 3.93496 -4.71162
1.8921 2.47107 -0.621193
-2.00941 3.60954 2.93783
-0.776324 3.39997 2.02284
4.16455 3.75773 -0.881462
3.56067 3.28229 4.08167
4.264 -2.69267 -2.02708
4.9866 2.97246 1.08537
-1.45062 -1.82662 0.641755
0.354824 -1.00634 4.83998
-3.43107 -1.24163 2.18841
0.549547 3.28229 -0.180105
0.953128 4.39556 1.75688
3.30893 0.491732 4.06287
0.485936 -4.64484 -0.772931
3.53272 1.48312 -1.62711
-4.75712 -0.0162136 2.61853
-2.51245 -2.91883 -4.45866
3.0028 3.29483 -1.58877
1.43366 3.71769 0.665459
4.40063 3.36035 -4.81869
3.00023 4.83152 -1.5839
-4.42591 -4.62511 3.12661
4.28095 -4.32708 4.34047
-3.75652 -0.789385 -3.87154
