-1.32791 -2.39763 3.09158
4.47804 -2.19714 4.9163
-3.51829 4.96373 -1.40229
0.867923 3.13395 3.41763
4.28702 -3.21224 3.75981
1.74228 -2.14452 4.95896
-1.34266 2.76807 -2.86866
1.44507 -3.855 -0.189203
2.935 -2.9101 -1.65771
0.601802 -2.40188 0.763575
-4.47095 2.38321 -1.21552
-4.8584 4.36218 3.09383
-1.76748 4.01572 0.788551
2.67122 0.68964 -3.9191
2.40723 2.54009 4.61331
4.46592 1.16821 -2.9786
3.66525 1.72769 2.78941
4.52593 -1.18535 2.60163
-4.25272 1.75637 4.10221
-1.82892 0.638769 4.64974
-4.02035 -2.94427 0.486779
-1.63198 -4.14425 -2.72216
-2.24774 -4.67663 -0.755893
-2.26672 -3.26424 -1.23691
-3.16047 4.3616 3.77496
1.70348 2.26826 -3.41117
-3.28833 -1.05849 -0.295148
-4.41208 -1.60237 0.542683
-2.34707 2.80646 -1.43286
3.38738 -0.419565 -4.74206
-2.84558 -1.52296 -4.31898
-4.00388 -0.377776 1.19893
4.51523 3.4397 -3.91518
0.891359 -3.07042 -2.56654
-4.1667 4.05591 3.02936
-3.26985 -2.40002 0.717233
-3.94382 -1.85816 2.39276
-2.65288 -4.08345 -4.24802
1.50471 -2.39448 3.91192
0.757875 2.02011 -1.52405
-3.28016 3.47448 3.09466
4.74754 -1.52901 -1.86608
4.65626 -4.9113 -2.85819
4.78 0.953203 -3.1828
0.974059 -4.2064 4.50597
4.37061 -1.83858 4.20546
-4.93796 -4.60419 -2.08324
-4.75934 -2.96783 3.84698
3.4239 -3.59898 -1.0963
-2.14993 2.14321 -4.34815
2.0146 4.82662 2.31969
1.28781 2.53265 -3.36709
3.82371 -4.67242 2.18345
0.369533 -1.1913 4.91278
-1.86329 4.87399 3.89554
2.0976 -1.55785 4.89237
-4.08665 0.975801 4.64685
2.93232 4.87071 4.93913
1.68396 4.9674 -3.54792
-0.171811 -2.93968 -2.40139
1.65868 3.30579 1.4134
4.497 4.26622 -1.20826
-0.751094 2.44694 1.35123
2.77224 4.44622 4.2718
1.13756 -3.28729 -0.723057
-2.89582 2.47348 2.09095
-0.69988 -0.688182 -3.38731
-3.56311 3.36462 -2.55009
0.996506 -3.48854 0.1853
2.58845 2.78828 -3.27689
-1.84145 -4.47475 -2.47177
4.85086 3.71798 -4.95472
-2.00034 -1.87166 -3.15957
-2.8825 2.40092 4.63985
-1.95116 -1.11325 -4.77328
0.148182 4.00131 -4.46646
1.74449 2.79828 -0.461847
-2.10759 3.6083 2.74136
-0.633059 3.42581 2.31356
4.13797 3.5691 -1.24793
3.81538 3.38907 3.97854
4.09467 -2.89237 -2.10369
4.66584 2.74661 1.16588
-1.33961 -1.56883 0.668401
0.620859 -1.11769 4.43128
-3.44052 -0.998632 2.63108
0.592684 3.28934 0.461146
0.7764 4.67443 1.58137
3.11465 0.529694 4.20017
0.46752 -4.87043 -0.827894
3.50665 1.48934 -1.66587
-4.9169 0.0822972 2.81461
-2.35392 -2.89666 -4.60978
3.77833 3.32668 -1.40184
1.38192 4.05768 0.696369
4.47041 3.88125 -4.91888
1.59901 4.43695 -0.521047
-3.9269 4.9978 3.36627
4.37421 -4.79446 4.12816
-4.23854 -0.888243 -4.35891
