-1.36589 -2.33794 3.17191
4.56342 -2.16629 -4.99225
-3.41954 4.96896 -1.39647
0.774239 3.13621 3.39293
4.29228 -3.21326 3.72682
1.77634 -2.10975 4.88979
-1.31775 2.69384 -3.20062
1.5406 -3.81304 -0.155801
2.96295 -2.89815 -1.66846
0.654236 -2.46675 0.711488
-4.50327 2.39752 -1.16587
-4.81538 4.36763 3.26749
-1.72993 3.99217 0.775947
2.54159 0.835673 -3.78749
2.43054 2.47803 4.54451
4.47126 1.24018 -2.95519
3.69565 1.68334 2.79989
4.72197 -1.20944 2.51289
-4.32193 1.63102 4.164
-1.83578 0.637457 4.61183
-3.95167 -2.96216 0.519385
-1.61261 -4.20816 -2.66264
-2.24003 -4.67409 -0.776451
-2.27834 -3.28268 -1.25241
-3.1548 4.36292 3.66531
1.68302 2.23774 -3.40566
-3.29246 -1.02948 -0.528781
-4.38972 -1.58459 1.30896
-2.32613 2.83104 -1.32893
3.43171 -0.520842 -4.89638
-2.79376 -1.44507 -4.42795
-4.1523 -0.384498 0.960644
4.60627 3.22026 -3.86266
0.891899 -3.08519 -2.62329
-4.13732 4.08839 2.96188
-3.28608 -2.38464 0.707161
-4.0414 -1.84289 2.40919
-2.66196 -4.0263 -4.277
1.39634 -2.30589 3.81254
0.752269 1.99795 -1.47105
-3.27824 3.36858 3.14913
4.82203 -1.57359 -1.80388
4.64002 -4.92179 -3.40784
4.72682 1.01546 -3.22397
1.04845 -4.21452 4.36161
4.26912 0.640734 4.25141
-4.90032 -4.65957 -2.16747
-4.77073 -3.0221 3.8913
3.43275 -3.6392 -1.0481
-2.12246 2.11948 -4.38896
1.95967 4.87461 2.33305
1.22669 2.55284 -3.40565
3.77519 -4.62524 2.15665
0.355535 -1.17372 4.97105
-1.88337 4.86047 3.89812
2.07882 -1.56294 4.91794
-4.13064 0.957828 4.68674
2.89273 4.99439 4.855
1.71839 4.9972 -3.53948
-0.157622 -3.00054 -2.37856
1.64685 3.26663 1.39101
4.51514 4.27657 -1.00237
-0.66178 2.47428 1.30286
2.66978 4.435 4.2995
1.15142 -3.32381 -0.782635
-2.92864 2.5575 2.49924
-0.668231 -2.24171 -3.28106
-3.58538 3.25263 -2.49243
1.01302 -3.43761 0.0895999
2.57572 2.80243 -3.28304
-2.03922 -4.52375 -2.57557
4.83112 3.70457 -4.85261
-1.95385 -1.81688 -3.12176
-3.02571 2.36173 4.67266
-1.94874 -1.0727 4.9108
0.176277 4.01575 -4.41931
1.71554 2.8644 -0.430099
-2.12749 3.60877 2.70256
-0.604456 3.43166 2.37222
4.13607 3.53392 -1.3208
3.86755 3.41119 3.9601
4.06358 -2.93362 -2.1202
4.60384 2.702 1.18205
-1.3175 -1.51748 0.673807
0.675055 -1.1378 4.34988
-3.44309 -0.950029 2.72025
0.601098 3.29139 0.58933
0.740891 4.7327 1.54686
3.07683 0.537278 4.23023
0.463645 -4.91844 -0.839138
3.50213 1.49057 -1.67376
-4.95166 0.102062 2.85439
-2.3231 -2.89356 -4.64286
3.93381 3.33354 -1.36485
1.37182 4.12711 0.702532
4.48518 3.98667 -4.95179
1.31938 4.3627 -0.308874
-3.83099 4.91692 3.4157
4.39581 -4.89391 4.08829
-4.33888 -0.908221 -4.46011
