-1.4805 -2.16186 3.41667
4.82561 -2.075 -4.72504
-3.12588 4.99213 -1.37933
0.493256 3.14385 3.32055
4.31649 -3.21899 3.6304
1.87879 -2.00836 4.68646
-1.24333 2.47211 -4.19817
1.82927 -3.69237 -0.0553973
3.04817 -2.86376 -1.7021
0.811539 -2.66208 0.555744
-4.60888 2.44133 -1.01714
-4.69654 4.3893 3.79113
-1.61851 3.92501 0.73812
2.15378 1.27339 -3.39759
2.50128 2.29271 4.34277
4.48881 1.4572 -2.88515
3.78896 1.55052 2.83199
-4.68268 -1.28201 2.24738
-4.53699 1.25598 4.35326
-1.85671 0.633549 4.50083
-3.74795 -3.0178 0.617096
-1.55421 -4.40215 -2.48521
-2.2176 -4.67097 -0.838013
-2.31462 -3.34027 -1.29926
-3.1397 4.37032 3.33975
1.62271 2.14593 -3.3917
-3.30771 -0.94253 -1.23043
-4.32951 -1.53161 3.60798
-2.26442 2.90613 -1.01748
3.56881 -0.825387 4.63765
-2.64153 -1.21224 -4.76687
-4.60308 -0.404139 0.245402
4.88601 2.56508 -3.71123
0.894557 -3.13215 -2.79685
-4.05419 4.18847 2.76002
-3.33577 -2.33937 0.677072
-4.33714 -1.79855 2.45947
-2.69193 -3.86029 -4.36939
1.07177 -2.04266 3.51661
0.735157 1.93191 -1.31292
-3.2764 3.05274 3.31501
-4.94713 -1.708 -1.61879
4.59508 -4.9595 4.93925
4.57661 1.19961 -3.35573
1.27165 -4.2457 3.93275
3.97153 -1.92404 4.3972
-4.79459 -4.83122 -2.42125
-4.82114 -3.18885 4.03005
3.4615 -3.76279 -0.903507
-2.04077 2.04869 -4.51609
1.79565 -4.97733 2.37406
1.04219 2.61493 -3.52326
3.63519 -4.49386 2.07708
0.312894 -1.1212 -4.85907
-1.94397 4.82302 3.90841
2.02375 -1.57772 4.998
-4.26637 0.903417 4.81078
2.77611 -4.63982 4.61109
1.82214 -4.91373 -3.51764
-0.115492 -3.18507 -2.31165
1.61213 3.1498 1.32444
4.57533 4.31331 -0.384337
-0.394181 2.55638 1.15788
2.36298 4.40773 4.38556
1.19316 -3.43504 -0.962614
-3.02834 2.80921 3.72476
-0.573359 3.0976 -2.96439
-3.65892 2.92046 -2.32216
1.06186 -3.28761 -0.196489
2.5386 2.84638 -3.30368
-2.63609 -4.67866 -2.88912
4.78188 3.66819 -4.56248
-1.81526 -1.65282 -3.01002
-3.45705 2.24475 4.77522
-1.94221 -0.951405 3.97331
0.260353 4.06176 -4.28139
1.63006 3.06454 -0.33553
-2.18764 3.61153 2.58688
-0.518837 3.45051 2.54932
4.14124 3.44571 -1.545
4.02698 3.47992 3.90868
3.97548 -3.05996 -2.17215
4.42168 2.56912 1.23069
-1.25139 -1.36382 0.690142
0.837868 -1.19812 4.11267
-3.45254 -0.804237 2.98917
0.625938 3.29849 0.97389
0.633994 4.91298 1.44442
2.96528 0.560038 4.3248
0.451691 4.93234 -0.873516
3.4899 1.49424 -1.69773
4.93985 0.161477 2.97499
-2.23218 -2.88682 -4.74871
4.40025 3.34886 -1.25208
1.34236 4.33861 0.721326
4.53204 4.30854 4.94522
0.480867 4.14975 0.326411
-3.5499 4.68343 3.56802
4.4692 4.79862 3.9747
-4.6497 -0.96884 -4.77281
