-1.55738 -2.04701 3.58378
-4.99257 -2.01528 -4.55389
-2.93205 -4.9874 -1.36827
0.306059 3.14978 3.27375
4.34016 -3.22512 3.56762
1.94752 -1.9431 4.55933
-1.19381 2.32504 -4.8654
2.02332 -3.6158 0.0118227
3.10647 -2.84194 -1.72565
0.916394 -2.79308 0.452418
-4.68771 2.47124 -0.918121
-4.62934 4.408 4.14228
-1.54531 3.88292 0.71289
1.89624 1.56462 -3.14097
2.54925 2.17 4.2115
4.50249 1.6025 -2.83881
3.85285 1.46217 2.85385
-4.28698 -1.3302 2.07036
-4.68757 1.00693 4.4824
-1.87096 0.630957 4.42939
-3.61381 -3.05662 0.682189
-1.51542 -4.534 -2.36774
-2.20312 -4.67295 -0.878957
-2.33987 -3.38062 -1.33087
-3.13073 4.3777 3.12411
1.58299 2.08496 -3.38439
-3.31995 -0.884682 -1.69887
-4.2943 -1.49675 -4.85555
-2.22423 2.95734 -0.810129
3.66453 -1.02877 4.33278
-2.5422 -1.05766 4.99779
-4.90815 -0.417161 -0.231715
-4.92088 2.13035 -3.61632
0.897067 -3.16555 -2.91544
-4.0031 4.25751 2.6254
-3.36969 -2.30964 0.65706
-4.53617 -1.77043 2.49345
-2.71406 -3.75397 -4.43581
0.855744 -1.86898 3.32132
0.723641 1.88811 -1.2081
-3.27901 2.84389 3.42656
-4.79468 -1.79832 -1.49667
4.56897 4.99945 3.83669
4.48311 1.32079 -3.45088
1.42052 -4.2717 3.64977
3.77814 3.02831 4.50034
-4.72879 -4.94986 -2.59175
-4.86903 -3.30388 4.12707
3.48255 -3.84758 -0.80721
-1.98705 2.00175 -4.60471
1.68691 -4.88057 2.40212
0.918635 2.65752 -3.60336
3.546 -4.41369 2.02445
0.284147 -1.08635 -4.75476
-1.98468 4.80063 3.9174
1.98797 -1.58711 -4.95065
-4.35995 0.866641 4.89757
2.70014 -4.40895 4.45367
1.89181 -4.85876 -3.506
-0.0878534 -3.31008 -2.26838
1.58976 3.07256 1.28051
4.61957 4.34179 0.0279293
-0.216153 2.61116 1.06133
2.15891 4.39616 4.44532
1.22123 -3.51126 -1.08372
-3.0957 2.97683 4.54389
-0.510305 -0.00815063 -2.7544
-3.71379 2.70177 -2.21096
1.09408 -3.19006 -0.386831
2.51477 2.87711 -3.31932
-3.03646 -4.78823 -3.10068
4.75597 3.64813 -4.38988
-1.72337 -1.54374 -2.93677
-3.7465 2.16721 4.84692
-1.93846 -0.87086 3.35394
0.316277 4.09496 -4.19227
1.57428 3.19964 -0.273232
-2.22825 3.6144 2.5102
-0.462022 3.46425 2.66838
4.14745 3.39536 -1.70099
4.13606 3.52757 3.87645
3.92167 -3.14637 -2.20913
4.30312 2.48128 1.26318
-1.20749 -1.26171 0.701115
0.946411 -1.2382 3.96167
-3.46032 -0.707035 3.16965
0.64232 3.30391 1.23044
0.562433 -4.96111 1.37704
2.89245 0.575284 4.39063
0.443595 4.83584 -0.897
3.48293 1.49668 -1.71399
4.87247 0.201187 3.05631
-2.17263 -2.8844 -4.82484
4.71546 3.35793 -1.17465
1.32361 4.4826 0.733946
4.56662 4.53133 4.88399
-0.0788051 4.01245 0.749038
-3.3684 4.53482 3.67345
4.52784 4.60714 3.90165
-4.86819 -1.00955 -4.99315
