-1.59592 -1.99034 3.66872
-4.90159 -1.98587 -4.46984
-2.83565 -4.97816 -1.36289
0.212529 3.15303 3.25082
4.35428 -3.22896 3.53665
1.9822 -1.91104 4.50413
-1.169 2.25172 4.79998
2.12079 -3.5784 0.045516
3.13619 -2.83131 -1.73771
0.968822 -2.85879 0.400936
-4.7302 2.48643 -0.868608
-4.60067 4.41844 4.31862
-1.50906 3.8628 0.700271
1.76791 1.70989 -3.01329
2.57351 2.10886 4.14671
4.5106 1.67527 -2.81584
3.88532 1.41806 2.86491
-4.08966 -1.35422 1.9818
-4.76533 0.882607 4.5479
-1.87817 0.629661 4.39446
-3.54716 -3.07655 0.714749
-1.49608 -4.60056 -2.30927
-2.19599 -4.67461 -0.899393
-2.35277 -3.40116 -1.34681
-3.12668 4.38213 3.01636
1.56317 2.05472 -3.38139
-3.32658 -0.855776 -1.93336
-4.2775 -1.47959 -4.08753
-2.20441 2.98341 -0.706544
3.71424 -1.13068 4.18231
-2.49295 -0.980552 4.8809
4.93794 -0.423666 -0.47031
-4.8273 1.91352 -3.57086
0.898545 -3.18285 -2.97557
-3.9789 4.29271 2.55805
-3.38689 -2.29483 0.647051
-4.63638 -1.75674 2.51076
-2.72566 -3.70204 -4.47051
0.747808 -1.78263 3.22436
0.717896 1.86632 -1.15585
-3.28124 2.73963 3.48276
-4.72022 -1.84372 -1.43594
4.55777 4.97694 3.28587
4.43982 1.38103 -3.50064
1.495 -4.28619 3.50905
3.68267 -4.4953 4.55335
-4.69712 4.98966 -2.67746
-4.89687 -3.36284 4.177
3.49368 -3.89067 -0.759095
-1.96041 1.97836 -4.65018
1.63271 -4.83364 2.41636
0.856745 2.67915 -3.64394
3.50256 -4.37566 1.99827
0.269741 -1.06898 -4.70429
-2.00511 4.79022 3.92252
1.97034 -1.59175 -4.93102
-4.40757 0.848118 4.94242
2.66278 -4.29628 4.37626
1.92684 -4.83256 -3.50101
-0.0741464 -3.37321 -2.24713
1.57882 3.0342 1.25864
4.64283 4.35718 0.234102
-0.127263 2.63859 1.01308
2.05702 4.39182 4.47596
1.23538 -3.55003 -1.14459
-3.12982 3.06094 4.95447
-0.478807 -1.561 -2.64967
-3.74288 2.59325 -2.15604
1.11018 -3.14181 -0.481973
2.50318 2.89291 -3.32773
-3.23734 -4.84453 -3.20736
4.74532 3.63906 -4.30791
-1.67753 -1.48929 -2.90054
-3.89189 2.12854 4.88374
-1.93671 -0.830641 3.04506
0.344198 4.11233 -4.1485
1.54676 3.26791 -0.24234
-2.24874 3.61614 2.47198
-0.433729 3.47161 2.72824
4.1519 3.37129 -1.77966
4.1916 3.55183 3.86077
3.89641 -3.19027 -2.22831
4.24466 2.43758 1.27944
-1.18558 -1.21072 0.706629
1.00074 -1.25817 3.88792
-3.46469 -0.658469 3.26032
0.65053 3.30705 1.35882
0.526581 -4.8999 1.34358
2.85654 0.582892 4.42452
0.439536 4.7889 -0.9089
3.47988 1.49791 -1.7222
4.84061 0.221022 3.09729
-2.14305 -2.88379 -4.86475
4.87469 3.36296 -1.13589
1.31445 4.55616 0.740219
4.58535 4.64413 4.85498
-0.358897 3.94549 0.960226
-3.2792 4.46218 3.72758
4.56053 4.51515 3.86567
-4.98053 -1.02983 4.89237
