2.76935 1.55251 -1.68538
-3.18517 4.81136 1.86014
-4.75411 -1.69078 0.0296107
4.65418 4.60552 0.0368155
-4.0855 -1.9534 -4.78368
2.78911 0.868859 -4.45207
0.479701 4.47058 1.37938
2.60126 -4.30745 3.29371
4.6375 3.1526 -2.99304
3.23411 -4.97834 -1.84523
-4.92575 2.07398 2.58812
4.06564 1.58764 -4.78572
-0.574642 3.58097 -0.721416
-3.11616 -1.86754 4.56166
-3.93399 -4.61655 -4.81008
0.272279 0.298992 -2.50559
0.0559311 -3.05328 4.63347
4.4404 -0.171339 -1.77556
4.86474 0.273433 -0.987323
3.46489 3.28141 3.03273
-4.86573 -4.9489 1.95256
1.58459 2.88242 1.97611
-4.80787 -3.38182 -2.67988
0.328326 1.12738 4.7029
-4.81955 -3.17763 -1.12894
-0.493866 -3.04947 -4.65347
0.956365 -4.82188 4.94973
0.0290409 -4.25612 2.77432
-3.62055 1.37058 4.20015
-4.07362 2.89206 3.57605
-2.65626 -4.98258 -1.50058
3.34181 -3.63938 4.86066
-2.10967 -4.22397 1.51453
2.35799 -1.09277 -1.83915
4.74698 0.774901 4.0924
-4.94454 0.876797 4.12062
-0.942234 -4.65334 0.400951
-0.408829 -0.425694 -3.73571
-4.76704 -2.70245 1.40433
2.69587 1.03923 4.21235
-0.822391 -1.34209 -4.93873
4.47751 -1.5406 3.51518
-0.956947 4.90399 4.80133
4.57801 4.93049 -2.43303
4.8728 -4.53231 -1.27617
-0.675613 4.26098 -4.39839
-3.32386 2.10453 -4.57785
-3.82346 -0.589965 -0.0289372
4.38291 3.49457 -0.809115
1.74774 -0.96743 3.77453
2.73501 -4.93034 -4.12302
-2.89077 0.255609 -0.206416
-1.57582 1.02644 -4.15715
3.43743 4.89804 1.89069
2.71122 2.82479 4.99087
0.605055 -0.499797 4.35751
-0.076861 2.06356 1.54721
4.66318 -4.50877 4.26284
4.70408 -0.938666 -4.51505
-0.841111 -2.54371 -0.185726
-0.716289 -0.768188 3.47111
-3.73794 -4.87571 4.73089
1.72267 4.92834 4.30645
2.90283 -2.39529 -1.04766
2.3438 -4.24785 4.2558
4.49856 4.44636 4.65238
1.70105 -3.87259 -4.0827
-1.61845 -4.21333 -4.6251
-2.66315 2.29444 -3.21577
3.84143 -0.871792 -3.10459
-4.67629 4.59178 -4.34817
-4.69399 4.25346 -1.47933
-4.0691 4.39597 4.88257
-2.81771 -3.43554 4.74963
1.90747 2.96312 4.15588
3.44914 1.84256 1.06204
1.28762 -4.71442 -2.52114
4.86552 3.19741 0.465133
1.12467 -2.2879 2.1546
4.40035 -0.819423 4.8862
0.788692 2.74932 -2.56955
0.587374 -2.86197 0.772792
-0.855176 -3.2349 -1.82697
-0.686725 -0.388045 -1.54317
4.17385 -1.89507 -3.94996
2.46523 -0.0879707 2.18836
4.71016 -0.550933 4.87382
-0.394847 -0.129544 1.29199
0.577061 4.80217 4.9744
-1.28431 0.439153 -0.0120637
-4.96226 -2.77714 1.38419
-4.63892 -3.18068 -4.2803
-3.58235 2.20959 -0.967559
4.78031 -4.63191 2.23613
-0.871647 0.924559 2.61358
2.59188 -2.77574 2.63032
-3.11004 0.435106 -4.49403
-1.96042 4.63035 2.74105
-4.50709 1.02418 0.200831
1.63733 -1.38116 4.72713
