-1.75119 -1.76804 4.01901
-4.54726 -1.87081 -4.14711
-2.45341 -4.94876 -1.34285
-0.16062 3.16749 3.16233
4.42431 -3.24944 3.41478
2.12319 -1.78548 4.31976
-1.06963 1.9593 3.46971
2.51332 -3.43377 0.180647
3.25898 -2.7908 -1.78776
1.17853 -3.12346 0.196171
-4.91758 2.54795 -0.670257
-4.51197 4.46576 -4.96861
-1.36668 3.78861 0.649104
1.25664 2.28988 -2.50294
2.67269 1.86576 3.89218
4.55421 1.967 -2.7257
4.01867 1.24201 2.91002
-3.30318 -1.45073 1.62755
4.91352 0.38489 4.83437
-1.90761 0.624424 4.25908
-3.28325 -3.15997 0.845169
-1.41925 -4.87167 -2.07723
-2.16792 -4.68578 -0.980617
-2.40645 -3.48619 -1.41168
-3.11451 4.40528 2.58655
1.48425 1.93507 -3.3757
-3.35736 -0.74026 -2.87433
-4.21512 -1.41182 -1.02198
-2.1269 3.09068 -0.292907
3.92439 -1.53968 3.58703
-2.29894 -0.673308 4.42638
4.33672 -0.449821 -1.4252
-4.49119 1.0476 -3.40193
0.905925 -3.25619 -3.22213
-3.89189 4.43811 2.28874
-3.45827 -2.23622 0.606679
4.95682 -1.70333 2.58095
-2.77567 -3.50275 -4.61978
0.315702 -1.43965 2.83948
0.695003 1.77983 -0.948015
-3.29611 2.32362 3.71216
-4.43623 -2.02804 -1.19469
4.52017 4.89507 1.08295
4.29891 1.62106 -3.71449
1.79367 -4.35378 2.9508
3.30849 -4.59908 4.77401
-4.57841 4.75742 -3.02353
4.96684 -3.60931 4.38501
3.54216 -4.06813 -0.567016
-1.85479 1.88538 -4.84374
1.41676 -4.65472 2.4743
0.608651 2.76765 -3.81009
3.3353 -4.23934 1.89415
0.211992 -0.999803 -4.51151
-2.08742 4.7536 3.94718
1.90102 -1.61052 -4.88061
-4.60688 0.773999 -4.88729
2.51693 -3.85848 4.07429
2.06855 -4.73632 -3.48646
-0.01919 -3.63096 -2.16407
1.53676 2.88246 1.17153
4.74438 4.4256 1.05861
0.227703 2.74892 0.819796
1.65036 4.38229 4.60393
1.29284 -3.70982 -1.38993
-3.26956 3.40005 -3.40598
-0.353202 2.22654 -2.23287
-3.86913 2.16255 -1.94037
1.17474 -2.95113 -0.862877
2.45906 2.95881 -3.36517
-4.04663 4.91563 -3.64189
4.71921 3.60822 -3.99967
-1.4949 -1.27191 -2.75833
-4.47853 1.9747 -4.96107
-1.93085 -0.670198 1.81146
0.45565 4.18715 -3.97884
1.43914 3.54709 -0.120572
-2.33221 3.625 2.3199
-0.321851 3.50507 2.96926
4.18493 3.28082 -2.09759
4.42003 3.65077 3.80132
3.80574 -3.3721 -2.31007
4.01579 2.264 1.34457
-1.09833 -1.00718 0.728625
1.21881 -1.33793 3.60162
-3.48623 -0.464552 3.62533
0.68369 3.32326 1.87329
0.382493 -4.67655 1.21082
2.71598 0.613277 4.56622
0.423307 4.60989 -0.95744
3.4708 1.50281 -1.75571
4.72427 0.300164 3.26277
-2.02591 -2.88564 4.96221
-4.48866 3.38637 -0.98126
1.27911 4.86342 0.765056
4.67308 -4.89745 4.74628
-1.48027 3.68693 1.80569
-2.93014 4.17947 3.95297
4.70943 4.15568 3.72577
4.57869 -1.11233 4.45573
