-1.79045 -1.71347 4.10915
-4.46094 -1.84257 -4.0688
-2.35874 -4.94352 -1.33837
-0.253537 3.17108 3.14121
4.44409 -3.25569 3.38482
2.15895 -1.75461 4.28005
-1.04487 1.8863 3.13826
2.61209 -3.39877 0.214504
3.29067 -2.78117 -1.80069
1.23096 -3.19025 0.145213
-4.96762 2.56352 -0.620518
-4.49494 4.47959 -4.79095
-1.33157 3.77167 0.636093
1.12903 2.43521 -2.37554
2.69794 1.80532 3.82965
4.56747 2.04012 -2.7036
4.05278 1.19811 2.9216
-3.10727 -1.47499 1.53911
4.84158 0.260073 4.91961
-1.91518 0.623105 4.22641
-3.21792 -3.18177 0.877853
-1.40016 -4.94088 -2.01967
-2.16095 -4.68966 -1.00065
-2.42041 -3.50824 -1.42822
-3.11257 4.41245 2.47963
1.46474 1.90517 -3.3756
-3.3662 -0.711487 -3.11061
-4.20081 -1.39488 -0.256031
-2.10798 3.11823 -0.189644
3.97885 -1.6424 3.43949
-2.25133 -0.596797 4.31556
4.18994 -0.456449 -1.66417
-4.41359 0.831081 -3.36197
0.907993 -3.2756 -3.28531
-3.87265 4.47568 2.22158
-3.47689 -2.22182 0.596492
4.8546 -1.69025 2.59867
-2.78923 -3.45509 -4.66069
0.207511 -1.35433 2.74392
0.689344 1.75831 -0.896244
-3.30145 2.21989 3.77123
-4.36854 -2.07532 -1.13473
4.51198 4.87651 0.532336
4.26958 1.68115 -3.77123
1.86873 -4.37292 2.81242
3.21635 -2.12605 4.83158
-4.55087 4.7013 -3.11077
4.93039 -3.6735 4.4392
3.55528 -4.11389 -0.519109
-1.82862 1.86229 -4.8942
1.36279 -4.61218 2.48895
0.546522 2.79021 -3.85261
3.29488 -4.20918 1.86842
0.197509 -0.982604 -4.46526
-2.10819 4.74568 3.95441
1.88387 -1.61534 -4.87308
-4.66352 0.755567 -4.85403
2.48122 -3.75139 4.00061
2.10439 -4.71438 -3.48415
-0.0055639 -3.69676 -2.14391
1.52662 2.8449 1.14983
4.77222 4.44402 1.26464
0.316329 2.77676 0.771393
1.54888 4.38161 4.63741
1.30742 -3.751 -1.45166
-3.30535 3.4855 -2.9976
-0.321934 0.673543 -2.12909
-3.90316 2.05541 -1.88714
1.19095 -2.90389 -0.958268
2.44855 2.97594 -3.37546
-4.25097 4.85624 -3.75285
4.71707 3.60191 -3.92625
-1.44938 -1.21769 -2.72337
-4.62695 1.9365 -4.92158
-1.92977 -0.630173 1.5034
0.483448 4.20721 -3.93775
1.41286 3.61863 -0.0905201
-2.35358 3.62767 2.28217
-0.294353 3.51492 3.02976
4.19709 3.25961 -2.17773
4.47852 3.67598 3.78747
3.78546 -3.41927 -2.33175
3.95974 2.22088 1.36091
-1.07658 -0.956416 0.734067
1.27347 -1.35797 3.53176
-3.49293 -0.416186 3.71732
0.692077 3.32821 2.0022
0.346225 -4.62568 1.17788
2.68137 0.620835 4.60335
0.419254 4.56727 -0.969782
3.46932 1.50404 -1.76423
4.69738 0.319883 3.30478
-1.99698 -2.88724 4.91881
-4.33129 3.39304 -0.942694
1.27055 4.94371 0.771235
4.69801 -4.78335 4.72116
-1.7609 3.62387 2.01742
-2.84467 4.1104 4.01171
4.75012 4.06816 3.69202
4.47329 -1.13347 4.35031
