-1.95002 -1.4989 4.47962
-4.12313 -1.73162 -3.76213
-1.98329 -4.93749 -1.32456
-0.626017 3.1827 3.05993
4.52773 -3.28462 3.26729
2.30342 -1.63255 4.13773
-0.946298 1.59428 1.81424
3.00956 -3.26229 0.350205
3.42145 -2.74461 -1.85396
1.44083 -3.46014 -0.0581144
4.83552 2.62734 -0.420966
-4.4403 4.54305 -4.09385
-1.19227 3.7105 0.584087
0.618751 3.01932 -1.86771
2.80062 1.56495 3.58396
4.62766 2.33315 -2.61667
4.19216 1.02311 2.96965
-2.32568 -1.57267 1.18608
4.58968 -0.241004 -4.73216
-1.94638 0.618056 4.10064
-2.95911 -3.27281 1.00901
-1.32397 4.78956 -1.79133
-2.1337 -4.71015 -1.07804
-2.4789 -3.60074 -1.49592
-3.10955 4.44707 2.0541
1.38735 1.78575 -3.37903
-3.40707 -0.597424 -4.06187
-4.14962 -1.32721 2.80788
-2.03448 3.23113 0.222843
4.20161 -2.05577 2.85379
-2.06436 -0.29188 3.88136
3.61237 -0.483897 -2.62227
-4.11681 -0.0352743 -3.20741
0.916604 -3.35815 -3.54464
-3.80664 4.63172 1.95389
-3.55505 -2.16593 0.555431
4.45076 -1.63869 2.67007
-2.84871 -3.2722 -4.84475
-0.225687 -1.01416 2.36417
0.666871 1.67266 -0.689883
-3.32981 1.80613 4.01629
-4.1084 -2.26774 -0.897114
4.48363 4.809 -1.67049
4.16925 1.92262 -4.0086
2.17208 -4.45766 2.26256
2.85201 -2.23585 -4.92848
-4.45051 4.48278 -3.46139
4.79585 -3.93854 4.66606
3.61126 -4.30442 -0.327947
-1.7248 1.77062 4.8976
1.14582 -4.44912 2.54891
0.297582 2.88193 -4.02663
3.13809 -4.09962 1.76708
0.139334 -0.914195 -4.28714
-2.19242 4.71906 3.98738
1.81561 -1.63528 -4.85758
-4.9149 0.682286 -4.73743
2.3402 -3.32965 3.71291
2.24935 -4.63487 -3.47958
0.0487018 -3.96724 -2.06671
1.48732 2.69634 1.0635
4.89381 4.52477 2.08984
0.670327 2.89005 0.577617
1.14345 4.38452 4.77798
1.36659 -3.92062 -1.6999
-3.45228 3.83065 -1.36613
-0.197411 4.46065 -1.71465
-4.05189 1.62768 -1.67578
1.25617 -2.71617 -1.34066
2.40814 3.04705 -3.41997
4.91402 4.63274 -4.20768
4.72984 3.58182 -3.64114
-1.26809 -1.00135 -2.58574
4.77177 1.78487 -4.77101
-1.92781 -0.469682 0.271836
0.594326 4.29285 -3.77853
1.30992 3.91605 0.0285094
-2.44426 3.64179 2.13074
-0.183667 3.5638 3.2741
4.25729 3.18044 -2.50033
4.71466 3.77767 3.73855
3.71226 -3.61564 -2.42313
3.73919 2.04957 1.42678
-0.989274 -0.754002 0.755506
1.49213 -1.43878 3.25736
-3.52578 -0.223188 4.08968
0.726211 3.3517 2.51912
0.199802 -4.43529 1.04701
2.54415 0.651434 4.75991
0.402937 4.405 -1.02003
3.46596 1.50899 -1.7987
4.59743 0.398487 3.47765
-1.88281 -2.89852 4.76323
-3.70888 3.42258 -0.788528
1.2372 -4.7347 0.796014
4.80544 -4.33856 4.62932
-2.8808 3.37275 2.86924
-2.5094 3.83917 4.25668
4.92714 3.72898 3.56061
4.06299 -1.2197 3.94248
