-2.19791 -1.18594 -4.9246
-3.63489 -1.57232 -3.3175
-1.42146 4.98901 -1.3144
-1.18936 3.20141 2.94264
4.66758 -3.3408 3.09885
2.52399 -1.45249 3.96471
-0.799997 1.15669 -0.170149
3.61399 -3.06493 0.553982
3.62997 -2.69617 -1.93781
1.75693 -3.8739 -0.362895
4.57145 2.72937 -0.120451
-4.4195 4.66632 -3.07572
-0.985109 3.63873 0.507213
-0.146119 3.90756 -1.11309
2.9587 1.20786 3.22901
4.73544 2.7732 -2.48957
4.41018 0.762798 3.0468
-1.1571 -1.7218 0.657935
4.2674 -0.997315 -4.25028
-1.99609 0.612011 3.92212
-2.57765 -3.42106 1.20714
-1.2101 4.45623 -1.45504
-2.10226 -4.76239 -1.18757
-2.57601 -3.75489 -1.60289
-3.11752 4.51706 1.41933
1.27186 1.60753 -3.39481
-3.48955 -0.42982 4.47624
-4.10146 -1.22899 -2.59531
-1.93148 3.408 0.840653
4.55411 -2.69116 1.98517
-1.79203 0.159787 3.24715
2.76476 -0.528185 -4.07248
-3.7018 -1.33455 -2.98757
0.929215 -3.49962 -3.95454
-3.7403 4.88585 1.55441
-3.68416 -2.08638 0.493811
3.85871 -1.56011 2.77912
-2.95557 -3.01844 4.83627
-0.875926 -0.506671 1.80187
0.634144 1.54477 -0.382895
-3.39679 1.18889 4.40721
-3.74671 -2.56646 -0.545811
4.45883 4.72781 -4.979
4.04853 2.29193 -4.39229
2.63255 -4.61142 1.44559
2.31388 2.589 -4.62587
-4.34736 4.16201 -3.99339
4.61418 -4.35731 -4.93873
3.7055 -4.60999 -0.0420442
-1.57173 1.63504 4.59266
0.81879 -4.22151 2.64527
-0.077241 3.02363 -4.30202
2.91821 -3.96038 1.61979
0.051186 -0.812758 -4.03816
-2.32418 4.69412 4.04721
1.71349 -1.66739 -4.86445
4.67253 0.572754 -4.58785
2.13233 -2.71277 3.30304
2.47101 -4.54147 -3.48555
0.130108 -4.4033 -1.96222
1.43206 2.47776 0.936446
-4.89584 4.67061 3.33178
1.20016 3.06766 0.286548
0.53597 4.4043 -4.98753
1.45786 -4.19072 -2.07591
-3.68614 4.36414 1.0776
-0.0139988 -4.85732 -1.09483
-4.31437 0.986712 -1.36273
1.35528 -2.43812 -1.91714
2.35073 3.16148 -3.49589
3.70641 4.3411 -4.93625
4.81116 3.56539 -3.23429
-0.998266 -0.678063 -2.38554
3.88292 1.55949 -4.5659
-1.93227 -0.228208 -1.57796
0.75977 4.43871 -3.55638
1.16174 4.41037 0.205822
-2.58768 3.67115 1.90263
-0.0150819 3.65278 3.65223
4.37254 3.0786 -2.99066
-4.85174 3.9439 3.69043
3.62204 -3.93841 -2.57229
3.41714 1.796 1.52714
-0.857858 -0.451588 0.787534
1.81922 -1.56195 2.85799
-3.59318 0.066005 4.67032
0.779828 3.39687 3.29929
-0.0241414 -4.17609 0.853623
2.34091 0.699155 -4.94575
0.378951 4.18678 -1.09717
3.46703 1.51662 -1.85149
4.46946 0.514959 3.75676
-1.71578 -2.93062 4.5734
-2.79129 3.47243 -0.557431
1.18917 -4.27665 0.834139
4.98793 -3.70217 4.50447
-4.58314 3.00025 4.16668
-2.02243 3.44464 4.65114
-4.89213 3.22992 3.36408
3.47198 -1.35295 3.36938
