-2.24022 -1.13465 -4.82423
-3.55488 -1.5472 -3.24579
-1.32797 4.97064 -1.31314
-1.28353 3.20504 2.92363
4.69282 -3.35179 3.07178
2.56111 -1.42279 3.93975
-0.775802 1.08383 -0.500877
3.71598 -3.03278 0.587878
3.66636 -2.68886 -1.95224
1.80993 -3.94421 -0.41378
4.53027 2.74729 -0.0703112
-4.42111 4.69011 -2.90723
-0.950593 3.62899 0.494531
-0.274103 4.0581 -0.988126
2.98559 1.14865 3.1715
4.75537 2.84659 -2.46846
4.44776 0.719617 3.06014
-0.962604 -1.74704 0.569977
4.21708 -1.1239 -4.17356
-2.00474 0.61116 3.89344
-2.51472 -3.44727 1.24036
-1.19118 4.40994 -1.39971
-2.09813 -4.77578 -1.20579
-2.59333 -3.78263 -1.62145
-3.11961 4.53085 1.31389
1.25262 1.57798 -3.39854
-3.50621 -0.403245 4.23342
-4.09676 -1.21287 -1.83076
-1.91502 3.43832 0.943662
4.61574 -2.79853 1.8408
-1.74732 0.234319 3.14247
2.62483 -0.535964 -4.31692
-3.63485 -1.55049 -2.95172
0.931242 -3.52559 -4.02541
-3.73191 4.93102 1.48831
-3.70708 -2.07353 0.483689
3.76103 -1.54714 2.79762
-2.97547 -2.97829 4.78481
-0.984405 -0.422344 1.70909
0.628924 1.52359 -0.332038
-3.41073 1.08648 4.47502
-3.68943 -2.6177 -0.487878
4.45769 4.71762 4.46741
4.03139 2.35501 -4.45983
2.70993 -4.64069 1.31012
2.22475 -4.94092 -4.58289
-4.33554 4.10919 -4.08418
4.58659 -4.43448 -4.86959
3.72253 -4.66295 0.00548472
-1.54644 1.61265 4.54322
0.764255 -4.18542 2.66216
-0.139869 3.04774 -4.34979
2.88353 -3.93934 1.59606
0.0363878 -0.796002 -3.99855
-2.3468 4.69159 4.05831
1.69646 -1.67305 -4.86834
4.60588 0.554451 -4.56595
2.09804 -2.61162 3.23703
2.50849 -4.52899 -3.48787
0.143428 -4.48052 -1.94591
1.42323 2.44168 0.915662
-4.86307 4.6984 3.54003
1.28857 3.09835 0.237946
0.43475 4.40927 -4.94702
1.4734 -4.23767 -2.13902
-3.72679 4.45457 1.48459
0.0164758 3.58732 -0.991691
-4.36212 0.879957 -1.31094
1.372 -2.39223 -2.01363
2.34149 3.1815 -3.50944
3.50884 4.29683 4.93654
4.83178 3.56462 -3.16854
-0.953459 -0.624312 -2.35292
3.73605 1.52185 -4.53396
-1.93379 -0.187955 -1.88664
0.787299 4.4653 -3.52106
1.13776 4.49994 0.235513
-2.6122 3.67671 1.86509
0.012886 3.6689 3.7169
4.39415 3.06331 -3.07357
-4.76957 3.97342 3.68469
3.6092 -3.99555 -2.59835
3.36452 1.75409 1.54409
-0.836064 -0.401201 0.792772
1.87359 -1.58268 2.7926
-3.60667 0.114634 4.76992
0.789152 3.40533 3.4302
-0.0618987 -4.13589 0.821762
2.30727 0.707393 -4.89072
0.375386 4.1541 -1.11024
3.46792 1.51794 -1.86041
4.45045 0.534151 3.80602
-1.68836 -2.93773 4.54461
-2.63944 3.48156 -0.519189
1.18136 -4.2028 0.840721
-4.97924 -3.59812 4.48569
-4.87116 2.93894 4.38627
-1.94249 3.38019 4.72
-4.8796 3.14694 3.33234
3.37534 -1.37545 3.27746
