-2.28281 -1.0836 -4.72613
-3.47498 -1.52221 -3.17549
-1.23457 4.95477 -1.31198
-1.37775 3.20881 2.90481
4.71893 -3.36328 3.045
2.59834 -1.39318 3.91585
-0.751664 1.01097 -0.831636
3.81841 -3.00085 0.621736
3.70329 -2.68176 -1.96681
1.86306 -4.01504 -0.464708
4.48982 2.76548 -0.0201705
-4.42375 4.71454 -2.739
-0.916096 3.61974 0.481933
-0.402522 4.20982 -0.863192
3.01267 1.08951 3.11446
4.77585 2.92006 -2.44734
4.48577 0.676465 3.0736
-0.76814 -1.7724 0.482026
4.16751 -1.25065 -4.09762
-2.0135 0.610316 3.86508
-2.45195 -3.47396 1.27364
-1.17235 4.3643 -1.34456
-2.09424 -4.7913 -1.22406
-2.61096 -3.81115 -1.64023
-3.1217 4.54526 1.20838
1.2334 1.54849 -3.40254
-3.5237 -0.377 3.99138
-4.09253 -1.1968 -1.06627
-1.89869 3.46884 1.04671
4.67841 -2.90633 1.69654
-1.70274 0.30871 3.03804
2.48519 -0.543846 -4.5624
-3.56888 -1.76666 -2.9149
0.933258 -3.5523 -4.09698
-3.72417 4.97742 1.4223
-3.73041 -2.06081 0.473631
3.66371 -1.53426 2.81617
-2.99584 -2.9387 4.73425
-1.09298 -0.338082 1.61664
0.6238 1.50242 -0.281229
-3.42539 0.984252 4.54362
-3.63293 -2.6695 -0.4301
4.45792 4.70851 3.91489
4.01548 2.41852 -4.52898
2.78762 -4.67112 1.17475
2.13581 -2.47235 -4.541
-4.32484 4.05685 -4.1758
4.56107 -4.51413 -4.80365
3.73997 -4.71653 0.0529699
-1.5212 1.59032 4.49419
0.709726 -4.14985 2.67933
-0.202533 3.07199 -4.39811
2.84934 -3.91888 1.57267
0.0215702 -0.779298 -3.95936
-2.36958 4.6895 4.06974
1.67944 -1.67882 -4.87289
4.53989 0.536117 -4.54489
2.06387 -2.51094 3.17166
2.54619 -4.51733 -3.49056
0.156704 -4.55964 -1.92985
1.4145 2.40567 0.894995
-4.8321 4.72739 3.74875
1.37709 3.12935 0.189333
0.333519 4.4148 -4.90729
1.48904 -4.28527 -2.20225
-3.76803 4.54506 1.89168
0.0470088 2.03195 -0.888607
-4.41089 0.773233 -1.25925
1.38879 -2.34649 -2.11022
2.33237 3.20185 -3.52329
3.31212 4.25395 4.81145
4.85434 3.56461 -3.10342
-0.908644 -0.570621 -2.32047
3.58944 1.48422 -4.50257
-1.93553 -0.147688 -2.19549
0.814827 4.49267 -3.48603
1.11397 4.59179 0.265309
-2.63689 3.68246 1.82771
0.0407716 3.68539 3.78224
4.41651 3.0483 -3.15716
-4.6883 4.00326 3.67935
3.59707 -4.0536 -2.62477
3.31221 1.71228 1.5611
-0.814289 -0.350824 0.797945
1.92793 -1.60346 2.72749
-3.62074 0.163271 4.87034
0.798618 3.41404 3.5615
-0.099756 -4.09665 0.790007
2.27372 0.715676 -4.83652
0.37213 4.12227 -1.12346
3.46903 1.51928 -1.86938
4.43211 0.553301 3.85613
-1.66103 -2.94535 4.51661
-2.48784 3.49093 -0.481015
1.17359 -4.12964 0.847386
-4.94762 -3.49456 4.46774
4.83897 2.87788 4.60737
-1.86281 3.31609 4.78987
-4.86805 3.0641 3.30086
3.27908 -1.39798 3.18652
