-2.32571 -1.03276 -4.63014
-3.39529 -1.49687 -3.10608
-1.14126 4.94107 -1.31094
-1.47204 3.21272 2.88617
4.74591 -3.3753 3.01847
2.63569 -1.36363 3.89318
-0.727604 0.938097 -1.16244
3.92129 -2.96917 0.655547
3.74075 -2.67489 -1.98152
1.9163 -4.08642 -0.515682
4.45005 2.78398 0.0299671
-4.4274 4.73961 -2.57099
-0.88162 3.61098 0.469409
-0.530998 4.36256 -0.738221
3.03991 1.03045 3.05787
4.79684 2.99361 -2.42622
4.52419 0.633332 3.08718
-0.573697 -1.79789 0.394079
4.11864 -1.37755 -4.02239
-2.02237 0.609466 3.83702
-2.38933 -3.50115 1.307
-1.15365 4.31926 -1.28957
-2.09058 -4.80866 -1.24239
-2.62891 -3.84041 -1.65921
-3.12402 4.56026 1.10276
1.21419 1.51905 -3.4068
-3.54207 -0.350981 3.74998
-4.08873 -1.18076 -0.301839
-1.88249 3.49958 1.14981
4.74219 -3.01462 1.5524
-1.65829 0.382996 2.93384
2.3458 -0.551791 -4.80916
-3.50376 -1.98377 -2.87781
0.935238 -3.57984 -4.16926
-3.71706 -4.97517 1.35622
-3.75417 -2.0482 0.463645
3.56679 -1.52149 2.83474
-3.01668 -2.89966 4.68457
-1.20172 -0.253885 1.52449
0.618838 1.48119 -0.230362
-3.44084 0.882228 4.61299
-3.5772 -2.72192 -0.372478
4.46075 4.70012 3.36291
4.00041 2.48236 -4.60023
2.86563 -4.70267 1.03946
2.04707 -0.00415924 -4.49987
-4.3153 4.00496 -4.26825
4.53723 -4.59572 -4.7399
3.75782 -4.77074 0.100405
-1.49602 1.56804 4.44554
0.655194 -4.1148 2.69676
-0.265232 3.09638 -4.44702
2.81555 -3.89907 1.5496
0.00672134 -0.762644 -3.9206
-2.39254 4.68783 4.08153
1.66239 -1.68463 -4.8781
4.47448 0.517748 -4.52467
2.02978 -2.41075 3.10699
2.58408 -4.50651 -3.49367
0.169946 -4.64074 -1.91406
1.40585 2.36974 0.874439
-4.80513 4.7576 3.95811
1.46572 3.16069 0.140704
0.23228 4.42079 -4.86837
1.50476 -4.33351 -2.26561
-3.80978 4.63589 2.29904
0.0775127 0.4767 -0.785626
-4.46067 0.666547 -1.20765
1.40564 -2.30091 -2.20693
2.32334 3.22248 -3.53745
3.11598 4.2121 4.68799
4.87862 3.56539 -3.03887
-0.863818 -0.516997 -2.28817
3.44302 1.4466 -4.47169
-1.93754 -0.107402 -2.50456
0.842361 4.52078 -3.45132
1.09034 4.68604 0.295195
-2.66179 3.68839 1.79048
0.0685589 3.70223 3.8483
4.43956 3.0335 -3.24153
-4.60824 4.03337 3.67438
3.58563 -4.11259 -2.65153
3.26017 1.67055 1.57818
-0.79252 -0.300468 0.803044
1.98223 -1.62427 2.66267
-3.6354 0.211836 4.97157
0.808229 3.42295 3.69321
-0.137711 -4.05835 0.758351
2.24022 0.724017 -4.78311
0.369025 4.09112 -1.13679
3.47034 1.52065 -1.87839
4.41439 0.572423 3.90711
-1.6338 -2.95348 4.48936
-2.33649 3.50056 -0.442907
1.16588 -4.05716 0.854131
-4.91703 -3.39144 4.45045
4.55128 2.81711 4.83053
-1.78342 3.25232 4.86083
-4.85795 2.98139 3.26968
3.18307 -1.4205 3.0966
