-2.41251 -0.931714 -4.44368
-3.2368 -1.44587 -2.96854
-0.954883 4.91931 -1.30937
-1.6608 3.22105 2.84947
4.80251 -3.40087 2.96617
2.71081 -1.3048 3.85123
-0.679733 0.792513 -1.82427
4.12853 -2.90643 0.722991
3.81726 -2.66182 -2.01137
2.02316 -4.23092 -0.617791
4.37248 2.82208 0.130241
-4.4376 4.79174 -2.23552
-0.812708 3.59492 0.444612
-0.787793 4.67175 -0.487834
3.09493 0.912519 2.94598
4.84034 3.14107 -2.38392
4.60242 0.547103 3.1148
-0.184864 -1.84921 0.218226
4.02282 -1.63185 -3.87397
-2.04049 0.607722 3.78187
-2.26454 -3.55679 1.37392
-1.11671 4.2309 -1.18009
-2.08388 -4.84804 -1.27926
-2.66579 -3.90109 -1.69782
-3.12961 4.5985 0.891308
1.17578 1.46034 -3.4161
-3.58141 -0.299425 3.26903
-4.08257 -1.14856 1.22694
-1.85039 3.56195 1.35616
4.8735 -3.23266 1.26452
-1.5698 0.531405 2.72626
2.06794 -0.568515 4.69696
-3.37538 -2.41987 -2.80454
0.939217 -3.63741 -4.31612
-3.70484 -4.89077 1.22414
-3.80303 -2.02336 0.443881
3.37455 -1.49633 2.87194
-3.05972 -2.8231 4.5877
-1.41991 -0.0856096 1.34108
0.609142 1.43903 -0.128628
-3.47391 0.67891 4.75837
-3.46805 -2.82853 -0.257762
4.47064 4.68518 2.25961
3.97226 2.61059 -4.75138
3.02264 -4.76901 0.769132
1.86952 4.93246 -4.4194
-4.2994 3.90255 -4.45562
4.49421 -4.76421 -4.61757
3.79478 -4.88104 0.195102
-1.44579 1.52362 4.34948
0.546124 -4.04621 2.73241
-0.390742 3.14555 -4.54694
2.74904 -3.86148 1.50434
-0.0230736 -0.729539 -3.84436
-2.43895 4.68583 4.10621
1.62831 -1.69669 -4.89063
4.34532 0.480896 -4.4866
1.96172 -2.21192 2.97954
2.66046 -4.48726 -3.50112
0.196397 -4.80957 -1.88328
1.38873 2.29817 0.833619
-4.75781 4.82187 4.38004
1.64332 3.22441 0.0433951
0.0297453 4.4342 -4.79307
1.53646 -4.43204 -2.39273
-3.89488 4.82083 3.11432
0.138658 -2.63397 -0.579754
-4.56317 0.453295 -1.10476
1.43954 -2.21026 -2.40075
2.30559 3.26466 -3.56666
2.72518 4.13119 4.44564
4.93185 3.56933 -2.91119
-0.774201 -0.409949 -2.224
3.15072 1.37145 -4.41139
-1.94238 -0.0267567 -3.12373
0.897457 4.57937 -3.38282
1.04346 4.88228 0.355251
-2.71233 3.70132 1.71644
0.123792 3.73706 3.98275
4.48805 3.00468 -3.41263
-4.45099 4.09455 3.66568
3.56478 -4.23342 -2.70601
3.15689 1.58742 1.61257
-0.748923 -0.199827 0.813071
2.09072 -1.66592 2.53363
-3.66649 0.308603 -4.82774
0.827905 3.4414 3.95813
-0.21389 -3.98468 0.695323
2.17346 0.741106 -4.67906
0.363106 4.03086 -1.16378
3.47362 1.52348 -1.89656
4.3808 0.610649 4.01189
-1.57961 -2.97123 4.43708
-2.03446 3.52067 -0.366864
1.15058 -3.91423 0.867856
-4.85842 -3.18636 4.41747
3.98077 2.69705 -4.71744
-1.62553 3.12581 -4.99338
-4.84133 2.8165 3.20849
2.99081 -1.46549 2.9196
