-3.59632 2.37557 -0.660051
-2.69304 -4.65841 1.5524
4.494 -1.27832 -0.0439216
-4.5479 -4.58838 0.0567514
-4.84742 -1.28081 -4.60975
1.99689 0.781543 4.08856
0.390673 -4.20823 1.30115
2.13548 4.01763 2.3939
-4.43341 2.26041 -1.96776
2.69124 4.82596 -1.58825
-4.93887 2.1199 2.29793
-4.1825 1.21168 3.62264
-0.516088 2.56664 -0.465291
-2.14023 -1.52002 -3.59332
4.11323 3.99917 -4.66169
0.167003 0.0577723 -2.05464
0.060121 -2.45551 -4.35041
-4.1604 -0.101861 -1.40099
4.32125 0.19239 -0.600995
-4.44828 2.51557 2.46737
-3.63678 -4.96827 1.64858
1.41723 2.26158 2.01283
4.01953 -2.7834 -2.18222
0.254925 0.806139 3.23704
3.55306 -2.42364 -1.08545
-0.204665 -2.24778 -3.4667
0.837495 2.92567 -4.98725
0.104269 4.46999 2.24805
4.0531 1.14045 3.19209
-2.76347 2.04289 -3.96608
-2.13797 4.97856 -1.1007
2.22918 4.2986 -2.86068
-1.70947 3.79062 1.28356
1.9369 -1.24737 -1.36757
-3.41827 0.764819 3.2238
4.7327 0.458381 -3.77314
-0.794 -3.70109 0.409465
0.00319335 -0.472669 4.44172
-2.89578 -1.9236 1.05649
1.64493 1.10242 2.80644
-0.127603 -1.21472 -3.22383
4.22645 -0.850189 -3.85647
-0.778438 -3.81109 3.62675
-3.27561 -4.44771 -1.59351
-3.53381 2.7968 -0.702741
-0.360175 2.99025 4.10472
-2.73387 1.69339 3.86482
3.75111 -0.398591 -0.177112
3.30577 2.46388 -0.619189
1.45114 -0.718915 3.01612
2.14951 4.78526 4.32743
-2.00069 0.265395 -0.0970811
-0.752097 0.662932 3.55587
2.42988 3.59398 1.91359
2.19118 2.31236 4.97669
0.371479 -0.474979 -4.6285
0.00823909 1.57442 1.57988
4.31782 3.56905 3.68693
-3.5023 -0.607779 4.69189
-0.424972 -1.95879 -0.0942611
-0.485362 -0.438534 2.83387
-2.77281 4.90657 -3.71824
1.28281 4.912 4.79571
2.39961 -1.92336 -1.0614
1.93082 -3.07005 3.13556
3.4184 -4.18598 -4.44378
1.41995 -2.98255 -3.11466
-0.998298 4.44652 4.26625
-2.19184 1.81751 -2.40702
2.96832 -0.883685 -2.42535
-4.82641 -3.2099 4.6274
3.334 -3.7764 -1.25993
-3.12004 3.18461 -3.67455
-2.31293 -2.78074 -4.23554
1.47194 1.86442 2.7251
2.65852 1.58948 1.09386
1.10472 -2.86231 -2.05567
-3.71991 2.52434 0.033154
1.00165 -1.81785 1.7944
-3.28205 -0.263779 3.38009
0.689748 2.28572 -2.08465
0.408526 -2.01158 0.643704
-0.574766 -2.52959 -1.54038
-0.414717 -0.350269 -1.36256
-4.12664 -1.41715 -2.71119
1.88973 0.0286892 2.04772
4.60541 -0.502981 4.19159
-0.276997 0.0597157 1.37155
1.1766 4.78047 -3.76383
-1.43514 0.310355 -0.0105845
-4.74891 -2.36975 1.19203
4.3423 -2.44989 4.48769
3.58931 1.8297 -0.687649
-4.67293 -3.50981 1.83447
-0.518366 0.718295 2.28069
2.08344 -2.31879 2.30235
-4.95726 -0.148538 -4.50243
4.20202 2.73805 2.23261
-4.87433 0.74191 -0.0528835
0.578551 -1.21241 -3.09808
