-2.50073 -0.831544 -4.26318
-3.07954 -1.39497 -2.83206
-0.768765 4.90445 -1.30863
-1.84985 3.23003 2.81384
4.86266 -3.42847 2.91486
2.78672 -1.24629 3.8129
-0.632008 0.647166 -2.48634
4.33786 -2.84451 0.790199
3.89589 -2.64969 -2.04179
2.13057 -4.378 -0.720103
4.29744 2.86176 0.230551
-4.4516 4.84667 -1.90054
-0.743815 3.58076 0.420274
-1.04471 4.98753 -0.236534
3.15074 0.794852 2.83563
4.88578 3.289 -2.34133
4.68269 0.460901 3.14318
0.203903 -1.90086 0.0424699
3.92939 -1.88681 -3.72806
-2.05908 0.605882 3.72821
-2.14033 -3.61414 1.4412
-1.08033 4.14486 -1.07116
-2.07801 -4.89299 -1.31645
-2.70406 -3.96472 -1.73724
-3.13674 4.64684 0.679671
1.13738 1.40186 -3.42644
-3.62413 -0.248281 2.7905
-4.07864 -1.11636 2.75597
-1.81854 3.62559 1.56289
-4.98946 -3.4532 0.977211
-1.48176 0.679752 2.51998
1.79047 -0.585243 4.21435
-3.24917 -2.85785 -2.73281
0.943148 -3.699 -4.46621
-3.69555 -4.81721 1.09242
-3.85388 -1.99895 0.42416
3.18506 -1.47156 2.9096
-3.10449 -2.74853 4.49413
-1.63926 0.0825817 1.15842
0.599556 1.39705 -0.0269929
-3.50947 0.476616 4.93385
-3.36212 -2.93757 -0.143639
4.4833 4.67295 1.1569
3.94436 2.70394 -4.92245
3.18077 -4.8398 0.499254
1.69246 -0.128076 -4.3422
-4.28735 3.80188 -4.64639
4.45776 -4.94062 -4.5016
3.83358 -4.99427 0.289528
-1.39574 1.47939 4.25553
0.437033 -3.97964 2.76918
-0.516372 3.19527 -4.64941
2.68389 -3.82699 1.46023
-0.0529377 -0.696701 -3.76985
-2.48598 4.68559 4.13278
1.59427 -1.70923 -4.90672
4.2182 0.443887 -4.45135
1.89346 -2.01528 2.85466
2.73772 -4.47186 -3.51008
0.222875 -4.98882 -1.85359
1.37184 2.22698 0.793153
-4.71661 4.8916 4.80807
1.8214 3.28964 -0.0539311
-0.172946 4.44956 -4.72106
1.5685 -4.5338 -2.52036
-3.98201 -4.9913 3.93066
0.199857 4.25375 -0.374089
-4.66947 0.24013 -1.00215
1.47374 -2.12028 -2.59521
2.28825 3.30809 -3.59695
2.336 4.05362 4.2096
4.99065 3.5765 -2.78518
-0.684707 -0.303189 -2.16023
2.85905 1.29642 -4.35269
-1.94814 0.053995 -3.74451
0.952535 4.64158 -3.31546
0.997068 -4.90976 0.415835
-2.76405 3.71573 1.64301
0.178523 3.77344 4.12105
4.54028 2.97716 -3.58615
-4.29643 4.15703 3.65889
3.54672 -4.35838 -2.76162
3.05463 1.50471 1.6473
-0.705124 -0.0992962 0.822958
2.19914 -1.70753 2.40474
-3.70002 0.404793 -4.64635
0.848213 3.46061 4.22564
-0.290437 -3.91524 0.632808
2.10688 0.758199 -4.57903
0.357477 3.9736 -1.19106
3.47773 1.52645 -1.91487
4.34966 0.648927 4.12068
-1.52581 -2.991 4.38778
-1.73329 3.54194 -0.290976
1.13551 -3.77409 0.881951
-4.80279 -2.98265 4.38641
3.41688 2.61049 -4.25776
-1.46883 3.00055 -4.85071
-4.82885 2.65235 3.14923
2.79686 -1.51062 2.74478
