-2.54544 -0.781842 -4.1751
-3.00133 -1.36963 -2.76414
-0.675795 4.89958 -1.30856
-1.9445 3.2348 2.79646
4.89417 -3.44289 2.88956
2.82508 -1.21714 3.79512
-0.608199 0.574618 -2.81752
4.44474 -2.8138 0.823761
3.93606 -2.64396 -2.05721
2.1845 -4.45241 -0.771338
4.26086 2.88226 0.280726
-4.45997 4.87528 -1.73322
-0.709382 3.57447 0.408341
-1.17341 -4.85152 -0.110633
3.179 0.736132 2.78098
4.90922 3.36316 -2.31986
4.72369 0.417822 3.15768
0.398288 -1.92681 -0.0454138
3.88357 -2.01453 -3.65597
-2.06856 0.60493 3.70192
-2.07841 -3.64345 1.47499
-1.06234 4.10276 -1.01687
-2.07537 -4.9174 -1.33519
-2.72372 -3.99768 -1.75726
-3.14091 4.67459 0.573784
1.11818 1.37274 -3.43197
-3.64664 -0.222666 2.55182
-4.07761 -1.10045 3.52074
-1.80268 3.65797 1.66643
-4.92345 -3.56457 0.833704
-1.4379 0.753958 2.41733
1.65176 -0.593544 3.97667
-3.18681 -3.07752 -2.69757
0.945128 -3.73115 -4.54253
-3.69195 -4.78405 1.02674
-3.88 -1.98683 0.414312
3.09133 -1.45923 2.92885
-3.12748 -2.7119 4.4485
-1.74938 0.166651 1.06722
0.59479 1.37613 0.0237858
-3.52799 0.375712 -4.95946
-3.3102 -2.99303 -0.0867456
4.49051 4.66847 0.605698
3.93227 2.75132 4.98933
3.2602 -4.87691 0.364482
1.60403 2.34138 -4.30472
-4.28264 3.75226 -4.74338
4.44241 4.96776 -4.44632
3.85385 4.94743 0.336612
-1.37077 1.45736 4.20938
0.382487 -3.94704 2.78799
-0.5792 3.22037 -4.70165
2.65193 -3.81081 1.43857
-0.0679074 -0.6804 -3.73319
-2.50969 4.68634 4.14679
1.57728 -1.71566 -4.91595
4.15538 0.42534 -4.43478
1.85904 -1.91771 2.79326
2.77666 -4.46529 -3.51515
0.236169 4.91681 -1.83922
1.36348 2.19158 0.773046
-4.69851 4.92966 -4.9748
1.91065 3.32296 -0.102585
-0.27435 4.45801 -4.68628
1.58465 -4.58601 -2.58438
-4.02622 -4.89926 4.33948
0.230518 2.69802 -0.271187
-4.72401 0.133577 -0.950941
1.49096 -2.07553 -2.69268
2.27972 3.33034 -3.61251
2.14193 4.01605 4.09339
-4.978 3.58139 -2.72301
-0.640026 -0.249951 -2.12843
2.71347 1.25899 -4.32389
-1.95128 0.094441 -4.05574
0.980088 4.67429 -3.28225
0.974114 -4.80649 0.44638
-2.79039 3.72356 1.60649
0.205713 3.79228 4.19175
4.568 2.96404 -3.67384
-4.21996 4.18964 3.65616
3.53876 -4.42242 -2.78985
3.00387 1.46353 1.66479
-0.683154 -0.0490922 0.827895
2.2534 -1.7284 2.34012
-3.71776 0.452781 -4.56754
0.85861 3.47051 4.36052
-0.328829 -3.88205 0.601741
2.07367 0.766799 -4.53027
0.354786 3.94627 -1.2049
3.4801 1.52801 -1.92408
4.33503 0.668129 4.17659
-1.49904 -3.00161 4.36423
-1.58301 3.55301 -0.25307
1.12807 -3.7047 0.889134
-4.77596 -2.88119 4.37152
3.13542 2.56778 -4.02881
-1.39098 2.93838 -4.78153
-4.82403 2.57063 3.12027
2.6996 -1.53337 2.65759
