-2.59056 -0.732461 -4.08804
-2.92337 -1.34439 -2.69639
-0.582872 4.89608 -1.30862
-2.03924 3.23977 2.77939
4.92662 -3.45773 2.86451
2.86376 -1.18805 3.77822
-0.584427 0.502126 -3.14885
4.55341 -2.78333 0.857351
3.97683 -2.63855 -2.07276
2.2386 -4.52753 -0.822622
4.22495 2.90309 0.330935
-4.4691 4.90462 -1.56599
-0.674934 3.56896 0.396596
-1.30225 -4.69316 0.015368
3.20754 0.677466 2.72664
4.93988 3.4374 -2.2982
4.7653 0.374747 3.1724
0.592684 -1.95282 -0.133307
3.83834 -2.14246 -3.5844
-2.07816 0.603949 3.67607
-2.0166 -3.67315 1.50889
-1.04446 4.06142 -0.962674
-2.07289 -4.94286 -1.35402
-2.74367 -4.03142 -1.77745
-3.14547 4.7047 0.467861
1.09898 1.34364 -3.43773
-3.6699 -0.197071 2.31344
-4.07721 -1.08466 4.28598
-1.78686 3.6908 1.77013
-4.8604 -3.67694 0.690279
-1.39414 0.82819 2.31504
1.51302 -0.601822 3.74059
-3.1249 -3.29773 -2.66275
0.947152 -3.76429 -4.61973
-3.689 -4.75316 0.961194
-3.90658 -1.97477 0.404482
2.99812 -1.44693 2.94844
-3.15083 -2.6757 4.40369
-1.8598 0.250693 0.976067
0.590063 1.35518 0.0745564
-3.54691 0.274709 -4.85451
-3.25889 -3.04915 -0.0299229
4.49843 4.66479 0.0545838
3.92133 2.79908 4.90414
3.3398 -4.92091 0.22977
1.51563 4.81102 -4.26805
-4.27868 3.70304 -4.84129
4.42941 4.87741 -4.39197
3.87472 4.89378 0.383659
-1.34584 1.43538 4.16385
0.327945 -3.91488 2.80709
-0.64202 3.24563 -4.75461
2.62041 -3.79549 1.41717
-0.0828766 -0.664209 -3.6969
-2.53353 4.6877 4.16134
1.56033 -1.72223 -4.92585
4.09304 0.406753 -4.41892
1.82431 -1.82056 2.73253
2.81585 -4.4596 -3.52062
0.249532 4.82401 -1.82514
1.35521 2.15628 0.753031
-4.68232 4.96974 -4.75995
2.00005 3.35672 -0.151225
-0.375802 4.46695 -4.65231
1.6009 -4.6395 -2.64853
-4.07087 -4.80953 4.7498
0.261185 1.14246 -0.168297
-4.77943 0.0270208 -0.899777
1.50826 -2.03098 -2.79031
2.27133 3.35295 -3.6284
1.94819 3.97917 3.97826
-4.96102 3.58707 -2.66157
-0.595384 -0.196798 -2.09664
2.5681 1.2216 -4.29551
-1.95454 0.134934 -4.36761
1.00765 4.70807 -3.24934
0.951291 -4.70504 0.47705
-2.81704 3.7318 1.5701
0.232793 3.81154 4.26359
4.59772 2.95125 -3.76253
-4.14393 4.22303 3.654
3.53165 -4.48784 -2.81834
2.95335 1.42245 1.68236
-0.661156 0.00105653 0.832856
2.30766 -1.74947 2.27522
-3.73618 0.50086 -4.4889
0.86916 3.48061 4.49633
-0.367269 -3.84954 0.57077
2.04049 0.775268 -4.4823
0.352172 3.91946 -1.2188
3.48273 1.52959 -1.93334
4.32105 0.687365 4.23354
-1.47236 -3.01271 4.34144
-1.43292 3.5645 -0.215172
1.12069 -3.63563 0.896399
-4.74974 -2.77999 4.35708
2.85451 2.52535 -3.80116
-1.3135 2.87645 -4.71363
-4.8201 2.48913 3.09174
2.60267 -1.55621 2.57056
