-2.72819 -0.585822 -3.83188
-2.6908 -1.26923 -2.49393
-0.304522 4.89226 -1.30931
-2.32417 3.25578 2.73008
-4.97093 -3.50453 2.79098
2.98182 -1.10105 3.73286
-0.513386 0.284915 -4.144
4.88824 -2.69336 0.958549
4.1031 -2.62423 -2.12003
2.40187 -4.75778 -0.976695
4.12125 2.96758 0.481968
-4.50234 4.99775 -1.06478
-0.571038 3.55636 0.362693
-1.68971 -4.22869 0.393736
3.29491 0.50178 2.56531
-4.92638 3.66093 -2.23063
4.89363 0.245514 3.21806
1.17612 -2.0314 -0.39713
3.70624 -2.5277 -3.3725
-2.10775 0.600857 3.60139
-1.83181 -3.76455 1.61144
-0.991327 3.94121 -0.800706
-2.06629 4.9748 -1.41105
-2.80539 -4.13745 -1.83891
-3.16148 4.80897 0.149909
1.04141 1.25667 -3.45644
-3.74416 -0.120516 1.59983
-4.07954 -1.03802 -3.418
-1.73957 3.79206 2.08224
-4.68529 -4.02075 0.260412
-1.26349 1.05118 2.01041
1.09641 -0.62632 3.0396
-2.94193 -3.96195 -2.56099
0.953405 -3.8707 -4.85708
-3.68376 -4.67322 0.765546
-3.98931 -1.93899 0.375109
2.72078 -1.41024 3.00912
-3.22311 -2.56948 4.27441
-2.19284 0.502739 0.7028
0.577582 1.29365 0.227918
-3.60654 -0.0297397 -4.54795
-3.10863 -3.22171 0.140386
4.52706 4.65862 -1.59898
3.89491 2.94492 4.66231
3.58016 4.90995 -0.1747
1.25114 2.2231 -4.16225
-4.2713 3.55846 4.8614
4.4056 4.6186 -4.23425
3.94137 4.75902 0.526094
-1.27119 1.36977 4.03097
0.164325 -3.82099 2.86621
-0.830397 3.3227 -4.91844
2.52847 -3.75457 1.35452
-0.12778 -0.616427 -3.59007
-2.60584 4.69513 4.2084
1.50977 -1.74257 -4.95922
3.90882 0.350826 -4.37559
1.7179 -1.53084 2.5539
2.93503 -4.44826 -3.53934
0.290153 4.55397 -1.78469
1.33089 2.05115 0.693455
-4.6465 -4.909 -4.12645
2.26914 3.46066 -0.297015
-0.680543 4.49678 -4.555
1.65036 -4.81035 -2.84168
-4.20734 -4.55103 -4.01463
0.352351 -3.52479 0.139764
-4.95111 -0.292601 -0.746559
1.56073 -1.89848 -3.08418
2.24694 3.42315 -3.67818
1.3688 3.87253 3.63831
-4.99177 3.60915 -2.48453
-0.461707 -0.0375469 -2.00146
2.13338 1.11011 -4.21241
-1.965 0.25647 4.69079
1.0902 4.81818 -3.15243
0.883576 -4.41058 0.569786
-2.89874 3.75914 1.46157
0.313467 3.87199 4.48616
4.69734 2.91517 -4.03485
-3.91838 4.32651 3.65093
3.51563 -4.6933 -2.90517
2.80319 1.29985 1.73562
-0.595272 0.1512 0.848087
2.47049 -1.81637 2.07676
-3.79497 0.646448 -4.25464
0.901667 3.51199 4.90984
-0.482781 -3.7559 0.478375
1.94065 0.799569 -4.34283
0.344782 3.84156 -1.26074
3.49223 1.53454 -1.96135
4.2829 0.745368 4.41068
-1.39285 -3.04893 4.27782
-0.98373 3.60123 -0.101432
1.09895 -3.43013 0.918714
-4.67449 -2.47765 4.31667
2.01421 2.39945 -3.12218
-1.08332 2.69143 -4.51668
-4.81363 2.24581 3.00852
2.31618 -1.62281 2.31407
