2.57991 1.53095 -1.77373
-3.23985 4.87578 1.88486
-4.78877 -1.72389 0.0335981
4.65971 4.60731 0.0382362
-4.04369 -2.00861 -4.71345
2.85258 0.879446 -4.44282
0.48588 4.43473 1.38462
2.64488 -4.26729 3.36562
4.67919 3.23092 -3.08433
3.28169 4.96 -1.86839
-4.88578 2.08744 2.61988
4.04984 1.62098 -4.67208
-0.580704 3.66722 -0.740684
-3.19989 -1.8972 4.46357
-3.87742 -4.66632 -4.80976
0.280021 0.315881 -2.54007
0.0556717 -3.09884 4.64226
4.41337 -0.176812 -1.80791
4.75721 0.280272 -1.01337
3.4114 3.34247 3.07805
4.94158 -4.94632 1.97576
1.59809 2.93105 1.97887
-4.7367 -3.4362 -2.71994
0.330585 1.15691 4.83579
-4.7023 -3.247 -1.1345
-0.514895 -3.11093 -4.80437
0.978314 -4.60334 4.99111
0.0222869 -4.24678 2.82114
-3.54616 1.40269 4.30268
-4.20737 2.98385 3.49818
-2.7124 -4.93059 -1.53585
3.4593 -3.60331 4.64207
-2.14723 -4.1971 1.53606
2.39783 -1.0858 -1.87763
4.64947 0.758386 4.16606
4.9522 0.915058 4.01655
-0.953249 -4.73659 0.399024
-0.432668 -0.412168 -3.74796
4.96446 -2.73193 1.45396
2.78108 1.04622 4.36329
-0.870321 -1.36087 4.8895
4.52868 -1.59839 3.50281
-0.972215 4.81138 4.92868
4.41586 -4.95 -2.51988
4.69939 -4.46826 -1.30689
-0.700447 4.39481 -4.3832
-3.37504 2.13524 -4.5028
-3.69084 -0.605229 -0.0172763
4.48936 3.57388 -0.823287
1.77186 -0.98354 3.83875
2.78374 -4.99685 -4.10528
-2.951 0.255844 -0.21293
-1.63203 1.05768 -4.06631
3.51931 -4.95838 1.89696
2.75406 2.8747 4.96267
0.617792 -0.501613 4.38257
-0.0826001 2.101 1.54819
4.70434 -4.49848 4.04562
4.56044 -0.986247 -4.51741
-0.871739 -2.59055 -0.192447
-0.734229 -0.788699 3.52649
-3.83074 -4.84219 4.74026
1.77925 4.99965 4.25793
2.94526 -2.43098 -1.04855
2.37801 -4.36082 4.36509
4.61731 4.46156 4.70223
1.72121 -3.94246 -4.17815
-1.67103 -4.24839 -4.71718
-2.70684 2.33489 -3.28524
3.91523 -0.871291 -3.16124
-4.5889 4.54352 -4.23162
-4.54368 4.22781 -1.50166
-4.16683 4.54522 4.75694
-2.8594 -3.49118 4.71092
1.94022 3.05732 4.29437
3.51535 1.86299 1.06167
1.30183 -4.87183 -2.57157
4.75086 3.25047 0.488773
1.13424 -2.32322 2.18368
4.36413 -0.85962 4.77008
0.795857 2.78978 -2.60843
0.600434 -2.93178 0.7794
-0.875454 -3.29169 -1.85273
-0.705977 -0.391506 -1.55957
4.17099 -1.93706 -4.07374
2.51024 -0.0939257 2.20217
4.68021 -0.530355 4.90941
-0.402422 -0.141358 1.2914
0.497181 4.75406 -4.99355
-1.28173 0.449044 -0.0133847
-4.87963 -2.83533 1.39235
-4.68492 -3.25005 -4.29529
-3.44958 2.25434 -0.981578
4.87373 -4.74661 2.27124
-0.896526 0.94111 2.64447
2.63185 -2.81218 2.65836
-3.02781 0.474274 -4.40546
-1.82756 4.79864 2.79874
-4.48151 1.0453 0.221312
1.71059 -1.40041 4.53602
