-2.91586 -0.392512 -3.50156
-2.38294 -1.17047 -2.22554
0.0655015 4.89968 -1.311
-2.70616 3.27947 2.66803
-4.83632 -3.57223 2.69632
3.14499 -0.985514 3.68367
-0.419211 -0.0046187 4.52443
-4.65853 -2.57725 1.09484
4.28265 -2.60974 -2.1844
2.62255 4.91902 -1.18253
3.99318 3.05783 0.684619
-4.56091 -4.87831 -0.397378
-0.42977 3.54608 0.324509
-2.20826 -3.62752 0.898715
3.41638 0.268032 2.35357
-4.8077 3.96776 -2.13123
-4.92857 0.073028 3.2822
1.95514 -2.13751 -0.749452
3.53863 -3.0455 -3.09588
-2.1496 0.596969 3.50594
-1.58654 -3.8922 1.75051
-0.922123 3.78697 -0.586637
-2.05889 4.87072 -1.48827
-2.89173 -4.29557 -1.92132
-3.18719 4.98156 -0.274518
0.96424 1.14113 -3.48434
-3.85257 -0.0186948 0.650325
-4.0904 -0.977126 -0.360952
-1.67669 3.93371 2.50102
-4.47381 -4.49808 -0.31174
-1.09082 1.34941 1.60835
0.539429 -0.658129 2.11576
-2.70341 -4.86278 -2.43366
0.96282 -4.0279 4.82012
-3.68347 -4.59414 0.507182
-4.10636 -1.89247 0.336114
2.35442 -1.3622 3.09439
-3.32382 -2.43275 4.11244
-2.64088 0.838907 0.338306
0.561283 1.21112 0.432047
-3.69399 -0.438041 -4.15344
-2.91538 -3.46331 0.367558
4.58455 4.66342 -3.80471
3.87409 3.14594 4.36513
3.91146 4.69508 -0.71478
0.899285 2.10902 -4.0313
-4.27182 3.37146 4.47614
4.40413 4.30576 -4.03708
4.04027 4.59582 0.71886
-1.17187 1.2832 3.86117
-0.0536895 -3.70178 2.94926
-1.08228 3.42868 4.85765
2.41312 -3.71265 1.27428
-0.187873 -0.554645 -3.45189
-2.70407 4.71211 4.27846
1.44313 -1.77129 4.98851
3.66909 0.275876 -4.32784
1.57175 -1.14597 2.3226
3.09824 -4.44565 -3.57015
0.345902 4.20947 -1.73614
1.29986 1.91247 0.614937
-4.62595 -4.77882 -3.29265
2.63059 3.60506 -0.490979
-1.08783 4.54338 -4.43584
1.71947 4.9199 -3.10121
-4.39612 -4.21643 -2.37329
0.474108 0.256018 0.550715
4.82139 -0.718609 -0.542903
1.63224 -1.72453 -3.47889
2.21708 3.5226 -3.74978
0.599497 3.73891 3.19593
-4.95874 3.64196 -2.27199
-0.283944 0.174482 -1.87525
1.55678 0.968443 -4.10361
-1.98088 0.416345 3.44392
1.19902 -4.9956 -3.02769
0.795829 -4.04537 0.695296
-3.01119 3.80164 1.31792
0.420315 3.95903 4.80778
4.85393 2.87304 -4.4166
-3.62255 4.47079 3.65196
3.50885 -4.99665 -3.02434
2.6061 1.13778 1.80798
-0.5078 0.350559 0.868877
2.697 -1.91548 1.80458
-3.88012 0.842821 -3.94803
0.946915 3.55699 -4.54082
-0.637441 -3.64142 0.355991
1.80804 0.82041 -4.17014
0.336018 3.74173 -1.317
3.50908 1.54167 -1.99943
4.24064 0.823365 4.66157
-1.28806 -3.10413 4.2035
-0.387374 3.65458 0.0489958
1.07118 -3.16009 0.949811
-4.58028 -2.07661 4.26871
0.89737 2.23509 -2.22116
-0.779661 2.4459 -4.27119
-4.81713 1.92366 2.9019
1.93641 -1.70775 1.98299
