-3.01145 -0.296485 -3.34046
-2.2298 -1.12172 -2.09218
0.250278 4.90822 -1.31215
-2.89819 3.29234 2.63811
-4.77175 -3.60844 2.65023
3.22963 -0.928099 3.66273
-0.372204 -0.149632 3.86033
-4.43581 -2.52083 1.1637
4.37802 -2.60436 -2.21747
2.73448 4.75576 -1.28563
3.93373 3.10493 0.786586
-4.59548 -4.82544 -0.0637894
-0.359463 3.54157 0.312464
-2.46802 -3.33182 1.15175
3.48018 0.151287 2.24878
-4.75195 4.12734 -2.08016
-4.84136 -0.0133229 3.31552
2.34526 -2.19134 -0.925897
3.45834 -3.30719 -2.96003
-2.17335 0.59711 3.4598
-1.46407 -3.95872 1.82099
-0.888438 3.71186 -0.480363
-2.05549 4.82497 -1.52733
-2.93665 -4.38341 -1.96306
-3.20138 -4.91978 -0.487034
0.925319 1.0835 -3.49958
-3.91065 0.0325086 0.175968
-4.10032 -0.946861 1.16706
-1.64534 4.00739 2.71157
-4.37453 -4.7433 -0.597894
-1.00523 1.4992 1.40856
0.260271 -0.674121 1.65604
-2.58585 4.68015 -2.37384
0.96817 -4.11331 4.66547
-3.68563 -4.56432 0.379166
-4.16737 -1.86992 0.316623
2.17229 -1.33867 3.13869
-3.37574 -2.36645 4.03488
-2.86663 1.00736 0.155826
0.553487 1.16937 0.533815
-3.74106 -0.642977 -3.96122
-2.8213 -3.58933 0.48085
4.62159 4.67418 -4.90912
3.86958 3.24914 4.22588
4.08486 4.59711 -0.984908
0.72357 -2.9461 -3.97056
-4.27673 3.27948 4.28834
4.41212 4.15738 -3.94441
4.0942 4.51907 0.816138
-1.12222 1.24035 3.77855
-0.162575 -3.64466 2.99217
-1.20871 3.48284 4.75164
2.35875 -3.69695 1.23526
-0.2182 -0.524448 -3.38523
-2.75398 4.72337 4.31629
1.41019 -1.7864 4.96248
3.55147 0.23818 -4.30847
1.49834 -0.953229 2.20906
3.18187 -4.45199 -3.5883
0.374324 4.04274 -1.71483
1.28523 1.8438 0.575979
-4.6269 -4.72685 -2.87919
2.8128 3.67949 -0.587786
-1.29194 4.56943 -4.38182
1.75614 4.79678 -3.23262
-4.49449 -4.05335 -1.55366
0.535201 -2.85245 0.756223
4.71964 -0.931543 -0.441628
1.66873 -1.63878 -3.67894
2.20336 3.57454 -3.78773
0.215719 3.67541 2.9783
-4.95445 3.65833 -2.17049
-0.195251 0.280295 -1.81265
1.26664 0.901016 -4.04996
-1.98619 0.491257 2.82371
1.25226 -4.91377 -2.96701
0.75279 -3.87208 0.758415
-3.06876 3.82576 1.24641
0.473707 4.00542 4.98158
4.94224 2.85394 -4.61664
-3.47656 4.54543 3.65415
3.51214 4.8406 -3.08557
2.50899 1.05732 1.84481
-0.464531 0.449792 0.879358
2.81452 -1.967 1.66832
-3.92525 0.941492 -3.79725
0.970184 3.58105 -4.27593
-0.714794 -3.58837 0.294694
1.74735 0.825005 -4.08992
0.332004 3.69278 -1.34504
3.51934 1.54547 -2.0189
4.22373 0.862607 4.79334
-1.23617 -3.1348 4.17004
-0.0888901 3.6842 0.121402
1.05777 -3.02653 0.965673
-4.53536 -1.87685 4.24679
0.339618 2.15398 -1.77187
-0.628683 2.32389 -4.15808
-4.82352 1.76336 2.85014
1.74752 -1.75227 1.81817
