-3.10829 -0.200628 -3.18154
-2.07713 -1.07338 -1.95933
0.435083 4.91995 -1.31353
-3.09099 3.30598 2.60882
-4.70903 -3.64634 2.60495
3.31646 -0.870984 3.64377
-0.325187 -0.29483 3.19759
-4.21537 -2.4655 1.23311
4.47739 -2.60032 -2.25138
2.84766 4.59531 -1.38892
3.87729 3.15333 0.889046
-4.63391 -4.77712 0.270899
-0.291674 3.53745 0.303457
-2.72822 -3.03778 1.40574
3.5463 0.0346162 2.14453
-4.69867 4.29095 -2.02935
-4.75618 -0.0997313 3.34964
2.73599 -2.24575 -1.10256
3.38037 -3.57184 -2.82561
-2.1979 0.597359 3.41521
-1.34173 -4.02711 1.89197
-0.855364 3.63804 -0.374427
-2.05219 4.78295 -1.56663
-2.98269 -4.47977 -2.00585
-3.21633 -4.82653 -0.699789
0.886017 1.02622 -3.51526
-3.97152 0.0840321 -0.298604
-4.11205 -0.916633 2.6954
-1.61417 4.08304 2.92299
-4.27925 -4.99462 -0.885754
-0.920152 1.64973 1.20936
-0.0191288 -0.690489 1.19691
-2.46945 4.23172 -2.31616
0.974021 -4.20337 4.51571
-3.6892 -4.53777 0.251884
-4.23038 -1.84783 0.296879
1.99071 -1.31546 3.18396
-3.4287 -2.3016 3.95939
-3.0936 1.1763 -0.026854
0.545936 1.12757 0.635518
-3.79026 -0.848539 -3.77192
-2.72869 -3.71862 0.593598
4.66112 4.68701 3.98514
3.86874 3.35394 4.09245
4.26547 4.50496 -1.25509
0.547862 1.9991 -3.91339
-4.28516 3.18823 4.10366
4.42504 4.01215 -3.85465
4.15127 4.44553 0.91395
-1.07259 1.19775 3.69723
-0.271367 -3.58914 3.03597
-1.33542 3.53772 4.64898
2.30659 -3.68475 1.19691
-0.24879 -0.494681 -3.32002
-2.80451 4.73638 4.35615
1.37749 -1.80202 4.93949
3.43519 0.20031 -4.29215
1.42533 -0.760168 2.09651
3.26699 -4.46713 -3.6083
0.403136 3.87988 -1.6961
1.27117 1.77554 0.537132
-4.63258 -4.68208 -2.4674
2.99621 3.75507 -0.684458
-1.49636 4.59716 -4.33118
1.79385 4.68912 -3.3655
-4.59548 -3.8927 -0.734547
0.59597 4.03794 0.961593
4.62494 -1.14459 -0.340907
1.70582 -1.55378 -3.88196
2.19045 3.62766 -3.82714
-0.167617 3.61407 2.76247
-4.9566 3.67604 -2.07022
-0.106651 0.385943 -1.75039
0.975859 0.833691 -3.99792
-1.99183 0.565636 2.20324
1.30512 -4.8496 -2.90709
0.710298 -3.70369 0.821614
-3.1272 3.85216 1.1751
0.527115 4.05377 -4.83975
-4.96267 2.83567 -4.82366
-3.33194 4.62173 3.65743
3.51982 4.69052 -3.14829
2.41285 0.977231 1.8821
-0.421511 0.548788 0.889799
2.93444 -2.01945 1.53235
-3.97204 1.04036 -3.64799
0.993706 3.60617 -4.01531
-0.792315 -3.53784 0.233169
1.6894 0.829182 -4.01219
0.328079 3.64409 -1.37261
3.53081 1.54939 -2.03871
4.20955 0.901984 4.9294
-1.18467 -3.16759 4.13901
0.211432 3.71602 0.192867
1.04511 -2.8939 0.981835
-4.49184 -1.67755 4.22617
-0.218046 2.07318 -1.3233
-0.47816 2.20241 -4.04931
-4.83286 1.60349 2.79934
1.55957 -1.79818 1.65372
