-3.25616 -0.0570696 -2.94703
-1.84885 -1.00167 -1.76095
0.712563 4.94325 -1.316
-3.3818 3.32785 2.56596
-4.61875 -3.70694 2.53839
3.45115 -0.785955 3.61884
-0.254703 -0.512989 2.20525
-3.88851 -2.38426 1.3381
4.63401 -2.59682 -2.30416
3.02006 4.3597 -1.54431
3.79829 3.22826 1.04369
-4.69793 -4.71268 0.773882
-0.192215 3.53388 0.291974
-3.11982 -2.59939 1.78819
3.65 -0.14035 1.98897
-4.62517 4.54588 -1.95424
-4.63192 -0.229236 3.40231
3.32348 -2.32847 -1.36797
3.26773 -3.97567 -2.62613
-2.23563 0.597612 3.35018
-1.15842 -4.13354 1.99921
-0.80688 3.52958 -0.216026
-2.04734 4.72696 -1.62609
-3.05377 -4.63737 -2.07248
-3.24026 -4.69911 -1.01935
0.826961 0.941198 -3.5382
-4.06805 0.161286 -1.01107
-4.13213 -0.871633 4.98938
-1.56786 4.20023 3.24206
-4.14528 4.62966 -1.3182
-0.793695 1.87706 0.911665
-0.438488 -0.716704 0.508328
-2.29685 3.56747 -2.23305
0.983879 -4.34707 4.2997
-3.69703 -4.50509 0.0618248
-4.32948 -1.81529 0.266896
1.71924 -1.28124 3.25365
-3.51003 -2.20719 3.84977
-3.43686 1.43063 -0.301138
0.535308 1.06475 0.78758
-3.86773 -1.15824 -3.4929
-2.59145 -3.92006 0.762673
4.72529 4.70937 2.3292
3.87616 3.51418 3.90108
4.55709 4.37759 -1.66045
0.284288 -0.581286 -3.83168
-4.30264 3.05257 3.83176
4.4549 3.79944 -3.72613
4.24335 4.34124 1.06155
-0.998171 1.13416 3.57767
-0.4343 -3.5088 3.10334
-1.52586 3.62134 4.50064
2.23227 -3.67311 1.14047
-0.295137 -0.451006 -3.22455
-2.88143 4.75912 4.42003
1.32885 -1.82651 4.91106
3.26329 0.143138 -4.27294
1.31693 -0.470465 1.92918
3.39773 -4.50399 -3.64186
0.448248 3.6431 -1.67515
1.25137 1.67379 0.47889
-4.64969 -4.63283 -1.85253
3.27423 3.87065 -0.82907
-1.80354 4.64168 -4.26075
1.85176 4.54286 -3.56724
-4.75183 -3.65552 0.493695
0.687948 -0.626202 1.27099
4.49578 -1.46461 -0.190586
1.76263 -1.42767 -4.19364
2.17284 3.70948 -3.88877
-0.74186 3.52595 2.44205
-4.9738 3.70646 -1.92174
0.0262085 0.543976 -1.65758
0.539316 0.731899 -3.92356
-2.00178 0.676994 1.27338
1.38441 -4.7725 -2.81837
0.647145 -3.45933 0.91655
-3.21658 3.89603 1.06849
0.607275 4.13002 -4.57809
-4.82694 2.80982 4.85418
-3.11744 4.73943 3.66401
3.53925 4.48521 -3.24574
2.27052 0.857659 1.93907
-0.357593 0.696727 0.905535
3.11864 -2.09982 1.32899
-4.045 1.18897 -3.42681
1.02932 3.64589 -3.62693
-0.908794 -3.46658 0.14043
1.60583 0.835228 -3.8995
0.321586 3.57086 -1.41141
3.55048 1.55543 -2.06908
4.1938 0.961292 -4.86027
-1.10806 -3.22087 4.09701
0.663967 3.76666 0.300095
1.02674 -2.69635 1.00621
-4.4292 -1.37957 4.19772
-1.05499 1.95248 -0.651574
-0.25354 2.02125 -3.89197
-4.85207 1.36432 2.7248
1.27932 -1.86916 1.40786
