-3.30624 -0.00929596 -2.86997
-1.77294 -0.977982 -1.69506
0.805154 4.95249 -1.31691
-3.47923 3.33553 2.55193
-4.58978 -3.72828 2.51658
3.49729 -0.757777 3.61153
-0.231283 -0.585808 1.87485
-3.78053 -2.35758 1.37327
4.68828 -2.5964 -2.32231
3.07828 4.28246 -1.59627
3.7734 3.25381 1.09548
-4.72104 -4.69361 0.941738
-0.159123 3.53357 0.288568
-3.25068 -2.45398 1.91607
3.68577 -0.198672 1.93733
-4.6033 4.6341 -1.92964
-4.59134 -0.272383 3.42024
3.51979 -2.35636 -1.45655
3.23131 -4.11254 -2.56009
-2.24844 0.597669 3.32892
-1.09737 -4.17008 2.03514
-0.790998 3.494 -0.16334
-2.04576 4.7101 -1.64608
-3.078 -4.69361 -2.09544
-3.24872 -4.6607 -1.12595
0.807531 0.913198 -3.54571
-4.10156 0.186979 -1.24876
-4.13946 -0.856636 -4.24467
-1.55253 4.24032 3.34896
-4.10301 4.51187 -1.46224
-0.751845 1.95334 0.812739
-0.578465 -0.725955 0.278605
-2.2398 3.34736 -2.20612
0.987476 -4.39722 4.22983
-3.70036 -4.4964 -0.00143849
-4.36395 -1.80461 0.256826
1.62897 -1.26999 3.27738
-3.53766 -2.17649 3.81413
-3.55218 1.51565 -0.392614
0.531991 1.04399 0.837953
-3.89451 -1.26187 -3.40133
-2.54613 -3.98946 0.819161
4.74817 4.71788 1.77759
3.88102 3.56851 3.83913
4.66377 4.33799 -1.79561
0.196447 1.89172 -3.80563
-4.30952 3.00767 3.74193
4.46759 3.72968 -3.68491
4.27589 4.30808 1.11093
-0.973369 1.11302 3.53841
-0.488534 -3.48278 3.12622
-1.58941 3.64956 4.45245
2.20851 -3.671 1.12193
-0.310778 -0.436689 -3.19322
-2.90739 4.76754 4.44249
1.31273 -1.83498 4.90352
3.20665 0.12399 -4.26747
1.28128 -0.373918 1.87391
3.44217 -4.51964 -3.65397
0.464394 3.56596 -1.67091
1.24513 1.64007 0.45945
-4.65813 -4.62401 -1.64815
3.36783 3.90979 -0.877112
-1.90608 4.6573 -4.23872
1.87136 4.49676 -3.63511
-4.80523 -3.57742 0.903094
0.718789 -2.18098 1.37442
4.45636 -1.57147 -0.140643
1.78195 -1.38595 -4.29992
2.16743 3.73729 -3.91002
-0.933114 3.49758 2.33589
-4.98519 3.7175 -1.87276
0.070518 0.596569 -1.6268
0.393564 0.697763 -3.89971
-2.00558 0.714075 0.963632
1.41091 -4.75047 -2.7891
0.626139 -3.37999 0.948254
-3.24688 3.91178 1.03304
0.633982 4.15644 -4.49234
-4.78455 2.80163 4.74842
-3.0465 4.77957 3.66658
3.54769 4.42132 -3.27922
2.22361 0.81796 1.95838
-0.33651 0.745922 0.910853
3.18121 -2.12707 1.26138
-4.07006 1.23859 -3.35378
1.04122 3.65967 -3.49801
-0.94767 -3.44398 0.10939
1.57871 0.837246 -3.86286
0.31887 3.54642 -1.42311
3.55772 1.55748 -2.07938
4.19004 0.981134 -4.79112
-1.08269 -3.23973 4.08426
0.815203 3.78422 0.335983
1.0208 -2.6309 1.01434
-4.40903 -1.28055 4.18883
-1.33422 1.91242 -0.427959
-0.178878 1.9612 -3.84084
-4.85982 1.28474 2.70038
1.1864 -1.89328 1.32621
