-3.45895 0.133833 -2.64141
-1.54573 -0.907626 -1.49807
1.08323 4.98479 -1.31981
-3.77315 3.35984 2.51057
-4.50592 -3.79566 2.45261
3.63953 -0.673685 3.59266
-0.161235 -0.804593 0.884319
-3.4592 -2.2787 1.47847
4.85789 -2.59762 -2.37841
3.25501 4.05453 -1.75281
3.70275 3.33216 1.25167
-4.80115 -4.64858 1.44568
-0.0591588 3.53563 0.279477
-3.64444 -2.01933 2.30188
3.79665 -0.373642 1.78303
-4.55132 4.91153 -1.85734
-4.47192 -0.40178 3.4753
4.11048 -2.44101 -1.72265
3.12515 -4.53177 -2.36306
-2.28748 0.597758 3.2664
-0.914358 -4.2831 2.14347
-0.744201 3.38891 -0.00557888
-2.04126 4.66484 -1.70659
-3.15275 -4.87496 -2.16688
-3.2762 -4.55629 -1.44583
0.750149 0.82942 -3.56878
-4.2062 0.263871 -1.96219
-4.1642 -0.81162 -1.95007
-1.50663 4.36389 3.6715
-3.98682 4.17593 -1.89435
-0.626719 2.18363 0.517
-0.998871 -0.754949 -0.411216
-2.07023 2.68956 -2.12721
0.999236 -4.55441 4.02596
-3.7133 -4.47674 -0.191029
-4.4725 -1.7731 0.226474
1.35869 -1.2366 3.35012
-3.6223 -2.0864 3.71029
-3.90175 1.77147 -0.667055
0.523405 0.981865 0.989842
-3.97763 -1.57496 -3.12895
-2.41181 -4.20522 0.989179
4.82652 4.75195 0.123507
3.90256 3.73461 3.65815
-4.97784 4.22853 -2.20247
-0.0653381 -0.688188 -3.72994
-4.33302 2.87391 3.47425
4.51285 3.5233 -3.5656
4.37889 4.21301 1.2595
-0.898966 1.04977 3.42232
-0.651038 -3.40688 3.1961
-1.7803 3.73522 4.31126
2.14028 -3.67011 1.06704
-0.357995 -0.394672 -3.10079
-2.98646 4.79531 4.51365
1.26456 -1.86133 4.88742
3.03856 0.0662698 -4.25333
1.17544 -0.0844434 1.7094
3.57804 -4.57565 -3.69296
0.518432 3.33654 -1.66712
1.22742 1.5394 0.401087
-4.69331 -4.62317 -1.03532
3.65174 4.02953 -1.02053
-2.21424 4.70647 -4.17693
1.93088 4.36446 -3.84054
-4.96959 -3.34572 2.13155
0.810819 3.15382 1.68579
4.34974 -1.89289 0.00883961
1.8411 -1.26155 -4.6278
2.15258 3.82216 -3.97599
-1.50689 3.41554 2.01901
4.9751 3.75281 -1.72667
0.203602 0.754135 -1.5349
-0.0444627 0.594704 -3.83024
-2.01859 0.825048 0.0348643
1.49069 -4.69337 -2.70226
0.562816 -3.14768 1.04295
-3.33964 3.96252 0.926977
0.714075 4.23876 -4.2391
-4.66497 2.77835 4.43871
-2.83497 4.90301 3.67537
3.57796 4.24145 -3.38274
2.08438 0.699321 2.0174
-0.273875 0.893219 0.927319
3.37275 -2.21023 1.05913
-4.14773 1.3878 -3.13645
1.07695 3.70281 -3.11243
-1.06458 -3.37949 0.0158344
1.49944 0.843194 -3.75537
0.307552 3.47489 -1.45377
3.58149 1.56372 -2.11067
4.18301 1.04087 -4.58766
-1.00717 -3.29967 4.0499
1.26983 3.83886 0.4441
1.00383 -2.43641 1.03826
-4.35043 -0.98399 4.16464
-2.1732 1.79307 0.242268
0.0414548 1.78279 -3.69112
-4.88706 1.04629 2.62838
0.910501 -1.96444 1.08223
