-3.66753 0.32361 -2.34357
-1.2435 -0.816065 -1.2396
1.45478 -4.96632 -1.32387
-4.16947 3.39586 2.45693
-4.40641 -3.89328 2.37044
3.83894 -0.562442 3.57429
-0.0680192 -1.09725 -0.435923
-3.03499 -2.17658 1.6184
-4.90597 -2.60539 -2.45829
3.49605 3.76001 -1.96315
3.61778 3.4413 1.46205
-4.92592 -4.60837 2.11896
0.0766663 3.54636 0.269378
-4.17599 -1.44205 2.82006
3.95342 -0.607009 1.57851
-4.50471 -4.71672 -1.76318
-4.31795 -0.573882 3.55082
4.90751 -2.55626 -2.07792
2.99091 4.8834 -2.10254
-2.34094 0.597769 3.18568
-0.670409 -4.44172 2.28911
-0.683855 3.25264 0.204313
-2.03585 4.6156 -1.78853
-3.25778 4.86899 -2.26845
-3.31856 -4.44489 -1.87266
0.674458 0.717437 -3.6025
-4.35769 0.366335 -2.91517
-4.20428 -0.752257 1.10792
-1.44495 4.53742 4.10624
-3.85798 3.75638 -2.47386
-0.460749 2.49343 0.124223
-1.56181 -0.795387 -1.32731
-1.84747 1.81645 -2.02592
1.01722 -4.7793 3.76575
-3.73851 -4.46576 -0.442904
-4.63055 -1.73254 0.185958
0.999253 -1.19291 3.45094
-3.74019 -1.97078 3.57869
-4.37896 2.11481 -1.03295
0.515166 0.899456 1.19456
-4.09826 -1.99634 -2.77213
-2.23681 -4.51233 1.21731
4.95811 4.82167 -2.08138
3.94745 3.96461 3.42737
-4.52896 4.10511 -2.75195
-0.419224 -0.794066 -3.63716
-4.37085 2.69751 3.12092
4.59214 3.25439 -3.41556
4.53024 4.0969 1.4593
-0.799808 0.965761 3.27114
-0.867324 -3.31047 3.29149
-2.03568 3.85176 4.12986
2.05554 -3.68116 0.995565
-0.42184 -0.340716 -2.98033
-3.09525 4.83894 4.61778
1.20064 -1.8989 4.88236
2.81836 -0.011283 -4.23975
1.03781 0.300379 1.49151
3.76582 -4.66952 -3.75086
0.601398 3.02967 -1.67449
1.20608 1.40617 0.322954
-4.77118 -4.66732 -0.217575
4.03919 4.19728 -1.21007
-2.62667 4.77785 -4.10495
2.01105 4.20131 -4.11902
4.81745 -3.04098 3.77141
0.933992 -3.06455 2.10435
4.23582 -2.32494 0.207298
1.92315 -1.09696 4.91071
2.13649 3.93722 -4.06938
-2.27322 3.31358 1.59967
4.98905 3.80964 -1.53162
0.381654 0.963943 -1.41328
-0.629857 0.456625 -3.74174
-2.03912 0.972191 -1.20349
1.59777 -4.63521 -2.58876
0.477463 -2.8506 1.17011
-3.46816 4.03876 0.786209
0.820274 4.35602 -3.90928
-4.52114 2.75057 4.04132
-2.55539 -4.92694 3.68988
3.63047 4.0262 -3.52866
1.90263 0.54206 2.09897
-0.192795 1.08938 0.950448
3.63713 -2.32459 0.790895
-4.2579 1.58778 -2.85062
1.12489 3.76555 -2.60064
-1.22117 -3.30072 -0.109768
1.3987 0.851215 -3.61733
0.286213 3.38743 -1.48914
3.61836 1.57234 -2.15338
4.18293 1.12095 -4.32466
-0.907711 -3.38774 4.01372
1.87799 3.91643 0.589162
0.984682 -2.18257 1.07081
-4.27663 -0.589686 4.13776
-3.29619 1.63657 1.13658
0.339518 1.54746 -3.49732
-4.93282 0.729131 2.53499
0.541598 -2.05346 0.75723
