-3.72061 0.370693 -2.26984
-1.16676 -0.793845 -1.17635
1.54783 -4.95621 -1.32487
-4.26954 3.40571 2.44375
-4.3836 -3.91881 2.35029
3.8908 -0.534741 3.57081
-0.0446595 -1.17058 -0.766039
-2.92955 -2.15154 1.65351
-4.86908 -2.60857 -2.4799
3.55738 3.68787 -2.01598
3.59822 3.46959 1.51502
-4.95936 -4.6007 2.28753
0.111163 3.55072 0.267182
-4.3106 -1.29807 2.94992
3.99447 -0.665352 1.52756
-4.4981 -4.63054 -1.7399
-4.2804 -0.616812 3.5699
-4.88015 -2.5855 -2.16647
2.95859 4.7355 -2.03776
-2.35453 0.597789 3.16595
-0.609395 -4.48263 2.32573
-0.669128 3.21936 0.256821
-2.0346 4.60473 -1.80922
-3.28522 4.81248 -2.29484
-3.33027 -4.42504 -1.97957
0.655532 0.689236 -3.61169
-4.39798 0.3917 -3.15437
-4.21548 -0.73738 1.8724
-1.42933 4.58313 4.21597
-3.82945 3.65427 -2.61954
-0.419368 2.57117 0.0261944
-1.70569 -0.805237 -1.55446
-1.79227 1.59871 -2.00126
1.02213 -4.83812 3.70248
-3.74607 -4.46558 -0.505713
-4.67247 -1.72269 0.175779
0.909518 -1.18209 3.47679
-3.77083 -1.94267 3.54702
-4.50083 2.20108 -1.12439
0.513539 0.879098 1.24622
-4.13048 -2.1022 -2.68396
-2.19372 -4.5927 1.2746
4.998 4.84507 -2.63271
3.96165 4.02397 3.37146
-4.42492 4.07775 -2.89068
-0.50816 1.67922 -3.61541
-4.38146 2.65374 3.03315
4.61596 3.18813 -3.37952
4.57083 4.06977 1.50946
-0.775022 0.944852 3.23393
-0.921395 -3.28707 3.3156
-2.09975 3.88171 4.08553
2.03539 -3.68589 0.977935
-0.437856 -0.327559 -2.95069
-3.12312 4.85203 4.64556
1.18473 -1.90872 4.8832
2.764 -0.0307663 -4.23746
1.00416 0.396318 1.43715
3.81409 -4.69636 -3.7664
0.623283 2.95297 -1.6773
1.20114 1.37306 0.303371
-4.79573 -4.68358 -0.0128644
4.1379 4.24108 -1.25717
-2.73011 4.79684 -4.08892
2.03079 4.16347 -4.18978
4.76726 -2.96549 4.18207
0.964815 -4.61944 2.20967
4.21248 -2.43381 0.256596
1.94427 -1.05598 4.79357
2.13351 3.96553 -4.09351
-2.46515 3.28958 1.49529
-4.99918 3.8262 -1.48281
0.426315 1.01638 -1.38302
-0.776417 0.422096 -3.72035
-2.0448 1.00902 -1.51315
1.6247 -4.62336 -2.56082
0.455868 -2.77837 1.20219
-3.50115 4.05948 0.75111
0.846671 4.3868 -3.82799
-4.48765 2.74433 3.94449
-2.4859 -4.88691 3.69405
3.64584 3.97609 -3.56667
1.85791 0.502911 2.11992
-0.173045 1.13856 0.956383
3.70487 -2.35382 0.724156
-4.28677 1.638 -2.77979
1.13698 3.78247 -2.47309
-1.26047 -3.2822 -0.141313
1.37444 0.853283 -3.58374
0.280236 3.36709 -1.4977
3.62859 1.57455 -2.16423
4.1846 1.14104 -4.26027
-0.883004 -3.41118 4.00653
2.03039 3.9368 0.62561
0.980848 -2.1197 1.07932
-4.25897 -0.49122 4.1322
-3.57783 1.59776 1.36038
0.414343 1.48933 -3.44992
-4.94603 0.650016 2.51206
0.448419 -2.0751 0.675127
