-3.77424 0.417624 -2.19629
-1.08992 -0.771719 -1.11303
1.64099 -4.94723 -1.32585
-4.3701 3.41593 2.43067
-4.3612 -3.94475 2.33027
3.94365 -0.507078 3.56772
-0.0212298 -1.244 -1.0962
-2.82429 -2.12667 1.68867
-4.83296 -2.61235 -2.5031
3.61944 3.61605 -2.06889
3.57942 3.49834 1.56814
-4.99362 -4.59396 2.45625
0.145881 3.5558 0.2651
-4.44598 -1.15432 3.07991
4.03642 -0.723704 1.47664
-4.49248 -4.54593 -1.71666
-4.2432 -0.659744 3.58906
-4.66826 -2.61491 -2.25442
2.92684 4.5891 -1.9731
-2.36819 0.597822 3.14639
-0.548377 -4.52402 2.36244
-0.654545 3.18643 0.309407
-2.03336 4.59439 -1.82999
-3.31308 4.75905 -2.32154
-3.3423 -4.4082 -2.08664
0.636609 0.660869 -3.62125
-4.43913 0.416927 -3.39413
-4.22716 -0.722512 2.63686
-1.41363 4.62992 4.32619
-3.80185 3.55268 -2.76556
-0.377979 2.64896 -0.0718731
-1.85008 -0.815333 -1.78202
-1.73719 1.38125 -1.9769
1.02722 -4.89797 3.6399
-3.75396 -4.46638 -0.568484
-4.71524 -1.71293 0.165564
0.819821 -1.17131 3.50282
-3.80191 -1.91492 3.51579
-4.62368 2.28752 -1.21579
0.511957 0.858891 1.29809
-4.16293 -2.20823 -2.59621
-2.15083 -4.67455 1.33198
-4.95996 4.86961 -3.18424
3.97717 4.08421 3.31624
-4.32366 4.05134 -3.02998
-0.597254 4.15271 -3.59411
-4.39252 2.61008 2.94557
4.64169 3.12216 -3.34403
4.61268 4.04337 1.5597
-0.750231 0.923981 3.19695
-0.97549 -3.2639 3.33976
-2.1639 3.91214 4.04154
2.01568 -3.69135 0.96037
-0.453856 -0.314591 -2.92129
-3.15125 4.86604 4.6741
1.16887 -1.91871 4.88445
2.70992 -0.0502941 -4.23573
0.970808 0.492035 1.38298
3.86298 -4.7247 -3.7824
0.64549 2.87632 -1.68032
1.19637 1.34002 0.28377
-4.82129 -4.70113 0.191936
4.23838 4.28562 -1.30417
-2.8337 4.81633 -4.07372
2.0501 4.12727 -4.26152
4.71788 -2.89029 4.5931
0.995742 3.8252 2.3151
4.19128 -2.54313 0.305654
1.96565 -1.01506 4.67725
2.13125 3.99314 -4.11748
-2.65724 3.26618 1.39106
-4.99043 3.84364 -1.43397
0.471056 1.06881 -1.35282
-0.923054 0.387525 -3.69926
-2.05072 1.04577 -1.82276
1.65172 -4.61263 -2.53306
0.434228 -2.70685 1.23449
-3.53445 4.08089 0.716035
0.873013 4.41819 -3.74712
-4.45506 2.73841 3.84861
-2.41653 -4.84844 3.69845
3.66222 3.92717 -3.60533
1.81348 0.463796 2.14109
-0.153485 1.18785 0.962363
3.77331 -2.38327 0.657607
-4.31619 1.68829 -2.70916
1.14916 3.79992 -2.34569
-1.29982 -3.26411 -0.172917
1.35059 0.85536 -3.55053
0.274106 3.34726 -1.50625
3.6393 1.57676 -2.17515
4.18701 1.16115 -4.19641
-0.858291 -3.4352 4.00007
2.18298 3.95759 0.662119
0.977305 -2.05686 1.08796
-4.24162 -0.392715 4.12716
-3.85986 1.55906 1.58423
0.489282 1.43152 -3.40293
-4.95999 0.570988 2.48928
0.355052 -2.0968 0.592709
