-3.82847 0.464401 -2.12294
-1.01311 -0.749673 -1.04971
1.73428 -4.93943 -1.32682
-4.47123 3.42654 2.41769
-4.33917 -3.97113 2.31037
3.99762 -0.479458 3.56503
0.00228414 -1.31754 -1.42642
-2.71917 -2.10197 1.72387
-4.79847 -2.61661 -2.5278
3.68232 3.54455 -2.12188
3.56142 3.52752 1.6214
4.9713 -4.58814 2.62515
0.180812 3.56156 0.263124
-4.58236 -1.01104 3.21013
4.07924 -0.782076 1.42574
-4.4874 -4.4625 -1.69348
-4.20629 -0.70269 3.60842
-4.45633 -2.64461 -2.34181
2.89576 4.44411 -1.90852
-2.3819 0.597869 3.127
-0.487331 -4.56592 2.39923
-0.640107 3.1538 0.362107
-2.03212 4.58455 -1.85084
-3.34119 4.70838 -2.3485
-3.35451 -4.39412 -2.19388
0.617653 0.632329 -3.63123
-4.48116 0.442032 -3.63451
-4.2392 -0.707564 3.40117
-1.39786 4.67775 4.43701
-3.77491 3.45149 -2.91194
-0.336572 2.72679 -0.17007
-1.99478 -0.825686 -2.00989
-1.68187 1.16431 -1.95291
1.03252 -4.95909 3.57798
-3.76216 -4.46817 -0.631216
-4.75884 -1.70323 0.15532
0.73016 -1.16058 3.52902
-3.83336 -1.88758 3.48498
-4.74761 2.37411 -1.30715
0.510256 0.838877 1.35018
-4.19548 -2.31434 -2.50892
-2.1081 -4.75794 1.38946
-4.91888 4.89507 -3.73606
3.99413 4.14538 3.26174
-4.22375 4.02581 -3.16983
-0.686391 -3.37334 -3.57334
-4.40403 2.56651 2.85819
4.6696 3.05646 -3.30906
4.6559 4.01767 1.61
-0.725436 0.903141 3.16017
-1.02962 -3.24097 3.36397
-2.22813 3.94309 3.99791
1.99639 -3.69763 0.942891
-0.469829 -0.30179 -2.89215
-3.17963 4.88088 4.70346
1.15307 -1.92886 4.8861
2.65613 -0.0698708 -4.23455
0.93789 0.587454 1.32899
3.91284 -4.75469 -3.79886
0.667981 2.79971 -1.68354
1.19176 1.30704 0.264146
-4.84781 -4.71995 0.396811
4.34103 4.33094 -1.35111
-2.93741 4.83633 -4.05939
2.06889 4.09266 -4.33498
4.66925 -2.8154 -4.9954
1.02676 2.27026 2.4207
4.17225 -2.65303 0.354394
1.98731 -0.974226 4.56169
2.12983 4.02004 -4.14066
-2.84949 3.24334 1.28695
-4.98473 3.86193 -1.38511
0.515874 1.12122 -1.32267
-1.06975 0.352945 -3.67848
-2.05717 1.08217 -2.13232
1.67886 -4.603 -2.50549
0.412569 -2.63604 1.26707
-3.56805 4.10301 0.680978
0.899357 4.45019 -3.66665
-4.42332 2.7328 3.75369
-2.34728 -4.81146 3.70308
3.67988 3.87936 -3.64464
1.76933 0.424687 2.16248
-0.134107 1.23724 0.96838
3.84239 -2.4129 0.591312
-4.34616 1.73862 -2.63872
1.16144 3.81792 -2.21843
-1.33919 -3.24648 -0.204569
1.32716 0.857442 -3.51769
0.267856 3.32788 -1.51481
3.65051 1.57897 -2.18614
4.19024 1.18128 -4.13308
-0.83352 -3.45988 3.99436
2.33577 3.97877 0.698677
0.974009 -1.99406 1.09668
-4.22458 -0.294125 4.12263
-4.14232 1.52046 1.80812
0.564193 1.37406 -3.35634
-4.97472 0.492044 2.46663
0.261572 -2.11868 0.510015
