-3.88337 0.511041 -2.04975
-0.936347 -0.727696 -0.98637
1.8277 -4.93281 -1.32775
-4.57315 3.43754 2.40483
-4.31842 -3.99798 2.29061
4.05293 -0.451878 3.56276
0.0258765 -1.3912 -1.75671
-2.61423 -2.07744 1.75914
-4.76566 -2.62133 -2.55317
3.74604 3.47336 -2.17495
3.54418 3.55717 1.67483
4.93789 -4.58326 2.7943
0.215943 3.56801 0.261267
-4.7203 -0.868381 3.34023
4.12292 -0.840471 1.37489
-4.48288 -4.38008 -1.67035
-4.16937 -0.74563 3.62952
-4.24451 -2.67479 -2.42898
2.86527 4.3005 -1.84402
-2.39568 0.597934 3.10777
-0.426254 -4.60829 2.43611
-0.62581 3.12147 0.414945
-2.0309 4.57522 -1.87176
-3.3696 4.66018 -2.37568
-3.36694 -4.38252 -2.30132
0.598648 0.603617 -3.64164
-4.52417 0.46704 -3.87558
-4.25181 -0.692522 4.16366
-1.38203 4.72665 4.54841
-3.74868 3.35064 -3.0587
-0.295177 2.80478 -0.268443
-2.13974 -0.836283 -2.23802
-1.62599 0.94763 -1.92873
1.038 4.97872 3.51667
-3.7707 -4.47094 -0.693893
-4.8033 -1.6936 0.145055
0.640524 -1.1499 3.55541
-3.86521 -1.86068 3.45464
-4.87282 2.46086 -1.39844
0.508186 0.819091 1.40254
-4.22788 -2.42016 -2.42213
-2.06559 -4.84286 1.44705
-4.8788 4.92144 -4.28823
4.01233 4.20759 3.208
-4.12513 4.00117 -3.31023
-0.775513 -0.899901 -3.55308
-4.41602 2.52304 2.77098
4.69968 2.99103 -3.27456
4.70047 3.99267 1.66036
-0.700647 0.882334 3.12359
-1.08381 -3.21826 3.38826
-2.29245 3.9746 3.95461
1.97747 -3.70466 0.925514
-0.485769 -0.289127 -2.86325
-3.20828 4.89651 4.73371
1.13733 -1.93918 4.88819
2.60262 -0.0894934 -4.23392
0.905599 0.682522 1.2751
3.96383 -4.78644 -3.81572
0.69071 2.72318 -1.68695
1.18731 1.2741 0.244488
-4.87541 -4.74006 0.601756
4.44621 4.3771 -1.39801
-3.04125 4.85691 -4.0459
2.08736 4.05909 -4.41049
4.62135 -2.74081 -4.58454
1.05786 0.715495 2.5265
4.1554 -2.76378 0.402779
2.00925 -0.933459 4.44692
2.12906 4.04676 -4.16271
-3.04199 3.22105 1.18296
-4.98262 3.88105 -1.33622
0.560766 1.17362 -1.29258
-1.21651 0.318365 -3.658
-2.06448 1.11851 -2.44238
1.70614 -4.59441 -2.47809
0.39089 -2.56584 1.29995
-3.602 4.12586 0.645938
0.925673 4.48284 -3.58653
-4.39245 2.72752 3.65972
-2.27817 -4.7759 3.70797
3.69879 3.83265 -3.68457
1.72546 0.385563 2.18408
-0.114915 1.28675 0.974421
3.91201 -2.44252 0.52533
-4.37675 1.789 -2.56845
1.17382 3.83651 -2.09131
-1.37862 -3.22928 -0.236255
1.30414 0.859533 -3.4852
0.261493 3.30893 -1.52339
3.66224 1.58117 -2.1972
4.19434 1.20143 -4.07025
-0.808666 -3.4852 3.98942
2.48877 4.00034 0.735292
0.970924 -1.93129 1.10548
-4.20784 -0.195391 4.11869
-4.4253 1.48195 2.03205
0.639068 1.31699 -3.31011
-4.99027 0.41316 2.44409
0.168011 -2.14075 0.42709
