2.45501 1.51788 -1.83418
-3.27918 4.92458 1.9018
-4.81503 -1.74634 0.0361437
4.66622 4.61257 0.0392307
-4.02049 -2.04598 -4.67342
2.89563 0.886889 -4.44444
0.490033 4.41359 1.38819
2.67536 -4.24526 3.41483
4.71238 3.28632 -3.14825
3.31474 4.92372 -1.88459
-4.86656 2.0978 2.64203
4.04165 1.64414 -4.60291
-0.584998 3.72772 -0.753992
-3.25895 -1.91761 4.40608
-3.84375 -4.71053 -4.86302
0.285248 0.327341 -2.56398
0.0556686 -3.13051 4.6565
4.39713 -0.180508 -1.83024
4.69114 0.285279 -1.03088
3.37729 3.38527 3.10908
4.79579 -4.95001 1.98963
1.60733 2.96459 1.98092
-4.69277 -3.47382 -2.74782
0.331884 1.17742 4.92819
-4.62997 -3.295 -1.13861
-0.529674 -3.15376 -4.91866
0.993245 -4.48403 -4.97086
0.0175884 -4.24406 2.85352
-3.50018 1.42466 4.37569
-4.3026 3.04857 3.44943
-2.75228 -4.90164 -1.56052
3.5427 -3.58377 4.50549
-2.17384 -4.18529 1.55082
2.42532 -1.08144 -1.90461
4.59999 0.746402 4.22019
4.87586 0.942281 3.94908
-0.960831 -4.79436 0.397601
-0.448922 -0.403245 -3.76093
-4.80685 -2.71577 1.50704
2.83913 1.05169 4.47231
-0.903143 -1.37389 4.779
4.56924 -1.63797 3.4986
-0.982902 4.75464 -4.97693
4.31655 -4.87938 -2.58109
4.59257 -4.43382 -1.32788
-0.717391 4.48869 -4.38611
-3.41147 2.15683 -4.45735
-3.60557 -0.615841 -0.00946566
4.56406 3.62896 -0.833172
1.78835 -0.99421 3.88242
2.81763 4.95665 -4.09856
-2.99209 0.2562 -0.217384
-1.67052 1.07931 -4.01062
3.576 -4.86219 1.90132
2.78364 2.90968 4.94746
0.626153 -0.502685 4.40121
-0.0865592 2.12668 1.54899
4.74144 -4.50131 3.906
4.46853 -1.01852 -4.54521
-0.892668 -2.62274 -0.197192
-0.74661 -0.802457 3.56448
-3.89672 -4.8428 4.80008
1.81725 -4.94249 4.22942
2.97476 -2.45555 -1.04941
2.40189 -4.44323 4.44202
4.70386 4.47868 4.74064
1.73506 -3.99143 -4.2472
-1.70769 -4.28196 -4.79216
-2.73756 2.36327 -3.33341
3.96591 -0.871012 -3.20097
-4.54109 4.52424 -4.1689
-4.45463 4.21788 -1.51759
-4.23814 4.66583 4.68457
-2.88832 -3.52974 4.68919
1.96223 3.12338 4.39012
3.56102 1.87717 1.06145
1.3116 -4.98305 -2.60786
4.67733 3.2875 0.504677
1.14075 -2.34744 2.20346
4.34195 -0.888798 4.7173
0.800641 2.81793 -2.63545
0.609347 -2.9801 0.783526
-0.88927 -3.33076 -1.87086
-0.71913 -0.393932 -1.57114
4.17369 -1.96653 -4.16286
2.54102 -0.0977922 2.21165
4.66458 -0.51504 4.94722
-0.407588 -0.149282 1.29116
0.443359 4.73983 -4.97896
-1.28032 0.455873 -0.0143675
4.97947 -2.8927 1.38887
-4.72127 -3.29839 -4.3104
-3.36425 2.2856 -0.99143
4.95725 -4.82541 2.29718
-0.91354 0.952517 2.6658
2.65936 -2.83723 2.67751
-2.9766 0.500365 -4.35269
-1.74021 4.91806 2.83929
-4.469 1.05988 0.235125
1.76022 -1.41464 4.41491
