-3.93899 0.557551 -1.97671
-0.859629 -0.705797 -0.923005
1.92127 -4.92741 -1.32865
-4.67604 3.44892 2.39211
-4.29874 -4.02532 2.27098
4.10981 -0.424344 3.56092
0.0495415 -1.46501 -2.08708
-2.50945 -2.05306 1.79448
-4.73434 -2.62651 -2.57899
3.8106 3.40247 -2.22811
3.52772 3.58727 1.72843
4.90592 -4.57935 2.96375
0.251264 3.57511 0.259541
-4.85982 -0.725977 3.47043
4.16747 -0.898901 1.32406
-4.47892 -4.29856 -1.64727
-4.13258 -0.788669 3.65065
-4.03281 -2.70625 -2.51626
2.83536 4.15818 -1.77957
-2.40952 0.598015 3.0887
-0.365145 -4.65123 2.47308
-0.611636 3.08938 0.467921
-2.02967 4.56636 -1.89275
-3.39835 4.61418 -2.40308
-3.3796 -4.3732 -2.40899
0.579595 0.57474 -3.6525
-4.56826 0.491969 -4.11752
-4.26493 -0.67786 4.9271
-1.36614 4.7765 4.66041
-3.72323 3.25006 -3.20588
-0.253827 2.88299 -0.366977
-2.285 -0.847144 -2.46642
-1.57009 0.730967 -1.90444
1.04365 4.91756 3.45595
-3.7796 -4.47472 -0.75651
-4.84864 -1.68403 0.134769
0.550911 -1.13929 3.58201
-3.89746 -1.83421 3.4247
-4.99955 2.54777 -1.48967
0.505496 0.799499 1.45533
-4.26032 -2.52415 -2.33544
-2.02326 -4.92935 1.50475
-4.83959 4.94858 -4.84089
4.03182 4.27091 3.15502
-4.02767 3.97739 -3.45123
-0.86466 1.57325 -3.53339
-4.42848 2.47967 2.68396
4.73193 2.92588 -3.24053
4.74661 3.96838 1.71079
-0.675877 0.861563 3.08723
-1.13808 -3.1958 3.41264
-2.35687 4.00668 3.91164
1.95889 -3.71251 0.908232
-0.501641 -0.276529 -2.83452
-3.23718 4.91286 4.76493
1.12166 -1.94967 4.89074
2.5494 -0.109168 -4.23382
0.874115 0.777317 1.22108
4.01588 -4.81991 -3.83295
0.713656 2.64674 -1.69053
1.18302 1.24122 0.224793
-4.90413 -4.7615 0.806754
4.55437 4.42415 -1.44491
-3.14523 4.87806 -4.0333
2.10577 4.02593 -4.48775
4.57423 -2.66653 -4.17423
1.089 -0.839197 2.6326
4.14067 -2.87576 0.450916
2.03147 -0.892787 4.33289
2.12867 4.07377 -4.1839
-3.23477 3.19924 1.07907
-4.98471 3.90095 -1.28729
0.605733 1.226 -1.26253
-1.36334 0.28381 -3.63782
-2.07214 1.15501 -2.75285
1.73352 -4.58685 -2.45086
0.369194 -2.49626 1.33312
-3.6363 4.14946 0.610908
0.951965 4.51611 -3.50676
-4.36241 2.72259 3.56669
-2.20917 -4.74169 3.71311
3.7189 3.78698 -3.72513
1.68196 0.346369 2.20584
-0.0959038 1.3364 0.980486
3.98222 -2.47189 0.459577
-4.40799 1.8394 -2.49835
1.1863 3.85569 -1.9643
-1.41811 -3.21251 -0.267977
1.28157 0.861616 -3.45306
0.255031 3.29036 -1.53203
3.6745 1.58336 -2.20832
4.19938 1.2216 -4.00792
-0.783698 -3.5113 3.98519
2.64198 4.02229 0.77196
0.968032 -1.86857 1.11433
-4.19137 -0.0963013 4.11518
-4.70892 1.44352 2.25604
0.713916 1.26033 -3.2642
4.99335 0.334295 2.42166
0.0743966 -2.16308 0.343964
