-3.99537 0.603931 -1.9038
-0.782952 -0.683985 -0.859632
2.01501 -4.92323 -1.32952
-4.78017 3.46066 2.37956
-4.27995 -4.0532 2.25149
4.1684 -0.396854 3.5595
0.0732642 -1.53897 -2.41756
-2.40486 -2.02884 1.82989
-4.70448 -2.63212 -2.60528
3.87607 3.33189 -2.28135
3.51206 3.61782 1.78224
4.87526 -4.57649 3.13354
0.286759 3.58286 0.257961
4.99832 -0.583744 3.60095
4.21277 -0.957367 1.27328
-4.47555 -4.21789 -1.62425
-4.09609 -0.831817 3.67198
-3.82086 -2.73825 -2.60398
2.80603 4.01708 -1.71517
-2.42347 0.598112 3.0698
-0.304005 -4.69474 2.51015
-0.597571 3.05751 0.521028
-2.02847 4.55796 -1.91382
-3.4275 4.57014 -2.43067
-3.39252 -4.366 -2.51691
0.560491 0.545675 -3.66385
-4.61357 0.516864 -4.36077
-4.27853 -0.66334 -4.30844
-1.35022 4.82729 4.77302
-3.69861 3.14972 -3.35356
-0.212565 2.96151 -0.465623
-2.43054 -0.858282 -2.69517
-1.51431 0.514306 -1.88014
1.04948 4.85743 3.39581
-3.78887 -4.47954 -0.819061
-4.89494 -1.67452 0.124457
0.461288 -1.12875 3.60885
-3.93022 -1.80815 3.39512
4.87183 2.63487 -1.58082
0.502229 0.779914 1.50881
-4.29372 -2.62779 -2.24819
-1.98113 4.98258 1.56258
-4.8011 4.97637 4.60578
4.05269 4.33549 3.10285
-3.93129 3.95444 -3.59289
-0.953849 4.04658 -3.51413
-4.4415 2.4364 2.59709
4.7664 2.86102 -3.20695
4.79468 3.94482 1.76128
-0.651125 0.840831 3.05107
-1.19244 -3.17357 3.43713
-2.42138 4.03936 3.869
1.94065 -3.72116 0.891036
-0.517483 -0.264076 -2.80603
-3.26634 4.92991 4.79724
1.10605 -1.96034 4.89372
2.49646 -0.128899 -4.23427
0.843404 0.872054 1.16682
4.06884 -4.85489 -3.85056
0.736806 2.57039 -1.69429
1.17889 1.20838 0.205065
-4.93406 -4.78435 1.0118
4.66597 4.47215 -1.49184
-3.24938 4.89983 -4.02158
2.12428 3.99297 -4.56632
4.52795 -2.59254 -3.76439
1.12023 -2.39396 2.73882
4.12775 -2.98911 0.499073
2.05398 -0.852204 4.21957
2.12849 4.10126 -4.20465
-3.42793 3.17789 0.975269
-4.9916 3.92159 -1.23826
0.650774 1.27835 -1.23252
-1.51023 0.249207 -3.61797
-2.08009 1.19165 -3.06365
1.76103 -4.58028 -2.4238
0.347463 -2.42726 1.36653
-3.67097 4.1738 0.575885
0.978242 4.55001 -3.42731
-4.33326 2.718 3.4746
-2.14029 -4.70876 3.7185
3.74011 3.74232 -3.76632
1.63872 0.307199 2.2278
-0.0770647 1.38621 0.986596
4.05323 -2.50095 0.393853
-4.43996 1.88983 -2.42839
1.19887 3.87548 -1.83739
-1.45767 -3.19618 -0.299739
1.25946 0.863652 -3.42128
0.24848 3.27216 -1.54073
3.68732 1.58554 -2.2195
4.20539 1.24179 -3.94609
-0.758606 -3.53817 3.98162
2.79542 4.04462 0.808675
0.965311 -1.80589 1.12319
-4.17527 0.00290297 4.11209
-4.99427 1.40517 2.48016
0.788755 1.20407 -3.21855
4.97898 0.255417 2.39932
-0.0192626 -2.18572 0.260658
