-4.05273 0.650182 -1.83097
-0.706316 -0.662264 -0.796257
2.10891 -4.92027 -1.33036
-4.886 3.47273 2.36718
-4.26196 -4.0817 2.23213
4.22778 -0.369412 3.55854
0.097034 -1.6131 -2.74818
-2.30048 -2.00481 1.86537
-4.67619 -2.63811 -2.6321
3.94222 3.26162 -2.33471
3.49723 3.64882 1.83624
4.84589 -4.57486 3.30362
0.322401 3.59119 0.256529
4.8602 -0.441677 3.73207
4.25877 -1.01588 1.22253
-4.4728 -4.13803 -1.60129
-4.06072 -0.87507 3.69361
-3.60897 -2.77052 -2.69196
2.77718 3.87708 -1.65082
-2.43754 0.598218 3.05108
-0.242844 -4.73897 2.54731
-0.583612 3.02581 0.57425
-2.02731 4.55001 -1.93496
-3.45716 4.52786 -2.45848
-3.40576 -4.36085 -2.62513
0.541297 0.516448 -3.67567
-4.66027 0.541789 -4.60521
-4.29266 -0.648959 -3.54473
-1.33428 4.87898 4.88637
-3.675 3.04958 -3.50184
-0.171441 3.04033 -0.564335
-2.57641 -0.869684 -2.92429
-1.45871 0.297651 -1.85587
1.05549 4.79837 3.33623
-3.79859 -4.48548 -0.881543
-4.94231 -1.66509 0.11412
0.37166 -1.11826 3.63591
-3.9638 -1.7825 3.36594
4.74584 2.72216 -1.6719
0.498601 0.760154 1.56299
-4.32776 -2.73174 -2.16064
-1.93922 4.89609 1.62052
-4.76335 -4.9952 4.0531
4.07508 4.40148 3.05136
-3.83597 3.93225 -3.73538
-1.04306 -3.47968 -3.49546
-4.45509 2.39322 2.51034
4.80286 2.79643 -3.17387
4.8452 3.922 1.81179
-0.626398 0.820125 3.01512
-1.24691 -3.15163 3.46175
-2.48601 4.07258 3.82668
1.92272 -3.73065 0.873906
-0.533313 -0.251736 -2.77777
-3.29576 4.94762 4.83056
1.0905 -1.97118 4.89714
2.44376 -0.148687 -4.23523
0.813242 0.966857 1.11236
4.12258 -4.89128 -3.86868
0.760125 2.49415 -1.69822
1.17491 1.17556 0.185301
-4.96533 -4.80874 1.21688
4.78116 4.52116 -1.53886
-3.35376 4.92228 -4.01085
2.14295 3.96017 -4.64594
4.48266 -2.51882 -3.35494
1.15156 -3.94892 2.84521
4.11632 -3.10369 0.547409
2.07673 -0.8117 4.10691
2.12847 4.12925 -4.22526
-3.62161 3.15684 0.871536
4.99584 3.94293 -1.18911
0.69587 1.33068 -1.20255
-1.65718 0.21457 -3.5984
-2.0883 1.22843 -3.37482
1.78866 -4.5747 -2.39692
0.325659 -2.3588 1.40013
-3.70604 4.19881 0.540864
1.00452 4.58459 -3.3482
-4.30502 2.71374 3.38337
-2.07153 -4.67714 3.72414
3.76232 3.69866 -3.80825
1.59568 0.268014 2.24996
-0.058403 1.43616 0.992761
4.1253 -2.52987 0.328039
-4.4731 1.94027 -2.35855
1.21152 3.89587 -1.71057
-1.49732 -3.18035 -0.331538
1.23783 0.8656 -3.38988
0.241844 3.25428 -1.54951
3.70055 1.5877 -2.23075
4.21233 1.26199 -3.88471
-0.733403 -3.56588 3.97868
2.94912 4.06735 0.845425
0.962739 -1.74327 1.13207
-4.16001 0.102171 4.10959
4.71833 1.36689 2.7045
0.863466 1.14822 -3.17307
4.9663 0.176503 2.37706
-0.112961 -2.2087 0.177203
