-4.17066 0.742435 -1.68542
-0.553153 -0.619064 -0.669485
2.2972 -4.91789 -1.33199
4.89382 3.49794 2.3431
-4.22805 -4.14047 2.19376
4.3484 -0.314753 3.5577
0.144722 -1.76185 -3.40999
-2.09234 -1.95727 1.93659
-4.62542 -2.651 -2.68723
4.07599 3.12211 -2.44181
3.47008 3.71244 1.94491
4.79578 -4.57455 3.64474
0.394011 3.60959 0.254095
4.59203 -0.15791 3.99694
4.35299 -1.13301 1.1212
-4.46953 -3.98055 -1.55552
-3.9922 -0.961789 3.73775
-3.18564 -2.83578 -2.86853
2.72056 3.6 -1.52226
-2.46617 0.598476 3.01415
-0.120538 -4.82978 2.62197
-0.556008 2.96291 0.680986
-2.0252 4.53544 -1.97746
-3.51863 4.44806 -2.51471
-3.43349 -4.35629 -2.84249
0.502624 0.457635 -3.70072
-4.75836 0.591712 4.9006
-4.32252 -0.6204 -2.01828
-1.3024 4.98512 -4.88664
-3.63097 2.85004 -3.80031
-0.0897893 3.19911 -0.761789
-2.86931 -0.893155 -3.38388
-1.34813 -0.13562 -1.8074
1.06774 4.68518 3.21946
-3.81983 -4.50088 -1.00628
4.95929 -1.64639 0.0933716
0.192397 -1.09743 3.69071
-4.0334 -1.73235 3.30862
4.49957 2.89749 -1.85379
0.490881 0.720061 1.673
-4.39825 -2.94095 -1.98501
-1.85614 4.72776 1.73678
-4.69428 -4.94136 2.94908
4.12532 4.53979 2.95033
-3.64828 3.89015 -4.02303
-1.22159 1.46634 -3.45964
-4.48505 2.30712 2.33714
4.88158 2.66816 -3.10914
4.9575 3.87905 1.91273
-0.577049 0.778808 2.94382
-1.35622 -3.10853 3.51159
-2.6157 4.14082 3.74307
1.88769 -3.7521 0.839826
-0.564931 -0.227279 -2.72182
-3.3555 4.98547 4.90061
1.0596 -1.99335 4.9054
2.339 -0.188426 -4.23864
0.753887 1.15676 1.00329
4.23223 -4.96786 -3.90635
0.807135 2.34206 -1.70667
1.16734 1.10998 0.145653
4.96743 -4.86254 1.62713
-4.9851 4.62242 -1.63323
-3.56343 4.96972 -3.99227
2.18071 3.89517 -4.80766
4.39617 -2.37196 -2.53694
1.21462 2.94018 3.05823
4.0974 -3.33585 0.644685
2.12288 -0.730926 3.88338
2.12874 4.18679 -4.26669
-4.01132 3.11573 0.664205
4.97565 3.98777 -1.09033
0.78619 1.43522 -1.14272
-1.9513 0.14523 -3.56007
-2.10549 1.30256 -3.99851
1.8442 -4.56642 -2.34366
0.281868 -2.22335 1.46798
-3.77769 4.25088 0.470836
1.05702 4.65596 -3.19087
-4.25199 2.70654 3.20337
-1.93433 -4.61733 3.73641
3.80931 3.61444 -3.89428
1.51011 0.18957 2.2949
-0.0216545 1.53652 1.00529
4.27323 -2.58794 0.196124
-4.5435 2.04123 -2.21915
1.23701 3.93854 -1.45713
-1.57696 -3.1501 -0.395218
1.19623 0.868979 -3.32856
0.22831 3.21943 -1.56746
3.72821 1.59196 -2.25342
4.22872 1.30243 -3.76325
-0.682686 -3.62371 3.97486
3.2573 4.11409 0.918968
0.958006 -1.61817 1.14986
-4.13189 0.300831 4.10641
4.14851 1.2907 3.15431
1.01206 1.03808 -3.08212
4.94389 0.0186044 2.33275
-0.300425 -2.25572 0.0100081
