-4.42084 0.926428 -1.39516
-0.247178 -0.533508 -0.415919
2.67647 -4.92615 -1.33521
4.47931 3.55288 2.29838
-4.1723 -4.26482 2.11866
4.60124 -0.207736 3.55781
0.240347 -2.06117 -4.73872
-1.67853 -1.86404 2.08017
-4.54242 -2.68062 -2.80331
4.35218 2.84675 -2.65939
3.42394 3.84707 2.16535
4.71692 -4.58549 4.33334
0.538067 3.65298 0.250905
4.08253 0.409253 4.53832
4.54799 -1.36779 0.919485
-4.47043 -3.67411 -1.46427
-3.86109 -1.13579 3.82951
-2.34056 -2.96907 -3.22408
2.61197 3.05432 -1.2656
-2.52538 0.599206 2.94238
0.124068 4.97853 2.77301
-0.501975 2.83923 0.8954
-2.02177 4.51169 -2.06322
-3.64925 4.30525 -2.62964
-3.4936 -4.36792 -3.28123
0.424289 0.33896 -3.75645
-4.98471 0.692701 3.92069
-4.39037 -0.563779 1.03357
-1.23879 -4.80219 -4.44409
-3.55454 2.45431 -4.40657
0.0704549 3.52272 -1.15521
-3.46128 -0.942616 -4.31228
-1.12951 -1.00295 -1.71107
1.09356 4.47569 2.99402
-3.86867 -4.548 -1.25498
4.76755 -1.6097 0.0515286
-0.16629 -1.05644 3.80348
-4.18303 -1.63653 3.19718
4.02971 3.25322 -2.21465
0.474864 0.638645 1.89711
-4.55225 -3.36483 -1.63431
-1.69324 4.4085 1.97144
-4.59398 -4.84791 0.743319
4.24652 4.84976 2.75654
-3.28169 3.81822 -4.61125
-1.57915 1.35946 -3.39263
-4.5563 2.13582 1.99166
-4.9405 2.4146 -2.98599
-4.83921 3.80749 2.11407
-0.478979 0.696548 2.80372
-1.57625 -3.02506 3.61446
-2.8774 4.28538 3.58079
1.82013 -3.80483 0.772589
-0.62819 -0.179172 -2.61239
-3.47898 -4.94185 -4.94524
0.998657 -2.03961 4.929
2.13178 -0.268697 -4.25171
0.637878 1.5375 0.786042
4.46104 4.87634 -3.98744
0.902347 2.03995 -1.72628
1.15379 0.978603 0.0658632
4.87881 -4.99644 2.44842
-4.53564 4.83953 -1.82338
-3.98783 -4.92887 -3.96573
2.2579 3.7678 4.863
4.23784 -2.08004 -0.902876
1.3417 -3.28028 3.48698
4.07183 -3.81131 0.841046
2.21778 -0.570585 3.44238
2.13046 4.30726 -4.35339
-4.80426 3.03783 0.249693
4.97175 4.08725 -0.891395
0.967359 1.64382 -1.02328
-2.54081 0.00635463 -3.48625
-2.14291 1.45268 4.7452
1.95662 -4.56155 -2.23899
0.193438 -1.95784 1.60617
-3.92776 4.36352 0.330928
1.16193 4.80867 -2.87942
-4.16223 2.69762 2.85188
-1.66126 -4.50797 3.76636
3.91401 3.45531 -4.07587
1.34084 0.0322546 2.38682
0.0492025 1.73924 1.03147
4.5797 -2.70764 -0.0682122
-4.70261 2.24369 -1.94109
1.28885 4.03109 -0.950662
-1.738 -3.09507 -0.52287
1.11861 0.872291 -3.21917
0.200615 3.15278 -1.60571
3.78868 1.60011 -2.29969
4.27039 1.38312 -3.52683
-0.580071 -3.74742 3.97611
3.87795 4.21359 1.06596
0.949931 -1.36878 1.18556
-4.08315 0.698354 4.1046
3.0209 1.14019 4.05974
1.30673 0.8247 -2.89035
4.91063 -0.297416 2.24465
-0.675513 -2.35427 -0.325073
