-4.48641 0.972252 -1.3228
-0.170735 -0.512251 -0.352556
2.772 -4.93072 -1.33607
4.38425 3.56763 2.28781
-4.16093 -4.29747 2.10033
4.66844 -0.181388 3.55851
0.264186 -2.13634 4.9261
-1.57554 -1.8411 2.11635
-4.52387 -2.68874 -2.83338
4.42539 2.77847 -2.71465
3.4141 3.88244 2.22115
4.69917 -4.59046 4.50726
0.574204 3.66514 0.250432
3.96017 0.550914 4.67604
4.59856 -1.42663 0.869359
-4.47199 -3.59953 -1.44124
-3.82927 -1.1794 3.85331
-2.12952 -3.00287 -3.31346
2.58587 2.91916 -1.20154
-2.54055 0.599447 2.92487
0.1852 4.9299 2.81114
-0.488688 2.80878 0.949171
-2.02105 4.50696 -2.08482
-3.68336 4.27313 -2.65891
-3.50954 -4.37387 -3.39171
0.404541 0.309158 -3.77158
4.95016 0.718353 3.67794
-4.41004 -0.549601 1.7965
-1.22291 -4.75072 -4.33531
-3.5373 2.35628 -4.56051
0.109833 3.60545 -1.25308
-3.61076 -0.955413 -4.54721
-1.07528 -1.2201 -1.68722
1.10047 4.42634 2.93883
-3.88209 -4.56394 -1.31706
4.72176 -1.60066 0.0409392
-0.256015 -1.0463 3.83247
-4.22282 -1.61342 3.16997
3.91652 3.34404 -2.3044
0.470857 0.618284 1.95373
-4.59377 -3.47114 -1.54754
-1.65308 4.33193 2.03066
-4.57454 -4.82756 0.191949
4.28059 4.93843 2.7099
-3.19136 3.80415 -4.76088
-1.66873 3.83269 -3.37695
-4.57598 2.09319 1.90546
-4.90058 2.35175 -2.95652
-4.79973 3.79241 2.1646
-0.454593 0.676084 2.7692
-1.63155 -3.00469 3.64098
-2.94335 4.32334 3.54143
1.80375 -3.82011 0.755935
-0.644066 -0.16722 -2.58556
-3.51073 -4.92628 -4.90699
0.983716 -2.05154 4.9378
2.08043 -0.288932 -4.25634
0.60953 1.63287 0.731896
4.52061 4.8399 -4.00905
0.926344 1.96493 -1.73193
1.15072 0.945646 0.0458494
4.86812 4.96085 2.65436
-4.42662 4.89769 -1.87121
-4.09534 -4.90583 -3.9605
2.27756 3.73655 4.78301
4.20001 -2.00734 -0.49468
1.37367 -4.83586 3.59483
4.06841 -3.9328 0.890441
2.24213 -0.530725 3.33321
2.13115 4.33842 -4.37757
4.99412 3.01936 0.146092
4.97773 4.11458 -0.841583
1.01281 1.6959 -0.993395
-2.68849 -0.0283582 -3.46838
-2.15268 1.49061 4.43097
1.98505 -4.56289 -2.21322
0.171164 -1.89249 1.64118
-3.96662 4.39406 0.295985
1.18817 4.84928 -2.80226
-4.14262 2.69655 2.76559
-1.59323 -4.48224 3.77497
3.9428 3.41704 -4.12367
1.29892 -0.00712612 2.4102
0.0663238 1.79035 1.03839
4.65885 -2.73859 -0.134267
-4.74567 2.29452 -1.87164
1.30204 4.05564 -0.824102
-1.77867 -3.08241 -0.554841
1.09906 0.873122 -3.1949
0.193628 3.13653 -1.61594
3.80517 1.60207 -2.31147
4.28301 1.40321 -3.46907
-0.55421 -3.77986 3.9783
4.03458 4.24001 1.10266
0.94819 -1.30662 1.19448
-4.07213 0.797798 4.10509
2.74066 1.10297 4.28773
1.38158 0.771672 -2.84009
4.90517 -0.376461 2.22281
-0.769279 -2.37985 -0.408953
