-4.55337 1.01797 -1.2505
-0.0943234 -0.491055 -0.289229
2.86785 -4.93627 -1.33697
4.29095 3.58258 2.27742
-4.15053 -4.33124 2.08215
4.73675 -0.15521 3.55957
0.287922 -2.21167 4.59134
-1.47271 -1.81832 2.15263
-4.50605 -2.69715 -2.86384
4.50107 2.71044 -2.77016
3.40476 3.91834 2.27723
4.6822 -4.59644 4.68211
0.610351 3.67778 0.250071
3.83854 0.692533 4.81478
4.64983 -1.48554 0.819388
-4.47316 -3.52647 -1.41741
-3.79784 -1.22307 3.87754
-1.91856 -3.03687 -3.40309
2.56016 2.78438 -1.13753
-2.5559 0.599698 2.90749
0.246282 4.88206 2.84939
-0.475506 2.7785 1.003
-2.02041 4.5027 -2.10647
-3.71811 4.24235 -2.68842
-3.52586 -4.38094 -3.50254
0.384719 0.279305 -3.78723
4.88752 0.744179 3.43575
-4.43214 -0.535478 2.55941
-1.20704 -4.70005 -4.22721
-3.52081 2.25855 -4.71565
0.148988 3.6891 -1.35084
-3.76098 -0.9684 -4.78378
-1.02117 -1.4374 -1.66356
1.10751 4.3789 2.88393
-3.89601 -4.58213 -1.37912
4.67667 -1.59163 0.0302949
-0.345763 -1.03619 3.8617
-4.26374 -1.59066 3.14305
3.80465 3.4357 -2.39434
0.466854 0.597952 2.01051
-4.63833 -3.57631 -1.46252
-1.61318 4.25641 2.09011
-4.55602 -4.80875 -0.359387
4.31571 -4.97127 2.66388
-3.10152 3.79144 -4.91161
-1.75839 -3.69339 -3.36166
-4.5965 2.0506 1.8193
-4.86475 2.28905 -2.92756
-4.76308 3.77781 2.21529
-0.430272 0.65565 2.73485
-1.687 -2.98455 3.66781
-3.00958 4.36193 3.50258
1.78756 -3.83631 0.739322
-0.660017 -0.155297 -2.55898
-3.54289 -4.91176 -4.86954
0.968964 -2.06361 4.94702
2.02923 -0.309249 -4.26158
0.581461 1.7283 0.677717
4.58132 4.80471 -4.03131
0.950372 1.89006 -1.73797
1.14776 0.912624 0.025821
4.85953 4.91958 2.86067
-4.31859 4.95801 -1.91919
-4.20363 -4.88404 -3.95572
2.29736 3.70561 4.70428
4.16256 -1.93475 -0.0866468
1.40574 3.60708 3.703
4.06621 -4.05577 0.939957
2.2667 -0.490974 3.22437
2.13195 4.37003 -4.40283
4.7942 3.00125 0.0425195
4.98614 4.14318 -0.791817
1.05832 1.74797 -0.963472
-2.83631 -0.0630805 -3.45076
-2.16265 1.52868 4.11769
2.01364 -4.56535 -2.18761
0.148829 -1.82756 1.67633
-4.00621 4.42596 0.261093
1.21442 4.891 -2.7254
-4.12421 2.6958 2.67984
-1.52532 -4.45717 3.784
3.97263 3.37937 -4.17257
1.25713 -0.0465493 2.43374
0.0831912 1.8416 1.04551
4.73928 -2.77009 -0.200299
-4.79003 2.34545 -1.80218
1.31533 4.08073 -0.697559
-1.81954 -3.07021 -0.586844
1.0793 0.874115 -3.17136
0.186599 3.12034 -1.62643
3.82224 1.604 -2.32336
4.29659 1.42325 -3.41185
-0.528286 -3.81304 3.98112
4.19186 4.267 1.13936
0.94655 -1.24456 1.20339
-4.06209 0.897274 4.106
2.46071 1.06585 4.51656
1.45702 0.718467 -2.78969
4.90231 -0.45552 2.20109
-0.863048 -2.40581 -0.49288
