-4.76315 1.15466 -1.03393
0.134707 -0.427852 -0.0995403
3.15763 -4.9585 -1.33998
4.01822 3.62974 2.24726
-4.12468 -4.438 2.02845
4.95388 -0.0772721 3.56529
0.359018 -2.43876 3.5888
-1.16527 -1.75096 2.262
-4.45677 -2.72389 -2.95776
4.74698 2.50845 -2.93829
3.37929 4.03166 2.44717
4.63657 -4.62092 -4.78822
0.718731 3.71862 0.24963
3.47789 1.11737 -4.76493
4.80779 -1.66249 0.67081
-4.47323 -3.30604 -1.34473
-3.70555 -1.35468 3.95258
-1.28609 -3.13957 -3.6737
2.48544 2.38199 -0.945825
-2.60311 0.600468 2.85605
0.429289 4.74187 2.96506
-0.436648 2.68882 1.1648
-2.01887 4.49312 -2.17194
-3.82627 4.16006 -2.77881
-3.57729 -4.40775 -3.83765
0.32485 0.18949 -3.83751
4.71201 0.822958 2.71156
-4.5148 -0.493355 4.84937
-1.15945 -4.55197 -3.90666
-3.47548 1.9672 4.81257
0.265571 3.94591 -1.64471
-4.21701 -1.0084 4.50449
-0.859334 -2.09019 -1.59383
1.12976 4.24051 2.72101
-3.94014 -4.648 -1.56522
4.54546 -1.56421 -0.00274861
-0.615194 -1.00604 3.95087
-4.39398 -1.5246 3.06381
3.47576 3.7164 -2.66604
0.454972 0.53731 2.18162
-4.7938 -3.90187 -1.21126
-1.49496 4.03573 2.26981
-4.50633 -4.7603 -2.01305
4.42821 -4.75159 2.52805
-2.83448 3.76046 4.63744
-2.02785 3.72608 -3.3184
-4.66296 1.92321 1.56098
-4.78748 2.10177 -2.84368
-4.66579 3.73777 2.36841
-0.357785 0.594518 2.63276
-1.85419 -2.92549 3.75016
-3.21003 4.48152 3.38864
1.74 -3.89037 0.689759
-0.708349 -0.119636 -2.48056
-3.642 -4.87391 -4.76246
0.92549 -2.10062 4.97748
1.87651 -0.370759 -4.28142
0.498798 2.01512 0.514406
4.77241 4.71017 -4.10274
1.02253 1.6662 -1.75836
1.13945 0.813194 -0.0343251
4.84406 4.82763 3.48333
-3.99912 -4.85693 -2.06469
-4.53533 -4.82675 -3.94442
2.35767 3.61436 4.47426
4.05114 -1.71811 1.13729
1.50224 -1.06331 4.02952
4.06634 -4.43396 1.08914
2.34199 -0.372329 2.8996
2.13498 4.46741 -4.48397
4.20372 2.94939 -0.267957
-4.97617 4.24015 -0.642778
1.19529 1.9045 -0.87354
-3.28081 -0.167267 -3.39957
-2.19376 1.64398 3.182
2.1004 -4.58006 -2.11169
0.081546 -1.63517 1.78253
-4.12966 4.52797 0.156848
1.2932 -4.97617 -2.49655
-4.07568 2.69578 2.42528
-1.32219 -4.38577 3.81329
4.06847 3.27037 -4.32639
1.1325 -0.165147 2.50533
0.132503 1.99588 1.06831
4.98997 -2.86717 -0.398535
-4.93117 2.49935 -1.59382
1.35586 4.15911 -0.318054
-1.94351 -3.03617 -0.682966
1.01937 0.877902 -3.10414
0.165084 3.07222 -1.65907
3.87716 1.60974 -2.35963
4.34372 1.48307 -3.24353
-0.450002 -3.91704 3.99325
4.66834 4.35262 1.24944
0.942217 -1.05895 1.23001
-4.03617 1.196 4.11132
1.62227 0.955014 -4.78976
1.68603 0.557885 -2.63953
4.90675 -0.692934 2.13588
-1.14434 -2.48588 -0.744721
