-4.91081 1.24556 -0.889689
0.28721 -0.386072 0.0266156
3.35334 -4.97771 -1.34219
3.84066 3.66291 2.22788
-4.11175 -4.51368 1.99332
-4.89398 -0.0254181 3.57108
0.406564 -2.5911 2.92149
-0.961168 -1.70685 2.33538
-4.42718 -2.74272 -3.02244
4.93255 2.37595 -3.05192
3.36435 4.1121 2.56235
4.61221 -4.64489 -4.43761
0.790841 3.74838 0.24992
3.24073 1.40081 -4.48891
4.91723 -1.78089 0.572522
-4.47593 -3.15917 -1.29675
-3.64526 -1.44307 4.00382
-0.864571 -3.20885 -3.85576
2.4379 2.11519 -0.8182
-2.63554 0.600886 2.82221
0.551116 4.65118 3.04308
-0.411369 2.63006 1.273
-2.0181 4.48968 -2.216
-3.90167 4.11573 -2.84074
-3.61386 -4.42978 -4.06356
0.284591 0.129426 -3.87361
4.60355 0.876154 2.23015
-4.57652 -0.465188 -3.62267
-1.12772 -4.45645 -3.69572
-3.44832 1.7745 4.50184
0.34295 4.12285 -1.84161
-4.52675 -1.03637 4.03656
-0.751429 -2.52613 -1.5487
1.14569 4.15123 2.61393
-3.97083 -4.69678 -1.68814
4.46077 -1.54594 -0.0258951
-0.79503 -0.986066 4.0117
-4.48769 -1.48206 3.012
3.26157 3.90929 -2.84888
0.447407 0.497449 2.29641
-4.90575 -4.12415 -1.04368
-1.41718 3.89321 2.39077
-4.47721 -4.73268 -3.11588
4.51079 -4.62561 2.43979
-2.65825 3.74468 4.34338
-2.20819 -1.32662 -3.29191
-4.71124 1.83862 1.38882
-4.77032 1.97732 -2.78972
-4.60907 3.71408 2.47152
-0.309949 0.553943 2.56553
-1.96638 -2.88723 3.80665
-3.34534 4.56446 3.31438
1.70929 -3.93098 0.656958
-0.741019 -0.0959749 -2.4293
-3.71058 -4.85329 -4.69543
0.896863 -2.12599 -4.99972
1.77552 -0.412237 -4.29771
0.444635 2.20707 0.404657
4.91216 4.66343 -4.15319
1.07073 1.51747 -1.7735
1.13435 0.74667 -0.0744354
4.8407 4.77787 3.90264
-3.78779 -4.74067 -2.16352
-4.7668 -4.79803 -3.93888
2.39862 3.5549 4.32534
3.97803 -1.57441 1.95371
1.56707 -4.17718 4.24918
4.07237 -4.6957 1.18902
2.39376 -0.293548 2.68459
2.13758 4.53472 -4.54158
3.81826 2.91716 -0.474649
-4.95613 4.31337 -0.543493
1.28701 2.00938 -0.813528
-3.57803 -0.23678 -3.36698
-2.21548 1.72192 2.56014
2.15931 -4.59412 -2.0617
0.0365305 -1.50868 1.8538
-4.2151 4.60036 0.0876568
1.34579 -4.88758 -2.34522
-4.04842 2.69749 2.25715
-1.1873 -4.34114 3.83445
4.13787 3.20132 -4.43453
1.05006 -0.244479 2.55405
0.164791 2.09899 1.0848
-4.83628 -2.9335 -0.530559
4.96847 2.60323 -1.45495
1.38356 4.21416 -0.0651577
-2.02743 -3.01554 -0.747069
0.979219 0.880975 -3.06136
0.150374 3.04096 -1.68151
3.9171 1.61365 -2.38417
4.38138 1.52272 -3.13367
-0.3973 -3.99002 4.00437
4.99124 4.41423 1.32293
0.939827 -0.935682 1.24766
-4.02153 1.3954 4.11656
1.06418 0.88182 -4.32714
1.84061 0.450137 -2.54053
4.91548 -0.851424 2.09267
-1.33197 -2.54087 -0.912396
