-4.9877 1.29099 -0.817524
0.363412 -0.365296 0.0896057
3.45212 -4.98862 -1.34334
3.75288 3.68 2.21836
-4.10664 -4.553 1.97595
-4.81956 0.0005673 3.57462
0.430405 -2.66758 2.58814
-0.859373 -1.68503 2.37228
-4.41328 -2.75243 -3.05532
-4.96641 2.31044 -3.1093
3.35753 4.15391 2.62064
4.60333 -4.6601 -4.26343
0.826796 3.76404 0.250233
3.123 1.54265 -4.35213
4.97347 -1.84031 0.523557
-4.4778 -3.08597 -1.27291
-3.61533 -1.48742 4.02994
-0.653799 -3.2437 -3.94731
2.4148 1.98213 -0.754405
-2.652 0.601058 2.80547
0.61198 4.60674 3.08243
-0.39894 2.60099 1.32724
-2.0178 4.48888 -2.23815
-3.94053 4.09679 -2.87212
-3.63295 -4.44199 -4.17728
0.264344 0.0993249 -3.89225
4.55208 0.902858 1.98981
-4.60821 -0.451182 -2.85958
-1.11186 -4.40958 -3.59093
-3.43537 1.67864 4.34809
0.381563 4.21342 -1.9404
-4.68339 -1.05056 3.80449
-0.69728 -2.74443 -1.52653
1.15398 4.10755 2.56079
-3.98692 -4.72275 -1.74913
4.4194 -1.53683 -0.0376747
-0.885 -0.97611 4.04265
-4.53661 -1.46119 2.98649
3.15572 4.00773 -2.94084
0.443859 0.477743 2.35413
-4.96345 -4.23696 -0.959868
-1.37858 3.82328 2.45167
-4.46382 -4.72029 -3.6675
4.55467 -4.56646 2.39643
-2.5706 3.73801 4.19784
-2.29857 1.14671 -3.27922
-4.73663 1.79645 1.30276
-4.7759 1.91509 -2.76299
-4.58276 3.70311 2.52345
-0.286208 0.533718 2.53219
-2.0227 -2.86841 3.83544
-3.41354 4.60694 3.27776
1.69427 -3.9527 0.64064
-0.757487 -0.0841539 -2.40389
-3.74576 -4.84439 -4.66313
0.88265 -2.13885 -4.98859
1.72529 -0.433103 -4.30646
0.417692 2.30335 0.349525
4.98858 4.64859 -4.17931
1.09486 1.44326 -1.78139
1.13192 0.713359 -0.0944841
4.84098 4.75513 4.11391
-3.68245 -4.68425 -2.21344
-4.88872 -4.78822 -3.93663
2.41933 3.52562 4.25206
3.94214 -1.50277 2.36208
1.59969 4.26518 4.3597
4.07735 -4.83009 1.23907
2.42017 -0.254203 2.57755
2.13907 4.56925 -4.57139
3.62738 2.90184 -0.577895
-4.94852 4.35228 -0.493899
1.33297 2.06204 -0.783533
-3.72688 -0.271526 -3.35103
-2.22663 1.76121 2.24955
2.18915 -4.60202 -2.03686
0.0140214 -1.44586 1.88961
-4.25878 4.63792 0.0531489
1.37211 -4.84469 -2.26988
-4.0362 2.69885 2.17347
-1.12003 -4.31966 3.84553
4.17427 3.16792 -4.49027
1.00906 -0.284239 2.57883
0.180921 2.15058 1.09339
-4.75139 -2.96709 -0.596406
4.91896 2.6556 -1.38552
1.39766 4.24261 0.061259
-2.06979 -3.00583 -0.779062
0.959138 0.882651 -3.04034
0.142906 3.02567 -1.6929
3.93799 1.61568 -2.3965
4.40238 1.54248 -3.07932
-0.370768 -4.02757 4.01098
-4.84532 4.44663 1.35973
0.938798 -0.874184 1.25648
-4.01481 1.49514 4.11966
0.785306 0.845481 -4.09706
1.91844 0.396068 -2.49127
4.92203 -0.9307 2.07119
-1.42587 -2.5687 -0.996101
