4.93324 1.33644 -0.745314
0.439587 -0.344609 0.152536
3.55161 4.99959 -1.34452
3.66581 3.69743 2.20895
-4.10224 -4.59344 1.95873
-4.74603 0.026625 3.57857
0.454305 -2.7443 2.25496
-0.757751 -1.66339 2.40938
-4.39995 -2.76236 -3.08855
-4.86734 2.24541 -3.16713
3.35132 4.19679 2.67944
4.59936 -4.67765 -4.08996
0.862679 3.7802 0.25063
3.00587 1.68458 -4.2161
-4.96921 -1.89989 0.474693
-4.48001 -3.01294 -1.24921
-3.58557 -1.53188 4.05638
-0.443013 -3.27872 -4.03922
2.3922 1.84925 -0.690613
-2.66859 0.60121 2.78885
0.672823 4.56283 3.12202
-0.386654 2.57213 1.38158
-2.01755 4.48869 -2.26039
-3.98013 4.07973 -2.90375
-3.65257 -4.45494 -4.29151
0.244011 0.0691117 -3.91126
4.50244 0.929597 1.74965
-4.64043 -0.437247 -2.09667
-1.09603 -4.36332 -3.48653
-3.42258 1.58306 4.19535
0.420143 4.30551 -2.03943
-4.84146 -1.06492 3.5734
-0.642972 -2.96308 -1.50456
1.16249 4.06444 2.50788
-4.00358 -4.74986 -1.80993
4.37867 -1.52775 -0.049545
-0.975003 -0.966186 4.07396
-4.58714 -1.44062 2.96119
3.05071 4.10755 -3.03321
0.440534 0.458186 2.41212
4.9777 -4.35111 -0.876056
-1.34011 3.75418 2.51287
-4.45179 -4.7092 -4.21919
4.60084 -4.50953 2.35361
-2.48318 3.73208 4.05317
-2.3891 3.62015 -3.2669
-4.76288 1.75437 1.21671
-4.78421 1.85283 -2.73629
-4.55736 3.69271 2.57565
-0.262606 0.513532 2.49902
-2.07914 -2.84981 3.86461
-3.48209 4.65013 3.24148
1.67953 -3.97544 0.62438
-0.774033 -0.0723717 -2.37861
-3.78158 -4.83656 -4.63169
0.868517 -2.15184 -4.97795
1.67524 -0.454054 -4.31557
0.390791 2.39985 0.294237
-4.92874 4.64121 -4.20619
1.11905 1.36915 -1.78946
1.12957 0.680019 -0.114531
4.8427 4.73376 4.32656
-3.57725 -4.62877 -2.26366
4.98214 -4.78225 -3.93475
2.44029 3.49655 4.17951
3.90682 -1.43128 2.7706
1.63235 2.70793 4.47103
4.08444 -4.9671 1.28919
2.44694 -0.214889 2.47079
2.14073 4.6043 -4.60214
3.43756 2.88709 -0.681093
-4.94234 4.3928 -0.444356
1.37901 2.11486 -0.753559
-3.87589 -0.30629 -3.33533
-2.23798 1.80067 1.93909
2.21928 -4.61052 -2.0121
-0.00846515 -1.3833 1.92554
-4.30284 4.67646 0.0187032
1.39845 -4.8028 -2.19472
-4.02474 2.70054 2.09002
-1.05289 -4.29875 3.85694
4.2121 3.13526 -4.5472
0.968228 -0.324084 2.60392
0.197111 2.20217 1.10217
-4.66768 -3.001 -0.662067
4.87084 2.70827 -1.3161
1.41195 4.27168 0.187666
-2.11244 -2.99653 -0.811001
0.939103 0.8844 -3.01952
0.135377 3.01063 -1.70439
3.95973 1.61775 -2.40884
4.42602 1.5622 -3.02538
-0.34406 -4.06589 4.01834
-4.68294 4.48016 1.39659
0.937886 -0.812783 1.2653
-4.00852 1.59491 4.12308
0.506536 0.80935 -3.86776
1.99666 0.34185 -2.44219
4.93021 -1.01001 2.04974
-1.51982 -2.5967 -1.07981
