4.85602 1.38189 -0.673069
0.515732 -0.324021 0.215399
3.65171 4.98888 -1.34575
3.57934 3.71522 2.19962
-4.09856 -4.63516 1.94165
-4.67329 0.0527569 3.58289
0.478259 -2.82129 1.9219
-0.656306 -1.64194 2.44669
-4.38732 -2.77255 -3.12214
-4.77013 2.18077 -3.22544
3.34572 4.24075 2.73881
4.59814 -4.6973 -3.91716
0.898462 3.79682 0.251078
2.88926 1.8266 -4.08088
-4.91383 -1.95967 0.425918
-4.48272 -2.94013 -1.22571
-3.55599 -1.57643 4.08314
-0.232209 -3.31392 -4.13148
2.37003 1.71645 -0.626815
-2.68533 0.601346 2.77236
0.733662 4.51944 3.16187
-0.374519 2.54345 1.43605
-2.01735 4.48913 -2.28269
-4.02062 4.0643 -2.93562
-3.67277 -4.46862 -4.40623
0.223586 0.0387257 -3.93067
4.45468 0.956339 1.50967
-4.67325 -0.423373 -1.33385
-1.08023 -4.31769 -3.38247
-3.40981 1.48763 4.04346
0.458678 4.39923 -2.1387
4.99852 -1.07942 3.34325
-0.588537 -3.18215 -1.48274
1.17119 4.02189 2.4552
-4.02119 -4.77822 -1.87065
4.33968 -1.51873 -0.0614789
-1.06504 -0.956294 4.10564
-4.63937 -1.42039 2.93605
2.94641 4.20861 -3.12601
0.437468 0.438778 2.47039
4.92206 -4.46718 -0.792257
-1.30179 3.68588 2.5744
-4.44355 -4.7 -4.77137
4.64936 -4.45466 2.31131
-2.39597 3.72685 3.90933
-2.47981 -3.90577 -3.25499
-4.79019 1.71237 1.13067
-4.79582 1.79054 -2.70959
-4.53285 3.68286 2.62815
-0.239166 0.493386 2.46602
-2.13571 -2.83144 3.89416
-3.55097 4.69405 3.20556
1.66503 -3.9993 0.608181
-0.790687 -0.0606282 -2.35346
-3.81806 -4.83001 -4.60116
0.85446 -2.16497 -4.96778
1.62536 -0.475087 -4.32505
0.363877 2.49658 0.238808
-4.85233 4.6416 -4.23391
1.14327 1.29509 -1.7977
1.1273 0.64665 -0.134582
4.84621 4.71395 4.54101
-3.47235 -4.57424 -2.31411
4.86036 -4.77998 -3.93297
2.46148 3.46776 4.10765
3.87229 -1.35993 3.17931
1.66507 1.15079 4.58297
4.09352 4.89305 1.33939
2.47408 -0.175607 2.36427
2.14253 4.63986 -4.63351
3.24852 2.87281 -0.784265
-4.93819 4.43487 -0.394873
1.42511 2.16783 -0.723618
-4.02511 -0.34108 -3.31988
-2.24955 1.84027 1.62873
2.24969 -4.6199 -1.98743
-0.0309192 -1.32098 1.96157
-4.34755 4.71602 -0.0156695
1.42481 -4.76205 -2.11973
-4.01405 2.70256 2.00677
-0.985889 -4.27837 3.86868
4.2515 3.10328 -4.60539
0.927558 -0.36403 2.62932
0.213389 2.25378 1.1111
-4.58526 -3.03532 -0.727441
4.82378 2.76122 -1.2467
1.42645 4.30138 0.314085
-2.15539 -2.98765 -0.842866
0.919138 0.886205 -2.9989
0.127783 2.99581 -1.71599
3.98223 1.61986 -2.42121
4.4525 1.58188 -2.97183
-0.317135 -4.10495 4.02647
-4.52155 4.5149 1.4335
0.937091 -0.751483 1.27413
-4.00271 1.69476 4.12685
0.227756 0.773478 -3.63916
2.07527 0.287463 -2.3933
4.94035 -1.08937 2.0283
-1.61378 -2.62484 -1.16363
