4.78072 1.42737 -0.600812
0.591845 -0.303535 0.278194
3.75244 4.97928 -1.34703
3.49339 3.73321 2.19039
-4.09565 -4.67854 1.92473
-4.60191 0.078945 3.58761
0.502252 -2.89854 1.58893
-0.555049 -1.62071 2.48427
-4.37541 -2.783 -3.15609
-4.67455 2.11646 -3.28423
3.34073 4.28556 2.79876
4.59819 -4.71853 -3.74471
0.934149 3.81391 0.251538
2.7731 1.96877 -3.94646
-4.86009 -2.01967 0.377223
-4.48588 -2.86748 -1.2025
-3.52673 -1.62106 4.11023
-0.0213774 -3.34933 -4.22412
2.34827 1.58368 -0.563006
-2.70221 0.60147 2.75598
0.794506 4.47653 3.20201
-0.362538 2.51495 1.49065
-2.01723 4.49026 -2.30506
-4.06198 4.05044 -2.96774
-3.69348 -4.48289 -4.52144
0.203106 0.00817594 -3.95058
4.40887 0.98305 1.26984
-4.70675 -0.409539 -0.571111
-1.06443 -4.27265 -3.27873
-3.39718 1.39222 3.89224
0.497157 4.49472 -2.23824
4.84793 -1.09395 3.11401
-0.534001 -3.40169 -1.46102
1.18006 3.97988 2.40278
-4.03971 -4.80785 -1.93135
4.30222 -1.5098 -0.0734538
-1.15514 -0.946432 4.13768
-4.69841 -1.40057 2.91108
2.84272 4.31097 -3.21926
0.434679 0.419528 2.52902
4.86969 -4.58578 -0.708485
-1.2636 3.61834 2.63629
-4.43704 -4.69247 4.6754
4.7003 -4.40249 2.26953
-2.30896 3.72229 3.76622
-2.57071 -1.43224 -3.24344
-4.81871 1.67046 1.04466
-4.81126 1.72825 -2.68293
-4.50916 3.67349 2.68096
-0.215912 0.473286 2.43315
-2.19242 -2.81328 3.92411
-3.6202 4.73877 3.17003
1.65078 -4.0244 0.592046
-0.807458 -0.0489189 -2.32844
-3.85521 -4.82498 -4.57146
0.840472 -2.17824 -4.95808
1.57563 -0.496205 -4.33499
0.336908 2.59354 0.183249
-4.78093 4.64802 -4.26255
1.16754 1.22111 -1.8061
1.12509 0.613258 -0.154645
4.85222 4.69631 4.75823
-3.36773 -4.52056 -2.36473
4.74329 -4.78089 -3.9316
2.48287 3.43921 4.03645
3.83831 -1.28873 3.58828
1.69789 -0.406307 4.69558
4.10452 4.75519 1.3897
2.50155 -0.136363 2.25797
2.14446 4.67591 -4.66545
3.06016 2.85896 -0.887444
-4.93639 4.47856 -0.345459
1.47126 2.22097 -0.693717
-4.17458 -0.375893 -3.30465
-2.26139 1.88001 1.31842
2.28037 -4.63016 -1.96283
-0.0533428 -1.25888 1.9977
-4.393 4.75663 -0.0499566
1.45116 -4.72246 -2.04489
-4.00414 2.70489 1.92371
-0.919045 -4.25852 3.88077
4.29243 3.07195 -4.66485
0.887044 -0.404092 2.65503
0.229772 2.30542 1.12013
-4.50401 -3.07021 -0.792392
4.77771 2.81445 -1.17732
1.44113 4.33169 0.440542
-2.19867 -2.9792 -0.874622
0.899263 0.888075 -2.97853
0.12012 2.98123 -1.72771
4.00548 1.62202 -2.4336
4.48206 1.60153 -2.91868
-0.289958 -4.14475 4.03541
-4.36103 4.55074 1.47046
0.936406 -0.690287 1.28298
-3.99737 1.79474 4.131
-0.0511945 0.737863 -3.41116
2.15424 0.232907 -2.34463
4.95229 -1.16882 2.00685
-1.70771 -2.6531 -1.24761
