2.33107 1.50576 -1.89583
-3.32106 4.9783 1.91921
-4.84403 -1.76906 0.0386078
4.67482 4.62115 0.0402708
-4.00084 -2.0838 -4.63856
2.93924 0.894612 -4.45315
0.494196 4.3947 1.39193
2.70692 -4.22582 3.46557
4.75017 3.34426 -3.21467
3.34878 4.89266 -1.90131
-4.85339 2.1093 2.66502
4.03524 1.66806 -4.53882
-0.589503 3.79072 -0.76758
-3.32084 -1.93853 4.3547
-3.81236 -4.76457 4.96963
0.290519 0.338946 -2.58862
0.0559084 -3.16315 4.6801
4.38225 -0.184251 -1.85317
4.62908 0.29066 -1.04846
3.34435 3.43 3.14084
4.66129 -4.95738 2.00208
1.61675 2.99913 1.98325
-4.65162 -3.51258 -2.77661
0.333012 1.19859 -4.97612
-4.56224 -3.34447 -1.14299
-0.545262 -3.19816 4.9538
1.00812 -4.37612 -4.94367
0.0127323 -4.24402 2.88738
-3.45691 1.44707 4.45269
-4.40317 3.1164 3.40323
-2.79419 -4.87745 -1.58596
3.63036 -3.56783 4.3761
-2.20184 -4.17845 1.56605
2.45354 -1.07735 -1.93261
4.552 0.73388 4.27875
4.80418 0.970694 3.88263
-0.968623 -4.85401 0.396126
-0.465486 -0.394431 -3.77768
-4.71891 -2.69348 1.56547
2.89806 1.05785 4.5898
-0.936693 -1.38734 4.67305
4.61497 -1.67835 3.49774
-0.994106 4.70188 -4.8821
4.22372 -4.81939 -2.64492
4.49196 -4.40565 -1.34921
-0.7345 4.58661 -4.39324
-3.44985 2.17932 -4.41549
-3.52267 -0.626877 -0.00159848
4.64188 3.68584 -0.843387
1.80513 -1.00463 3.92673
2.85265 4.91559 -4.09554
-3.03394 0.25675 -0.221928
-1.7098 1.10157 -3.95857
3.63417 -4.76936 1.90588
2.81406 2.94603 4.9353
0.634402 -0.503634 4.42144
-0.0906323 2.15295 1.54996
4.78652 -4.51149 3.77021
4.37922 -1.05127 -4.59353
-0.914023 -2.65574 -0.20209
-0.759329 -0.816252 3.60329
-3.96732 -4.87025 4.98306
1.85528 -4.88915 4.20577
3.00515 -2.48078 -1.05045
2.42677 -4.5285 4.52362
4.79767 4.50132 4.78356
1.74929 -4.04282 -4.31956
-1.74571 -4.3241 -4.87523
-2.7696 2.39281 -3.38298
4.01781 -0.870799 -3.24231
-4.50153 4.51495 -4.11689
-4.37356 4.21314 -1.5343
-4.31611 4.81103 4.62193
-2.9182 -3.56955 4.671
1.9843 3.19261 4.48937
3.60791 1.89184 1.06127
1.32159 4.90278 -2.6457
4.60591 3.32597 0.520708
1.14735 -2.37215 2.22366
4.32191 -0.919359 4.68306
0.805417 2.84698 -2.66321
0.618386 -3.02983 0.787537
-0.903327 -3.3709 -1.88962
-0.73254 -0.396469 -1.58318
4.18009 -1.9973 -4.25755
2.57237 -0.101554 2.22137
4.65194 -0.498667 4.9965
-0.412856 -0.157229 1.29107
0.389312 4.73563 -4.96963
-1.27916 0.462892 -0.0154116
4.90331 -2.95427 1.3833
-4.76233 -3.34857 -4.32969
-3.28128 2.318 -1.00162
-4.96699 -4.90628 2.32536
-0.930903 0.964236 2.68776
2.6875 -2.86277 2.69712
-2.92813 0.526407 -4.3047
-1.65387 -4.95617 2.88219
-4.45997 1.07486 0.249065
1.81044 -1.43036 4.29909
