4.70742 1.4729 -0.528589
0.667929 -0.283153 0.340915
3.85384 4.97085 -1.34838
3.40791 3.7514 2.18126
-4.09351 -4.72397 1.90795
-4.53161 0.105168 3.59271
0.526271 -2.97606 1.25602
-0.453972 -1.59974 2.52214
-4.36422 -2.79373 -3.19049
-4.58042 2.05243 -3.34349
3.33639 4.33122 2.85929
4.59915 -4.74105 -3.5717
0.96976 3.83148 0.251969
2.65734 2.1111 -3.81268
-4.80777 -2.0799 0.328599
-4.48949 -2.7949 -1.17964
-3.49776 -1.66578 4.13763
0.189476 -3.38496 -4.31716
2.32692 1.45093 -0.499183
-2.71925 0.601585 2.7397
0.855363 4.43409 3.24245
-0.350704 2.48659 1.54539
-2.01717 4.49202 -2.32753
-4.10425 4.03803 -3.0002
-3.71457 -4.49766 -4.63813
0.182602 -0.0224624 -3.97104
4.36524 1.00972 1.03016
-4.7411 -0.395727 0.191577
-1.04867 -4.2282 -3.17531
-3.38482 1.29684 3.7416
0.535572 4.59209 -2.33806
4.70844 -1.10841 2.88548
-0.479405 -3.62179 -1.43939
1.18909 3.93841 2.3506
-4.05907 -4.83875 -1.99212
4.26619 -1.50097 -0.0854645
-1.24529 -0.936599 4.17007
-4.76595 -1.38118 2.88632
2.73958 4.41469 -3.313
0.432191 0.400456 2.58805
4.82097 -4.70772 -0.624776
-1.22553 3.55153 2.69852
-4.43195 -4.68657 4.12424
4.75374 -4.3528 2.22818
-2.22213 3.71838 3.62373
-2.66178 1.04122 -3.23228
-4.84861 1.62863 0.958677
-4.83126 1.66602 -2.65632
-4.48626 3.6646 2.73407
-0.192851 0.453239 2.4004
-2.24927 -2.79535 3.95444
-3.68977 4.78437 3.13484
1.63678 -4.0508 0.575962
-0.824343 -0.0372451 -2.30353
-3.89322 -4.82175 -4.54334
0.826547 -2.19165 -4.94892
1.52603 -0.517392 -4.34608
0.309855 2.69076 0.127573
-4.7136 4.65885 -4.2929
1.19186 1.14719 -1.81464
1.12294 0.579847 -0.174726
4.86181 4.68165 4.97828
-3.26338 -4.46769 -2.41556
4.62949 -4.78443 -3.93187
2.50446 3.41087 3.96586
3.80485 -1.21765 3.99759
1.73085 -1.96342 4.80951
4.11739 4.61917 1.44011
2.52936 -0.0971493 2.15185
2.14652 4.71245 -4.69797
2.87238 2.84556 -0.99067
-4.93742 4.52424 -0.296124
1.51748 2.27429 -0.663862
-4.32435 -0.410729 -3.28966
-2.27349 1.91987 1.00813
2.31135 -4.64132 -1.93832
-0.0757364 -1.19698 2.03387
-4.43931 4.79849 -0.0841524
1.47753 -4.68405 -1.97016
-3.99501 2.70752 1.84081
-0.852386 -4.23916 3.89316
4.33484 3.04123 -4.72573
0.846688 -0.444269 2.68105
0.246274 2.35711 1.12924
-4.42375 -3.10589 -0.856857
4.73257 2.86795 -1.10798
1.456 4.36264 0.567059
-2.24227 -2.97118 -0.906257
0.87948 0.890012 -2.95845
0.112388 2.9669 -1.73955
4.02948 1.62421 -2.44601
4.51511 1.62117 -2.86596
-0.262493 -4.18531 4.04517
-4.20126 4.588 1.50746
0.935831 -0.629194 1.29184
-3.99242 1.89486 4.13555
-0.330352 0.70243 -3.18363
2.23359 0.178187 -2.29622
4.96618 -1.24838 1.98536
-1.80159 -2.68153 -1.33184
