4.63618 1.5185 -0.45644
0.743994 -0.262874 0.403563
3.95596 4.96371 -1.34981
3.32284 3.7698 2.17224
-4.09218 -4.77206 1.89132
-4.4622 0.131401 3.59819
0.550306 -3.05383 0.923152
-0.35306 -1.57905 2.56034
-4.35375 -2.80476 -3.22533
-4.48756 1.98861 -3.40319
3.33272 4.37772 2.9204
4.60156 -4.76497 -3.39851
1.00533 3.84959 0.25235
2.54194 2.25363 -3.67949
-4.7567 -2.14037 0.280027
-4.4936 -2.7223 -1.15708
-3.46904 -1.7106 4.16534
0.400343 -3.42084 -4.41065
2.30596 1.31818 -0.435346
-2.73642 0.60169 2.72352
0.916239 4.3921 3.28318
-0.339011 2.45836 1.60028
-2.01719 4.49443 -2.35009
-4.14748 4.02705 -3.03299
-3.73603 -4.51307 -4.75627
0.162082 -0.0531483 -3.99196
4.32408 1.03635 0.790619
-4.77644 -0.381936 0.954236
-1.03294 -4.18434 -3.0722
-3.37282 1.2015 3.59151
0.573927 4.69146 -2.43821
4.57919 -1.12284 2.65748
-0.424782 -3.84251 -1.41784
1.19826 3.89748 2.29868
-4.07927 -4.87095 -2.05297
4.23144 -1.49226 -0.0975228
-1.3355 -0.926797 4.20282
-4.84184 -1.36218 2.86194
2.63694 4.51982 -3.40728
0.430015 0.38157 2.64758
4.77682 -4.83432 -0.541154
-1.18755 3.48542 2.76111
-4.42767 -4.68185 3.57397
4.80983 -4.30539 2.18722
-2.13549 3.7151 3.48181
-2.75308 3.51474 -3.22147
-4.88007 1.58691 0.872743
-4.85687 1.60383 -2.62979
-4.46412 3.65621 2.7875
-0.169979 0.433249 2.36773
-2.30625 -2.77765 3.98513
-3.75968 4.83108 3.09997
1.62304 -4.07855 0.559924
-0.841345 -0.0256415 -2.27872
-3.93217 -4.82052 -4.51606
0.812615 -2.20521 -4.94101
1.47657 -0.538611 -4.3577
0.282699 2.78827 0.0717949
-4.65016 4.6733 -4.32542
1.21625 1.07333 -1.82332
1.12085 0.546422 -0.194834
4.87518 4.66951 -4.79752
-3.15928 -4.41559 -2.46657
4.51757 -4.79001 -3.93344
2.52626 3.38273 3.89587
3.77188 -1.14666 4.40728
1.76402 -3.52068 4.92489
4.1321 4.48484 1.49063
2.55753 -0.0579634 2.04592
2.14871 4.74951 -4.73108
2.68514 2.83263 -1.09397
-4.94213 4.57262 -0.246847
1.56378 2.32778 -0.634049
-4.47442 -0.445608 -3.27488
-2.28585 1.95987 0.697839
2.34261 -4.65338 -1.91391
-0.0981206 -1.13523 2.07006
-4.48671 4.84186 -0.118246
1.5039 -4.64681 -1.89555
-3.98666 2.71047 1.75807
-0.785942 -4.22029 3.90586
4.37871 3.01108 -4.78805
0.806497 -0.484563 2.70739
0.262897 2.40889 1.13841
-4.34427 -3.14251 -0.920947
4.68834 2.92174 -1.03868
1.47103 4.39425 0.693652
-2.28619 -2.96359 -0.937752
0.859771 0.892007 -2.93866
0.104594 2.95281 -1.75151
4.05425 1.62646 -2.45845
4.55227 1.64084 -2.81366
-0.234703 -4.22668 4.05577
-4.04214 4.62717 1.54446
0.935363 -0.568202 1.30075
-3.98781 1.99511 4.14052
-0.609669 0.667123 -2.9565
2.31333 0.123302 -2.24804
4.98229 -1.32807 1.9638
-1.8954 -2.71013 -1.4164
