4.56706 1.56419 -0.384402
0.820047 -0.242698 0.466134
4.05885 4.95797 -1.35133
3.23815 3.78844 2.16335
-4.09172 -4.82375 1.87486
-4.39352 0.157625 3.60406
0.574348 -3.13185 0.590317
-0.252279 -1.55869 2.5989
-4.34398 -2.81609 -3.26058
-4.3958 1.92497 -3.4633
3.32975 4.4251 2.98216
4.60537 -4.79027 -3.22526
1.04089 3.86829 0.252678
2.42685 2.39638 -3.54681
-4.70674 -2.20108 0.2315
-4.49822 -2.64968 -1.1347
-3.44056 -1.75549 4.19337
0.611211 -3.457 -4.50472
2.28538 1.18543 -0.371489
-2.75371 0.601782 2.70744
0.977136 4.35058 3.32423
-0.327449 2.43025 1.65533
-2.01728 4.49752 -2.37274
-4.19179 4.0175 -3.06601
-3.75794 -4.5295 -4.87565
0.141539 -0.0838632 -4.01331
4.28556 1.06295 0.551198
-4.81296 -0.368166 1.71689
-1.01726 -4.14109 -2.96939
-3.3612 1.10624 3.44198
0.612236 4.7929 -2.53871
4.45759 -1.13728 2.42994
-0.370155 -4.06398 -1.39635
1.20756 3.8571 2.24705
-4.10032 -4.90451 -2.11388
4.19776 -1.48367 -0.109628
-1.42577 -0.917023 4.23591
-4.92452 -1.34349 2.83806
2.53474 4.62644 -3.50206
0.428135 0.362872 2.70767
4.73919 -4.96789 -0.457641
-1.14964 3.41997 2.8241
-4.42407 -4.67861 3.02436
4.86884 -4.26008 2.14668
-2.04904 3.71245 3.34047
-2.84464 -4.01115 -3.21101
-4.91325 1.5453 0.78688
-4.88959 1.54167 -2.60333
-4.44271 3.64836 2.84129
-0.147286 0.413318 2.33513
-2.36336 -2.76017 4.01621
-3.82991 4.87949 3.06549
1.60956 -4.10772 0.543947
-0.858473 -0.0141386 -2.25399
-3.97203 -4.82151 -4.48913
0.798729 -2.21886 -4.93371
1.42724 -0.559875 -4.36972
0.255424 2.88608 0.0159283
-4.5916 4.69116 -4.3584
1.24071 0.999512 -1.83213
1.11879 0.512982 -0.214974
4.89398 4.65999 -4.57451
-3.05543 -4.36429 -2.51774
4.40703 -4.79749 -3.93553
2.54826 3.3548 3.82647
3.73938 -1.07576 4.81743
1.79734 4.92162 -4.95878
4.14866 4.35208 1.54131
2.58606 -0.0188081 1.94017
2.15104 4.78719 -4.76486
2.49838 2.82018 -1.19737
-4.95218 4.62518 -0.197551
1.61016 2.38145 -0.604264
-4.62482 -0.480528 -3.26032
-2.2985 2 0.387531
2.37418 -4.66634 -1.88959
-0.120542 -1.07361 2.10623
-4.53551 4.88718 -0.152227
1.53028 -4.61072 -1.82103
-3.97908 2.71376 1.6755
-0.719744 -4.20188 3.91887
4.42407 2.98146 -4.85155
0.76648 -0.524982 2.73408
0.27963 2.46079 1.14763
-4.26545 -3.1801 -0.984862
4.645 2.97584 -0.969397
1.48621 4.42654 0.820338
-2.3304 -2.9564 -0.969074
0.840108 0.89405 -2.91917
0.0967412 2.93896 -1.76358
4.07983 1.62874 -2.47089
4.59449 1.66059 -2.76176
-0.206554 -4.26891 4.06725
-3.88356 4.66907 1.58146
0.935001 -0.507314 1.30971
-3.98354 2.09548 4.14593
-0.889138 0.63195 -2.72977
2.39344 0.0682512 -2.2001
-4.99897 -1.40796 1.94217
-1.98916 -2.73893 -1.50134
