4.50024 1.61004 -0.312536
0.896114 -0.22262 0.528626
4.16261 4.95373 -1.35294
3.15381 3.80732 2.15461
-4.09217 -4.88011 1.85857
-4.32541 0.183832 3.61032
0.5984 -3.21013 0.257512
-0.151577 -1.53869 2.63784
-4.33494 -2.82773 -3.29623
-4.30498 1.86147 -3.52379
3.32752 4.47335 3.04466
4.61051 -4.81693 -3.05203
1.07649 3.88763 0.252965
2.31206 2.53936 -3.41459
-4.65764 -2.26202 0.183028
-4.50334 -2.57708 -1.11243
-3.41226 -1.80048 4.22172
0.822112 -3.49353 -4.59921
2.26517 1.05268 -0.307616
-2.77108 0.601859 2.69143
1.03806 4.30948 3.36569
-0.316003 2.40224 1.71052
-2.01744 4.50136 -2.39546
-4.23722 4.00943 -3.09926
-3.78038 -4.54719 -4.99623
0.12097 -0.114598 -4.03508
4.24961 1.08947 0.311888
-4.85047 -0.354335 2.47957
-1.00158 -4.09845 -2.86683
-3.34995 1.01111 3.29298
0.650512 4.89644 -2.63955
4.3457 -1.15182 2.20282
-0.315534 -4.28633 -1.37489
1.21697 3.81725 2.19576
-4.12227 -4.93945 -2.17483
4.16508 -1.47519 -0.121769
-1.51608 -0.907279 4.26934
4.9894 -1.32506 2.81478
2.43298 4.7345 -3.59726
0.426532 0.344363 2.7684
4.71214 4.88712 -0.374299
-1.11175 3.35513 2.88752
-4.42134 -4.67778 2.47517
4.93144 -4.21674 2.1065
-1.96279 3.71042 3.19968
-2.93641 -1.53764 -3.20102
-4.94825 1.50378 0.701106
-4.93179 1.47947 -2.57693
-4.422 3.64109 2.89547
-0.124749 0.393446 2.30259
-2.42057 -2.74293 4.0477
-3.90042 4.9306 3.03146
1.59637 -4.13837 0.528057
-0.875692 -0.00278989 -2.22928
-4.01275 -4.82504 -4.46251
0.784902 -2.23266 -4.92687
1.37804 -0.581192 -4.38212
0.228019 2.98423 -0.0400121
-4.5397 4.7127 -4.39181
1.26525 0.925718 -1.84107
1.11678 0.479529 -0.235154
4.92092 4.65345 -4.35245
-2.95185 -4.3138 -2.56894
4.29761 -4.80693 -3.93799
2.57049 3.32704 3.75772
3.70734 -1.00494 -4.7719
1.83041 3.36461 -4.84327
4.16714 4.22078 1.59218
2.61502 0.0203127 1.83462
2.15386 4.82525 -4.799
2.31207 2.80823 -1.3009
-4.97108 4.68534 -0.14809
1.65663 2.43529 -0.574488
-4.77556 -0.515488 -3.24597
-2.31141 2.04029 0.0771952
2.40606 -4.68022 -1.86533
-0.143055 -1.01212 2.14238
-4.58619 4.93506 -0.18612
1.55669 -4.57573 -1.74656
-3.97226 2.71743 1.59309
-0.653812 -4.1839 3.93221
4.4709 2.95232 -4.91625
0.726654 -0.565533 2.76112
0.296461 2.51284 1.1569
-4.18722 -3.21856 -1.04873
4.60252 3.03029 -0.900146
1.50154 4.45952 0.947129
-2.37488 -2.94961 -1.00019
0.820473 0.896135 -2.89997
0.0888264 2.92536 -1.77577
4.10627 1.63108 -2.48336
4.64328 1.68049 -2.71025
-0.177997 -4.31215 4.07975
-3.72537 4.71462 1.61844
0.934749 -0.446534 1.31875
-3.97958 2.19598 4.1518
-1.16879 0.596984 -2.50342
2.47396 0.0130342 -2.1524
-4.98298 -1.48813 1.92048
-2.08288 -2.76793 -1.58666
