4.37475 1.70266 -0.169541
1.04833 -0.182748 0.653344
4.37285 4.94825 -1.35643
2.98609 3.84581 2.13762
-4.09574 4.99149 1.82618
-4.19106 0.236246 3.62433
0.646508 -3.36742 -0.40805
0.0496975 -1.49983 2.71692
-4.31903 -2.85214 -3.36877
-4.1258 1.73485 -3.6459
3.32517 4.57233 3.17184
4.62462 -4.87449 -2.70585
1.14785 3.92842 0.253469
2.08326 2.82623 -3.1513
-4.56196 -2.38473 0.0863072
-4.51503 -2.43225 -1.06808
-3.35639 -1.89071 4.2795
1.24406 -3.56767 -4.78942
2.22583 0.787176 -0.179806
-2.80605 0.601931 2.65961
1.15997 4.22852 3.4498
-0.293427 2.34647 1.82137
-2.01803 4.51112 -2.4412
-4.33197 3.99752 -3.16647
-3.8269 -4.58685 4.76415
0.0797272 -0.176117 -4.07978
4.18436 1.14188 -0.166291
-4.93067 -0.326528 4.00557
-0.97032 -4.01484 -2.66244
-3.32886 0.821305 2.99654
0.72699 -4.89373 -2.84234
4.13651 -1.18139 1.74941
-0.206438 -4.73396 -1.33205
1.2361 3.73909 2.09427
-4.16921 4.9861 -2.29697
4.10229 -1.45862 -0.146108
-1.69686 -0.887883 4.33727
4.82903 -1.28906 2.76997
2.23056 4.9552 -3.78898
0.423961 0.307914 2.89195
4.70144 4.60112 -0.208839
-1.03595 3.22705 3.0158
-4.42109 -4.68169 1.37762
-4.92724 -4.13553 2.02726
-1.79104 3.7082 2.91945
-3.12067 3.40922 -3.1821
4.97578 1.42092 0.529929
4.93921 1.35428 -2.52421
-4.38267 3.62812 3.00507
-0.0800818 0.353886 2.23765
-2.53535 -2.70919 4.11189
-4.04266 -4.96135 2.96481
1.57078 -4.2044 0.496606
-0.910132 0.0193753 -2.18006
-4.09666 -4.8428 -4.41195
0.757386 -2.26062 -4.91447
1.28002 -0.623992 -4.40794
0.172761 3.1817 -0.152067
-4.4544 4.76979 -4.46091
1.31462 0.778143 -1.85927
1.11279 0.412563 -0.275646
4.9989 4.64997 -3.91028
-2.74539 -4.21504 -2.67187
4.08137 -4.83161 -3.9439
2.61566 3.27203 3.62228
3.64459 -0.863549 -3.95175
1.89681 0.251064 -4.61396
4.20974 3.9618 1.69463
2.67411 0.0984376 1.62411
2.15992 4.90313 -4.86901
1.94056 2.78579 -1.5085
4.97217 4.80737 -0.0474534
1.74986 2.54348 -0.514853
4.92166 -0.585553 -3.2178
-2.33814 2.12134 -0.543559
2.47071 -4.71067 -1.81705
-0.188709 -0.889551 2.21476
-4.70382 -4.96603 -0.253939
1.60958 -4.50851 -1.59772
-3.96113 2.7258 1.42874
-0.522807 -4.14901 3.95981
4.56911 2.89543 4.95055
0.647556 -0.64704 2.81635
0.330316 2.61742 1.1756
-4.03268 -3.29816 -1.17659
4.51997 3.13997 -0.76173
1.53255 4.52755 1.20103
-2.46455 -2.93721 -1.06177
0.781225 0.900429 -2.86239
0.0727974 2.89896 -1.80049
4.16229 1.63589 -2.50842
4.77128 1.72125 -2.60834
-0.1196 -4.40176 4.1077
-3.40973 4.81821 1.69232
0.934501 -0.325306 1.33722
-3.97268 2.39732 4.16498
-1.72896 0.527729 -2.05158
2.63627 -0.0979036 -2.05754
-4.96211 -1.64935 1.87707
-2.2704 -2.82682 -1.75855
