4.31456 1.74991 -0.0982566
1.12451 -0.162939 0.715532
4.47929 4.94734 -1.35833
2.90265 3.86545 2.12933
-4.09848 4.92939 1.81025
-4.12473 0.262484 3.63193
0.67056 -3.44642 -0.740824
0.1503 -1.48097 2.75702
-4.31225 -2.86499 -3.40577
-4.0376 1.67167 -3.70763
3.32507 4.62309 3.23643
4.63361 -4.90595 -2.53299
1.18363 3.95002 0.253703
1.96915 2.97029 -3.02029
-4.5153 -2.4465 0.0380712
-4.52166 -2.36003 -1.04601
-3.32881 -1.93596 4.30886
1.45513 -3.60533 -4.88518
2.20658 0.65444 -0.115883
-2.82361 0.601908 2.64374
1.22096 4.18865 3.49242
-0.282284 2.3187 1.87699
-2.01848 4.51705 -2.46424
-4.3819 3.99331 -3.20061
-3.8509 -4.60886 4.64905
0.0590052 -0.206894 -4.10273
4.15321 1.16754 -0.405344
-4.97236 -0.312712 4.76921
-0.954744 -3.97375 -2.5606
-3.31927 0.726676 2.849
0.765193 -4.79093 -2.94436
4.03632 -1.19641 1.52297
-0.152015 -4.9593 -1.31069
1.24577 3.70077 2.04403
-4.19459 4.94972 -2.35821
4.072 -1.45052 -0.158309
-1.78736 -0.878231 4.37173
4.75329 -1.27134 2.74825
2.12982 -4.93185 -3.88561
0.422898 0.289988 2.95482
4.70171 4.46232 -0.126721
-0.99804 3.16374 3.08072
-4.42278 -4.68807 0.828849
-4.85512 -4.09796 1.98826
-1.70557 3.70804 2.77984
-3.21341 -4.11685 -3.17319
4.93749 1.37953 0.444543
4.86712 1.29078 -2.49797
-4.36403 3.62252 3.0604
-0.0579244 0.334207 2.20526
-2.59291 -2.69269 4.14452
-4.11437 -4.90808 2.93203
1.55832 -4.23977 0.48105
-0.927385 0.0302972 -2.15564
-4.13979 -4.85999 -4.38911
0.743669 -2.27479 -4.90893
1.23113 -0.64552 -4.42138
0.144877 3.28117 -0.208167
-4.41707 4.80869 -4.49738
1.33939 0.704357 -1.86855
1.11076 0.37905 -0.295972
-4.95412 4.65264 -3.69016
-2.64252 -4.16692 -2.72368
3.97434 -4.84644 -3.94745
2.63858 3.24478 3.55529
3.61376 -0.792992 -3.54219
1.9302 -1.30563 -4.49993
4.23375 3.83393 1.74621
2.70416 0.137451 1.51914
2.16316 4.94303 -4.90496
1.75514 2.77535 -1.61263
4.9687 4.88535 0.00400515
1.79661 2.59786 -0.484977
4.77048 -0.620672 -3.20399
-2.35209 2.16214 -0.853985
2.50345 -4.7271 -1.79304
-0.211992 -0.828536 2.25102
-4.78028 -4.92828 -0.288081
1.63607 -4.47587 -1.52337
-3.95714 2.73052 1.34675
-0.457721 -4.13199 3.97404
4.62051 2.86766 4.8849
0.608278 -0.687975 2.84456
0.347282 2.67001 1.18502
-3.95649 -3.3392 -1.24065
4.47963 3.19528 -0.692579
1.54822 4.56263 1.32813
-2.50975 -2.93157 -1.09228
0.761554 0.902667 -2.84402
0.0646697 2.88623 -1.81304
4.19097 1.6384 -2.52112
4.84223 1.74246 -2.55792
-0.0898019 -4.44827 4.1231
-3.2521 4.87318 1.7293
0.934451 -0.264849 1.34669
-3.96978 2.49819 4.1722
-2.00961 0.493257 -1.82594
2.71793 -0.153602 -2.01039
-4.95585 -1.73034 1.85544
-2.36436 -2.85676 -1.84518
