4.25531 1.79776 -0.0268461
1.20077 -0.143204 0.777589
4.5869 4.94808 -1.36032
2.81948 3.88538 2.12117
-4.10183 4.86939 1.79446
-4.05897 0.288711 3.63989
0.694613 -3.52563 -1.0736
0.250889 -1.46249 2.79749
-4.30624 -2.87824 -3.44331
-3.95022 1.6086 -3.76985
3.32572 4.67475 3.30168
4.64438 -4.9396 -2.3603
1.21948 3.9725 0.253941
1.85523 3.11497 -2.88971
-4.46938 -2.50853 -0.0100601
-4.52881 -2.28795 -1.02403
-3.30145 -1.98128 4.33855
1.66629 -3.64337 -4.9814
2.1876 0.521724 -0.0519587
-2.84113 0.601848 2.62788
1.28199 4.1492 3.53542
-0.271223 2.29102 1.93274
-2.01901 4.52373 -2.4874
-4.43291 3.99017 -3.23513
-3.87526 -4.63228 4.53627
0.0382108 -0.237653 -4.12609
4.12258 1.19295 -0.644588
4.98523 -0.298929 -4.46648
-0.939176 -3.93309 -2.45896
-3.31053 0.63222 2.70184
0.803397 -4.68917 -3.04683
3.93804 -1.2116 1.2967
-0.0976801 4.81416 -1.28938
1.25551 3.66296 1.99412
-4.22126 4.91529 -2.41956
4.04239 -1.44255 -0.170528
-1.87792 -0.868596 4.40653
4.67966 -1.25373 2.72695
2.02942 -4.82143 -3.98279
0.421952 0.272283 3.01842
4.70544 4.3266 -0.0446394
-0.960137 3.10089 3.14624
-4.4255 -4.69625 0.280136
-4.78439 -4.06246 1.94964
-1.62032 3.70851 2.64048
-3.30663 -1.644 -3.16485
4.89989 1.33814 0.359287
4.79623 1.22665 -2.47192
-4.34601 3.61752 3.11605
-0.035865 0.314606 2.17292
-2.65056 -2.67643 4.17751
-4.18643 -4.85628 2.89958
1.54607 -4.27672 0.465607
-0.944709 0.0411804 -2.13137
-4.18312 -4.88673 -4.36732
0.729962 -2.28908 -4.90384
1.18229 -0.667019 -4.43519
0.116823 3.38125 -0.264304
-4.38073 4.85954 -4.53526
1.36422 0.63058 -1.87797
1.10869 0.34552 -0.316355
-4.90923 4.65797 -3.47063
-2.5397 -4.11962 -2.77563
3.86839 -4.86249 -3.95141
2.66173 3.21772 3.48873
3.58325 -0.722506 -3.13294
1.9638 -2.86243 -4.38626
4.25951 3.70697 1.79805
2.73451 0.176444 1.41435
2.16658 4.98437 -4.94159
1.56989 2.76547 -1.71698
4.98444 4.98253 0.056074
1.84348 2.65248 -0.455074
4.6198 -0.655835 -3.19042
-2.36647 2.20316 -1.16447
2.53649 -4.74424 -1.76914
-0.235629 -0.767725 2.28739
-4.86951 -4.90356 -0.322557
1.66262 -4.44382 -1.44907
-3.95428 2.73561 1.26488
-0.392867 -4.11517 3.98856
4.6736 2.84038 4.82072
0.569182 -0.728993 2.87317
0.364248 2.72282 1.19448
-3.88102 -3.38101 -1.30478
4.43991 3.25096 -0.623473
1.56398 4.59843 1.45534
-2.55513 -2.92626 -1.12261
0.741844 0.904992 -2.82594
0.0564613 2.87383 -1.82573
4.21976 1.64104 -2.534
4.91413 1.76428 -2.50781
-0.0596726 -4.49596 4.13946
-3.09459 4.92906 1.76635
0.934409 -0.20448 1.35635
-3.96727 2.5992 4.1798
-2.29066 0.458821 -1.60044
2.79989 -0.209414 -1.96343
-4.95163 -1.81156 1.83392
-2.45849 -2.88703 -1.93224
