4.1394 1.89484 0.116447
1.35367 -0.103992 0.90133
4.80703 4.95716 -1.36447
2.65394 3.92618 2.10527
-4.11025 4.75413 1.76317
-3.92931 0.34112 3.65723
0.742707 -3.68499 -1.7392
0.452043 -1.42678 2.87948
-4.29657 -2.90618 -3.51998
-3.77774 1.48277 -3.8957
3.32923 4.78107 3.43433
4.67157 4.98458 -2.01549
1.29149 4.01998 0.254473
1.62792 3.40645 -2.62983
-4.37961 -2.63347 -0.105947
-4.54473 -2.14411 -0.980262
-3.24749 -2.07211 4.39902
2.08888 -3.7206 4.82663
2.1504 0.256304 0.0758604
-2.87574 0.601773 2.5964
1.40414 4.07172 3.62268
-0.249316 2.23586 2.04458
-2.02037 4.53902 -2.5341
-4.53804 3.98668 -3.30547
-3.92504 -4.68346 4.31629
-0.0035762 -0.299125 -4.17405
4.06307 1.24367 -1.12349
4.90259 -0.271398 -2.93953
-0.908101 -3.85342 -2.2562
-3.29649 0.443389 2.40825
0.879719 -4.48912 -3.25316
3.74573 -1.24258 0.844844
0.0106803 4.36552 -1.247
1.27516 3.58876 1.89528
-4.27858 4.85185 -2.54266
3.98516 -1.42699 -0.195019
-2.05928 -0.849383 4.47718
4.53746 -1.2188 2.68565
1.82923 -4.60799 -4.17868
0.420337 0.237502 3.14774
4.7231 4.06406 0.119832
-0.884566 2.97657 3.27915
-4.43643 -4.71926 -0.817008
-4.64668 -3.99708 1.87333
-1.45043 3.71117 2.36238
-3.49468 3.3015 -3.14927
4.82673 1.25532 0.189118
4.65742 1.09716 -2.42045
-4.31189 3.60922 3.22831
0.00799895 0.275641 2.10838
-2.76612 -2.64473 4.24463
-4.33167 -4.75668 2.83559
1.52218 -4.35564 0.435064
-0.979639 0.0628572 -2.08323
-4.27008 4.99484 -4.32518
0.702553 -2.31799 -4.89512
1.08487 -0.710083 -4.46395
0.0602169 3.58288 -0.376608
-4.31117 -4.95786 -4.6163
1.41405 0.482978 -1.89725
1.1044 0.278396 -0.357301
-4.82521 4.67562 -3.03307
-2.33454 -4.02737 -2.88032
3.65907 -4.89754 -3.96053
2.70876 3.16417 3.3568
3.52288 -0.58178 -2.31499
2.0316 4.02373 -4.16066
4.31602 3.45542 1.90261
2.79614 0.254382 1.20534
2.17398 -4.93044 4.98265
1.19971 2.74708 -1.92621
-4.94183 -4.78082 0.162457
1.93761 2.76238 -0.395231
4.31972 -0.726374 -3.16374
-2.39648 2.28591 -1.78566
2.60351 -4.78074 -1.72161
-0.284059 -0.646814 2.36053
4.92337 -4.88282 -0.392834
1.71602 -4.38184 -1.30056
-3.95203 2.74689 1.10149
-0.263719 -4.08212 4.01856
4.78501 2.7872 4.69654
0.49151 -0.811142 2.93158
0.398113 2.82903 1.21354
-3.73217 -3.46694 -1.43332
4.36243 3.36363 -0.485389
1.59579 4.67213 1.71007
-2.64641 -2.91668 -1.18282
0.702297 0.909868 -2.79064
0.0397633 2.84973 -1.85149
4.27775 1.64685 -2.56036
-4.93906 1.80923 -2.40816
0.00122619 -4.59497 4.17497
-2.7799 -4.95693 1.8407
0.934213 -0.0839613 1.37625
-3.96352 2.80169 4.19617
-2.85407 0.389926 -1.14971
2.96457 -0.321333 -1.86991
-4.94787 -1.97465 1.79127
-2.64742 -2.94892 -2.1076
