4.02717 1.99356 0.260368
1.50722 -0.0651617 1.02477
-4.96265 4.97908 -1.36852
2.48946 3.96838 2.08982
-4.1208 4.64536 1.73221
-3.80165 0.393511 3.67618
0.790808 -3.84549 -2.40509
0.653421 -1.39303 2.96273
-4.28978 -2.93611 -3.59899
-3.60737 1.35724 -4.02349
3.33577 4.8922 3.56938
4.70708 4.91001 -1.67184
1.36395 4.07115 0.255079
1.40145 3.70133 -2.37164
-4.29246 -2.75955 -0.201354
-4.56298 -2.00065 -0.936788
-3.1945 -2.16301 4.4609
2.51208 -3.79878 4.63838
2.11422 -0.00920344 0.203497
-2.91001 0.602095 2.56565
1.52644 3.99639 3.71135
-0.22765 2.18104 2.15684
-2.02205 4.55689 -2.58133
-4.64732 3.98629 -3.37807
-3.97628 -4.73947 4.10247
-0.0456334 -0.360547 -4.22378
4.00679 1.29476 -1.60258
4.8232 -0.243936 -1.41368
-0.877101 -3.7757 -2.05405
-3.28642 0.253909 2.11441
0.955967 -4.29318 -3.46231
3.55779 -1.27442 0.394039
0.118619 3.92181 -1.20522
1.29507 3.51658 1.7975
-4.34069 4.79465 -2.66629
3.93056 -1.41197 -0.219684
-2.24096 -0.830221 4.54915
4.40071 -1.18415 2.64575
1.62968 -4.40031 -4.3843
0.419061 0.20353 3.27987
4.75073 3.81145 0.284974
-0.809468 2.85434 3.41459
-4.45628 -4.74984 -1.91426
-4.5133 -3.93739 1.79799
-1.28121 3.7165 2.08496
-3.68476 -1.75397 -3.13525
4.75628 1.17246 0.019253
4.52848 0.966647 -2.36996
-4.28032 3.60339 3.34181
0.0515797 0.237005 2.04403
-2.88188 -2.61417 4.31318
-4.47851 -4.66138 2.77269
1.49901 -4.44132 0.404881
-1.01499 0.0844178 -2.03561
-4.35822 4.91801 -4.28328
0.675233 -2.34731 -4.88867
0.987848 -0.753258 -4.49439
0.00299039 3.78668 -0.488717
-4.2445 -4.82693 -4.7059
1.46416 0.33525 -1.91721
1.09989 0.211194 -0.398492
-4.74938 4.69978 -2.59746
-2.12984 -3.93802 -2.98618
3.45254 -4.93609 -3.97176
2.7568 3.1115 3.22623
3.46397 -0.441582 -1.49776
2.10009 0.912297 -3.93827
4.37896 3.2069 2.00832
2.85908 0.332328 0.99709
2.1822 -4.8488 4.91061
0.829952 2.73017 -2.13624
-4.89414 -4.55354 0.271107
2.03233 2.87325 -0.335421
4.02095 -0.797362 -3.13801
-2.42791 2.36961 -2.40739
2.67183 -4.82048 -1.67459
-0.334072 -0.526836 2.43431
4.73058 -4.87109 -0.4636
1.7699 -4.32263 -1.15219
-3.95452 2.7599 0.938538
-0.135061 -4.04977 4.04973
4.90438 2.73581 4.57746
0.414294 -0.893081 2.9915
0.431799 2.93615 1.23276
-3.58619 -3.55605 -1.56224
4.28764 3.4783 -0.347514
1.62794 4.74866 1.96523
-2.73831 -2.90833 -1.24258
0.662599 0.915009 -2.75649
0.0226018 2.82651 -1.87778
4.34051 1.65352 -2.58772
-4.80304 1.85537 -2.30923
0.0625374 -4.69858 4.21361
-2.46561 -4.84458 1.91537
0.93372 0.0363949 1.39684
-3.96168 3.00493 4.21417
-3.41964 0.32096 -0.699194
3.12952 -0.433372 -1.7767
-4.94892 -2.13848 1.74916
-2.8375 -3.01261 -2.28473
