3.91883 2.09373 0.40493
1.66145 -0.0266937 1.14836
-4.76017 -4.98547 -1.37177
2.326 4.01202 2.0748
-4.13346 4.54199 1.70158
-3.67577 0.445936 3.69675
0.838989 -4.00714 -3.07143
0.85566 -1.36125 3.04734
-4.2856 -2.96808 -3.68061
-3.4385 1.23197 -4.15329
3.34543 -4.99108 3.70669
4.77992 4.84365 -1.32942
1.43691 4.12646 0.255751
1.17582 4.00013 -2.11493
-4.20776 -2.88698 -0.296368
-4.58383 -1.85758 -0.893531
-3.14254 -2.25366 4.52444
2.93621 -3.87817 4.45274
2.0789 -0.275038 0.330858
-2.94457 0.602792 2.53562
1.64895 3.92325 3.80131
-0.206189 2.12657 2.26953
-2.024 4.57728 -2.62911
-4.76035 3.98908 -3.45314
-4.029 -4.79979 3.89365
-0.0880086 -0.421898 -4.27533
3.95424 1.34665 -2.08165
4.74745 -0.2167 0.111873
-0.846128 -3.69974 -1.8523
-3.27902 0.0637751 1.8203
1.03236 -4.10069 -3.67489
3.37292 -1.30724 -0.0551216
0.22629 3.48181 -1.16451
1.31531 3.44643 1.70064
-4.40478 4.75133 -2.79163
3.87889 -1.39771 -0.244687
-2.42293 -0.811079 4.62252
4.26838 -1.14978 2.60716
1.43085 -4.19593 -4.60182
0.418093 0.170312 3.41498
4.78526 3.56401 0.450877
-0.734916 2.73423 3.55256
-4.48234 -4.80175 -3.01177
-4.38367 -3.88246 1.72349
-1.11262 3.72459 1.80812
-3.87688 3.18861 -3.12287
4.6886 1.08969 -0.150397
4.40696 0.835345 -2.32083
-4.25141 3.60007 3.45647
0.0949112 0.198668 1.97986
-2.99762 -2.58515 4.38315
-4.62706 -4.56967 2.71074
1.47653 -4.53413 0.375059
-1.05078 0.105892 -1.98847
-4.44822 4.87149 -4.24303
0.648015 -2.37706 -4.88442
0.891203 -0.796567 -4.52662
-0.0549656 3.99312 -0.600036
-4.17935 -4.73321 -4.8017
1.51454 0.187371 -1.93788
1.09516 0.143928 -0.439901
-4.68266 4.73679 -2.16296
-1.92535 -3.8512 -3.09329
3.24839 -4.97762 -3.98544
2.80592 3.05967 3.09681
3.40717 -0.301742 -0.680261
2.16911 -2.19884 -3.71723
4.448 2.96082 2.11524
2.92347 0.410411 0.789592
2.19123 -4.77026 4.84412
0.460842 2.71448 -2.34761
-4.86006 -4.33281 0.380695
2.12771 2.98514 -0.275702
3.72356 -0.868632 -3.11323
-2.46054 2.45432 -3.03008
2.74162 -4.86358 -1.62808
-0.385683 -0.407681 2.50906
4.54936 -4.86885 -0.534149
1.82431 -4.26606 -1.00397
-3.9621 2.77457 0.775975
-0.00668593 -4.01819 4.08228
-4.96721 2.68601 4.46292
0.336902 -0.974734 3.05295
0.4652 3.04423 1.25212
-3.44259 -3.64882 -1.69144
4.21551 3.59503 -0.209932
1.66038 4.82797 2.22087
-2.83072 -2.90112 -1.30201
0.622744 0.920413 -2.72341
0.00477793 2.80407 -1.90452
4.40843 1.66111 -2.6163
-4.67806 1.90244 -2.21096
0.123917 -4.80657 4.25535
-2.15169 -4.7348 1.99039
0.93291 0.156723 1.4179
-3.962 3.2091 4.23384
-3.98869 0.252003 -0.248761
3.2941 -0.545773 -1.68546
-4.95382 -2.30306 1.70764
-3.0287 -3.07838 -2.46371
