3.81453 2.19544 0.550039
1.81631 0.0115713 1.27247
-4.58951 -4.97483 -1.37482
2.16355 4.05741 2.0602
-4.1482 4.44319 1.67132
-3.55141 0.498445 3.719
0.886955 -4.17005 -3.73796
1.05904 -1.33073 3.13352
-4.28379 -3.00168 -3.76499
-3.27072 1.1069 -4.28518
3.35854 -4.87663 3.8465
4.88852 4.80494 -0.987258
1.5104 4.18672 0.256465
0.950923 4.30337 -1.85948
-4.1253 -3.01568 -0.391144
-4.60726 -1.71481 -0.850502
-3.09172 -2.3431 4.59019
3.36163 -3.9586 4.26943
2.04422 -0.54149 0.45801
-2.97966 0.603749 2.50613
1.7718 3.85257 3.89268
-0.184901 2.07251 2.38264
-2.02614 4.60016 -2.67743
-4.87695 3.99664 -3.53065
-4.08314 -4.86442 3.689
-0.130715 -0.48311 -4.32877
3.90476 1.39963 -2.56101
4.67582 -0.189594 1.63771
-0.815157 -3.62538 -1.65082
-3.27388 -0.126747 1.52629
1.10954 -3.911 -3.8923
3.18939 -1.34137 -0.503193
0.33391 3.04411 -1.12428
1.33606 3.37851 1.60465
-4.47095 4.73622 -2.91837
3.8308 -1.38438 -0.269936
-2.60522 -0.791939 4.69734
4.13987 -1.11565 2.5699
1.23273 -3.99424 -4.83025
0.41745 0.137822 3.55325
4.82664 3.32021 0.617468
-0.660826 2.6163 3.69322
-4.5104 -4.88027 -4.11046
-4.25723 -3.83153 1.64982
-0.944644 3.7354 1.53179
-4.07092 -1.87 -3.11195
4.62413 1.00727 -0.319996
4.2908 0.703053 -2.27297
-4.2246 3.59953 3.57228
0.138 0.16055 1.91587
-3.11315 -2.55872 4.45403
-4.77744 -4.48084 2.6497
1.45468 -4.63475 0.34565
-1.08701 0.127301 -1.94179
-4.53993 4.83885 -4.20515
0.620864 -2.40716 -4.88242
0.794954 -0.839914 -4.56074
-0.113689 4.2031 -0.710837
-4.11541 -4.65266 -4.90277
1.56526 0.0393895 -1.95937
1.09024 0.0766275 -0.481512
-4.62445 4.79495 -1.72894
-1.72096 -3.7665 -3.20164
3.04644 4.97825 -4.00172
2.85628 3.00894 2.96846
3.35163 -0.161802 0.137176
2.23893 4.68963 -3.49744
4.5233 2.71701 2.22347
2.98929 0.488832 0.582727
2.2011 -4.6943 4.78286
0.0925578 2.69996 -2.56129
-4.83334 -4.11699 0.490805
2.22382 3.09824 -0.216132
3.42735 -0.940099 -3.08933
-2.49397 2.54014 -3.65421
2.81292 -4.90994 -1.58207
-0.438807 -0.289082 2.58507
4.37549 -4.8762 -0.604266
1.87929 -4.21205 -0.855931
-3.97527 2.79096 0.613735
0.121492 -3.98746 4.11664
-4.83952 2.63778 4.35271
0.259033 -1.05655 3.11589
0.498218 3.15339 1.2716
-3.30087 -3.7452 -1.8209
4.14597 3.71437 -0.072602
1.69312 4.9104 2.47711
-2.92363 -2.89486 -1.36126
0.582849 0.9261 -2.69138
-0.0138103 2.78238 -1.93144
4.48106 1.66963 -2.64618
-4.56095 1.95034 -2.11325
0.185159 -4.91874 4.30065
-1.83806 -4.62715 2.06577
0.93192 0.277142 1.43926
-3.96339 3.41451 4.25547
-4.56394 0.183082 0.201569
3.46052 -0.658682 -1.59566
-4.96219 -2.46833 1.66674
-3.22112 -3.14609 -2.64482
