3.76387 2.24687 0.622753
1.89398 0.0306724 1.33477
-4.51003 -4.98806 -1.37609
2.08268 4.08079 2.05307
-4.15638 4.3953 1.65633
-3.48978 0.524744 3.73079
0.910547 -4.25255 -4.07134
1.16111 -1.31578 3.17724
-4.28376 -3.01915 -3.80831
-3.18719 1.04443 -4.35193
3.36648 -4.82146 3.91747
4.95077 4.79489 -0.816125
1.54735 4.21902 0.256831
0.838645 4.45668 -1.73214
-4.08486 -3.08053 -0.438473
-4.61989 -1.64352 -0.829056
-3.06647 -2.38681 4.62441
3.57497 -3.99926 4.17859
2.02707 -0.675037 0.521556
-2.99745 0.604302 2.49157
1.83338 3.81814 3.93894
-0.174319 2.04564 2.43937
-2.02728 4.61251 -2.70179
-4.93656 4.00219 -3.57024
-4.11076 -4.89846 3.58808
-0.152192 -0.513665 -4.35622
3.88082 1.42644 -2.80119
4.64141 -0.176051 2.40085
-0.79967 -3.5888 -1.55016
-3.27216 -0.222109 1.37936
1.14912 -3.81651 -4.00313
3.09816 -1.35904 -0.727425
0.387729 2.82588 -1.10411
1.34668 3.34537 1.55697
-4.50492 4.73212 -2.98206
3.80807 -1.37801 -0.282491
-2.69649 -0.782365 4.73533
4.0769 -1.09873 2.55181
1.13393 -3.89453 -4.9485
0.41725 0.121815 3.62364
4.84998 3.19936 0.700955
-0.623945 2.55812 3.76463
-4.52495 -4.94795 -4.66016
-4.19506 -3.80744 1.61332
-0.860901 3.7418 1.39379
-4.16858 0.599581 -3.10706
4.59331 0.966195 -0.404844
4.23426 0.636613 -2.24936
-4.21191 3.60037 3.63061
0.159444 0.141531 1.88395
-3.17115 -2.54718 4.48937
-4.85337 -4.43738 2.6195
1.44397 -4.68847 0.331118
-1.10528 0.137986 -1.91861
-4.5865 4.85432 -4.18741
0.60732 -2.42235 -4.88226
0.747002 -0.861617 -4.57854
-0.143286 4.30944 -0.766215
-4.08385 -4.61527 -4.95525
1.59077 -0.0346603 -1.97045
1.08772 0.0429586 -0.50239
-4.59902 4.84323 -1.51281
-1.61879 -3.72486 -3.25629
2.94627 4.95694 -4.01089
2.88195 2.984 2.90467
3.32444 -0.0918555 0.545862
2.27418 3.13468 -3.38813
4.56331 2.59585 2.27811
3.02268 0.528271 0.479494
2.20636 -4.65753 4.75417
-0.091501 2.69315 -2.66916
-4.82212 -4.0107 0.545998
2.27217 3.15526 -0.186417
3.27964 -0.975911 -3.07771
-2.51098 2.58352 -3.96703
2.84913 -4.93448 -1.55925
-0.46589 -0.229913 2.62361
4.29055 -4.88453 -0.639172
1.90701 -4.18606 -0.781987
-3.98418 2.79978 0.532688
0.185511 -3.97248 4.13471
-4.77724 2.61421 4.29916
0.219953 -1.09764 3.14792
0.514543 3.20841 1.2814
-3.23057 -3.79479 -1.88574
4.11216 3.77512 -0.00398614
1.70962 4.95284 2.6055
-2.97029 -2.89206 -1.39084
0.562905 0.929027 -2.67576
-0.0232989 2.77181 -1.94491
4.51901 1.67422 -2.66153
-4.50469 1.97459 -2.06459
0.215681 -4.97648 4.32486
-1.68133 -4.57405 2.10362
0.93141 0.337411 1.45001
-3.96432 3.5178 4.26714
-4.85459 0.148608 0.426727
3.54465 -0.715269 -1.55119
-4.96763 -2.55123 1.64652
-3.31781 -3.18078 -2.73622
