2.20802 1.4945 -1.95859
-3.36507 -4.96449 1.93705
-4.87586 -1.79204 0.0409841
4.68563 4.63304 0.0413419
-3.98458 -2.12206 -4.6087
2.98343 0.902569 -4.4702
0.498384 4.37814 1.39584
2.73972 -4.20898 3.51792
4.79296 3.40479 -3.28376
3.38384 4.86692 -1.91854
-4.84612 2.12202 2.68889
4.03063 1.69275 -4.47967
-0.594192 3.8563 -0.781454
-3.3857 -1.95991 4.30908
-3.77811 -4.82891 4.77663
0.29583 0.350675 -2.61389
0.056527 -3.19675 4.70823
4.36871 -0.188049 -1.8767
4.57073 0.296426 -1.06606
3.31269 3.47673 3.17335
4.55451 -4.96775 2.01401
1.62639 3.0347 1.98587
-4.6132 -3.55254 -2.80639
0.333981 1.22041 -4.88266
-4.49887 -3.39549 -1.14767
-0.561857 -3.24415 4.82596
1.02283 -4.27732 -4.92758
0.00775128 -4.24626 2.92265
-3.4161 1.46997 4.53395
-4.50913 3.18782 3.35943
-2.83808 -4.8582 -1.61228
3.72274 -3.55542 4.25345
-2.23112 -4.17517 1.58168
2.48246 -1.0736 -1.9616
4.50607 0.72115 4.34199
4.73641 1.00004 3.81741
-0.976614 -4.91552 0.3946
-0.482362 -0.38575 -3.79787
-4.69236 -2.67091 1.62542
2.95786 1.06474 4.71861
-0.970977 -1.40122 4.57101
4.66615 -1.71946 3.50056
-1.006 4.65301 -4.79029
4.13705 -4.77037 -2.71159
4.39704 -4.38373 -1.37093
-0.751455 4.68894 -4.40194
-3.49026 2.20274 -4.37727
-3.44201 -0.638385 0.00633749
4.72304 3.74456 -0.853943
1.82217 -1.0145 3.97171
2.88887 4.87981 -4.09636
-3.07656 0.257537 -0.226569
-1.74984 1.12448 -3.90965
3.69475 -4.67968 1.91062
2.84543 2.98373 4.92623
0.642546 -0.504454 4.44354
-0.0948087 2.17988 1.55116
4.84116 -4.5289 3.63758
4.29221 -1.08455 -4.66109
-0.93578 -2.68954 -0.207162
-0.772366 -0.830035 3.64293
-4.0485 -4.92989 -4.80384
1.89328 -4.84013 4.1865
3.03646 -2.50669 -1.05169
2.45285 -4.61704 4.6104
4.90066 4.52975 4.8311
1.76397 -4.09691 -4.39567
-1.78507 -4.3748 -4.96734
-2.80294 2.42357 -3.434
4.07097 -0.870671 -3.28522
-4.47032 4.51608 -4.07638
-4.29991 4.21331 -1.55184
-4.40252 4.98552 4.56738
-2.94905 -3.61054 4.65598
2.00644 3.26514 4.59256
3.65609 1.907 1.06115
1.33181 4.7941 -2.68517
4.5366 3.36593 0.536846
1.15403 -2.39731 2.24428
4.30443 -0.950915 4.67416
0.810183 2.87678 -2.69168
0.627565 -3.08099 0.791403
-0.917609 -3.41223 -1.90909
-0.746197 -0.399132 -1.59568
4.19029 -2.02947 -4.35801
2.60431 -0.105199 2.23138
4.64214 -0.481366 -4.9494
-0.418215 -0.165178 1.29117
0.335171 4.73966 -4.96532
-1.27824 0.470107 -0.0165049
4.85614 -3.01718 1.37742
-4.80824 -3.40074 -4.35367
-3.20049 2.35158 -1.01213
-4.92121 -4.9899 2.35478
-0.948599 0.976301 2.71047
2.71629 -2.88881 2.7172
-2.88227 0.552389 -4.26126
-1.56842 -4.83199 2.92747
-4.45429 1.09027 0.263128
1.86136 -1.44825 4.18866
