3.43521 2.6173 1.13355
2.44121 0.164082 1.77461
-3.96055 4.51994 -1.39247
1.52111 4.26212 2.00626
-4.23031 4.08169 1.55329
-3.06939 0.709316 3.82769
1.0755 -4.85769 3.57428
1.88088 -1.2151 3.49574
-4.30122 -3.15645 -4.14232
-2.60847 0.608001 -4.83934
3.44629 -4.47436 4.43521
-4.61731 4.80797 0.38441
1.81121 4.50565 0.258548
0.0557954 -4.47307 -0.847947
-3.81388 -3.54712 -0.769979
-4.7269 -1.14661 -0.680229
-2.87887 -2.68794 4.88655
-4.91149 -4.29725 3.55329
1.9102 -1.61669 0.966716
-3.12771 0.608756 2.39196
2.26828 3.59279 4.27343
-0.101411 1.86057 2.8398
-2.03678 4.71398 -2.87755
4.68195 4.05984 -3.86847
-4.32143 4.84758 2.89375
-0.305933 -0.726857 -4.56471
3.73103 1.61817 -4.50138
4.41873 -0.0813234 -2.25312
-0.691748 -3.34512 -0.847301
-3.2755 -0.89145 0.351755
1.43539 -3.17055 -4.84746
2.47122 -1.4941 -2.30251
0.764791 1.30438 -0.963611
1.4274 3.12704 1.22756
-4.77127 4.74318 -3.43805
3.66714 -1.33824 -0.368988
-3.33941 -0.715977 -4.98608
3.65573 -0.984925 2.4335
0.446284 -3.2155 4.29315
0.417529 0.0130257 4.14388
-4.93765 2.36561 1.28749
-0.368421 2.16273 4.28691
-4.64606 4.5745 1.49717
-3.78188 -3.66686 1.36332
-0.280119 3.80333 0.429301
-4.87613 -2.13299 -3.08536
4.39653 0.680351 -1.00009
3.86026 0.170502 -2.09088
-4.13842 3.62166 4.04509
0.307232 0.00754678 1.66179
-3.60072 -2.48256 4.73789
4.62912 -4.15449 2.41207
1.37112 4.85338 0.231444
-1.23647 0.212156 -1.75964
-4.93438 -4.97041 -4.09106
0.512539 -2.53129 -4.90609
0.414325 -1.01467 -4.72027
-0.355733 -4.89819 -1.15524
-3.87161 -4.4134 4.69474
1.77129 -0.554158 -2.05417
1.06927 -0.193358 -0.649536
-4.488 -4.29936 -0.00141689
-0.90428 -3.4453 -3.64971
2.25502 4.83567 -4.0967
3.07052 2.81677 2.4642
3.14324 0.396352 3.4107
2.52505 2.2492 -2.63104
4.88772 1.75631 2.67012
3.2643 0.807972 -0.244239
2.2497 -4.42397 4.58014
-1.38285 2.65367 -3.44026
-4.78112 -3.29394 0.932323
2.61689 3.56454 0.0194658
2.25158 -1.2282 -3.00286
-2.63535 2.89586 3.8275
3.11306 4.89029 -1.40431
-0.663652 0.183354 2.90429
3.73732 4.99423 -0.884696
2.10628 -4.02636 -0.266378
-4.09111 2.872 -0.0355032
0.631005 -3.88542 4.27785
-4.37365 2.45563 3.95005
-0.0554511 -1.38957 3.38301
0.624418 3.60439 1.35145
-2.74453 -4.17198 -2.34557
3.89828 4.22069 0.476222
1.82847 -4.75514 3.50956
-3.302 -2.88024 -1.60034
0.42309 0.950809 -2.57367
-0.0907626 2.70345 -2.04233
4.81009 1.70992 -2.77457
-4.14144 2.14836 -1.72734
0.425999 4.67019 4.52115
-0.585996 -4.21509 2.3712
0.928604 0.761116 1.52588
-3.97656 4.25469 4.36609
3.11584 -0.093581 2.00507
4.15789 -1.1139 -1.24737
4.9814 -3.13788 1.50891
-4.00724 -3.4454 -3.39662
