3.16342 3.00558 1.64486
2.99569 0.299535 2.21674
-3.42723 4.08986 -1.41734
0.964345 4.47179 1.96561
-4.32868 3.79216 1.45348
-2.66434 0.894835 3.95635
1.24183 4.51193 1.22747
2.61002 -1.12006 3.83814
-4.35521 -3.3166 -4.55364
-2.03782 0.172942 4.646
3.57138 -4.18332 -4.99961
-4.22744 4.91258 1.58467
2.09502 4.86003 0.258536
-0.72158 -3.4984 0.0331337
-3.56215 -4.04251 -1.10403
-4.88626 -0.652564 -0.532285
-2.68891 -2.99702 -4.83775
-3.39514 -4.63781 2.94298
1.80008 -2.57163 1.414
-3.26806 0.612982 2.2962
2.7118 3.3915 4.62796
-0.0299781 1.68094 3.24647
-2.04884 4.85139 -3.0643
4.43249 4.17715 -4.20893
-4.57203 4.66709 2.21318
-0.468969 -0.938281 -4.81175
3.61459 1.81808 3.76894
4.2325 0.0111828 3.08709
-0.586672 -3.1162 -0.146888
-3.30233 -1.56423 -0.674768
1.7386 -2.55358 4.23822
1.87333 -1.65516 -3.89546
1.1413 -0.208067 -0.827515
1.51812 2.92362 0.901053
4.81425 -4.9709 -3.91119
3.55153 -1.3068 -0.453321
-3.99238 -0.650784 -4.71355
3.26572 -0.880312 2.32856
-0.245113 -2.55836 3.66198
0.42066 -0.0901995 4.7347
-4.74605 1.54152 1.87669
-0.115851 1.78455 4.85315
-4.80593 4.13588 -2.34122
-3.41165 -3.58143 1.12211
0.292045 3.89434 -0.537453
4.40495 -4.90899 -3.08343
4.22965 0.398566 -1.59782
3.51369 -0.294153 -1.94745
-4.0909 3.66247 4.47872
0.451759 -0.129265 1.44148
-4.05267 -2.42503 -4.97272
4.17434 -3.91236 2.21148
1.28907 4.42035 0.128322
-1.37392 0.285904 -1.60639
4.75117 -4.97963 -4.04101
0.416934 -2.64586 -4.99379
0.0872621 -1.1708 -4.90416
-0.576951 -4.05645 -1.55555
-3.67953 -4.27941 4.39511
1.95451 -1.07412 -2.14663
1.05025 -0.432817 -0.797391
-4.42385 -3.58717 1.50657
-0.191745 -3.18304 -4.0657
1.57348 4.75808 -4.22348
3.27726 2.66053 2.03432
2.97438 0.885319 -3.71472
2.7851 1.35803 -1.88538
-4.72577 0.921815 3.08067
3.52208 1.09134 -0.968948
2.30526 -4.2269 4.44383
-2.68128 2.62868 -4.24218
-4.94524 -2.60822 1.31153
2.97637 3.98871 0.220956
1.22588 -1.48199 -2.94231
-2.76899 3.22503 1.63524
3.39138 4.7509 -1.26646
-0.872018 0.596471 3.20606
3.22761 4.85415 -1.1274
2.3157 -3.92174 0.246435
-4.24694 2.9601 -0.606723
1.074 -3.83047 4.45182
-4.02421 2.30696 3.63702
-0.333997 -1.68748 3.64169
0.726633 4.02165 1.42516
-2.26808 -4.61554 -2.81952
3.72983 4.69713 0.956927
1.9555 -4.51032 4.42525
-3.64825 -2.88259 -1.8186
0.282588 0.975616 -2.48552
-0.159369 2.64506 -2.14736
-4.8691 1.74976 -2.89841
-3.81499 2.32815 -1.39647
0.630589 4.42511 4.75693
0.506112 -3.87987 2.64357
0.927364 1.18854 1.60331
-4.00357 -4.96652 4.49197
1.1136 -0.338942 3.59611
4.8519 -1.5237 -0.95555
-4.93053 -3.74815 1.3842
-4.73869 -3.75852 -4.09902
