3.09507 3.12213 1.78946
3.15688 0.338707 2.34378
-3.27722 3.97195 -1.42533
0.80527 4.53503 1.95647
-4.36096 3.71281 1.42535
-2.55068 0.948421 3.99742
1.29048 4.33891 0.557277
2.82106 -1.09376 3.94077
-4.37883 -3.36611 -4.68695
-1.87579 0.0486293 4.5035
3.61531 -4.10919 -4.83608
-4.12037 4.95484 1.92745
2.17976 4.97318 0.258107
-0.944782 -3.2291 0.286324
-3.49343 -4.19038 -1.19999
-4.94443 -0.511376 -0.489938
-2.63531 -3.0869 -4.76445
-2.96423 -4.7436 2.7708
1.77033 -2.84778 1.54246
-3.30966 0.614075 2.26946
2.84037 3.33734 4.73354
-0.00965131 1.63065 3.364
-2.05258 4.91024 -3.11997
4.37389 4.22942 -4.31513
-4.65118 4.62943 2.02161
-0.518125 -0.998227 -4.89289
3.58897 1.87692 3.28008
4.18715 0.0373698 4.61438
-0.556631 -3.05107 0.0522085
-3.31433 -1.75735 -0.968275
1.82858 -2.38087 3.99098
1.70793 -1.7048 -4.3608
1.25659 -0.631383 -0.789856
1.54534 2.86693 0.807782
4.68577 -4.90722 -4.03946
3.52289 -1.2992 -0.477311
-4.18122 -0.632235 -4.64047
3.15981 -0.852008 2.3005
-0.44396 -2.37534 3.49408
0.422312 -0.118142 4.92343
-4.70068 1.30708 2.04541
-0.0439374 1.67935 -4.97579
-4.85813 4.01504 -3.43883
-3.3085 -3.56603 1.05414
0.454398 3.92499 -0.814938
4.21161 0.00609455 -3.08591
4.18812 0.318588 -1.76956
3.41974 -0.427585 -1.90941
-4.08202 3.67944 4.6084
0.492779 -0.168749 1.37878
-4.185 -2.40929 -4.88274
4.05564 -3.84914 2.15594
1.26429 4.30635 0.096732
-1.41427 0.307035 -1.56365
4.68012 -4.9764 -4.04224
0.389567 -2.68019 4.97141
-0.00490922 -1.21638 -4.96829
-0.640494 -3.82426 -1.67227
-3.62797 -4.25261 4.31911
2.00847 -1.22341 -2.17473
1.04114 -0.505765 -0.839483
-4.41099 -3.39456 1.93765
0.011298 -3.1111 -4.18985
1.3796 4.74327 -4.26819
3.34052 2.61656 1.91407
2.92838 1.02534 -2.89666
2.86107 -1.75376 -1.67401
-4.62526 0.683492 3.2021
3.59968 1.17328 -1.17611
2.32469 -4.17528 4.4112
-3.05432 2.62444 -4.47902
4.99059 -2.41421 1.41996
3.08259 4.11254 0.277906
0.932341 -1.55497 -2.92708
-2.80858 3.32266 1.01029
3.47717 4.71225 -1.2354
-0.932999 0.714717 3.29618
3.08365 4.82333 -1.19106
2.37767 -3.90356 0.392586
-4.29855 2.98824 -0.769953
1.20039 -3.81961 4.50759
-3.93115 2.2671 3.55303
-0.414338 -1.77309 3.72158
0.754034 4.1438 1.44659
-2.13435 -4.77891 -2.95721
3.68922 4.8393 1.09464
1.9918 -4.45001 4.69121
-3.75127 -2.88603 -1.88277
0.242311 0.983345 -2.46304
-0.179194 2.62996 -2.17896
-4.78028 1.76175 -2.93591
-3.7256 2.38031 -1.30314
0.688385 4.36609 4.83291
0.817784 -3.78914 2.72264
0.927265 1.31121 1.6258
-4.01519 -4.73785 4.53386
0.543207 -0.409034 4.05563
-4.92615 -1.64372 -0.874115
-4.91029 -3.93102 1.34996
-4.96837 -3.85905 -4.30879
