3.02941 3.24277 1.93467
3.31965 0.378071 2.47138
-3.12802 3.85611 -1.43364
0.646144 4.60081 1.94846
-4.3952 3.63482 1.39733
-2.43788 1.00244 4.04054
1.3405 4.16801 -0.10953
3.03357 -1.06761 4.04586
-4.40786 -3.41719 -4.82566
-1.71427 -0.0757131 4.36368
3.6632 -4.03853 -4.67924
-4.01448 -4.99708 2.27069
2.2657 -4.91236 0.257445
-1.16998 -2.96249 0.540618
-3.42603 -4.34104 -1.29616
4.99415 -0.37008 -0.447508
-2.58211 -3.17747 -4.69326
-2.53369 -4.85219 2.59946
1.7413 -3.12577 1.67137
-3.35186 0.615154 2.24302
2.96988 3.28457 4.84146
0.0107247 1.58088 3.48268
-2.05618 -4.90644 -3.17814
4.32185 4.29459 -4.42558
-4.73462 4.59641 1.83119
-0.568829 -1.05789 -4.98653
3.56696 1.93658 2.79337
4.14475 0.0636053 -3.85708
-0.525613 -2.98645 0.250557
-3.32796 -1.9509 -1.26201
1.91995 -2.20938 3.74808
1.54408 -1.75517 -4.83469
1.38207 -1.05584 -0.750865
1.57306 2.81085 0.714568
4.56045 -4.9591 -4.19259
3.49666 -1.29211 -0.501166
-4.3715 -0.613686 -4.56916
3.05598 -0.824234 2.27323
-0.643514 -2.1949 3.32859
0.424486 -0.145004 -4.88421
-4.65898 1.07303 2.21444
0.027955 1.57551 -4.80933
-4.91599 3.89769 -4.53756
-3.20697 -3.55405 0.98635
0.616379 3.95754 -1.09328
4.02192 4.92121 -3.09009
4.14951 0.238795 -1.94175
3.32834 -0.561408 -1.87236
-4.07538 3.69948 4.74192
0.53376 -0.208315 1.31623
-4.31913 -2.39367 -4.79523
3.94087 -3.78839 2.10123
1.23667 4.19607 0.0566395
-1.45506 0.32824 -1.52131
4.61774 -4.8954 -4.0281
0.36221 -2.71527 4.94243
-0.0963939 -1.26258 4.96847
-0.704185 -3.59484 -1.78987
-3.57752 -4.22762 4.24748
2.06321 -1.37329 -2.2041
1.0271 -0.578281 -0.882345
-4.40241 -3.20451 2.37007
0.214059 -3.04058 -4.31983
1.18599 4.73202 -4.31774
3.40592 2.57242 1.79447
2.88326 1.16575 -2.07973
2.93793 -4.86638 -1.46305
-4.52972 0.445089 3.32594
3.67939 1.25586 -1.38333
2.34582 -4.12532 4.38097
-3.42864 2.62172 -4.72048
4.93131 -2.221 1.52891
3.19054 4.23828 0.334679
0.638782 -1.62827 -2.91288
-2.8488 3.42201 0.385522
3.5666 4.67514 -1.20527
-0.99456 0.833338 3.38853
2.93899 4.79546 -1.25501
2.44062 -3.89052 0.538665
-4.35366 3.01809 -0.93317
1.32669 -3.81063 4.56581
-3.84062 2.22869 3.47161
-0.495009 -1.85849 3.80471
0.780925 4.26751 1.46813
-2.00209 4.81891 -3.0931
3.65164 4.98513 1.23264
2.02813 -4.39385 4.96129
-3.85627 -2.89075 -1.94769
0.201987 0.991375 -2.44163
-0.199124 2.61554 -2.21123
-4.69391 1.7741 -2.97428
-3.63731 2.43278 -1.21025
0.74589 4.31136 4.91462
1.12945 -3.7004 2.80235
0.927263 1.4341 1.64855
-4.02902 -4.51221 4.57959
-0.0266417 -0.478862 4.52258
-4.70578 -1.76482 -0.793044
-4.8959 -4.11888 1.31564
4.79497 -3.96371 -4.52357
