2.93587 3.43201 2.15574
3.56718 0.437456 2.66423
-2.90568 3.68616 -1.44684
0.406783 4.70465 1.93858
-4.45035 3.52136 1.35568
-2.27021 1.08446 4.10927
1.42067 3.91533 -1.11119
3.35556 -1.02839 4.2085
-4.46809 -3.49667 4.95218
-1.47317 -0.262149 4.15867
3.74035 -3.93916 -4.45467
-3.85836 -4.93137 2.78745
2.39633 -4.76351 0.256253
-1.51019 -2.56482 0.922956
-3.32749 -4.57234 -1.44093
4.90472 -0.157979 -0.383755
-2.50328 -3.31458 -4.59067
-1.88837 4.98135 2.34371
1.69883 -3.54627 1.86562
-3.41634 0.616861 2.20385
3.16615 3.208 -4.99153
0.0414958 1.50725 3.6633
-2.06257 -4.58139 -3.26941
4.25904 4.42351 -4.60179
-4.86774 4.56272 1.54688
-0.648513 -1.14731 4.84155
3.54046 2.02747 2.06699
4.08574 0.10259 -1.56918
-0.478334 -2.89144 0.547525
-3.35152 -2.24193 -1.70334
2.05949 -1.95375 3.39064
1.30106 -1.83164 4.44695
1.57238 -1.69547 -0.691956
1.61545 2.7288 0.575075
4.36683 4.95247 -4.47532
3.46049 -1.28229 -0.536814
-4.65992 -0.585797 -4.46516
2.90337 -0.783168 2.23378
-0.944728 -1.92761 3.08212
0.429631 -0.183196 -4.6291
-4.60368 0.722781 2.46896
0.13588 1.42236 -4.57237
4.98422 3.72816 3.8143
-3.05815 -3.54068 0.885102
0.858448 4.01068 -1.51282
3.74287 2.30153 -3.09901
4.09586 0.11977 -2.19936
3.19442 -0.762893 -1.81826
-4.06966 3.73523 4.95302
0.595158 -0.267702 1.22269
-4.5248 -2.37036 -4.66841
3.7744 -3.70087 2.02067
1.18391 4.04271 -0.00132097
-1.51717 0.360229 -1.45851
4.54331 -4.79326 -3.97389
0.321057 -2.76929 4.91457
-0.231811 -1.33357 4.90882
-0.800211 -3.25493 -1.96798
-3.50401 -4.19355 4.14757
2.14683 -1.59943 -2.25068
1.00518 -0.686033 -0.947148
-4.39736 -2.92199 3.02168
0.517802 -2.93753 -4.5346
0.895818 4.72213 -4.40247
3.5076 2.50719 1.61543
2.81651 1.37692 -0.855457
3.05471 0.421911 -1.14846
-4.39397 0.0873034 3.51712
3.80321 1.38098 -1.69445
2.37974 -4.05396 4.34359
-3.99338 2.62043 4.90441
4.85372 -1.93223 1.69343
3.35595 4.43525 0.419755
0.198363 -1.73874 -2.89372
-2.91065 3.57498 -0.551234
3.7055 4.62833 -1.16083
-1.08788 1.01253 3.53144
2.72258 4.79796 -1.35141
2.53678 -3.8764 0.757804
-4.44419 3.06674 -1.17844
1.51597 -3.80051 4.66041
-3.70915 2.17403 3.35476
-0.616354 -1.98688 3.93488
0.821373 4.45745 1.50011
-1.80423 4.12018 -3.29535
3.60095 -4.79453 1.44048
2.08359 -4.31643 -4.63609
-4.01815 -2.90026 -2.04664
0.141396 1.00395 -2.41132
-0.229311 2.59524 -2.26081
-4.56877 1.79338 -3.03348
-3.50701 2.51214 -1.07159
0.83155 4.23662 -4.94975
1.59708 -3.57048 2.9235
0.927344 1.61895 1.68329
-4.05504 -4.17834 4.65787
-0.881508 -0.581242 -4.76251
-4.38597 -1.94791 -0.671732
-4.88412 -4.40911 1.26437
4.46744 -4.12954 -4.85856
