2.90598 3.49745 2.23054
3.6507 0.45733 2.72894
-2.8319 3.63046 -1.45155
0.326715 4.74055 1.93582
-4.46982 3.48443 1.34191
-2.21475 1.11206 4.13322
1.44763 3.83179 -1.44529
3.46389 -1.01531 4.26394
-4.49191 -3.52403 4.87851
-1.39314 -0.32424 4.09177
3.7674 -3.9084 -4.38214
-3.80715 -4.91141 2.9602
2.4403 -4.71867 0.255717
-1.62404 -2.43273 1.05053
-3.29529 -4.65096 -1.48938
4.87599 -0.0872674 -0.36246
-2.47725 -3.36065 -4.55771
-1.67339 4.92599 2.25872
1.6849 -3.68761 1.93061
-3.43818 0.617463 2.1909
3.23209 3.18307 -4.93571
0.0518269 1.48295 3.72425
-2.0649 -4.47523 -3.30031
4.24024 4.47141 -4.66345
-4.91434 4.55557 1.4524
-0.675996 -1.17719 4.79164
3.53323 2.05789 1.82582
4.06716 0.115213 -0.807874
-0.462538 -2.86032 0.646452
-3.36016 -2.33915 -1.85076
2.10669 -1.86886 3.2727
1.22069 -1.85732 4.21085
1.63602 -1.90927 -0.672333
1.62976 2.70203 0.528685
4.30407 4.93737 -4.572
3.44912 -1.27928 -0.548642
-4.75685 -0.576481 -4.43136
2.85325 -0.769578 2.22098
-1.04559 -1.83902 3.00035
0.431793 -0.195547 -4.54938
-4.5873 0.60621 2.55411
0.171906 1.37194 -4.4964
4.95084 3.67272 3.26637
-3.00946 -3.53746 0.851453
0.938758 4.02953 -1.6533
3.65103 4.76175 -3.10291
4.07903 0.0804513 -2.28472
3.15044 -0.830364 -1.80068
-4.06918 3.74854 -4.97433
0.615599 -0.2875 1.19159
-4.59457 -2.36268 -4.62786
3.72017 -3.67239 1.99418
1.16614 3.99377 -0.0202993
-1.53814 0.370929 -1.43775
4.52023 -4.77048 -3.95611
0.307222 -2.78768 4.91155
-0.276297 -1.35771 4.89238
-0.832367 -3.14258 -2.0278
-3.48007 -4.18329 4.11583
2.17506 -1.67525 -2.26696
0.997782 -0.721887 -0.968841
-4.39748 -2.82831 3.23974
0.619091 -2.90392 -4.61461
0.79911 4.72062 -4.43195
3.54237 2.48597 1.55573
2.79444 1.44744 -0.447419
3.09397 -1.14838 -1.0437
-4.35064 -0.0320296 3.58231
3.84569 1.42306 -1.79843
2.39159 -4.03119 4.334
-4.18299 2.62061 4.7782
4.83035 -1.83623 1.74855
3.41209 4.50369 0.448082
0.0515258 -1.7757 -2.88793
-2.93172 3.62712 -0.863251
3.75284 4.61395 -1.14624
-1.11922 1.07266 3.58026
2.65074 4.80023 -1.38388
2.5693 -3.87289 0.830861
-4.47665 3.08398 -1.26046
1.57904 -3.79803 4.69485
-3.66655 2.15653 3.31691
-0.65692 -2.03003 3.97943
0.835044 4.52213 1.51075
-1.73851 3.89142 -3.36363
3.58557 -4.72367 1.51002
2.10239 -4.29229 -4.50599
-4.07339 -2.90414 -2.08011
0.121162 1.00826 -2.40167
-0.239464 2.58879 -2.27763
-4.52822 1.8 -3.05374
-3.46419 2.53875 -1.02551
0.859997 4.21337 -4.90553
1.75305 -3.52793 2.96443
0.927369 1.6807 1.69507
-4.06507 -4.06815 4.68637
-1.16691 -0.614539 -4.538
-4.28181 -2.0093 -0.631326
-4.88262 -4.50849 1.24734
4.36417 -4.18978 -4.97522
