2.08577 1.48408 -2.02241
-3.41125 -4.90987 1.95534
-4.91053 -1.81523 0.0432912
4.69863 4.64828 0.0424508
-3.97162 -2.16074 -4.5834
3.02818 0.910728 -4.49829
0.502595 4.36394 1.39992
2.77381 -4.19474 3.57213
4.8412 3.46812 -3.35552
3.41992 4.84686 -1.93625
-4.84476 2.13608 2.71376
4.02786 1.71825 -4.42518
-0.599057 3.9247 -0.795613
-3.45377 -1.98166 4.26926
-3.74579 -4.90681 4.63129
0.301175 0.362527 -2.63974
0.0576108 -3.23128 4.73914
4.35646 -0.191897 -1.90076
4.51582 0.302605 -1.08359
3.28233 3.52557 3.20669
4.46219 -4.98309 2.02584
1.63624 3.07134 1.98882
-4.57744 -3.59373 -2.83709
0.334801 1.24289 -4.79309
-4.43963 -3.44808 -1.15261
-0.579615 -3.29175 4.70226
1.03725 -4.18604 -4.9228
0.00266761 -4.25058 2.95928
-3.37757 1.4934 4.6199
-4.62087 3.26342 3.31818
-2.88398 -4.844 -1.63941
3.82021 -3.5464 4.13758
-2.26167 -4.17371 1.5977
2.5121 -1.07016 -1.99151
4.46243 0.708469 4.41089
4.67214 1.03013 3.75393
-0.984806 -4.97886 0.393037
-0.499559 -0.377199 -3.82131
-4.69712 -2.64839 1.68662
3.01851 1.07247 4.86402
-1.00602 -1.41552 4.47257
4.72311 -1.76119 3.50797
-1.01887 4.60767 -4.702
4.05628 -4.73243 -2.78102
4.30727 -4.36808 -1.39296
-0.76778 4.79665 -4.41218
-3.53277 2.22716 -4.34263
-3.3634 -0.650385 0.0143853
4.80775 3.80522 -0.864804
1.83938 -1.02346 4.01752
2.92633 4.84952 -4.10117
-3.11998 0.258606 -0.231301
-1.79061 1.14809 -3.86358
3.75766 -4.59313 1.91555
2.87781 3.02285 4.92036
0.650591 -0.505136 4.46763
-0.0990879 2.20751 1.55261
4.90646 -4.55345 3.50828
4.20717 -1.11836 -4.74389
-0.957931 -2.72408 -0.212397
-0.785704 -0.843745 3.68342
-4.13585 4.99014 -4.65826
1.93124 -4.79517 4.17135
3.06866 -2.53329 -1.05308
2.48021 -4.7093 4.703
-4.98504 4.5658 4.88486
1.77916 -4.1537 -4.47601
-1.82583 -4.4339 4.93593
-2.83762 2.45564 -3.48642
4.12543 -0.870627 -3.32941
-4.4479 4.52994 -4.04474
-4.23335 4.21838 -1.57015
-4.49913 -4.82191 4.52543
-2.9809 -3.65264 4.64411
2.02863 3.34123 4.70014
3.70561 1.92268 1.06112
1.34226 4.69076 -2.72635
4.46932 3.40751 0.55309
1.1608 -2.4229 2.26531
4.28981 -0.983121 4.70925
0.814934 2.90733 -2.72083
0.636881 -3.13353 0.795127
-0.93211 -3.45475 -1.92926
-0.760094 -0.401909 -1.60861
4.2044 -2.06306 -4.46395
2.63684 -0.108707 2.24175
4.63505 -0.463215 -4.90941
-0.423661 -0.173096 1.29149
0.281013 4.75103 -4.96608
-1.27755 0.47754 -0.0176308
4.82371 -3.08117 1.37139
-4.85919 -3.45493 -4.38208
-3.12174 2.38641 -1.02291
-4.89231 4.92826 2.38507
-0.966622 0.988747 2.73398
2.74573 -2.91533 2.73779
-2.83892 0.578315 -4.22207
-1.48384 -4.71147 2.97512
-4.45185 1.10614 0.277331
1.91316 -1.46919 4.08349
