2.8197 3.70086 2.45879
3.90477 0.517255 2.92454
-2.61005 3.46518 -1.46781
0.0856547 4.85171 1.92874
-4.53333 3.37594 1.30087
-2.04969 1.19563 4.20832
1.52976 3.58215 -2.44808
3.7926 -0.976094 4.43434
-4.57443 -3.60854 4.67101
-1.15381 -0.510219 3.89427
3.85323 -3.82369 -4.17443
-3.65642 -4.85643 3.48025
2.57339 -4.59689 0.25354
-1.9668 -2.03766 1.43352
-3.20062 -4.89224 -1.63527
4.79295 0.124872 -0.298602
-2.39989 -3.50007 -4.46268
-1.02895 4.7627 2.00445
1.64339 -4.1168 2.12656
-3.50496 0.619426 2.1523
3.43147 3.10988 -4.77125
0.0830749 1.41072 3.90935
-2.07242 -4.15932 -3.39441
4.18914 4.6254 -4.85661
4.9431 4.54956 1.16964
-0.761145 -1.26595 4.64959
3.51507 2.14604 1.10463
4.01363 0.153373 1.47606
-0.415318 -2.76866 0.943176
-3.38818 -2.63159 -2.29437
2.2504 -1.61497 2.92188
0.980777 -1.93512 3.51003
1.82719 -2.55258 -0.61365
1.67308 2.62349 0.389668
4.12081 4.92232 -4.87128
3.41727 -1.27103 -0.583501
4.94968 -0.548417 -4.33278
2.70487 -0.728884 2.18357
-1.34936 -1.57432 2.75646
0.439253 -0.231925 -4.32142
-4.54486 0.256902 2.81082
0.280279 1.22231 -4.2765
4.85632 3.50909 1.62458
-2.86613 -3.53179 0.750768
1.17768 4.0905 -2.07619
3.37851 2.14618 -3.11677
4.03135 -0.0373476 -2.5421
3.02066 -1.03281 -1.7499
-4.07184 3.79236 -4.76371
0.67683 -0.346874 1.09847
-4.80786 -2.3401 -4.51257
3.56049 -3.58893 1.91577
1.11257 3.85215 -0.0773092
-1.60186 0.403124 -1.37594
4.45559 -4.71912 -3.9055
0.264837 -2.84416 4.92662
-0.407685 -1.43124 4.85035
-0.929376 -2.80804 -2.20861
-3.4101 -4.15586 4.02453
2.2607 -1.90406 -2.31819
0.975451 -0.829417 -1.03418
-4.40293 -2.54845 3.89692
0.923928 -2.80501 -4.88719
0.508634 4.72116 -4.52291
3.64954 2.42585 1.37662
2.72912 1.65941 0.776513
3.21284 4.13876 -0.729957
-4.22641 -0.390209 3.78262
3.97642 1.55025 -2.11141
2.42866 -3.96606 4.31128
-4.75741 2.62309 4.41005
4.76685 -1.54903 1.91476
3.58392 4.7179 0.53295
-0.389087 -1.887 -2.87219
-2.99868 3.78936 -1.7969
3.89791 4.57476 -1.10307
-1.21381 1.25438 3.73019
2.43618 4.81155 -1.48208
2.66816 -3.86599 1.05017
-4.58095 3.13864 -1.50745
1.76827 -3.79335 4.8068
-3.54267 2.10599 3.2063
-0.779204 -2.16099 4.11609
0.876633 4.72108 1.54296
-1.54209 3.20898 -3.57096
3.5436 -4.51841 1.71954
2.15957 -4.22451 -4.12383
-4.2436 -2.918 -2.18206
0.0604256 1.02148 -2.37387
-0.270164 2.57036 -2.3288
-4.40935 1.82036 -3.11599
-3.33765 2.61902 -0.887334
0.945594 4.1477 -4.77923
2.22149 -3.4023 3.08903
0.927365 1.86644 1.73106
-4.09829 -3.74055 4.77714
-2.02478 -0.71396 -3.88029
-3.97524 -2.19457 -0.510177
-4.88793 -4.82037 1.19651
4.06781 -4.39254 4.68602
