2.79189 3.77114 2.53623
3.99072 0.537357 2.99029
-2.53578 3.41047 -1.47339
0.00507373 4.8899 1.92671
-4.55918 3.3405 1.28721
-1.99517 1.22373 4.23447
1.55743 3.4992 -2.78271
3.90347 -0.963038 4.49266
-4.60589 -3.63762 4.60522
-1.07426 -0.572076 3.82919
3.88358 -3.79757 -4.10884
-3.60711 -4.83959 3.65423
2.61808 -4.5605 0.252607
-2.08153 -1.90632 1.56124
-3.16973 -4.97478 -1.6841
4.76614 0.19559 -0.277391
-2.37434 -3.54695 -4.4323
-0.814362 4.7091 1.91989
1.62959 -4.26211 2.19232
-3.52772 0.620146 2.13951
3.49853 3.08601 -4.71747
0.0935689 1.38685 3.97182
-2.0751 -4.05475 -3.42627
4.17427 4.67971 -4.92457
4.90276 4.55543 1.07552
-0.790441 -1.29519 4.6037
3.50981 2.17429 0.863837
3.99667 0.166103 2.23744
-0.399667 -2.73867 1.04207
-3.39824 -2.72943 -2.44283
2.29894 -1.5306 2.80587
0.901016 -1.9614 3.27831
1.89105 -2.76778 -0.594216
1.68757 2.59788 0.343317
4.06103 4.92666 -4.97612
3.40723 -1.26847 -0.595118
4.85195 -0.539019 -4.30095
2.65598 -0.715314 2.17139
-1.45101 -1.48639 2.67558
0.441991 -0.243921 -4.24861
-4.53325 0.140583 2.89688
0.316497 1.17292 -4.20574
4.82831 3.45537 1.07775
-2.81932 -3.53121 0.717266
1.2569 4.11238 -2.21738
3.28854 4.60773 -3.12223
4.01633 -0.0765781 -2.62825
2.97804 -1.10036 -1.7334
-4.07401 3.80822 -4.69542
0.697206 -0.36666 1.06747
-4.8805 -2.33274 -4.47629
3.5081 -3.56173 1.88994
1.09455 3.80652 -0.0963969
-1.62338 0.413884 -1.35547
4.4355 -4.70558 -3.88978
0.250399 -2.86348 4.93813
-0.450825 -1.4561 4.83845
-0.961917 -2.69729 -2.26933
-3.3874 -4.1477 3.99533
2.28958 -1.98081 -2.33602
0.967979 -0.86528 -1.05606
-4.40645 -2.45545 4.11719
1.02593 -2.77254 -4.9872
0.411615 4.7229 -4.55415
3.68636 2.40709 1.31751
2.70756 1.7301 1.18443
3.25296 2.56738 -0.625509
-4.18718 -0.50965 3.85106
4.02116 1.59288 -2.21602
2.44151 -3.94542 4.30538
-4.95108 2.62465 4.29016
4.74778 -1.45359 1.97041
3.64224 4.79248 0.561219
-0.535986 -1.92422 -2.86748
-3.02264 3.84608 -2.10838
3.94732 4.56314 -1.08895
-1.24549 1.31542 3.78127
2.36491 4.81692 -1.51511
2.70146 -3.86495 1.12332
-4.61826 3.15786 -1.59013
1.83137 -3.79269 4.84689
-3.50265 2.08982 3.17035
-0.820207 -2.20519 4.16259
0.890616 4.78934 1.55383
-1.47687 2.98242 -3.64096
3.53069 -4.45234 1.78972
2.17888 -4.20333 -3.99864
-4.30194 -2.92331 -2.21651
0.0401631 1.02596 -2.36497
-0.280484 2.56451 -2.3461
-4.37072 1.82732 -3.13722
-3.29616 2.64599 -0.84125
0.974332 4.12713 -4.73912
2.37788 -3.36104 3.13114
0.927308 1.92852 1.74328
-4.1101 -3.63219 4.80907
-2.3113 -0.747045 -3.66366
-3.87472 -2.2567 -0.469841
-4.89774 -4.93206 1.17969
3.97265 -4.46951 4.58639
