2.68489 4.06657 2.85229
4.34197 0.620641 3.25634
-2.23972 3.1941 -1.49608
-0.317357 -4.95666 1.92017
-4.68675 3.20146 1.23387
-1.78031 1.33707 4.34505
1.66878 3.16926 -4.12369
4.35426 -0.911146 4.73601
-4.75106 -3.76197 4.35396
-0.75691 -0.81868 3.57126
4.01439 -3.70266 -3.86146
-3.41438 -4.78022 4.35436
2.79867 -4.43353 0.247404
-2.54374 -1.38268 2.07194
-3.04953 4.69441 -1.88032
4.66269 0.478418 -0.1928
-2.27349 -3.73693 -4.31755
0.0419092 4.50252 1.58201
1.57467 -4.85938 2.45817
-3.62194 0.623377 2.08861
3.76979 2.99308 -4.50868
0.135847 1.29221 4.2256
-2.08662 -3.64002 -3.5563
4.13347 4.91793 4.61815
4.85355 4.61023 0.697557
-0.91166 -1.41065 4.42424
3.49364 2.28835 -0.102343
3.93436 0.215466 -4.71472
-0.337671 -2.62151 1.43755
-3.44335 -3.12439 -3.04123
2.49549 -1.19537 2.34574
0.582055 -2.06906 2.35587
2.14721 -3.63417 -0.517561
1.74575 2.49794 0.15748
3.8214 -4.99877 4.74726
3.36982 -1.25932 -0.641694
4.46656 -0.501161 -4.18029
2.46288 -0.660278 2.12331
-1.85956 -1.13561 2.35391
0.453732 -0.291884 -3.97073
-4.50309 -0.3242 3.24371
0.461821 0.977332 -3.93479
4.73385 3.24315 -1.10992
-2.63647 -3.53586 0.583421
1.57352 4.20657 -2.7841
2.93224 4.45793 -3.14859
3.95991 -0.233351 -2.97519
2.81025 -1.37113 -1.66974
-4.08946 3.87775 -4.4304
0.778504 -0.445789 0.943513
4.8266 -2.30442 -4.34398
3.30204 -3.45582 1.78777
1.02164 3.63085 -0.17349
-1.71095 0.457006 -1.27421
4.36211 -4.66465 -3.83456
0.191846 -2.94346 4.99551
-0.620776 -1.55702 4.80013
-1.09347 -2.25857 -2.514
-3.29966 -4.11889 3.8837
2.40665 -2.29067 -2.41151
0.937937 -1.009 -1.14412
-4.43179 -2.0846 -4.99109
1.4351 -2.64455 4.60379
0.0224823 4.73647 -4.68449
3.83835 2.33428 1.08339
2.62219 2.01335 2.81724
3.41545 -3.71754 -0.208205
-4.04362 -0.98772 4.13354
4.20634 1.76436 -2.63659
2.49502 -3.86843 4.28808
4.27513 2.63478 3.82126
4.6821 -1.07338 2.19381
3.88133 -4.89729 0.673924
-1.12364 -2.07332 -2.85187
-3.12293 4.08161 -3.35815
4.14988 4.52245 -1.03364
-1.37238 1.56238 3.9906
2.08093 4.84497 -1.64834
2.83586 -3.86756 1.41569
-4.78239 3.23912 -1.92307
2.08395 -3.79476 -4.98156
-3.34954 2.02834 3.03055
-0.985626 -2.38522 4.35282
0.94673 -4.92717 1.59772
-1.21749 2.07905 -3.92635
3.48375 -4.19902 2.07219
2.25711 -4.12562 -3.50672
-4.54437 -2.94829 -2.35669
-0.0410472 1.04413 -2.33106
-0.322173 2.5426 -2.4164
-4.22146 1.85588 -3.22465
-3.13401 2.75494 -0.656768
1.09008 4.0519 -4.5884
3.00505 -3.19883 3.3021
0.926649 2.17781 1.79317
-4.16148 -3.20148 4.94537
-3.46151 -0.879295 -2.80436
-3.47952 -2.50783 -0.308903
4.95008 4.60119 1.11526
3.60402 -4.86675 4.23218
