2.65903 4.14534 2.93277
4.43163 0.641885 3.32355
-2.16604 3.14051 -1.50191
-0.398246 -4.92383 1.91901
-4.72174 3.16732 1.22075
-1.72755 1.36552 4.37445
1.69675 3.0873 -4.45975
4.46908 -0.898294 4.80064
-4.79214 -3.7951 4.29373
-0.677706 -0.880119 3.50726
4.0493 -3.68082 -3.80316
-3.36729 -4.76734 4.53087
2.84419 -4.4052 0.245823
-2.66044 -1.25216 2.19957
-3.02035 4.61348 -1.92962
4.63771 0.549136 -0.171698
-2.24864 -3.78514 -4.29061
0.255653 4.45758 1.49748
1.56102 4.98791 2.52547
-3.64634 0.624292 2.07596
3.83835 2.97059 -4.45825
0.14647 1.26877 4.29009
-2.0897 -3.53715 -3.58946
4.12846 -4.98491 4.49142
4.8663 4.62699 0.60193
-0.942828 -1.43917 4.38014
3.49074 2.31741 -0.344267
3.91986 0.227913 -3.953
-0.322372 -2.59274 1.53639
-3.45627 -3.2243 -3.19226
2.54523 -1.11244 2.2317
0.502271 -2.0965 2.12591
2.2113 -3.85239 -0.498761
1.76042 2.47369 0.110923
3.76094 -4.99496 4.69452
3.36111 -1.25719 -0.653373
4.37143 -0.491651 -4.1521
2.4151 -0.645864 2.11133
-1.96204 -1.04794 2.27395
0.456785 -0.303951 -3.90422
-4.49974 -0.440244 3.33125
0.498259 0.928907 -3.86993
4.71271 3.1906 -1.65691
-2.59186 -3.53866 0.55001
1.65266 4.23196 -2.9265
2.84386 -3.07824 -3.15636
3.94667 -0.272485 -3.06252
2.76886 -1.43894 -1.6544
-4.0951 3.89673 -4.36617
0.798777 -0.465528 0.912516
4.75664 -2.29766 -4.3141
3.25128 -3.42978 1.76247
1.00319 3.58892 -0.192964
-1.73323 0.467821 -1.25403
4.3454 -4.65698 -3.82301
0.177113 -2.96408 -4.98869
-0.662783 -1.58252 4.7927
-1.12663 -2.1503 -2.57482
-3.2786 -4.11254 3.85683
2.43628 -2.36888 -2.43147
0.930377 -1.04498 -1.16628
-4.44266 -1.99209 -4.76847
1.53757 -2.61291 4.50325
-0.0750408 4.74146 -4.71846
3.87742 2.31652 1.02514
2.60113 2.08449 3.2259
3.45665 4.71076 -0.103971
-4.01132 -1.10728 4.20696
4.25435 1.80751 -2.7423
2.50882 -3.85045 4.28625
4.08382 2.63844 3.70626
4.66843 -0.978591 2.24989
3.9424 -4.82194 0.702043
-1.27064 -2.11041 -2.84917
-3.14914 4.1423 -3.67178
4.20172 4.514 -1.02011
-1.40395 1.6251 4.04411
2.01013 4.85383 -1.68193
2.86958 -3.86961 1.48869
-4.82927 3.26056 -2.00706
2.14715 -3.79639 -4.93961
-3.31303 2.0138 2.99651
-1.02736 -2.43104 4.40149
0.960748 -4.85778 1.60873
-1.15304 1.85377 -3.99937
3.47305 -4.13783 2.14331
2.27688 -4.10791 -3.38544
-4.60755 -2.95545 -2.39236
-0.0614093 1.04875 -2.32299
-0.332699 2.53753 -2.43427
-4.18557 1.86321 -3.24715
-3.09448 2.78249 -0.610599
1.11904 4.0351 -4.55316
3.16234 -3.15883 3.3455
0.926381 2.24051 1.80587
-4.17581 -3.09438 4.9819
-3.75057 -0.912327 -2.59083
-3.38234 -2.57128 -0.268783
4.88878 4.48795 1.10057
3.51359 -4.99097 4.14646
