2.48423 4.75665 3.51575
-4.9199 0.793607 3.80556
-1.65419 2.77057 -1.54424
-0.968308 -4.71424 1.91428
4.99285 2.93511 1.13148
-1.36743 1.55987 4.60831
1.8931 2.5195 3.19085
-4.69795 -0.807052 -4.72481
4.87122 -4.04491 3.90836
-0.123562 -1.30905 3.06545
4.32377 -3.54313 -3.41855
-3.04855 -4.70661 -4.22274
3.16818 -4.24188 0.233951
-3.49433 -0.340902 3.09976
-2.82661 4.06399 -2.27742
4.47285 1.04455 -0.0239323
-2.07789 -4.13385 -4.11742
1.75 4.17675 0.90641
1.46408 3.9694 3.00825
-3.82815 0.632118 1.98894
4.32757 2.82204 -4.12175
0.221263 1.10653 4.7565
-2.11378 -2.82275 -3.82907
4.13345 -4.36467 3.63008
4.97884 4.78875 -0.0720714
-1.16767 -1.63692 4.08264
3.48183 2.52784 -2.04088
3.82816 0.319234 1.37199
-0.219394 -2.39743 2.23075
-3.57094 -3.94057 -4.2673
2.91014 -0.544928 1.43909
-0.0544611 -2.2934 0.519642
2.66051 4.58966 -0.371392
1.86435 2.31078 -0.215114
3.34757 4.98502 4.36668
3.30737 -1.24366 -0.73446
3.71789 -0.42443 -3.97464
2.07753 -0.534363 2.03397
-2.68296 -0.433834 1.71658
0.478605 -0.39119 -3.46258
-4.5246 -1.25139 3.96341
0.755482 0.595065 -3.4436
4.65328 2.8289 4.50851
-2.29046 -3.57472 0.318302
2.20732 4.43682 -3.93592
2.23112 4.16969 -3.22268
3.86537 -0.547536 -3.67813
2.48466 -1.91642 -1.55049
-4.15817 4.05001 -3.93386
0.940092 -0.603128 0.695752
4.31087 -2.25398 -4.12602
2.90198 -3.24881 1.58709
0.87063 3.31482 -0.331148
-1.89416 0.543941 -1.11372
4.24583 -4.62386 -3.75932
0.0739958 -3.11575 -4.90581
-0.954516 -1.76255 4.76883
-1.34811 -1.39258 -2.99541
-3.1422 -4.07994 3.68616
2.64911 -2.92492 -2.57896
0.87678 -1.29782 -1.32255
-4.57872 -1.34506 -3.24792
2.25624 -2.39503 3.82345
-0.759687 4.7932 -4.96982
4.16402 2.19613 0.61947
2.4567 2.58622 -3.90363
3.75104 3.72152 0.625619
-3.82415 -1.94558 4.78084
4.61208 2.11242 -3.48984
2.60899 -3.74021 4.31861
2.76007 2.67717 2.91945
4.60545 -0.316173 2.64804
4.3803 -4.34481 0.90017
-2.30829 -2.37384 -2.84158
-3.34673 4.61396 4.11708
4.57707 4.47404 -0.927939
-1.62614 2.08662 4.43341
1.51494 4.93936 -1.91949
3.10547 -3.90559 1.99955
4.65651 3.42934 -2.60004
2.59108 -3.82088 -4.69959
-3.07515 1.9213 2.76881
-1.32372 -2.76103 4.76968
1.05759 -4.43027 1.68845
-0.706343 0.28046 -4.54183
3.4085 -3.72884 2.64932
2.41749 -4.00349 -2.54482
4.91621 -3.0154 -2.6465
-0.205164 1.0823 -2.2701
-0.407741 2.50715 -2.56323
-3.95402 1.91677 -3.41129
-2.82866 2.98012 -0.286408
1.32012 3.93953 -4.33485
4.27351 -2.88436 3.66081
0.92344 2.68371 1.89767
-4.29574 -2.34944 -4.77486
4.20102 -1.14409 -1.10139
-2.71812 -3.02241 0.0111673
4.48935 3.72448 1.00562
2.89281 4.28045 3.57469
