2.45901 4.85379 3.60224
-4.82589 0.815686 3.87651
-1.58167 2.71839 -1.55048
-1.05021 -4.68612 1.91405
4.94751 2.90278 1.11911
-1.31658 1.58689 4.64561
1.92108 2.43896 2.85695
-4.58028 -0.793708 -4.66117
4.82328 -4.08396 3.858
-0.0444275 -1.37028 3.00328
4.3671 -3.52599 -3.36616
-3.0046 -4.70278 -4.04711
3.21505 -4.22339 0.232035
-3.61597 -0.210825 3.22992
-2.80053 3.9877 -2.32754
4.45066 1.11543 -0.00287964
-2.05388 -4.1854 -4.0944
1.96333 4.13952 0.822062
1.44975 3.82822 3.07889
-3.85589 0.633434 1.97673
4.39873 2.80183 -4.0758
0.232016 1.08358 4.82572
-2.11771 -2.72136 -3.86483
4.13778 -4.28475 3.51018
4.99776 4.81736 -0.168459
-1.20054 -1.6651 4.04177
3.48187 2.55896 -2.28371
3.81631 0.332379 2.13267
-0.205112 -2.37029 2.33055
-3.5916 -4.04584 -4.42431
2.96423 -0.464481 1.32617
-0.134238 -2.32246 0.290048
2.72483 4.36717 -0.353713
1.87937 2.28831 -0.261742
3.28997 4.98654 4.32487
3.30049 -1.24194 -0.745973
3.62591 -0.414448 -3.95181
2.02899 -0.518002 2.0242
-2.78715 -0.346204 1.63719
0.481737 -0.404254 -3.40236
-4.53426 -1.36731 4.05815
0.792625 0.548081 -3.38621
4.64856 2.77819 3.96015
-2.24879 -3.58242 0.285636
2.28682 4.47039 -4.08282
2.14416 -3.36534 -3.23348
3.85603 -0.587055 -3.76585
2.44461 -1.98527 -1.53607
-4.17105 4.07492 -3.8742
0.960166 -0.622729 0.66483
4.25187 -2.24831 -4.10162
2.85249 -3.22333 1.56205
0.851065 3.27799 -0.35113
-1.91795 0.554859 -1.09379
4.23373 -4.62243 -3.75225
0.0593069 -3.13852 -4.89748
-0.996086 -1.78843 4.76927
-1.37976 -1.2843 -3.05688
-3.12458 -4.07755 3.66448
2.68029 -3.00585 -2.60114
0.868997 -1.33412 -1.34505
-4.60484 -1.2527 -3.03304
2.35914 -2.36446 3.72888
-0.857746 4.80305 4.99223
4.20682 2.17941 0.561675
2.43646 2.65838 -3.49404
3.7938 2.1508 0.729861
-3.80205 -2.06566 4.8779
4.66639 2.15625 -3.59784
2.62365 -3.72728 4.32901
2.57258 2.68402 2.8091
4.60119 -0.221624 2.7061
4.44448 -4.28148 0.928741
-2.45731 -2.41198 -2.84109
-3.37769 4.68945 3.804
4.63216 4.4709 -0.915158
-1.6593 2.15597 4.49188
1.44408 4.9548 -1.95376
3.13944 -3.91399 2.07279
4.58262 3.45609 -2.68548
2.65477 -3.82674 -4.67192
-3.04362 1.9093 2.73774
-1.36664 -2.80951 4.82691
1.07106 -4.37442 1.70031
-0.643126 0.0559022 -4.62494
3.40054 -3.67283 2.72292
2.43783 -3.99168 -2.42556
4.84686 -3.02544 -2.68335
-0.225948 1.08726 -2.26307
-0.418685 2.50351 -2.58232
-3.9239 1.92471 -3.43566
-2.79224 3.00914 -0.239965
1.34838 3.92848 -4.30763
4.43408 -2.84593 3.7077
0.922783 2.74762 1.91117
-4.31595 -2.24373 -4.74561
3.9084 -1.1774 -0.888979
-2.62563 -3.08769 0.0509239
4.43637 3.61873 0.992649
2.80634 4.18872 3.49742
