2.35694 -4.75086 3.96038
-4.46034 0.905149 4.16639
-1.29298 2.5113 -1.57596
-1.37886 -4.57747 1.91397
4.77186 2.77527 1.07059
-1.11367 1.69503 4.80193
2.03226 2.11676 1.52252
-4.1198 -0.739219 -4.41907
4.64439 -4.25012 3.66668
0.272057 -1.61499 2.75714
4.54893 -3.46435 -3.1625
-2.83251 -4.69563 -3.34877
3.40497 -4.16106 0.223769
-4.11047 0.309532 3.7561
-2.69988 3.68782 -2.52952
4.36488 1.39871 0.0806943
-1.95861 -4.39613 -4.00738
2.81665 3.99529 0.485019
1.39094 3.27022 3.36616
-3.97194 0.639094 1.92842
4.68776 2.72422 -3.89686
0.275189 0.992433 -4.89183
-2.13471 -2.31705 -4.01379
4.16051 -3.97723 3.03557
-4.94735 4.94257 -0.553261
-1.33352 -1.77807 3.88296
3.48566 2.68601 -3.25713
3.77328 0.385565 -4.82119
-0.148742 -2.26373 2.73114
-3.68613 -4.47629 4.93284
3.18359 -0.142983 0.875147
-0.454893 -2.44156 -0.62853
2.98398 3.48699 -0.284265
1.93976 2.19984 -0.448768
3.06281 -4.98959 4.169
3.27179 -1.23571 -0.794708
3.2579 -0.37193 -3.86498
1.83508 -0.452621 1.98753
-3.20837 0.00374194 1.32014
0.4939 -0.458172 -3.16732
-4.58807 -1.83131 4.45576
0.942437 0.362199 -3.16408
4.6339 2.57735 1.76998
-2.08307 -3.62251 0.156293
2.60623 4.61821 -4.68157
1.79664 -3.50678 -3.2811
3.82825 -0.747676 -4.11887
2.2853 -2.26281 -1.47938
-4.23237 4.18278 -3.63984
1.04008 -0.701134 0.541246
4.02349 -2.22683 -4.00996
2.65502 -3.12336 1.46187
0.771026 3.1355 -0.431551
-2.01522 0.598613 -1.01435
4.18994 -4.62478 -3.72844
0.000685571 -3.23238 -4.87249
-1.16257 -1.89238 4.78146
-1.50802 -0.851445 -3.30757
-3.05888 -4.07632 3.58356
2.80732 -3.33351 -2.69286
0.837508 -1.47981 -1.43552
-4.72122 -0.883261 -2.17574
2.77172 -2.24328 3.35529
-1.25059 4.84957 4.84737
4.38222 2.11372 0.329728
2.35593 2.94878 -1.85801
3.96573 -4.13205 1.14769
-3.72245 -2.54871 -4.68299
4.89398 2.33133 -4.03391
2.68293 -3.68262 4.3835
1.82649 2.71582 2.37204
4.59803 0.156018 2.94181
4.7062 -4.03586 1.04346
-3.05559 -2.56555 -2.84041
-3.5099 -4.99059 2.55807
4.86754 4.46338 -0.865414
-1.79651 2.43925 4.73449
1.16009 -4.97747 -2.09184
3.27673 -3.9549 2.36608
4.29704 3.57098 -3.02984
2.91053 -3.8566 -4.57556
-2.92327 1.86411 2.6164
-1.53967 -3.00679 -4.93336
1.124 -4.15864 1.74869
-0.391122 -0.842074 -4.97207
3.37104 -3.45302 3.02063
2.51979 -3.95165 -1.94941
4.57975 -3.06856 -2.83175
-0.30979 1.10757 -2.23645
-0.462962 2.49077 -2.66085
-3.81028 1.95729 -3.53572
-2.65025 3.12745 -0.0540077
1.46024 3.89053 -4.20789
-4.91605 -2.69379 3.90076
0.91894 3.00521 1.96578
-4.40534 -1.82194 -4.65326
2.74763 -1.31106 -0.0355961
-2.26278 -3.34856 0.208857
4.22818 3.20191 0.941347
2.46375 3.83654 3.19608
