2.25166 -4.3934 4.34735
-4.10858 0.998548 4.46906
-1.00636 2.3071 -1.60198
-1.709 -4.47416 1.91552
4.60788 2.65394 1.02268
-0.911707 1.80472 4.97181
2.14374 1.79518 0.18888
-3.67124 -0.682647 -4.19157
4.48591 -4.42916 3.49034
0.589162 -1.85869 2.51479
4.7484 -3.41664 -2.96923
-2.66575 -4.69992 -2.655
3.6006 -4.11429 0.214571
-4.62113 0.828356 4.29293
-2.60439 3.39681 -2.73431
4.2837 1.68021 0.16317
-1.86461 -4.61468 -3.92823
3.67121 3.85966 0.148731
1.33051 2.72152 3.66343
-4.09629 0.645379 1.88153
4.99653 2.65344 -3.72233
0.318561 0.902384 -4.61503
-2.1537 -1.91389 -4.17057
4.19537 -3.67947 2.56702
-4.9691 -4.93586 -0.936851
-1.46885 -1.89141 3.7339
3.49606 2.81908 -4.23715
3.73838 0.440566 -1.77574
-0.0941176 -2.1604 3.13572
-3.79794 -4.9222 4.2975
3.40903 0.178891 0.425926
-0.778033 -2.56454 -1.54763
3.24753 2.61735 -0.217191
2.00056 2.11378 -0.636675
2.84144 -4.97858 4.03363
3.24681 -1.22983 -0.846999
2.89159 -0.327851 -3.78208
1.64217 -0.386635 1.95512
-3.63797 0.352755 1.00369
0.504843 -0.514385 -2.93961
-4.66532 -2.29547 4.90386
1.09477 0.18002 -2.95014
4.62527 2.37756 -0.416309
-1.9123 -3.68708 0.0194777
2.92871 4.80741 4.69231
1.45001 -3.64589 -3.33468
3.81168 -0.909365 -4.47984
2.12785 -2.54332 -1.42412
-4.30974 4.30466 -3.41182
1.11929 -0.77939 0.417985
3.80557 -2.2067 -3.927
2.45852 -3.02591 1.36214
0.68822 3.00204 -0.512224
-2.11586 0.642648 -0.935125
4.15393 -4.63917 -3.71148
-0.0576676 -3.33008 -4.85838
-1.32983 -1.99699 4.81653
-1.63917 -0.418229 -3.56619
-2.9997 -4.0834 3.51149
2.93836 -3.6678 -2.79044
0.80556 -1.62611 -1.52671
-4.85338 -0.513704 -1.32009
3.18707 -2.12229 2.98828
-1.64443 4.90978 4.71462
4.56343 2.0501 0.0968184
2.27626 3.24364 -0.224046
4.14196 -0.414521 1.56757
-3.65854 -3.03791 -4.26535
-4.88281 2.50546 -4.48105
2.74382 -3.64352 4.45812
1.08313 2.75339 1.94133
4.61713 0.53394 3.18431
4.97834 -3.79883 1.15878
-3.65834 -2.72081 -2.84145
-3.65596 -4.66737 1.31727
-4.85166 4.47658 -0.817897
-1.93991 2.7314 4.99423
0.875384 -4.91579 -2.23159
3.41674 -4.00488 2.66066
4.02769 3.70201 -3.37906
3.16892 -3.89435 -4.50037
-2.81101 1.8238 2.50004
-1.7146 -3.20941 -4.70718
1.17571 -3.95174 1.79893
-0.138979 -1.73917 4.67418
3.34549 -3.23612 3.32449
2.60314 -3.91946 -1.47392
4.32689 -3.11198 -2.98026
-0.394691 1.1288 -2.21194
-0.507896 2.48155 -2.74306
-3.70696 1.9915 -3.64005
-2.51345 3.25034 0.13231
1.57119 3.8655 -4.12138
-4.2695 -2.54377 4.10385
0.912534 3.26765 2.0216
-4.50621 -1.40043 -4.58352
1.59163 -1.44617 0.822994
-1.91502 -3.59925 0.37392
4.02451 2.79565 0.890473
2.12544 3.51271 2.9065
