2.19761 -4.22867 4.55253
-3.93505 1.04685 4.62594
-0.86369 2.20615 -1.61511
-1.87458 -4.42431 1.91693
4.53061 2.59553 1.00019
-0.811026 1.86046 -4.93938
2.1996 1.63459 -0.477374
-3.44984 -0.653719 -4.08211
4.41348 -4.52353 3.40655
0.747936 -1.98051 2.39449
4.85813 -3.39776 -2.87533
-2.58384 -4.70581 -2.30918
3.70176 -4.09539 0.209937
-4.88523 1.08715 4.56623
-2.55822 3.25458 -2.83804
4.24438 1.81951 0.20444
-1.81807 -4.72725 -3.89161
4.1002 3.79534 -0.01931
1.30023 2.44936 3.81598
-4.16173 0.648729 1.85888
-4.83468 2.61972 -3.63617
0.340362 0.857724 -4.47989
-2.1639 -1.71251 -4.25255
4.21807 -3.53264 2.33406
-4.99028 -4.90523 -1.12903
-1.53741 -1.94823 3.66226
3.50566 2.88858 -4.73197
3.72384 0.468461 -0.254087
-0.067333 -2.1095 3.33997
-3.85987 4.85179 3.98725
3.52459 0.339571 0.201833
-0.940526 -2.62745 -2.00792
3.38136 2.18527 -0.184369
2.03094 2.07197 -0.731974
2.73237 -4.99254 3.9706
3.23617 -1.22714 -0.873348
2.70943 -0.305551 -3.74209
1.54614 -0.353168 1.94053
-3.85706 0.527002 0.845414
0.509635 -0.543224 -2.82831
-4.71241 -2.52827 -4.85768
1.17222 0.0903373 -2.84581
4.62405 2.27921 -1.51022
-1.82706 -3.72572 -0.0565344
3.09211 4.93641 4.38303
1.27707 1.2851 -3.36392
3.80714 -0.989993 -4.66384
2.04996 -2.68462 -1.39701
-4.3539 4.37103 -3.30001
1.15856 -0.818291 0.356316
3.7 -2.19698 -3.88868
2.36083 -2.97804 1.31244
0.645856 2.93877 -0.552697
-2.16744 0.664813 -0.89558
4.13922 -4.6509 -3.70581
-0.0867452 -3.38033 -4.85577
-1.41388 -2.04954 4.84207
-1.70574 -0.201264 -3.69899
-2.97216 -4.08945 3.47809
3.00563 -3.83796 -2.84165
0.789471 -1.69948 -1.57261
-4.92567 -0.329033 -0.892706
3.39623 -2.06159 2.80667
-1.84176 4.94567 4.65293
4.65777 2.01909 -0.0199378
2.23669 3.39351 0.592566
4.23221 -3.55524 1.77865
-3.63269 -3.28524 -4.06681
-4.79326 2.59395 -4.71041
2.77516 -3.62566 4.50221
0.712007 2.77243 1.7271
4.63544 0.723244 3.30846
-4.88315 -3.68223 1.21664
-3.96215 -2.79904 -2.84272
-3.73423 -4.50997 0.697687
-4.71371 4.50713 -0.794349
-2.01337 2.8809 -4.87089
0.732894 -4.88828 -2.30223
3.48791 -4.033 2.80876
3.89992 3.77471 -3.55652
3.29955 -3.916 -4.47106
-2.75736 1.8054 2.44377
-1.80275 -3.31284 -4.6015
1.20127 -3.8511 1.82473
-0.0124091 -2.18758 4.50471
3.33438 -3.1285 3.47894
2.64567 -3.90564 -1.23639
4.20431 -3.13345 -3.05589
-0.437449 1.13974 -2.20055
-0.53051 2.47841 -2.78569
-3.65803 2.00927 -3.69411
-2.44667 3.31399 0.225636
1.62685 3.85829 -4.08348
-3.95003 -2.46945 4.20965
0.908387 3.4018 2.0502
-4.56035 -1.18948 -4.55554
1.01438 -1.51461 1.25279
-1.74397 -3.72292 0.463335
3.92386 2.59602 0.865821
1.95783 3.35799 2.76513
