2.14277 -4.07223 4.7663
-3.76345 1.09544 4.78671
-0.721371 2.10595 -1.62814
-2.04055 -4.37578 1.91888
4.45626 2.53837 0.978758
-0.710522 1.91684 -4.85283
2.25585 1.47353 -1.14337
-3.22998 -0.624549 -3.97474
4.34548 -4.62253 3.32563
0.906716 -2.1026 2.27495
4.97596 -3.38112 -2.78221
-2.50276 -4.71396 -1.96372
3.80597 -4.07931 0.205293
4.84851 1.34637 4.84502
-2.51292 3.11427 -2.94243
4.20602 1.95851 0.246167
-1.7718 -4.84221 -3.85666
4.53117 3.73323 -0.187348
1.27012 2.17824 3.97162
-4.22919 0.652144 1.8369
-4.66891 2.58685 -3.55097
0.36223 0.813246 -4.34612
-2.17457 -1.51124 -4.33719
4.245 -3.38723 2.1026
4.98766 -4.88856 -1.32174
-1.60655 -2.00522 3.59248
3.51902 2.96033 4.76874
3.71165 0.49642 1.26737
-0.0406887 -2.05888 3.54562
-3.92581 4.63316 3.68109
3.64203 0.499428 -0.0214909
-1.10356 -2.69138 -2.46898
3.5163 1.75457 -0.152014
2.06103 2.03267 -0.828407
2.62334 4.98176 3.90935
3.22684 -1.22469 -0.899831
2.52798 -0.283118 -3.70299
1.45047 -0.319276 1.92708
-4.07988 0.701191 0.687237
0.51389 -0.57256 -2.71825
-4.7657 -2.76203 -4.62617
1.2507 0.00131806 -2.74274
4.62493 2.1815 -2.60463
-1.743 -3.7661 -0.134922
3.25817 -4.91277 4.08021
1.1045 -3.7829 -3.39442
3.8051 -1.07044 -4.85014
1.97261 -2.82667 -1.37024
-4.40133 4.44106 -3.18935
1.19779 -0.857097 0.294582
3.59641 -2.18744 -3.85203
2.26358 -2.93075 1.26285
0.603096 2.87772 -0.593164
-2.21986 0.687065 -0.855973
4.12691 -4.66584 -3.70186
-0.11577 -3.43159 -4.85664
-1.49817 -2.10231 4.87314
-1.77288 0.0159482 -3.83372
-2.94588 -4.09832 3.44658
3.07415 -4.01053 -2.89434
0.773327 -1.77306 -1.61867
4.99722 -0.144577 -0.465563
3.60662 -2.00079 2.6262
-2.0394 4.9854 4.59469
4.75566 1.98903 -0.137312
2.19737 3.54499 1.40937
4.32553 3.30479 1.98963
-3.61098 -3.53516 -3.87255
-4.7078 2.68382 -4.94391
2.80726 -3.60913 4.55064
0.340271 2.79192 1.51329
4.6591 0.912799 3.43489
-4.75061 -3.56686 1.27465
-4.26868 -2.87768 -2.84433
-3.81544 -4.35573 0.078427
-4.58066 4.54869 -0.77067
-2.08778 3.0327 -4.74025
0.590376 -4.86279 -2.37335
3.56024 -4.06363 2.95788
3.77712 3.8526 -3.73632
3.43137 -3.93945 -4.44703
-2.70519 1.78796 2.38915
-1.8914 -3.41785 -4.50006
1.22669 -3.75232 1.85105
0.114436 -2.63634 4.34079
3.32448 -3.02155 3.6354
2.68889 -3.89322 -0.998959
4.0849 -3.15577 -3.13285
-0.4804 1.15079 -2.18949
-0.553206 2.47631 -2.82901
-3.61019 2.02745 -3.74941
-2.38082 3.37922 0.319156
1.68291 3.85466 -4.04871
-3.63231 -2.39557 4.31975
0.904089 3.53781 2.07957
-4.61694 -0.978436 -4.52943
0.436996 -1.58342 1.68297
-1.57328 -3.84796 0.555023
3.82386 2.39797 0.842063
1.7912 3.20673 2.62608
