1.9759 -3.63735 -4.57214
-3.26419 1.24262 -4.71568
-0.296093 1.81005 -1.66636
-2.54183 -4.23782 1.92752
4.24909 2.37566 0.920229
-0.410239 2.09078 -4.60742
2.42724 0.990469 -3.14443
-2.57988 -0.53627 -3.66369
4.16718 -4.94915 3.09588
1.38355 -2.47078 1.92053
-4.68658 -3.34702 -2.50443
-2.26431 -4.75115 -0.928913
4.13568 -4.0461 0.191925
4.08569 2.12609 -4.31372
-2.38269 2.70374 -3.25991
4.1 2.3784 0.370247
-1.63456 4.80868 -3.76036
-4.16831 3.55839 -0.691468
1.18059 1.36956 4.45805
-4.44759 0.662481 1.7746
-4.19685 2.49426 -3.3036
0.428 0.680816 -3.9531
-2.2093 -0.907659 -4.60865
4.35096 -2.95824 1.41119
4.97555 -4.88599 -1.90264
-1.81767 -2.17734 3.39322
3.57565 3.1922 3.29288
3.6835 0.580147 -4.16102
0.0388733 -1.90714 4.17354
-4.14955 4.01503 2.77944
4.00905 0.972685 -0.699325
-1.59591 -2.88966 -3.8626
3.92742 0.46735 -0.0549779
2.15234 1.92564 -1.11776
2.29577 4.99759 3.73969
3.20484 -1.21843 -0.980182
1.98699 -0.215265 -3.59217
1.16429 -0.2156 1.89222
-4.80139 1.22468 0.213534
0.522811 -0.662552 -2.39435
-4.96759 -3.46963 -3.95984
1.49175 -0.262337 -2.44064
4.65033 1.89186 4.106
-1.49675 -3.89688 -0.374997
3.76954 -4.55772 3.19698
0.587363 1.01423 -3.49573
3.81189 -1.31108 4.59181
1.74302 -3.258 -1.29204
-4.56657 4.67856 -2.86424
1.31538 -0.973497 0.109547
3.29629 -2.15916 -3.75376
1.97419 -2.79201 1.11449
0.473801 2.70734 -0.714164
-2.3832 0.754342 -0.736899
4.10682 -4.73071 -3.70031
-0.203116 -3.59113 -4.88412
-1.75249 -2.26219 4.99828
-1.9782 0.669659 -4.25086
-2.87494 -4.13763 3.36236
3.28965 -4.54596 -3.06103
0.724387 -1.99525 -1.75785
4.78675 0.40605 0.815096
4.24552 -1.81878 2.08997
-2.63546 -4.89539 4.4398
-4.933 1.9027 -0.493169
2.08202 4.01072 3.86225
4.61784 3.89108 2.6267
-3.56831 -4.30439 -3.31051
-4.48482 2.96404 4.36563
2.9083 -3.5677 4.72542
-0.778485 2.85752 0.874717
4.75388 1.48356 3.83156
-4.38117 -3.22688 1.45001
4.79761 -3.11331 -2.85321
-4.08215 -3.91572 -1.77815
-4.22229 4.71479 -0.699109
-2.31801 3.50832 -4.37535
0.162584 -4.79791 -2.58965
3.78541 -4.16856 3.41172
3.42976 4.12392 -4.29879
3.83689 -4.01949 -4.40333
-2.55885 1.74099 2.23423
-2.16089 -3.74197 -4.21899
1.30236 -3.46723 1.9332
0.495683 -3.98936 3.88562
3.30167 -2.70371 4.11777
2.82244 -3.86341 -0.287081
3.75903 -3.22854 -3.37295
-0.610882 1.1839 -2.15892
-0.621982 2.47655 -2.96319
-3.47568 2.08474 -3.92533
-2.18894 3.58521 0.600915
1.85344 3.86562 -3.96277
-2.68763 -2.17586 4.66892
0.889293 3.95596 2.17083
-4.80188 -0.344916 -4.46241
-1.299 -1.78958 2.97659
-1.06323 -4.23411 0.83573
3.52555 1.81023 0.776125
1.29378 2.7647 2.22089
