1.94808 -3.56836 -4.4705
-3.18264 1.26735 -4.63415
-0.225297 1.7614 -1.67254
-2.62597 -4.21592 1.92931
4.21725 2.34979 0.911555
-0.360331 2.12055 -4.56861
2.45632 0.910286 -3.47845
-2.47271 -0.521531 -3.61306
4.1413 4.9909 3.05916
1.46301 -2.53226 1.86203
-4.64822 -3.34373 -2.45788
-2.22514 -4.75934 -0.756593
4.19335 -4.0426 0.189783
3.96188 2.25665 -4.1781
-2.36169 2.63656 -3.3134
4.08439 2.44919 0.390384
-1.61188 4.75278 -3.74535
-3.95293 3.53066 -0.775465
1.16584 1.23531 4.54255
-4.48654 0.664227 1.76477
-4.12077 2.4797 -3.2632
0.438909 0.658758 -3.88896
-2.21546 -0.807068 -4.65644
4.37216 -2.88757 1.29619
4.98129 -4.89122 -1.99966
-1.85352 -2.20632 3.36147
3.58726 3.23357 3.05005
3.68019 0.594185 -3.39946
0.0521779 -1.88191 4.28029
-4.19152 3.91688 2.63096
4.07428 1.05126 -0.81426
-1.67839 -2.92391 -4.0983
3.99823 0.25289 -0.0377959
2.16821 1.9089 -1.16609
2.24134 -4.9928 3.71371
3.20206 -1.21754 -0.993679
1.89726 -0.203957 -3.57472
1.11666 -0.198081 1.88716
-4.93321 1.31221 0.134786
0.523727 -0.67781 -2.34108
4.99029 -3.58878 -3.85228
1.53275 -0.306039 -2.39104
4.65767 1.84434 3.55852
-1.4563 -3.92019 -0.415234
3.85588 -4.50531 3.05232
0.501332 3.4807 -3.51378
3.81466 -1.35114 4.50176
1.70511 -3.33081 -1.27928
-4.5982 4.7236 -2.81097
1.33499 -0.992895 0.0787795
3.24758 -2.15445 -3.73923
1.9263 -2.7693 1.08976
0.452318 2.68073 -0.734159
-2.41125 0.765617 -0.716985
4.10627 -4.74461 -3.70145
-0.21772 -3.61859 -4.89189
-1.79507 -2.28912 -4.97625
-2.01297 0.778948 -4.3223
-2.86431 -4.14562 3.34975
3.32732 -4.63843 -3.08986
0.716159 -2.03255 -1.78118
4.75792 0.497292 1.02882
4.35329 -1.78848 2.00124
-2.73544 -4.87773 4.41677
-4.8822 1.88896 -0.552903
2.06306 4.09022 4.27226
4.66901 2.32255 2.73341
-3.56446 -4.43666 -3.21934
-4.45285 3.01251 4.25523
2.92577 -3.56207 4.76001
-0.96523 2.86969 0.768752
4.77349 1.57862 3.90053
-4.3236 -3.17097 1.47945
4.64855 -3.15241 -2.85551
-4.13075 -3.84558 -2.08745
-4.16585 4.74707 -0.687046
-2.35748 3.59109 -4.31834
0.0912835 -4.78883 -2.62611
3.8243 -4.18704 3.48899
3.37441 4.17546 -4.39628
3.90644 -4.03432 -4.39962
-2.53581 1.73388 2.20972
-2.20645 -3.79777 -4.1753
1.3149 -3.42135 1.94744
0.559189 -4.21662 3.81419
3.29883 -2.65107 4.20035
2.8453 -3.85944 -0.168462
3.70926 -3.24153 -3.41448
-0.632974 1.18932 -2.15421
-0.633533 2.47754 -2.9861
-3.45451 2.09475 -3.95588
-2.15764 3.62119 0.648078
1.88221 3.87062 -3.9508
-2.5313 -2.13949 4.72989
0.88664 4.02725 2.18647
-4.83493 -0.239313 -4.45282
-1.5886 -1.82386 3.19305
-0.978443 -4.30036 0.883018
3.47658 1.7127 0.765848
1.21109 2.69225 2.15462
