1.80879 -3.23369 -3.99311
-2.78056 1.39165 -4.23428
0.129151 1.5204 -1.70274
-3.04998 -4.11133 1.93976
4.06759 2.22321 0.872845
-0.111041 2.27307 -4.38308
2.60406 0.510679 4.84607
-1.94059 -0.448188 -3.36321
4.02417 4.79187 2.88294
1.86061 -2.8395 1.57279
-4.50208 -3.33109 -2.22524
-2.03199 -4.81019 0.105027
4.49367 -4.03451 0.17946
3.3534 2.91559 -3.5098
-2.25913 2.3052 -3.58334
4.01308 2.80853 0.488536
-1.4992 4.4851 -3.67367
-2.88116 3.39731 -1.19545
1.09296 0.565835 4.9847
-4.70866 0.672752 1.71775
-3.74787 2.41055 -3.06311
0.493807 0.548351 -3.57364
-2.24826 -0.303868 -4.90362
4.49044 -2.53756 0.722016
-4.9741 4.99994 -2.48274
-2.03561 -2.35698 3.21022
3.65339 3.45208 1.84307
3.66976 0.66468 0.405484
0.118983 -1.75624 4.82655
-4.42149 3.44028 1.89385
4.42408 1.44602 -1.39271
-2.09389 -3.10405 4.70871
4.36328 -0.821415 0.0484668
2.25051 1.82956 -1.40856
1.97028 -4.96379 3.59334
3.19158 -1.21388 -1.06162
1.44974 -0.147632 -3.49164
0.878311 -0.109709 1.86532
4.42352 1.75081 -0.257554
0.525871 -0.754874 -2.07683
4.8152 -4.19437 -3.32584
1.74125 -0.524065 -2.14528
4.70263 1.60937 0.823925
-1.25556 -4.04376 -0.616647
4.29559 -4.32381 2.33147
0.0702889 -4.18407 -3.60953
3.83377 -1.55096 4.06159
1.51665 -3.70011 -1.21622
-4.78245 -4.96805 -2.54896
1.43298 -1.08991 -0.074559
3.00712 -2.13083 -3.6739
1.68806 -2.65719 0.965146
0.345392 2.55514 -0.832797
-2.55546 0.822114 -0.61697
4.11416 -4.82923 -3.71314
-0.290857 -3.75987 -4.94008
-2.00775 -2.4263 -4.93136
-2.18854 1.32653 -4.68845
-2.81622 -4.19162 3.2935
3.52318 4.88602 -3.23785
0.674582 -2.22048 -1.89851
4.6507 0.952492 2.09961
4.89923 -1.63737 1.55987
-3.23971 -4.7984 4.31349
-4.65907 1.82324 -0.853283
1.96878 4.50313 -3.67351
4.93408 4.48004 3.27072
-3.56188 4.87274 -2.77098
-4.31116 3.2627 3.71642
3.01496 -3.5389 4.95426
-1.89996 2.93629 0.240593
4.88985 2.05417 4.26254
-4.05008 -2.89452 1.62803
3.92172 -3.34965 -2.86842
-4.40105 -3.50758 -3.63643
-3.89272 4.92336 -0.625978
-2.56105 4.02395 -4.04783
-0.265344 -4.75186 -2.80989
4.0244 -4.29649 3.88698
3.10619 4.46483 -4.90434
4.26084 -4.11537 -4.39522
-2.42688 1.70104 2.09279
-2.43817 -4.08595 -3.96569
1.37659 -3.19865 2.02254
0.875597 4.63819 3.47
3.28763 -2.38907 4.62427
2.96188 -3.84388 0.424708
3.46776 -3.31066 -3.63107
-0.745721 1.21615 -2.13209
-0.69171 2.48636 -3.10262
-3.35381 2.14748 -4.11345
-2.00408 3.80991 0.885277
2.02737 3.90947 -3.90045
-1.75487 -1.95621 -4.8878
0.873144 4.39289 2.26691
4.99101 0.2888 -4.41045
-3.0402 -1.98845 4.29137
-0.555252 -4.64155 1.1217
3.23511 1.22584 0.716029
0.797804 2.3358 1.82814
