1.75307 -3.10503 -3.81301
-2.62236 1.44145 -4.0769
0.271219 1.42475 -1.71468
-3.22151 -4.0719 1.94463
4.01094 2.17359 0.85889
-0.0112595 2.33577 -4.31257
2.66427 0.351201 4.17553
-1.72916 -0.419136 -3.26471
3.98172 4.73682 2.81592
2.02053 -2.96303 1.45866
-4.45598 -3.32907 -2.1321
-1.9559 -4.8357 0.449861
4.61984 -4.03617 0.175418
3.11396 3.18234 -3.2458
-2.21909 2.17461 -3.69256
3.98699 2.95503 0.527184
-1.45437 4.38319 -3.64645
-2.45413 3.34628 -1.3635
1.06412 0.29868 -4.83043
-4.81334 0.675865 1.69976
-3.60184 2.38442 -2.98379
0.515963 0.504093 -3.45006
-2.26237 -0.102505 4.99425
4.54315 -2.39906 0.492552
-4.97721 -4.84994 -2.67456
-2.10929 -2.41828 3.15299
3.68379 3.54486 1.36268
3.66808 0.692362 1.92724
0.145812 -1.70636 -4.94817
-4.5243 3.25518 1.60094
4.57627 1.6048 -1.62638
-2.26237 -3.18189 4.25835
4.51419 -1.25183 0.0830429
2.28477 1.79968 -1.50613
1.86247 -4.9614 3.54969
3.18892 -1.21286 -1.08914
1.27131 -0.125152 -3.46056
0.782762 -0.0741164 1.85824
4.18334 1.92746 -0.414761
0.525692 -0.786083 -1.972
4.77059 -4.44525 -3.11942
1.82646 -0.611194 -2.04831
4.72577 1.51594 -0.268975
-1.17596 -4.0972 -0.697481
4.47627 -4.26887 2.04452
-0.102652 0.749967 -3.65057
3.84378 -1.63073 3.88927
1.44178 -3.85093 -1.19126
-4.85946 4.99764 -2.4462
1.47216 -1.12879 -0.135643
2.91231 -2.12147 -3.65137
1.59288 -2.61285 0.914538
0.302776 2.50825 -0.871557
-2.61518 0.844683 -0.576746
4.12311 -4.87608 -3.72099
-0.320152 -3.81855 -4.96348
-2.09363 -2.48319 -4.95047
-2.25926 1.54609 -4.84017
-2.79929 -4.21305 3.2741
3.60654 4.71427 -3.29902
0.657749 -2.29646 -1.94582
4.62774 1.13456 2.53014
-4.88024 -1.57713 1.38433
-3.44402 -4.77097 4.27747
-4.58453 1.79803 -0.973994
1.93128 4.67478 -2.8542
-4.95394 1.34419 3.48802
-3.56707 4.59577 -2.5942
-4.26406 3.3666 3.50597
3.05156 -3.53241 -4.95823
-2.2749 2.96563 0.0298251
4.94457 2.24576 4.41434
-3.94686 -2.78523 1.68816
3.63599 -3.43012 -2.87413
-4.52573 -3.37684 -4.26009
-3.78706 -4.99978 -0.601286
-2.64585 4.20714 -3.94599
-0.408081 -4.74158 -2.88406
4.10744 -4.34749 4.05185
3.00236 4.59476 4.88579
4.40696 -4.15174 -4.40009
-2.38608 1.68903 2.04865
-2.5326 -4.20606 -3.8861
1.40046 -3.11264 2.05497
1.00154 4.1853 3.33755
3.28456 -2.28493 4.79975
3.00963 -3.83994 0.662045
3.37451 -3.34144 -3.72362
-0.791942 1.227 -2.12373
-0.715152 2.49163 -3.15007
-3.31626 2.16994 -4.17886
-1.9439 3.89031 0.981085
2.08611 3.92964 -3.8841
-1.44514 -1.88123 -4.71566
0.86767 4.54368 2.30009
4.9205 0.500105 -4.39594
-3.62527 -2.05382 4.74293
-0.38627 -4.78377 1.21826
3.13934 1.03161 0.696837
0.632396 2.19558 1.69973
