1.7252 -3.04176 -3.72443
-2.54377 1.46625 -3.99874
0.342317 1.37705 -1.72062
-3.30773 -4.05267 1.94721
3.98336 2.14895 0.85214
0.0386932 2.3675 -4.27798
2.69459 0.271518 3.84106
-1.62374 -0.404701 -3.21585
3.96147 4.71221 2.78306
2.10082 -3.02512 1.40184
-4.43486 -3.32878 -2.08566
-1.91808 -4.84961 0.622342
4.68437 -4.03799 0.173414
2.99493 3.31651 -3.11445
-2.19924 2.10974 -3.74747
3.97453 3.02882 0.546461
-1.43199 4.33323 -3.63314
-2.24086 3.32126 -1.44756
1.04982 0.165193 -4.73929
-4.86769 0.677384 1.69088
-3.52948 2.37164 -2.94429
0.527126 0.482013 -3.38849
-2.26963 -0.00183689 4.94389
4.5712 -2.33014 0.377858
-4.98761 -4.81695 -2.77215
-2.14632 -2.44903 3.12505
3.69994 3.59254 1.12286
3.66802 0.706128 2.68839
0.159252 -1.68155 -4.83538
-4.57822 3.16369 1.45479
4.65552 1.68439 -1.74381
-2.34714 -3.22171 4.03843
4.59128 -1.46706 0.100272
2.30222 1.7851 -1.55505
1.80872 -4.96236 3.52866
3.18796 -1.21242 -1.10298
1.18226 -0.113952 -3.4453
0.73495 -0.0562903 1.8551
4.06501 2.01635 -0.493634
0.525419 -0.801788 -1.91964
4.75831 -4.57374 -3.01704
1.8695 -0.654764 -2.00005
4.7389 1.46917 -0.815337
-1.13633 -4.12487 -0.737942
4.56795 -4.24322 1.90139
-0.189375 3.21704 -3.67181
3.84936 -1.67064 3.80382
1.40446 -3.92718 -1.17881
-4.89944 -4.98488 -2.3935
1.49177 -1.14825 -0.166121
2.8652 -2.11682 -3.64081
1.54524 -2.59075 0.889158
0.281491 2.4855 -0.890773
-2.64548 0.855954 -0.556582
4.12893 -4.90312 -3.72575
-0.334805 -3.84837 -4.9759
-2.13686 -2.51185 -4.96227
-2.29488 1.65607 -4.91771
-2.79122 -4.22442 3.26503
3.64951 4.6359 -3.3303
0.649293 -2.33465 -1.96954
4.61959 1.22572 2.74593
-4.77178 -1.54704 1.29676
-3.5468 -4.75815 4.26053
-4.55037 1.78562 -1.03445
1.91261 4.76179 -2.44478
-4.89865 -0.223542 3.59724
-3.57097 4.46098 -2.50621
-4.24278 3.4195 3.40161
3.07011 -3.52979 -4.91497
-2.46278 2.98102 -0.0754342
4.97421 2.34199 4.49186
-3.89616 -2.73079 1.7184
3.49379 -3.4708 -2.87708
-4.59114 -3.3121 -4.57343
-3.73497 -4.96163 -0.588897
-2.68906 4.30119 -3.89636
-0.479457 -4.73749 -2.92132
4.1498 -4.3743 4.13571
2.95103 4.66276 4.78428
4.48137 -4.17078 -4.40383
-2.36618 1.68327 2.02712
-2.58018 -4.26734 -3.84707
1.41227 -3.07015 2.07175
1.06445 3.96083 3.27228
3.2834 -2.23299 4.88932
3.0338 -3.8385 0.780749
3.32862 -3.35759 -3.77117
-0.815278 1.23249 -2.11959
-0.7269 2.49463 -3.17397
-3.29815 2.18147 -4.21217
-1.91402 3.93179 1.02921
2.11563 3.94089 -3.87718
-1.29029 -1.84374 -4.63048
0.864923 4.6202 2.31687
4.88593 0.605768 -4.38927
-3.91897 -2.08661 4.97117
-0.30182 -4.85636 1.26678
3.09172 0.934561 0.687288
0.549671 2.12592 1.63596
