1.69733 -2.97913 -3.6366
-2.46549 1.49095 -3.92099
0.413454 1.32943 -1.72656
-3.39429 -4.03375 1.9499
3.95629 2.12439 0.845518
0.0887171 2.39941 -4.24389
2.72504 0.191866 3.507
-1.51848 -0.390325 -3.16726
3.94187 4.68924 2.75065
2.1813 -3.08744 1.34516
-4.41493 -3.32876 -2.03932
-1.88039 -4.8643 0.794877
4.74991 -4.04038 0.17142
2.87631 3.45132 -2.98343
-2.17949 2.04519 -3.80261
3.96252 3.10292 0.565706
-1.40965 4.28397 -3.62002
-2.02772 3.29658 -1.53163
1.03559 0.0317575 -4.64888
-4.92298 0.678909 1.68205
-3.45756 2.35908 -2.90491
0.538245 0.460012 -3.32707
-2.27704 0.098817 4.89437
4.6003 -2.26147 0.263201
4.98652 -4.78523 -2.87011
-2.18348 -2.47981 3.09753
3.71671 3.64122 0.883305
3.66844 0.719921 3.4498
0.172708 -1.65681 -4.72305
-4.63382 3.07286 1.30886
4.73701 1.76422 -1.86172
-2.43225 -3.26201 3.82079
4.66966 -1.6822 0.117421
2.3199 1.77075 -1.60406
1.75504 -4.96464 3.50818
3.18727 -1.21201 -1.11685
1.09332 -0.102791 -3.43021
0.687115 -0.0384456 1.85221
3.94765 2.10563 -0.572517
0.525025 -0.817556 -1.8673
4.76627 -4.70305 -2.91543
1.91283 -0.698331 -1.95194
4.7537 1.42237 -1.36167
-1.09683 -4.15321 -0.77841
4.66059 -4.21854 1.7585
-0.276034 -4.31529 -3.69335
3.85542 -1.7106 3.71882
1.36719 -4.00409 -1.16634
-4.942 -4.96868 -2.34036
1.5114 -1.16773 -0.196552
2.81829 -2.11217 -3.6307
1.49757 -2.56871 0.863771
0.260219 2.4632 -0.909864
-2.67607 0.867223 -0.53638
4.13569 -4.93248 -3.73104
-0.349462 -3.8785 -4.98875
-2.18024 -2.54064 -4.97509
-2.33073 1.76624 -4.99648
-2.78341 -4.23624 3.25639
3.69339 4.56282 -3.36203
0.640807 -2.37297 -1.9933
4.61278 1.31706 2.96208
-4.66454 -1.51696 1.20933
-3.65004 -4.7459 4.24433
-4.51905 1.77339 -1.09494
1.89401 4.84963 -2.03543
-4.84419 -1.79128 3.70682
-3.57581 4.32878 -2.41842
-4.22242 3.47305 3.29778
3.08886 -3.52757 -4.87285
-2.65102 2.99697 -0.180586
-4.99497 2.43859 4.57048
-3.84603 -2.67646 1.74876
3.35197 -3.51175 -2.88008
-4.65858 -3.24768 -4.88828
-3.68337 -4.92412 -0.576479
-2.73287 4.39721 -3.84754
-0.550841 -4.73418 -2.95869
4.19279 -4.40196 4.2207
2.90006 4.73291 4.6849
4.5568 -4.19033 -4.40839
-2.34658 1.67769 2.00593
-2.62802 -4.3295 -3.80849
1.42402 -3.02795 2.08891
1.12737 3.73738 3.20759
3.28253 -2.18109 4.98032
3.05817 -3.83743 0.899487
3.28324 -3.37422 -3.81948
-0.83875 1.23803 -2.11547
-0.738704 2.49783 -3.19795
-3.28051 2.19322 -4.2459
-1.88425 3.97424 1.07747
2.14524 3.953 -3.87101
-1.13548 -1.80629 -4.54573
0.862169 4.69759 2.33379
4.85182 0.711455 -4.38303
-4.21355 -2.11944 -4.79879
-0.217399 -4.93006 1.31547
3.04436 0.837523 0.677813
0.466932 2.05656 1.57246
