1.61368 -2.79456 -3.37705
-2.23269 1.56367 -3.69095
0.627071 1.18701 -1.74433
-3.65648 -3.97888 1.9586
3.8783 2.05126 0.826334
0.239167 2.49678 -4.14438
2.81706 -0.0469979 2.50653
-1.20384 -0.347499 -3.02282
3.88741 4.62942 2.65583
2.42365 -3.27584 1.1758
-4.36349 -3.3303 -1.90091
-1.7681 -4.91448 1.31284
4.95269 -4.05112 0.165429
2.52224 3.86046 -2.5919
-2.12029 1.85433 -3.97148
3.92963 3.32642 0.623491
-1.3429 4.14054 -3.58196
-1.3889 3.2245 -1.78392
0.993521 -0.368223 -4.38182
4.90799 0.683567 1.65613
-3.24451 2.32265 -2.78754
0.571279 0.394803 -3.14356
-2.30004 0.400688 4.7502
4.69031 -2.05931 -0.0820133
4.94804 -4.69693 -3.16806
-2.29561 -2.5722 3.01721
3.77051 3.79484 0.165639
3.67201 0.761723 -4.26237
0.213294 -1.58304 -4.38895
-4.81164 2.80396 0.872233
4.99576 2.00785 -2.21854
-2.68989 -3.38544 3.17721
4.91728 -2.32409 0.17021
2.37427 1.72913 -1.75166
1.59447 -4.97918 3.44982
3.18676 -1.21097 -1.15863
0.827215 -0.0696626 -3.38588
0.543458 0.015185 1.84502
3.60055 2.37556 -0.809372
0.523155 -0.865196 -1.71025
4.81234 4.90159 -2.61211
2.04446 -0.828947 -1.80844
4.80468 1.28114 -3.00085
-0.979264 -4.24255 -0.899802
4.94536 -4.14957 1.33116
-0.536168 3.0854 -3.76003
3.87725 -1.83063 3.46716
1.25551 -4.24026 -1.12883
4.88922 -4.92641 -2.179
1.5704 -1.22625 -0.287533
2.67875 -2.09826 -3.60254
1.3544 -2.50309 0.787755
0.196409 2.39899 -0.966508
-2.7696 0.901057 -0.475499
4.1594 4.96526 -3.75025
-0.393508 -3.97073 4.97345
-2.31138 -2.62761 4.98328
-2.43977 2.0982 4.77214
-2.76144 -4.27466 3.23294
3.82863 4.37611 -3.46026
0.615144 -2.48877 -2.06478
4.59839 1.59196 3.61286
-4.34982 -1.42656 0.947717
-3.96279 -4.71256 4.20006
-4.43784 1.73752 -1.27611
1.83867 -4.88249 -0.807631
-4.68685 3.50429 4.03892
-3.59813 3.94537 -2.15622
-4.16575 3.63794 2.98893
3.14651 -3.52334 -4.7526
-3.21846 3.04831 -0.495484
-4.91044 2.73106 4.81342
-3.69901 -2.51398 1.84064
2.92792 -3.63637 -2.88946
-4.87278 -3.05625 4.16971
-3.5318 -4.8154 -0.539085
-2.86855 4.7015 -3.70619
-0.76518 -4.72892 -3.07149
4.32729 -4.48995 4.48346
2.7493 4.95692 4.39807
4.78886 -4.25183 -4.4278
-2.28944 1.662 1.94424
-2.7736 -4.5229 -3.69537
1.45914 -2.9031 2.14251
1.31635 3.07131 3.01644
3.28205 -2.02557 -4.74451
3.13265 -3.83658 1.25602
3.14984 -3.42687 -3.96852
-0.909934 1.25506 -2.10329
-0.774212 2.50894 -3.27089
-3.23012 2.22977 -4.35091
-1.79575 4.1083 1.22297
2.23459 3.99499 -3.8569
-0.671682 -1.69427 -4.29383
0.853925 4.93514 2.38557
4.75244 1.02869 -4.3671
4.89564 -2.21795 -4.11692
0.0356436 4.84905 1.46236
2.90378 0.54654 0.649898
0.218603 1.8501 1.38344
