1.58568 -2.7341 -3.29168
-2.15587 1.58723 -3.61506
0.698333 1.13969 -1.75025
-3.74494 -3.96125 1.96166
3.8533 2.02705 0.820143
0.289519 2.52972 -4.11221
2.84795 -0.126587 2.17349
-1.09937 -0.333372 -2.97512
3.87078 4.61226 2.62495
2.50462 -3.33912 1.11953
-4.3494 -3.33156 -1.85504
-1.73094 -4.93377 1.48561
-4.97763 -4.05598 0.163373
2.40459 3.99861 -2.46178
-2.10059 1.79175 -4.02998
3.91975 3.40135 0.642988
-1.32079 4.09412 -3.5698
-1.17615 3.2011 -1.86804
0.979702 -0.501514 -4.29412
4.85214 0.685145 1.64768
-3.17447 2.31088 -2.74873
0.582169 0.373419 -3.08255
-2.30801 0.501252 4.70338
4.7201 -1.99223 -0.198485
4.93901 -4.67326 -3.26896
-2.33322 -2.60299 2.99094
3.7896 3.84867 -0.0737525
3.67374 0.775732 -3.49927
0.226902 -1.55866 -4.27855
-4.87507 2.71533 0.727019
-4.91317 2.09017 -2.33799
-2.77675 -3.42744 2.96427
-4.995 -2.53819 0.18949
2.39282 1.71572 -1.80107
1.54106 -4.98674 3.43129
3.1871 -1.21069 -1.1726
0.738745 -0.058828 -3.37147
0.49549 0.0330688 1.84309
3.4862 2.46625 -0.888426
0.522275 -0.881223 -1.65787
4.83135 4.78544 -2.51147
2.08881 -0.872488 -1.76087
4.82282 1.23394 -3.5476
-0.940455 -4.27391 -0.940305
-4.95721 -4.12813 1.1891
-0.62296 -4.44712 -3.78317
3.88536 -1.87073 3.38436
1.21817 -4.32032 -1.1164
4.83186 -4.92278 -2.12454
1.5901 -1.24581 -0.317748
2.63255 -2.09368 -3.5936
1.30662 -2.48143 0.76249
0.175116 2.37846 -0.985184
-2.8014 0.912332 -0.455113
4.16819 4.93093 -3.75782
-0.408236 -4.00212 4.96215
-2.35549 -2.65683 4.97031
-2.47672 2.2094 4.70037
-2.75463 -4.28861 3.22581
3.87466 4.32092 -3.49415
0.606491 -2.52766 -2.0887
4.59525 1.68382 3.83077
-4.24709 -1.39637 0.860684
-4.06827 -4.70271 4.1866
-4.41359 1.72574 -1.33644
1.8204 -4.79393 -0.398357
-4.63638 1.93608 4.15065
-3.60855 3.821 -2.06924
-4.14834 3.69441 2.88664
3.16615 -3.52284 -4.71432
-3.40879 3.0666 -0.600296
-4.88524 2.82946 4.89708
-3.65113 -2.45996 1.87149
2.78686 -3.67863 -2.89272
-4.94802 -2.99302 3.85891
-3.48247 -4.78046 -0.526598
-2.91554 4.81134 -3.66092
-0.836693 -4.72879 -3.10954
4.37419 -4.52114 4.57392
2.6997 -4.96395 4.30578
4.86789 -4.27376 -4.43645
-2.271 1.65709 1.92419
-2.82295 -4.59141 -3.65869
1.47082 -2.86209 2.16101
1.37945 2.85025 2.95355
3.28247 -1.97378 -4.65415
3.15798 -3.83717 1.37502
3.10608 -3.44558 -4.01932
-0.93394 1.26086 -2.09929
-0.786137 2.51303 -3.29554
-3.21423 2.24234 -4.38773
-1.76653 4.15559 1.27164
2.26453 4.01077 -3.85364
-0.517374 -1.65711 -4.21072
0.851182 -4.98389 2.40317
4.7203 1.13448 -4.36284
4.59828 -2.25096 -3.8918
0.119877 4.77791 1.51152
2.85731 0.449595 0.640758
0.135748 1.78175 1.32087
