1.55766 -2.67409 -3.2068
-2.07929 1.61066 -3.53928
0.769635 1.09245 -1.75615
-3.8337 -3.94395 1.96482
3.82888 2.00296 0.814047
0.339954 2.56299 -4.08049
2.879 -0.20616 1.84063
-0.995096 -0.319299 -2.92762
3.85501 4.59653 2.59444
2.58579 -3.40259 1.06331
-4.3366 -3.33326 -1.8093
-1.69384 -4.95451 1.65848
-4.90914 -4.06151 0.161254
2.28714 4.13774 -2.33181
-2.08098 1.72947 -4.08972
3.91047 3.47662 0.662617
-1.29875 4.04851 -3.55791
-0.963451 3.17803 -1.95217
0.966015 -0.634776 -4.20702
4.79677 0.686743 1.63933
-3.10476 2.29928 -2.71007
0.593014 0.352272 -3.02154
-2.31611 0.601787 4.65715
4.75389 -1.92507 -0.31508
4.93112 -4.65291 -3.37035
-2.3709 -2.63377 2.96491
3.80963 3.90368 -0.313236
3.67582 0.789757 -2.73643
0.2406 -1.53436 -4.16858
-4.94056 2.62715 0.581955
-4.82423 2.17285 -2.45775
-2.86404 -3.46984 2.75183
-4.91197 -2.75264 0.208905
2.4117 1.70254 -1.85059
1.48772 -4.99494 3.41324
3.1878 -1.21044 -1.18656
0.650361 -0.0481159 -3.35729
0.447501 0.0509696 1.84141
3.37266 2.55732 -0.967521
0.521293 -0.897308 -1.60546
4.85166 4.6835 -2.41135
2.13345 -0.916016 -1.71342
4.84173 1.18679 -4.09456
-0.901788 -4.30603 -0.98081
-4.86096 -4.1074 1.04725
-0.709742 -1.98037 -3.80729
3.89397 -1.91086 3.30201
1.18083 -4.40102 -1.10404
4.7754 -4.92788 -2.0698
1.60983 -1.26539 -0.347903
2.5865 -2.08913 -3.58486
1.25884 -2.45985 0.737273
0.153837 2.35838 -1.00376
-2.83345 0.923616 -0.434679
4.17742 4.89884 -3.76595
-0.422978 -4.03378 4.9517
-2.39981 -2.68617 4.958
-2.51395 2.32095 4.63096
-2.748 -4.30313 3.21906
3.92126 4.26731 -3.52863
0.597796 -2.56668 -2.11266
4.59453 1.77578 4.04929
-4.14493 -1.36613 0.77371
-4.17448 -4.69345 4.17379
-4.38995 1.71402 -1.39675
1.80226 -4.70593 0.0109733
-4.5876 0.368012 4.26297
-3.62023 3.69801 -1.98245
-4.13158 3.75165 2.78467
3.186 -3.5227 -4.67694
-3.59969 3.08552 -0.705024
-4.86163 2.92849 4.9823
-3.60358 -2.40599 1.90245
2.64594 -3.72127 -2.89605
4.97507 -2.93002 3.54904
-3.43351 -4.74616 -0.514102
-2.96352 4.93064 -3.61652
-0.908274 -4.7295 -3.14771
4.42194 -4.55314 4.66607
2.65044 -4.88606 4.21501
4.9477 -4.29653 -4.44624
-2.25283 1.65236 1.9044
-2.87274 -4.66475 -3.62247
1.48254 -2.82123 2.17982
1.44264 2.62971 2.89106
3.28314 -1.922 -4.56436
3.18382 -3.83816 1.49416
3.0626 -3.46486 -4.0706
-0.958057 1.26673 -2.09532
-0.79807 2.51739 -3.32042
-3.19875 2.25511 -4.42554
-1.73741 4.20449 1.32037
2.29461 4.02754 -3.85105
-0.363261 -1.62003 -4.12797
0.848462 -4.90382 2.42095
4.68875 1.24029 -4.3592
4.30184 -2.28411 -3.6673
0.204072 4.70893 1.56078
2.81108 0.352697 0.63169
0.0528674 1.71367 1.2585
