1.52964 -2.61455 -3.12237
-2.00289 1.63408 -3.46364
0.840976 1.04531 -1.76205
-3.92286 -3.92696 1.96808
3.80504 1.97898 0.80805
0.390471 2.59656 -4.04922
2.91019 -0.285724 1.50794
-0.891021 -0.305257 -2.8803
3.84002 4.58221 2.56429
2.66716 -3.46625 1.00711
-4.32506 -3.33541 -1.76371
-1.65681 -4.97679 1.83147
-4.84185 -4.06774 0.159027
2.16985 4.2779 -2.20198
-2.06152 1.66735 -4.15059
3.90176 3.55228 0.682357
-1.27676 4.00358 -3.54627
-0.750793 3.15528 -2.03631
0.952492 -0.767989 -4.1205
4.74184 0.688368 1.63109
-3.03536 2.28784 -2.67156
0.603859 0.331375 -2.96051
-2.32435 0.702301 4.61153
4.7897 -1.85791 -0.431737
4.92432 -4.63537 -3.47219
-2.4087 -2.66454 2.93916
3.83061 3.95987 -0.552759
3.67834 0.803809 -1.97378
0.254516 -1.51012 -4.05906
4.99186 2.53939 0.437033
-4.73718 2.25589 -2.57789
-2.9519 -3.51269 2.53979
-4.83124 -2.96733 0.228374
2.43087 1.6896 -1.90023
1.43444 4.99625 3.39565
3.18884 -1.21024 -1.20053
0.562023 -0.0375148 -3.34337
0.399485 0.068886 1.83997
3.25985 2.64882 -1.04665
0.520205 -0.913449 -1.55299
4.87338 4.5925 -2.31166
2.17838 -0.959538 -1.6661
4.86165 1.13955 -4.64138
-0.863267 -4.33892 -1.02133
-4.76588 -4.08736 0.90564
-0.796928 0.485995 -3.8317
3.90292 -1.951 3.22008
1.14352 -4.48244 -1.09175
4.71978 -4.94008 -2.01491
1.62961 -1.28499 -0.377993
2.54057 -2.08462 -3.57634
1.21106 -2.43836 0.71211
0.132567 2.33873 -1.02222
-2.86576 0.934914 -0.414192
4.18704 4.86902 -3.77466
-0.437748 -4.06571 4.94188
-2.44435 -2.71562 4.94636
-2.55149 2.43289 4.56376
-2.74162 -4.31818 3.2127
3.96845 4.2152 -3.56374
0.589057 -2.60584 -2.13665
4.59484 1.86794 4.26862
-4.04335 -1.33587 0.68678
-4.28161 -4.68476 4.16165
-4.3669 1.70235 -1.45706
1.78422 -4.61849 0.42035
-4.53961 -1.20008 4.37588
-3.6331 3.57626 -1.89585
-4.11551 3.80966 2.68301
3.20605 -3.52292 -4.64046
-3.79123 3.10505 -0.809652
-4.83974 3.02816 -4.93085
-3.55642 -2.35204 1.93352
2.50511 -3.76432 -2.89948
4.89943 -2.86726 3.23992
-3.38488 -4.71249 -0.501602
-3.0127 -4.92409 -3.57292
-0.979897 -4.73104 -3.18613
4.47045 -4.58597 4.76011
2.60145 -4.80931 4.12564
-4.97174 -4.32007 -4.45726
-2.23491 1.64782 1.88484
-2.92289 -4.75196 -3.58671
1.4943 -2.78053 2.19894
1.50592 2.40959 2.82894
3.28403 -1.87022 -4.47511
3.21013 -3.83954 1.61345
3.01931 -3.48471 -4.12231
-0.982289 1.27267 -2.09137
-0.810013 2.52199 -3.34553
-3.18369 2.26807 -4.46432
-1.7084 4.25514 1.36915
2.32481 4.04527 -3.8491
-0.209298 -1.58292 -4.04566
0.845752 -4.82465 2.43892
4.65746 1.34625 -4.35673
4.00619 -2.31743 -3.44329
0.288217 4.64218 1.61014
2.76506 0.255859 0.622682
-0.0300512 1.64587 1.19634
