1.78345 1.46124 -2.18653
-3.53621 -4.78909 2.00273
4.99045 -1.87454 0.0487143
4.74092 4.69969 0.0453292
-3.95279 -2.25986 -4.53972
3.14256 0.928918 -4.62919
0.513287 4.33749 1.41081
2.86609 -4.17188 3.71718
4.9926 3.63828 -3.54751
3.51528 4.82299 -1.98267
-4.86667 2.17599 2.78081
4.02961 1.78551 -4.30768
-0.611841 4.10598 -0.83249
-3.63934 -2.03834 4.19351
-3.67282 4.86889 4.30858
0.314684 0.392538 -2.7069
0.0620539 -3.32203 4.83038
4.33152 -0.201839 -1.96322
4.39232 0.319685 -1.12707
3.21284 3.65649 3.29397
4.26867 4.96576 2.0559
1.66202 3.16725 1.99763
-4.49882 -3.70332 -2.91805
0.336344 1.3018 -4.58468
-4.30807 -3.58777 -1.16618
-0.628631 -3.41847 4.40698
1.07199 -3.98452 -4.96191
-0.0101763 -4.27119 3.05644
-3.29008 1.55395 4.8575
-4.92554 3.46979 3.22582
-3.00745 -4.83442 -1.71123
4.09336 -3.54021 3.87624
-2.34348 -4.18123 1.63899
2.5895 -1.06327 -2.07031
4.3639 0.67761 4.61079
4.52577 1.1076 3.60365
-1.00616 4.86439 0.38899
-0.54396 -0.356611 -3.894
-4.79462 -2.59503 1.84425
3.17471 1.09936 -4.70182
-1.09714 -1.45393 4.24092
4.89465 -1.86879 3.54779
-1.05548 4.50871 -4.49827
3.88032 -4.6881 -2.9675
4.10284 -4.35836 -1.44948
-0.805189 -4.91302 -4.45265
-3.64846 2.29211 -4.2725
-3.17475 -0.683086 0.0350264
-4.96304 3.9651 -0.893207
1.8826 -1.04122 4.13839
3.0269 4.79996 -4.13318
-3.2322 0.262471 -0.243601
-1.89529 1.20987 -3.76055
3.92626 -4.40812 1.92845
2.96416 3.12688 4.92012
0.670358 -0.506346 4.53668
-0.110174 2.2793 1.55728
-4.88759 -4.65454 3.19756
3.99882 -1.20748 4.90858
-1.0149 -2.81513 -0.226289
-0.820117 -0.877471 3.78812
-4.3692 4.83946 -4.38258
2.02687 -4.69968 4.15134
3.15326 -2.60298 -1.05731
2.55499 -4.96124 4.96506
-4.70886 4.6964 -4.94687
1.81988 -4.30813 -4.70019
-1.93327 -4.61994 4.73683
-2.92981 2.54132 -3.62451
4.26777 -0.871073 -3.44599
-4.42188 4.60022 -4.0009
-4.0968 4.25174 -1.61936
-4.76688 -4.39063 4.45259
-3.0646 -3.76427 4.62522
2.085 3.54847 4.99119
3.8357 1.96372 1.06148
1.36987 4.45447 -2.83777
4.30964 3.51757 0.593977
1.17818 -2.48916 2.3197
4.27228 -1.06252 -4.90466
0.826789 2.98695 -2.79687
0.660895 -3.27253 0.803688
-0.969193 -3.56717 -1.98302
-0.795811 -0.409566 -1.6428
4.25839 -2.15403 -4.75832
2.72084 -0.116968 2.26951
4.62897 -0.414677 -4.86173
-0.437573 -0.192917 1.29317
0.146018 4.80908 -4.9915
-1.27677 0.496902 -0.0205792
4.78274 -3.24692 1.35582
4.99158 -3.60213 -4.47455
-2.9329 2.47835 -1.05096
-4.86704 4.77141 2.46341
-1.013 1.02133 2.79619
2.82251 -2.98429 2.79167
-2.74079 0.642337 -4.1428
-1.27591 -4.42679 3.10263
-4.45931 1.14748 0.313407
2.04836 -1.5366 3.83765
