1.50164 -2.55547 -3.03835
-1.92668 1.6576 -3.38818
0.91236 0.998264 -1.76791
-4.01246 -3.91031 1.97145
3.78148 1.95512 0.802167
0.441082 2.63044 -4.01838
2.94154 -0.365302 1.17543
-0.787159 -0.291313 -2.83308
3.82578 4.56924 2.53454
2.74876 -3.53015 0.95094
-4.31469 -3.33794 -1.71827
-1.61985 4.99934 2.00461
-4.77576 -4.07469 0.156626
2.05272 4.41918 -2.07228
-2.04226 1.60535 -4.21243
3.89338 3.62834 0.702203
-1.25483 3.9594 -3.53488
-0.538167 3.13287 -2.12046
0.939169 -0.901169 -4.03454
4.68728 0.690022 1.62297
-2.96625 2.2766 -2.63316
0.614771 0.310696 -2.89942
-2.33274 0.8028 4.56659
4.82694 -1.79078 -0.548435
4.91958 -4.62035 -3.57449
-2.44659 -2.69534 2.91368
3.85241 4.01725 -0.792272
3.68134 0.817889 -1.21121
0.268751 -1.48597 -3.94992
4.92563 2.45201 0.292266
-4.65194 2.33934 -2.69835
-3.04028 -3.55602 2.32809
-4.75211 -3.1822 0.247862
2.45033 1.6769 -1.94999
1.38121 4.98917 3.37852
3.19023 -1.21009 -1.21451
0.473706 -0.0270149 -3.32975
0.351434 0.0868081 1.83878
3.14758 2.74077 -1.12579
0.519007 -0.929664 -1.50046
4.89664 4.50989 -2.21226
2.22356 -1.00307 -1.61891
4.88231 1.09211 4.81093
-0.824893 -4.37257 -1.06186
-4.67192 -4.06804 0.76433
-0.884225 2.95241 -3.85662
3.91228 -1.99116 3.13854
1.10623 -4.56469 -1.07948
4.66499 -4.9578 -1.95992
1.64942 -1.30463 -0.408015
2.49478 -2.08016 -3.56804
1.16327 -2.41696 0.687005
0.1113 2.31952 -1.04056
-2.89838 0.946235 -0.393641
4.19738 4.84153 -3.78391
-0.452542 -4.09794 4.93265
-2.48909 -2.74517 4.93531
-2.58936 2.54528 4.49876
-2.73543 -4.33374 3.20675
4.01644 4.16455 -3.59937
0.580262 -2.64517 -2.16067
4.59604 1.9603 4.48957
-3.9423 -1.30558 0.59989
-4.38957 -4.67662 4.15025
-4.34453 1.69073 -1.51738
1.76627 -4.5316 0.829762
-4.49225 -2.76817 4.48928
-3.64714 3.45581 -1.80942
-4.10014 3.86848 2.58171
3.22645 -3.52351 -4.60491
-3.98378 3.12525 -0.914139
-4.81964 3.12855 -4.84526
-3.50966 -2.29809 1.96469
2.36439 -3.80779 -2.90299
4.82527 -2.80476 2.93141
-3.33659 -4.67941 -0.489097
-3.06494 -4.78445 -3.52973
-1.05156 -4.7333 -3.2248
4.52074 -4.61969 4.85636
2.55279 -4.73419 4.03762
-4.89365 -4.34431 -4.46964
-2.21731 1.64347 1.86556
-2.97229 -4.83758 -3.55155
1.5061 -2.74003 2.21835
1.56928 2.18976 2.76721
3.2852 -1.81842 -4.38638
3.23688 -3.84136 1.73294
2.97623 -3.50515 -4.17439
-1.00665 1.27871 -2.08742
-0.821969 2.52686 -3.37086
-3.16905 2.28125 -4.50396
-1.67949 4.30757 1.41796
2.35517 4.06394 -3.84774
-0.0557505 -1.54598 -3.96365
0.843044 -4.74693 2.45707
4.62649 1.45246 -4.35441
3.71139 -2.35091 -3.21967
0.372306 4.57755 1.6596
2.71922 0.159104 0.613723
-0.113025 1.57832 1.13437
