1.47368 -2.49685 -2.95472
-1.85064 1.68117 -3.31293
0.983786 0.951304 -1.77377
-4.10256 -3.89404 1.97494
3.75818 1.93139 0.796399
0.491836 2.66461 -3.98797
2.97307 -0.44494 0.843097
-0.68352 -0.277429 -2.786
3.81232 4.55764 2.50519
2.83064 -3.59433 0.894768
-4.30546 -3.34087 -1.673
-1.58295 4.97637 2.17792
-4.71087 -4.08246 0.153926
1.93574 4.56171 -1.94269
-2.02319 1.5434 -4.27523
3.88534 3.70482 0.722139
-1.23297 3.91598 -3.52373
-0.325555 3.11078 -2.20462
0.926076 -1.03428 -3.94911
4.63306 0.6917 1.61497
-2.89741 2.26552 -2.59487
0.625768 0.290191 -2.83829
-2.34128 0.903272 4.5223
4.86538 -1.7237 -0.665178
4.91722 -4.60778 -3.67736
-2.4846 -2.72623 2.88847
3.87507 4.07591 -1.03176
3.68477 0.832 -0.448689
0.283697 -1.46184 -3.8411
4.86077 2.36498 0.147634
-4.56843 2.42319 -2.81926
-3.12913 -3.6001 2.11667
-4.67433 -3.39719 0.267333
2.47007 1.66441 -1.99993
1.32803 4.9839 3.36186
3.19198 -1.20999 -1.22849
0.385354 -0.016571 -3.31642
0.303346 0.104724 1.83783
3.0358 2.83321 -1.20496
0.517683 -0.945957 -1.44788
4.92155 4.43371 -2.11313
2.269 -1.04661 -1.57189
4.90345 1.04462 4.2645
-0.786664 -4.40705 -1.1024
-4.57899 -4.04947 0.623438
-0.97157 -4.58057 -3.88224
3.92202 -2.03133 3.05734
1.06897 -4.64791 -1.06722
4.611 -4.97993 -1.90491
1.66927 -1.32431 -0.437972
2.44912 -2.07575 -3.55998
1.11546 -2.39567 0.661956
0.0900316 2.30069 -1.05876
-2.93132 0.957571 -0.373034
4.20842 4.81639 -3.79375
-0.467358 -4.1305 4.92402
-2.53401 -2.77483 4.92484
-2.6276 2.65813 4.43582
-2.72945 -4.34997 3.20119
4.06534 4.11531 -3.63563
0.571403 -2.68467 -2.18472
4.59811 2.05294 4.71198
-3.84178 -1.27527 0.513028
-4.49843 -4.66906 4.13959
-4.32284 1.67914 -1.57772
1.74839 -4.44531 1.23921
-4.44565 -4.33634 4.60332
-3.66231 3.33653 -1.72319
-4.08545 3.92809 2.48074
3.24731 -3.52447 -4.57031
-4.17752 3.1461 -1.01847
-4.8014 3.22971 -4.76112
-3.46331 -2.24416 1.99596
2.22377 -3.85171 -2.9066
4.75274 -2.7425 2.62335
-3.28862 -4.64692 -0.476596
-3.13094 -4.63878 -3.48429
-1.12327 -4.73634 -3.26375
4.57318 -4.65437 4.95515
2.50449 -4.66067 3.95087
-4.81829 -4.3692 -4.48367
-2.20001 1.63927 1.84654
-3.01513 -4.92798 -3.51847
1.51794 -2.69974 2.23806
1.63272 1.97016 2.70583
3.28667 -1.7666 -4.29817
3.26405 -3.8436 1.85262
2.93328 -3.52617 -4.22684
-1.03113 1.28481 -2.08346
-0.833919 2.53185 -3.3963
-3.15482 2.29463 -4.54449
-1.6507 4.36052 1.46679
2.38571 4.08353 -3.84697
0.0970187 -1.50927 -3.88197
0.840326 -4.67072 2.47541
4.59601 1.55872 -4.35336
3.41736 -2.3846 -2.99636
0.456341 4.51483 1.70918
2.6735 0.0624854 0.604779
-0.196064 1.51097 1.0726
