1.418 -2.38098 -2.78846
-1.69906 1.72857 -3.16314
1.12679 0.857669 -1.78543
-4.28451 -3.86263 1.9824
3.71234 1.88438 0.785242
0.593627 2.73386 -3.92838
3.03686 -0.604647 0.178836
-0.476976 -0.249796 -2.69218
3.78776 4.53858 2.44766
2.9953 -3.72366 0.782425
-4.29027 -3.34808 -1.58298
-1.50929 4.93316 2.52519
-4.58522 -4.10135 0.146585
1.70225 4.85154 -1.68384
-1.98553 1.41965 -4.4036
3.87037 3.85905 0.762249
-1.18943 3.83139 -3.50214
0.0996838 3.06758 -2.37305
0.900987 -1.30013 -3.77987
4.52561 0.695121 1.59936
-2.76049 2.24388 -2.51863
0.648072 0.249576 -2.71603
-2.35881 1.10416 4.43579
4.94547 -1.58974 -0.898809
4.9214 -4.59 -3.88506
-2.561 -2.78837 2.83888
3.92307 4.19707 -1.51065
3.69272 0.860355 1.07634
0.323705 -1.4088 -3.61554
4.73528 2.19189 -0.14129
-4.40652 2.59209 -3.06257
-3.30822 -3.69061 1.69455
-4.52258 -3.82654 0.306094
2.51055 1.64003 -2.10038
1.22183 4.97913 3.32999
3.1966 -1.20994 -1.25651
0.208502 0.00433308 -3.29059
0.20705 0.140535 1.83667
2.81358 3.01957 -1.36339
0.514637 -0.978763 -1.34248
4.97674 4.29254 -1.91554
2.36054 -1.1337 -1.47835
4.9469 0.949607 3.17299
-0.710646 -4.47858 -1.18348
-4.39536 -4.01506 0.344071
-1.14651 0.351739 -3.93621
3.94253 -2.11172 2.89603
0.994487 -4.81812 -1.04259
4.50547 4.96971 -1.79501
1.70902 -1.36384 -0.497679
2.35814 -2.06712 -3.54462
1.0198 -2.35346 0.612045
0.0474552 2.26421 -1.09477
-2.9982 0.980304 -0.331649
4.23273 4.77315 -3.81507
-0.497035 -4.19661 4.90903
-2.62443 -2.83447 4.90577
-2.7051 2.88531 4.31547
-2.7181 -4.3846 3.19126
4.16643 4.02083 -3.71008
0.553468 -2.76423 -2.23288
4.60535 2.23902 -4.83611
-3.6422 -1.21466 0.339387
-4.71928 -4.65618 4.12072
-4.28142 1.65603 -1.69855
1.71286 -4.27462 2.05828
-4.35566 2.52781 4.83653
-3.69571 3.10091 -1.55129
-4.05809 4.04982 2.27965
3.2907 -3.52745 -4.50366
-4.56974 3.18971 -1.22668
-4.77098 3.43459 -4.59829
-3.37182 -2.13632 2.05887
1.94279 -3.94095 -2.91418
4.61212 -2.61863 2.00835
-3.19352 -4.58372 -0.451626
-3.26727 -4.35802 -3.39527
-1.26694 -4.74479 -3.34215
4.68709 -4.72732 -4.84269
2.40896 -4.51827 3.78103
-4.67721 -4.42103 -4.51753
-2.16632 1.63133 1.80924
-3.1014 4.8945 -3.45382
1.54174 -2.61972 2.27835
1.75984 1.53154 2.58413
3.29048 -1.66292 -4.12301
3.31959 -3.84942 2.09257
2.84719 -3.57007 -4.33284
-1.08047 1.29722 -2.07555
-0.857861 2.54259 -3.44793
-3.12748 2.32192 -4.62823
-1.5934 4.46808 1.56451
2.44739 4.12561 -3.84716
0.393614 -1.44041 -3.72654
0.834791 -4.52276 2.51266
4.53657 1.77129 -4.35442
2.83118 -2.4528 -2.5503
0.624276 4.39481 1.8087
2.58207 -0.130075 0.587149
-0.362363 1.37687 0.94961
