1.39029 -2.32378 -2.70573
-1.62352 1.75239 -3.08857
1.19839 0.810987 -1.79122
-4.37644 -3.84751 1.98643
3.68981 1.86115 0.779821
0.644667 2.76891 -3.89919
3.06914 -0.684652 -0.153238
-0.37409 -0.236086 -2.64532
3.77665 4.5311 2.41956
3.07812 -3.78892 0.72628
-4.28428 -3.35257 -1.5382
-1.47253 4.91286 2.69918
-4.52552 -4.11381 0.140828
1.58577 4.99976 -1.55456
-1.96694 1.35782 -4.46922
3.86344 3.93681 0.782422
-1.16774 3.78996 -3.4917
0.312331 3.04642 -2.45733
0.889434 -1.4329 -3.69612
4.47241 0.69684 1.59177
-2.69238 2.23325 -2.48065
0.65939 0.22941 -2.65492
-2.3678 1.20457 4.39372
4.987 -1.5229 -1.0157
4.92865 -4.58487 -3.98936
-2.5994 -2.8197 2.81451
3.94841 4.25905 -1.75002
3.69708 0.874564 1.83899
0.343641 -1.37927 -3.49494
4.67467 2.10572 -0.285609
-4.32816 2.67706 -3.18496
-3.39847 -3.73709 1.48382
-4.44977 -4.03824 0.325701
2.53134 1.62808 -2.15083
1.16879 4.97982 3.31481
3.1995 -1.21001 -1.27054
0.120033 0.0148356 -3.27807
0.15884 0.158419 1.83647
2.70309 3.11345 -1.44262
0.512901 -0.995307 -1.28963
-4.9926 4.22341 -1.81697
2.40662 -1.1773 -1.43183
4.96919 0.902126 2.6277
-0.672868 -4.51574 -1.22403
-4.30234 -4.00067 0.206493
-1.23425 2.81773 -3.96394
3.95333 -2.15197 2.81593
0.957204 -4.90609 -1.03014
4.45394 4.94626 -1.74011
1.72893 -1.38372 -0.527416
2.31286 -2.06294 -3.53733
0.971934 -2.33256 0.587194
0.0261348 2.24652 -1.11256
-3.03217 0.991689 -0.31086
4.24596 4.75485 -3.82619
-0.511912 -4.23023 4.90244
-2.66994 -2.86454 4.89716
-2.74435 2.99962 4.25791
-2.71274 -4.40311 3.18691
4.21891 3.9753 -3.74805
0.544367 -2.80435 -2.25699
4.61141 2.33247 -4.6102
-3.5431 -1.18439 0.252609
-4.83136 -4.65079 4.11321
-4.26168 1.64445 -1.75903
1.69525 -4.19029 2.46796
-4.31225 0.960597 4.95615
-3.7139 2.98413 -1.46545
-4.04539 4.11194 2.17957
3.3133 -3.52947 -4.47125
-4.76895 3.21232 -1.33061
-4.75916 3.5384 -4.51971
-3.32665 -2.08243 2.09055
1.80239 -3.98636 -2.91814
4.54395 -2.55701 1.70129
-3.14634 -4.55304 -0.439162
-3.33703 -4.2282 -3.35163
-1.33887 -4.75026 -3.38179
4.74865 -4.76596 -4.74364
2.36171 -4.44934 3.69793
-4.61231 -4.44808 -4.53559
-2.14993 1.62757 1.79098
-3.14519 4.81209 -3.42205
1.55369 -2.57997 2.29893
1.82351 1.31246 2.52382
3.29283 -1.61109 -4.03596
3.34793 -3.85303 2.21287
2.8039 -3.59302 -4.38647
-1.10533 1.30352 -2.07156
-0.869849 2.54832 -3.47414
-3.11431 2.33577 -4.67159
-1.56488 4.52274 1.61341
2.47855 4.14804 -3.84799
0.541282 -1.40882 -3.65577
0.831914 -4.45096 2.53157
4.50777 1.87749 -4.35591
2.53887 -2.48749 -2.3274
0.7082 4.33719 1.85867
2.53638 -0.226135 0.578636
-0.445635 1.31008 0.888387
