1.36268 -2.26705 -2.62322
-1.54814 1.77624 -3.01419
1.27008 0.764398 -1.79697
-4.46902 -3.83276 1.99068
3.66755 1.83808 0.774479
0.695836 2.80425 -3.87039
3.10166 -0.764663 -0.485258
-0.271489 -0.222454 -2.59848
3.76631 4.52498 2.39191
3.16129 -3.85463 0.670169
-4.27924 -3.35763 -1.49358
-1.4358 4.89343 2.87343
-4.4695 -4.12892 0.132175
1.46956 -4.84836 -1.42539
-1.94849 1.29596 -4.53587
3.85694 4.01501 0.802669
-1.1461 3.74912 -3.48144
0.52502 3.02553 -2.54165
0.879223 -1.56585 -3.61308
4.41958 0.698546 1.58425
-2.62448 2.22276 -2.44273
0.670809 0.209316 -2.59387
-2.37691 1.30497 4.3525
-4.97048 -1.45614 -1.13265
4.93996 -4.58203 -4.0939
-2.63795 -2.85122 2.79042
3.97593 4.32194 -1.98942
3.70158 0.888836 2.60187
0.362152 -1.34966 -3.37365
4.61558 2.01974 -0.42984
-4.25145 2.76243 -3.30777
-3.4892 -3.78436 1.27333
-4.3799 -4.25039 0.35055
2.55254 1.61629 -2.20144
1.11577 4.98276 3.30014
3.20286 -1.21015 -1.28462
0.031527 0.0253933 -3.26581
0.110592 0.176289 1.83653
2.59307 3.20785 -1.52184
0.511011 -1.01194 -1.23666
-4.96585 4.15527 -1.71849
2.45289 -1.22095 -1.38547
4.99188 0.854681 2.08266
-0.635235 -4.55389 -1.26458
-4.2058 -3.98545 0.0672632
-1.32219 -4.71582 -3.99242
3.96451 -2.19227 2.73617
0.91984 -4.99731 -1.01754
4.40448 4.92394 -1.68523
1.74884 -1.40367 -0.557067
2.26774 -2.05886 -3.53032
0.924041 -2.31179 0.562418
0.00480083 2.22921 -1.1302
-3.06649 1.00309 -0.290006
4.25997 4.73878 -3.83755
-0.526815 -4.26424 4.89644
-2.71564 -2.89476 4.88915
-2.78398 3.11448 4.20205
-2.70761 -4.42244 3.18296
4.27302 3.93094 -3.78642
0.535167 -2.84472 -2.28112
4.61897 2.42644 -4.3852
-3.44441 -1.15414 0.165857
-4.94459 -4.64603 4.10701
-4.24254 1.63286 -1.81956
1.67779 -4.10674 2.87781
-4.2695 -0.606659 -4.92329
-3.73285 2.86795 -1.37956
-4.03332 4.17494 2.07978
3.33648 -3.53184 -4.43933
-4.96995 3.23542 -1.43448
-4.74985 3.64326 -4.44198
-3.28183 -2.02856 2.12237
1.66206 -4.03232 -2.92222
4.47713 -2.49556 1.39442
-3.09933 -4.52294 -0.426721
-3.40776 -4.10111 -3.30852
-1.41088 -4.75656 -3.42173
4.81365 -4.80625 -4.6458
2.31482 -4.38184 3.61599
-4.55175 -4.47583 -4.55436
-2.13383 1.62397 1.773
-3.18943 4.73162 -3.39057
1.56568 -2.54038 2.31979
1.88726 1.09349 2.46387
3.2955 -1.55926 -3.94923
3.37666 -3.85711 2.3334
2.76049 -3.61666 -4.4407
-1.13029 1.30985 -2.06754
-0.881736 2.55419 -3.50048
-3.10146 2.34978 -4.71582
-1.53644 4.57803 1.66237
2.50997 4.17142 -3.84929
0.689193 -1.3774 -3.58591
0.828924 -4.38055 2.55064
4.47959 1.98354 -4.35768
2.24702 -2.52263 -2.10456
0.792126 4.28092 1.90879
2.49079 -0.322131 0.570319
-0.528986 1.24347 0.827341
