1.3352 -2.21068 -2.54092
-1.47289 1.80019 -2.94
1.34187 0.717923 -1.8027
-4.56224 -3.81838 1.99517
3.64556 1.81515 0.76923
0.747108 2.83994 -3.84199
3.13451 -0.84462 -0.817167
-0.169162 -0.208883 -2.55159
3.75676 4.52024 2.3647
3.24487 -3.92079 0.614105
-4.27501 -3.36321 -1.4491
-1.39912 4.87489 3.04798
-4.41621 -4.14462 0.122349
1.35368 -4.69745 -1.29634
-1.93016 1.23412 -4.60346
3.85088 4.0937 0.82299
-1.1245 3.70896 -3.47139
0.737751 3.00496 -2.62602
0.870511 -1.70023 -3.53081
4.367 0.700248 1.57676
-2.55679 2.21242 -2.40487
0.682326 0.189308 -2.53286
-2.38615 1.40538 4.31216
-4.92897 -1.38945 -1.24967
4.95582 -4.58129 -4.19862
-2.67663 -2.88293 2.76663
4.00558 4.38589 -2.22896
3.70628 0.903174 3.36513
0.37988 -1.32001 -3.25221
4.55802 1.93397 -0.573977
-4.17648 2.84828 -3.43092
-3.58038 -3.83239 1.06314
-4.31067 -4.46494 0.377692
2.57418 1.60471 -2.25217
1.06276 4.98814 3.28597
3.20684 -1.21036 -1.29878
-0.0570241 0.0360286 -3.25384
0.0623106 0.194163 1.83685
2.48353 3.30296 -1.60103
0.50897 -1.02864 -1.18356
-4.94243 4.08816 -1.62004
2.49942 -1.26465 -1.33929
-4.98496 0.807293 1.53785
-0.597742 -4.59287 -1.30512
-4.10857 -3.9698 -0.0727105
-1.41017 -2.25034 -4.02207
3.97613 -2.23263 2.65674
0.882341 4.91049 -1.00473
4.35684 4.90278 -1.63031
1.76878 -1.42368 -0.586618
2.22283 -2.05489 -3.52356
0.87613 -2.29115 0.537725
-0.0165442 2.21234 -1.1477
-3.10115 1.01452 -0.269079
4.2748 4.72495 -3.84914
-0.541724 -4.29864 4.89124
-2.76154 -2.92514 4.88183
-2.82398 3.22993 4.14777
-2.70269 -4.44261 3.17944
4.329 3.88778 -3.82519
0.525866 -2.88532 -2.30528
4.62808 2.52108 -4.1607
-3.34602 -1.12391 0.0791364
4.94101 -4.64187 4.10208
-4.22398 1.62127 -1.88014
1.66044 -4.02402 3.28792
-4.22712 -2.17394 -4.80309
-3.75261 2.75235 -1.29357
-4.02185 4.2389 1.98028
3.36021 -3.53454 -4.40782
4.82708 3.25898 -1.53827
-4.74342 3.74937 -4.36505
-3.23732 -1.9747 2.15437
1.52179 -4.07868 -2.92645
4.41164 -2.43427 1.08773
-3.05245 -4.49341 -0.414303
-3.47947 -3.97585 -3.26589
-1.48299 -4.76364 -3.46174
4.88234 -4.84848 -4.54915
2.26835 -4.31574 3.5352
-4.49593 -4.50428 -4.57387
-2.11801 1.62053 1.7553
-3.23415 4.65277 -3.35937
1.57774 -2.50093 2.34092
1.95106 0.874647 2.40425
3.29853 -1.50744 -3.8628
3.4058 -3.86166 2.45417
2.71708 -3.64093 -4.49563
-1.15536 1.31625 -2.06347
-0.893622 2.56033 -3.52708
-3.08894 2.36394 -4.76079
-1.50806 4.63399 1.7114
2.54167 4.19585 -3.85106
0.836757 -1.34533 -3.51648
0.82584 -4.31145 2.56983
4.45188 2.08937 -4.35967
1.95562 -2.55821 -1.88173
0.876079 4.22589 1.95908
2.44536 -0.41807 0.562191
-0.612413 1.17703 0.766475
