1.30786 -2.15469 -2.45884
-1.39779 1.82424 -2.86601
1.41377 0.671553 -1.80839
-4.65617 -3.80435 1.99989
3.62392 1.79237 0.764078
0.798454 2.87594 -3.814
3.16773 -0.924427 -1.14887
-0.0670849 -0.195371 -2.50463
3.74789 4.51685 2.33792
3.32884 -3.98746 0.558095
-4.27162 -3.36932 -1.40477
-1.36248 4.85723 3.22284
-4.36468 -4.16093 0.112505
1.2381 -4.55164 -1.16737
-1.91194 1.17227 -4.67199
3.84522 4.1729 0.843383
-1.10295 3.66932 -3.46154
0.950515 2.98465 -2.71045
0.862031 -1.83585 -3.44917
4.31699 0.701944 1.56941
-2.48933 2.20222 -2.36705
0.693937 0.169386 -2.47192
-2.39552 1.50581 4.27271
-4.88846 -1.32282 -1.36674
4.97644 -4.58234 -4.30345
-2.71547 -2.91486 2.74315
4.03672 4.45097 -2.4687
3.71131 0.917565 4.1288
0.397126 -1.29034 -3.13079
4.50176 1.84837 -0.71803
-4.10357 2.93461 -3.55443
-3.67208 -3.88118 0.853314
-4.24239 -4.68145 0.405565
2.59622 1.5933 -2.30305
1.00974 4.9959 3.27227
3.21148 -1.21073 -1.31314
-0.145644 0.0467425 -3.24216
0.0140022 0.212039 1.83742
2.37434 3.3987 -1.68021
0.506771 -1.0454 -1.13031
-4.92377 4.0221 -1.52156
2.54613 -1.30851 -1.29331
-4.96457 0.759957 0.993153
-0.560415 -4.63312 -1.34565
-4.01148 -3.95431 -0.213214
-1.49833 0.214995 -4.05228
3.98819 -2.27305 2.57764
0.844697 4.8236 -0.991736
4.31064 4.88268 -1.57533
1.78875 -1.44377 -0.616056
2.17812 -2.05105 -3.51708
0.828195 -2.27065 0.513124
-0.0379062 2.19585 -1.16506
-3.13613 1.02598 -0.248076
4.29038 4.71338 -3.86096
-0.556663 -4.33345 4.88668
-2.80766 -2.95569 4.87539
-2.8644 3.346 4.09494
-2.69804 -4.46364 3.17634
4.38703 3.84585 -3.86437
0.516458 -2.92618 -2.32948
4.63875 2.61626 -3.93647
-3.24788 -1.0937 -0.00754936
4.82752 -4.63834 4.09841
-4.20613 1.60967 -1.94077
1.64308 -3.94206 3.69839
-4.18522 -3.74127 -4.68341
-3.77367 2.63728 -1.20748
-4.01103 4.30386 1.88107
3.3844 -3.5376 -4.37671
4.62785 3.28292 -1.64203
-4.74055 3.85692 -4.28892
-3.19311 -1.92086 2.18654
1.38158 -4.12551 -2.93082
4.34737 -2.37315 0.781174
-3.0057 -4.46442 -0.401913
-3.55225 -3.85203 -3.22373
-1.5552 -4.77151 -3.50207
4.95448 -4.89313 -4.45373
2.22238 -4.25108 3.4555
-4.44541 -4.53349 -4.59412
-2.10244 1.61726 1.7379
-3.27943 4.57526 -3.32842
1.58985 -2.46164 2.36233
2.01498 0.655889 2.34496
3.30191 -1.45563 -3.77664
3.43532 -3.86668 2.57521
2.67369 -3.66586 -4.55132
-1.18054 1.32269 -2.05934
-0.905523 2.5667 -3.55396
-3.07674 2.37825 -4.8065
-1.47974 4.69061 1.76051
2.57359 4.22131 -3.85329
0.984488 -1.31271 -3.44742
0.822687 -4.2436 2.58913
4.42459 2.19504 -4.36204
1.66459 -2.5943 -1.65883
0.96006 4.17191 2.00954
2.40012 -0.513965 0.554247
-0.695915 1.11074 0.705785
