1.28071 -2.09907 -2.37694
-1.32282 1.84842 -2.79219
1.48578 0.625291 -1.81405
-4.75083 -3.79068 2.00484
3.60267 1.76974 0.759031
0.849863 2.91225 -3.78644
3.20132 -1.0036 -1.48023
0.0347701 -0.181924 -2.4576
3.73969 4.51479 2.31158
3.41325 -4.0547 0.502145
-4.26909 -3.37593 -1.36059
-1.32589 4.84043 3.39803
-4.31454 -4.17797 0.102802
1.12271 -4.40959 -1.03838
-1.89387 1.11044 -4.74147
3.84 4.25263 0.863848
-1.08146 3.63019 -3.4519
1.16332 2.96458 -2.79493
0.853478 -1.97214 -3.3681
4.26808 0.703656 1.56223
-2.42209 2.19218 -2.32929
0.705649 0.149556 -2.41105
-2.40502 1.60627 4.23418
-4.84896 -1.25627 -1.4839
-4.99738 -4.58464 -4.40849
-2.7545 -2.94701 2.71995
4.0692 4.51737 -2.70861
3.7166 0.93199 4.89306
0.414046 -1.26067 -3.00949
4.44687 1.76293 -0.862009
-4.03284 3.0215 -3.67835
-3.76432 -3.93067 0.643941
-4.17508 -4.89972 0.433775
2.61866 1.58206 -2.35408
0.956711 -4.99422 3.25899
3.21689 -1.21182 -1.32793
-0.234339 0.0575143 -3.23074
-0.0343302 0.229924 1.83827
2.26547 3.49511 -1.75936
0.504403 -1.06222 -1.0769
-4.90933 3.95706 -1.42303
2.59289 -1.35266 -1.24744
-4.94551 0.712648 0.44851
-0.523265 -4.6747 -1.3862
-3.91483 -3.93921 -0.354087
-1.58665 2.68022 -4.0829
4.00071 -2.31353 2.49882
0.806986 4.74077 -0.978631
4.26572 4.86361 -1.52029
1.80875 -1.46393 -0.645375
2.13361 -2.04735 -3.51088
0.780234 -2.25029 0.488621
-0.0592752 2.17973 -1.18228
-3.17145 1.03748 -0.226993
4.30679 4.70413 -3.87301
-0.571634 -4.36871 4.88273
-2.85399 -2.9864 4.86977
-2.90527 3.46275 4.04353
-2.69366 -4.48554 3.17366
4.44756 3.8052 -3.90399
0.506934 -2.96732 -2.35375
4.65101 2.7118 -3.71247
-3.14998 -1.06354 -0.0941993
4.71496 -4.63545 4.09602
-4.18896 1.59808 -2.00148
1.62567 -3.86068 4.10945
-4.14448 4.69116 -4.56443
-3.79589 2.52271 -1.12127
-4.00083 4.36992 1.78213
3.40904 -3.54103 -4.34599
4.43202 3.30724 -1.74579
-4.74199 3.96629 -4.21356
-3.14916 -1.86703 2.21888
1.2414 -4.17282 -2.93535
4.28426 -2.3122 0.474749
-2.95905 -4.43597 -0.389552
-3.62609 -3.72938 -3.18199
-1.62751 -4.78014 -3.54274
-4.96947 -4.94101 -4.35938
2.17692 -4.18782 3.37663
-4.40038 -4.56358 -4.61509
-2.08709 1.61417 1.72078
-3.32528 4.49901 -3.2977
1.60201 -2.4225 2.38399
2.079 0.437204 2.28599
3.30563 -1.40383 -3.69077
3.46523 -3.87217 2.69652
2.63037 -3.69145 -4.60787
-1.20583 1.32915 -2.05515
-0.917436 2.5733 -3.58113
-3.06487 2.3927 -4.85296
-1.45148 4.74793 1.80971
2.60574 4.24782 -3.85601
1.13242 -1.27988 -3.37871
0.819487 -4.17693 2.60855
4.39776 2.30068 -4.36481
1.3738 -2.63094 -1.43583
1.04408 4.11886 2.06019
2.35509 -0.609824 0.546486
-0.779493 1.04459 0.645272
