1.25379 -2.04381 -2.29519
-1.24793 1.87273 -2.71852
1.55793 0.579138 -1.81968
-4.8462 -3.77738 2.01
3.58179 1.74726 0.754096
0.901346 2.94891 -3.75932
3.23532 -1.08184 -1.81232
0.136391 -0.168533 -2.41057
3.73223 4.51409 2.28566
3.49812 -4.12253 0.446258
-4.26738 -3.38305 -1.31658
-1.28932 4.82457 3.57359
-4.2656 -4.19582 0.0931997
1.00747 -4.26998 -0.909327
-1.87591 1.04856 -4.81182
3.83523 4.33295 0.884385
-1.05998 3.59159 -3.44243
1.3762 2.94474 -2.87947
0.84482 -2.10888 -3.28761
4.21969 0.70539 1.55523
-2.35507 2.18228 -2.29155
0.717473 0.129831 -2.35023
-2.41464 1.70676 4.19659
-4.81043 -1.18978 -1.60115
-4.97371 -4.58877 -4.51437
-2.79367 -2.9794 2.69702
4.10331 4.58522 -2.94863
3.7222 0.946425 -4.34184
0.430727 -1.23102 -2.88835
4.39346 1.67764 -1.00593
-3.96407 3.10894 -3.80275
-3.85709 -3.98086 0.435115
-4.10869 4.88017 0.462209
2.64153 1.57099 -2.40529
0.903698 -4.98527 3.24614
3.22305 -1.21402 -1.34198
-0.323141 0.0683256 -3.21958
-0.0826783 0.247828 1.83938
2.15695 3.59221 -1.83849
0.501864 -1.07909 -1.02333
-4.89812 3.89297 -1.3244
2.63972 -1.39717 -1.20149
-4.92728 0.665352 -0.0960688
-0.486278 -4.71767 -1.42678
-3.81869 -3.92462 -0.495236
-1.67519 -4.8542 -4.11419
4.01371 -2.35406 2.42027
0.769287 4.6608 -0.965441
4.22202 4.84551 -1.46521
1.8288 -1.48415 -0.674576
2.08934 -2.04379 -3.50499
0.732247 -2.23006 0.464223
-0.0806287 2.16399 -1.19936
-3.20707 1.04901 -0.205823
4.32565 4.69716 -3.88532
-0.58662 -4.40441 4.87939
-2.9005 -3.0173 4.86482
-2.9465 3.5802 3.99361
-2.6895 -4.50834 3.1714
4.512 3.76579 -3.9441
0.497308 -3.00874 -2.37811
4.66502 2.80759 -3.4887
-3.0523 -1.03342 -0.180814
4.60366 -4.63329 4.09489
-4.17247 1.5865 -2.06227
1.60829 -3.77957 4.52127
-4.10433 3.12724 -4.44607
-3.81914 2.40863 -1.03493
-3.9912 4.43723 1.68347
3.43426 -3.54485 -4.31567
4.23884 3.33199 -1.84956
-4.74751 4.0778 -4.13892
-3.10544 -1.81321 2.25139
1.10128 -4.22061 -2.94006
4.22225 -2.25144 0.168442
-2.91245 -4.40806 -0.37721
-3.70063 -3.60787 -3.1407
-1.69989 -4.78957 -3.58377
-4.896 -4.99368 -4.26555
2.13184 -4.12536 3.29851
-4.35593 -4.59594 -4.63681
-2.07195 1.61125 1.70398
-3.37154 4.42391 -3.26718
1.61425 -2.38346 2.40593
2.14316 0.218594 2.22733
3.30971 -1.35205 -3.6052
3.49558 -3.87811 2.81814
2.5873 -3.71768 -4.66544
-1.23121 1.33561 -2.05087
-0.929256 2.5801 -3.60854
-3.05329 2.40729 -4.9002
-1.42327 4.80598 1.85902
2.63827 4.27541 -3.85924
1.28051 -1.24694 -3.31031
0.816261 -4.11066 2.62811
4.37147 2.40636 -4.36804
1.08315 -2.6681 -1.2127
1.12819 4.06712 2.11106
2.31025 -0.705643 0.538911
-0.863141 0.978575 0.584937
