1.20065 -1.93443 -2.13185
-1.09833 1.92188 -2.57175
1.70268 0.487164 -1.83086
4.96073 -3.75207 2.02091
3.54103 1.7027 0.744595
1.00441 3.02333 -3.70634
3.30459 -1.23819 -2.47745
0.338739 -0.141915 -2.31663
3.71946 4.51645 2.23513
3.66939 -4.26043 0.334682
-4.26654 -3.39891 -1.22909
-1.21627 4.79582 3.926
-4.17189 -4.23806 0.0737384
0.777276 -3.9953 -0.650906
-1.84026 0.924686 -4.95483
3.82709 4.49535 0.925687
-1.0171 3.51602 -3.42406
1.8022 2.90571 -3.04877
0.827201 -2.38341 -3.12827
4.12399 0.708913 1.54169
-2.22164 2.16296 -2.21617
0.741567 0.0908135 -2.22874
-2.43417 1.90786 4.12417
-4.73633 -1.05705 -1.8359
-4.93361 -4.60588 -4.7295
-2.87255 -3.04495 2.65195
4.17713 4.72587 -3.42866
3.73458 0.975271 -2.81246
0.463568 -1.17185 -2.64662
4.29172 1.50749 -1.2936
-3.83174 3.28576 -4.05249
-4.04342 -4.0859 0.0198771
-3.97841 4.44996 0.519564
2.68857 1.54935 -2.50808
0.797727 -4.97015 3.22171
3.23739 -1.21858 -1.36941
-0.501059 0.0900275 -3.1979
-0.179401 0.283718 1.84244
1.94089 3.78869 -1.99664
0.496277 -1.1129 -0.915638
-4.88278 3.76715 -1.12684
2.73419 -1.48723 -1.10898
-4.89306 0.570726 -1.18502
-0.412801 -4.80806 -1.50802
-3.62788 -3.89805 -0.778178
-1.85259 0.0745401 -4.17993
4.04126 -2.43538 2.26389
0.694026 4.50685 -0.938814
4.13787 4.81203 -1.35496
1.86905 -1.52479 -0.732645
2.00146 -2.03718 -3.4942
0.636192 -2.18998 0.415797
-0.123265 2.13366 -1.23309
-3.27923 1.07216 -0.163148
4.37093 4.68907 -3.91088
-0.616597 -4.47729 4.87493
-2.99409 -3.07967 4.85719
-3.03012 3.81758 3.89801
-2.68179 -4.55664 3.16814
4.6544 3.69021 -4.02593
0.47781 -3.09242 -2.42714
4.69845 2.99982 -3.04149
-2.85756 -0.973339 -0.353911
4.38434 -4.6311 4.09611
-4.14146 1.56335 -2.18406
1.57361 -3.61827 -4.65136
-4.02642 8.75802e-05 -4.21087
-3.86855 2.18165 -0.861777
-3.9736 4.57481 1.48709
3.48634 -3.55378 -4.25628
3.85782 3.38287 -2.05704
-4.77311 4.30866 -3.99155
-3.01866 -1.70564 2.31693
0.821147 -4.31765 -2.95004
4.10147 -2.13068 -0.443784
-2.81936 -4.3543 -0.352515
-3.85202 -3.36764 -3.05949
-1.84492 -4.81064 -3.66636
-4.75683 4.89895 -4.07895
2.04256 -4.00268 3.14456
-4.2686 -4.66496 -4.68237
-2.04227 1.60592 1.67132
-3.46545 4.27707 -3.20665
1.63897 -2.30571 2.45064
2.2719 -0.218426 2.11101
3.31897 -1.2486 -3.43487
3.55761 -3.89133 3.06241
2.50209 -3.77209 -4.78515
-1.28233 1.34843 -2.04205
-0.952908 2.59436 -3.66428
-3.03085 2.4369 -4.99707
-1.36694 4.92432 1.958
2.70451 4.33388 -3.86723
1.57703 -1.18087 -3.17435
0.80975 -3.97922 2.66768
4.3208 2.61795 -4.37541
0.501897 -2.74384 -0.766044
1.29667 3.96726 2.2135
2.22116 -0.897199 0.524355
-1.03066 0.846887 0.464817
