1.1482 -1.82665 -1.96854
-0.948748 1.97188 -2.42569
1.84805 0.395623 -1.84192
4.76898 -3.72848 2.0326
3.50142 1.65866 0.735574
1.10751 3.09923 -3.6549
3.37548 -1.39479 -3.14288
0.539193 -0.115876 -2.22332
3.70912 4.52361 2.18634
3.84272 -4.40198 0.223364
-4.26955 -3.41681 -1.14225
-1.14339 4.77137 4.28027
-4.08648 -4.2916 0.0576004
0.547312 -3.72469 -0.391995
-1.80496 0.800768 4.90087
3.82065 4.66055 0.96731
-0.974322 3.44233 -3.40647
2.22866 2.8674 -3.21847
0.809284 -2.65918 -2.97079
4.02945 0.712503 1.52877
-2.08905 2.1443 -2.14094
0.76671 0.0527324 -2.10718
-2.45408 2.10919 4.05495
-4.66627 -0.924763 -2.07099
-4.9029 -4.63895 -4.94953
-2.9524 -3.11161 2.60791
4.26058 4.87408 -3.90741
3.74932 1.00411 -1.28376
0.495837 -1.113 -2.40562
4.19749 1.33803 -1.5808
-3.70571 3.4651 -4.30565
-4.22817 -4.18922 -0.397844
-3.85126 4.02727 0.577299
2.73717 1.52841 -2.61145
0.691771 -4.95866 3.19898
3.25426 -1.223 -1.39694
-0.679304 0.111746 -3.17698
-0.276143 0.319745 1.84664
1.72584 3.98854 -2.1547
0.490027 -1.14678 -0.807179
-4.87478 3.64417 -0.928939
2.83027 -1.57891 -1.01549
-4.8624 0.475968 -2.27386
-0.339998 -4.90491 -1.58946
-3.43873 -3.87449 -1.06184
-2.03065 -4.99684 -4.24828
4.07046 -2.51708 2.10842
0.618961 4.3591 -0.911793
4.05755 4.78205 -1.24463
1.90952 -1.56574 -0.790312
1.91437 -2.03131 -3.48466
0.540026 -2.15035 0.367955
-0.165748 2.10483 -1.26623
-3.35268 1.09539 -0.11994
4.42774 4.68546 -3.93863
-0.646614 -4.55274 4.87313
-3.08851 -3.143 4.85263
-3.11546 4.05857 3.80722
-2.67501 -4.60866 3.16647
4.81394 3.61712 -4.11023
0.458013 -3.17726 -2.47647
4.7382 3.19296 -2.59469
-2.66361 -0.913496 -0.526821
4.16881 -4.63201 4.102
-4.11314 1.54035 -2.30625
1.53892 -3.45834 -3.82382
-3.95013 -3.12723 -3.9768
-3.92182 1.95605 -0.688007
-3.95855 4.71675 1.29202
3.5405 -3.56481 -4.19837
3.48136 3.43568 -2.2644
-4.82115 4.5456 -3.84617
-2.93278 -1.59819 2.38322
0.541089 -4.41672 -2.96071
3.98488 -2.0111 -1.05548
-2.72644 -4.30303 -0.32767
-4.00677 -3.13113 -2.98006
-1.99035 -4.83486 -3.75058
-4.62861 4.80863 -3.89385
1.95421 -3.88285 2.99378
-4.1835 -4.74275 -4.73063
-2.01335 1.60127 1.63992
-3.56145 4.13369 -3.14678
1.66396 -2.22837 2.49659
2.40123 -0.655203 1.99601
3.32981 -1.14527 -3.26595
3.62107 -3.90632 3.30838
2.41818 -3.82934 -4.90946
-1.33397 1.36099 -2.03296
-0.976562 2.60936 -3.7214
-3.00946 2.46706 4.90468
-1.31077 -4.95423 2.05749
2.77224 4.39665 -3.87715
1.87396 -1.1146 -3.03931
0.803113 -3.84912 2.708
4.27231 2.82981 -4.38402
-0.0797755 -2.82124 -0.319012
1.46554 3.87171 2.31706
2.13276 -1.0887 0.510626
-1.19854 0.715565 0.345444
