1.12216 -1.77336 -1.88694
-0.873906 1.99725 -2.35297
1.92098 0.350019 -1.84744
4.67407 -3.71733 2.03873
3.48202 1.63683 0.731237
1.15908 3.13777 -3.62975
3.41167 -1.47403 -3.47534
0.63819 -0.10347 -2.17735
3.70479 4.52895 2.1626
3.93024 -4.47444 0.167788
-4.27256 -3.42644 -1.09902
-1.10703 4.76144 4.45833
-4.04496 -4.3207 0.0509826
0.432411 -3.59053 -0.262369
-1.78745 0.738768 4.82982
3.81803 4.74444 0.988248
-0.952959 3.40625 -3.39801
2.44209 2.8485 -3.30353
0.800286 -2.79744 -2.89269
3.98258 0.714326 1.52252
-2.02307 2.13524 -2.10343
0.780013 0.0343659 -2.04614
-2.46418 2.20998 4.02083
-4.63274 -0.858772 -2.18869
-4.89105 -4.65945 4.93841
-2.99274 -3.14531 2.58626
4.30622 4.95357 -4.14675
3.75752 1.01847 -0.519313
0.511755 -1.08372 -2.28542
4.15311 1.25372 -1.72446
-3.64485 3.5561 -4.43443
-4.32297 -4.24261 -0.6081
-3.78872 3.81765 0.606313
2.76208 1.51817 -2.66347
0.638797 -4.95414 3.18822
3.26353 -1.22511 -1.41083
-0.768545 0.122595 -3.16687
-0.324519 0.337833 1.84911
1.61862 4.08994 -2.23376
0.486658 -1.16372 -0.752677
-4.87323 3.58375 -0.829867
2.87903 -1.62539 -0.968314
-4.84837 0.428546 -2.81839
-0.303815 -4.95587 -1.63027
-3.34465 -3.86373 -1.2039
-2.11998 -2.53384 -4.2845
4.08562 -2.55808 2.03099
0.581506 4.28729 -0.898113
4.0187 4.76845 -1.18944
1.92983 -1.58635 -0.819018
1.87104 -2.02864 -3.48036
0.491922 -2.13066 0.344258
-0.186906 2.091 -1.28259
-3.38992 1.10702 -0.09814
4.46188 4.68437 -3.95336
-0.661593 -4.59181 4.87335
-3.13604 -3.17501 4.85175
-3.15884 4.1809 3.76345
-2.67196 -4.63596 3.16625
4.89926 3.58152 -4.15339
0.447985 -3.22012 -2.5012
4.76041 3.29 -2.37144
-2.56693 -0.883649 -0.613228
4.06235 -4.63365 4.10675
-4.09993 1.52894 -2.36755
1.52167 -3.37894 -3.41059
-3.91257 -4.69124 -3.86049
-3.94994 1.84373 -0.600951
-3.95204 4.78965 1.19493
3.56835 -3.57119 -4.16997
3.29434 3.46288 -2.3681
-4.85551 4.6659 -3.77392
-2.89015 -1.54449 2.41663
0.401063 -4.46704 -2.96631
3.92823 -1.95182 -1.36118
-2.68008 -4.2782 -0.315154
-4.08554 -3.01407 -2.94085
-2.06321 -4.84808 -3.79309
-4.56815 4.76795 -3.80194
1.91038 -3.82391 2.91945
-4.14187 -4.78459 -4.75581
-1.99917 1.59925 1.6246
-3.61035 4.0633 -3.11711
1.67654 -2.18984 2.52004
2.46614 -0.873501 1.93898
3.33569 -1.09268 -3.18244
3.6533 -3.91445 3.43212
2.37661 -3.85903 -4.97307
-1.36003 1.36717 -2.02843
-0.988396 2.61714 -3.75063
-2.99916 2.48237 4.85705
-1.28275 -4.89365 2.10744
2.8067 4.42972 -3.88284
2.02258 -1.0814 -2.97209
0.799735 -3.78447 2.72847
4.24883 2.93587 -4.38881
-0.370925 -2.86045 -0.095374
1.55013 3.82545 2.3693
2.08879 -1.18444 0.504068
-1.28264 0.650041 0.286003
