1.09623 -1.72048 -1.80541
-0.799017 2.02286 -2.28044
1.9941 0.304532 -1.85297
4.57974 -3.70662 2.04502
3.46286 1.61516 0.72703
1.21069 3.17672 -3.60496
3.44828 -1.55357 -3.80823
0.735992 -0.0920219 -2.13256
3.70101 4.53546 2.13925
4.0184 -4.54824 0.112255
-4.27655 -3.43646 -1.05588
-1.07072 4.75347 4.63698
-4.00422 -4.35108 0.0447097
0.317567 -3.45701 -0.13265
-1.77002 0.67676 4.75941
3.81581 4.82931 1.00927
-0.931617 3.37063 -3.38979
2.65567 2.82976 -3.38876
0.791316 -2.93587 -2.815
3.93596 0.716167 1.51643
-1.95731 2.12638 -2.06599
0.794063 0.0168461 -1.98444
-2.47436 2.31086 3.987
-4.60016 -0.792869 -2.30651
-4.8816 -4.68229 4.83108
-3.03336 -3.17924 2.56485
4.35576 -4.96315 -4.38824
3.76619 1.03289 0.245229
0.527522 -1.05453 -2.1654
4.11009 1.16954 -1.86819
-3.58533 3.64831 -4.56498
-4.41947 -4.29768 -0.818499
-3.7268 3.60891 0.63547
2.78743 1.50807 -2.71572
0.585825 -4.95036 3.17783
3.27329 -1.22713 -1.42481
-0.857857 0.133436 -3.15698
-0.372898 0.355981 1.85182
1.51159 4.19247 -2.31291
0.483129 -1.18066 -0.697991
-4.87327 3.52403 -0.730718
2.92835 -1.67231 -0.920801
-4.83498 0.381117 -3.36308
-0.267766 4.99138 -1.67114
-3.25089 -3.85362 -1.34613
-2.20944 -0.071003 -4.32157
4.10114 -2.5992 1.95375
0.544104 4.21679 -0.884317
3.98068 4.75583 -1.13425
1.95019 -1.60704 -0.847649
1.82782 -2.0261 -3.47639
0.443808 -2.11105 0.320696
-0.20799 2.07756 -1.29881
-3.42749 1.11865 -0.076207
4.50001 4.68406 -3.9684
-0.676541 -4.63219 4.87426
-3.18382 -3.20727 4.85185
-3.20272 4.30473 3.72071
-2.66913 -4.66416 3.16641
4.98794 3.54668 -4.1974
0.43783 -3.26331 -2.52594
4.78421 3.38745 -2.14828
-2.47043 -0.853847 -0.699615
3.9567 -4.63613 4.11244
-4.0873 1.51761 -2.42898
1.50456 -3.29996 -2.99766
-3.87553 3.742 -3.74469
-3.97907 1.73171 -0.513824
-3.94619 4.86399 1.09808
3.59672 -3.5782 -4.14203
3.108 3.49064 -2.47184
-4.89838 4.78855 -3.70226
-2.84773 -1.4908 2.45021
0.261025 -4.51789 -2.9721
3.87271 -1.89293 -1.66689
-2.6338 -4.25385 -0.302572
-4.16533 -2.89767 -2.90214
-2.13616 -4.86213 -3.83612
-4.50937 4.73078 -3.7107
1.86678 -3.76559 2.84574
-4.10093 -4.82827 -4.78314
-1.98517 1.59745 1.60953
-3.65989 3.99389 -3.08763
1.68918 -2.15138 2.5438
2.53124 -1.09175 1.88226
3.34195 -1.03983 -3.09896
3.68589 -3.92299 3.55635
2.33524 -3.88944 4.96227
-1.38624 1.37328 -2.02395
-1.00026 2.6251 -3.78034
-2.98912 2.49783 4.81032
-1.25477 -4.8336 2.15752
2.84158 4.46396 -3.88909
2.17131 -1.04817 -2.90506
0.796311 -3.72006 2.74914
4.22586 3.04204 -4.39397
-0.662325 -2.89996 0.128378
1.63484 3.78012 2.42184
2.04496 -1.2802 0.497707
-1.36687 0.584603 0.226723
