1.07038 -1.66808 -1.72399
-0.724073 2.04868 -2.20809
2.0674 0.259159 -1.85851
4.48597 -3.69637 2.05146
3.44392 1.5937 0.722986
1.26235 3.21604 -3.58057
3.48525 -1.63322 -4.1415
0.832884 -0.0820679 -2.09015
3.69778 4.54311 2.11626
4.10728 -4.62353 0.0567569
-4.28147 -3.44688 -1.0128
-1.03451 4.74808 4.8163
-3.96428 -4.38286 0.0386491
0.202761 -3.32416 -0.00285653
-1.75266 0.614768 4.69005
3.81397 4.91524 1.03037
-0.910289 3.33543 -3.3818
2.86942 2.81118 -3.47419
0.782407 -3.07447 -2.73782
3.8896 0.718016 1.51052
-1.89175 2.11771 -2.02862
0.808683 0.000532962 -1.92128
-2.48462 2.41186 3.9535
-4.56851 -0.727045 -2.42446
-4.87466 -4.70685 4.72779
-3.07428 -3.21341 2.54364
4.40926 -4.89178 -4.63235
3.7753 1.04729 1.00977
0.543127 -1.02545 -2.04557
4.06828 1.08546 -2.01196
-3.52701 3.74176 -4.69761
-4.51775 -4.35464 -1.029
-3.66547 3.4009 0.664794
2.81322 1.49811 -2.7682
0.532852 -4.9473 3.16775
3.2835 -1.22907 -1.43886
-0.94722 0.144255 -3.14729
-0.421275 0.374182 1.85478
1.40473 4.29609 -2.39221
0.47944 -1.19762 -0.643126
-4.87494 3.46499 -0.631483
2.97829 -1.71968 -0.87295
-4.82216 0.333684 -3.90798
-0.231848 4.94059 -1.71209
-3.15743 -3.84419 -1.48853
-2.29911 2.39175 -4.35962
4.11704 -2.64044 1.87665
0.506755 4.14703 -0.870411
3.94346 4.74427 -1.07908
1.97063 -1.62783 -0.876218
1.7847 -2.0237 -3.47281
0.395677 -2.09152 0.297254
-0.228976 2.06445 -1.31487
-3.4654 1.13026 -0.0541323
4.54224 4.68882 -3.98391
-0.691445 -4.67444 4.87579
-3.23185 -3.23979 4.85269
-3.24711 4.43028 3.67903
-2.6665 -4.69334 3.16692
-4.91972 3.51276 -4.24231
0.427466 -3.30695 -2.5507
4.80972 3.48535 -1.92519
-2.37413 -0.824104 -0.785991
3.85177 -4.63936 4.11902
-4.07524 1.50633 -2.49053
1.48766 -3.22143 -2.58503
-3.83946 2.17572 -3.62931
-4.00925 1.61998 -0.426656
-3.94102 4.93988 1.00144
3.62557 -3.58571 -4.11473
2.92228 3.519 -2.57565
-4.94936 4.9145 -3.63118
-2.80551 -1.43713 2.48397
0.120964 -4.5695 -2.97814
3.81828 -1.83441 -1.97271
-2.58762 -4.23001 -0.289935
-4.24616 -2.78191 -2.86394
-2.20923 -4.87713 -3.87971
-4.45225 4.69543 -3.61997
1.82343 -3.70787 2.77245
-4.06071 -4.87368 -4.81231
-1.97134 1.59585 1.59472
-3.71007 3.92524 -3.05822
1.70187 -2.113 2.56785
2.59654 -1.30996 1.82581
3.34867 -0.986958 -3.01566
3.71885 -3.93189 3.68101
2.29406 -3.92048 4.89913
-1.41261 1.37929 -2.01952
-1.01216 2.63321 -3.81054
-2.97933 2.51345 4.76455
-1.22683 -4.77408 2.20773
2.87689 4.49961 -3.89605
2.32017 -1.01493 -2.83821
0.792831 -3.65588 2.76999
4.20342 3.14842 -4.39951
-0.953967 -2.93983 0.352257
1.71966 3.73565 2.47469
2.00127 -1.37598 0.491531
-1.45122 0.519226 0.167604
