1.04463 -1.61615 -1.6427
-0.649064 2.07471 -2.1359
2.14091 0.213903 -1.86407
4.39272 -3.6866 2.05807
3.42516 1.5725 0.718955
1.31408 3.25573 -3.55656
3.52256 -1.71293 -4.47514
0.93015 -0.0732708 -2.05059
3.69511 4.5519 2.09365
4.19694 -4.70043 0.00129687
-4.28729 -3.45771 -0.969754
-0.998388 4.74613 4.99639
-3.92512 -4.41622 0.0327268
0.087969 -3.19191 0.127009
-1.73536 0.552738 4.62137
3.8125 -4.99774 1.05156
-0.888951 3.30063 -3.37404
3.08344 2.79274 -3.55983
0.773721 -3.21325 -2.66125
3.84352 0.71978 1.50489
-1.8264 2.10924 -1.9913
0.823031 -0.0147886 -1.85638
-2.49493 2.51299 3.92043
-4.53776 -0.661289 -2.54255
-4.87043 -4.73295 4.62842
-3.1155 -3.24785 2.52264
4.46696 -4.82633 -4.87977
3.78481 1.06176 1.77432
0.558557 -0.996472 -1.92593
4.02766 1.00146 -2.15578
-3.46945 3.83676 -4.83229
-4.61789 -4.41357 -1.23962
-3.60467 3.19352 0.694301
2.83949 1.48829 -2.82091
0.479889 -4.94491 3.15797
3.29416 -1.23095 -1.45292
-1.03664 0.155039 -3.13782
-0.469647 0.392435 1.85798
1.29808 4.40091 -2.47168
0.475596 -1.2146 -0.588078
-4.87831 3.40661 -0.532145
3.02894 -1.76752 -0.824768
-4.8098 0.286237 -4.45311
-0.196043 4.89183 -1.75312
-3.06427 -3.83544 -1.63112
-2.3889 4.85472 -4.39927
4.13333 -2.68181 1.79969
0.469471 4.07797 -0.856388
3.90703 4.73385 -1.02394
1.99114 -1.64873 -0.904731
1.74166 -2.02143 -3.4696
0.347522 -2.07209 0.273928
-0.24983 2.05164 -1.33074
-3.5036 1.14183 -0.0319036
4.58883 4.69608 -3.99997
-0.706277 -4.71929 4.87795
-3.28013 -3.27257 4.85426
-3.29201 4.55791 3.6385
-2.66406 -4.72365 3.16778
-4.83073 3.47975 -4.2881
0.416773 -3.35109 -2.57548
4.83706 3.58376 -1.70217
-2.27799 -0.794424 -0.872368
3.74752 -4.64335 4.12657
-4.0637 1.49509 -2.55218
1.47105 -3.14334 -2.17254
-3.8038 0.609534 -3.51429
-4.04047 1.50851 -0.339474
-3.93652 -4.98248 0.905005
3.65494 -3.59373 -4.08804
2.73715 3.54798 -2.67953
4.99273 -4.95665 -3.56056
-2.76347 -1.38349 2.51789
-0.0191205 -4.62193 -2.98444
3.7649 -1.77626 -2.2787
-2.54153 -4.20667 -0.27725
-4.32807 -2.66673 -2.82623
-2.28242 -4.89308 -3.9239
-4.39647 4.66153 -3.52963
1.78033 -3.65072 2.69955
-4.02112 -4.92066 -4.8431
-1.95767 1.59445 1.58016
-3.76078 3.85728 -3.029
1.71461 -2.07468 2.5922
2.66209 -1.52817 1.76963
3.35585 -0.934074 -2.93258
3.75225 -3.94112 3.80617
2.25304 -3.95218 4.83739
-1.4391 1.3852 -2.01517
-1.02404 2.64146 -3.84124
-2.96977 2.52923 4.72024
-1.19892 -4.71506 2.25807
2.91275 4.53664 -3.90374
2.46915 -0.981687 -2.77156
0.789293 -3.59191 2.79102
4.18227 3.25505 -4.40544
-1.24582 -2.98003 0.576268
1.80462 3.692 2.52785
1.95771 -1.4718 0.485536
-1.5357 0.453899 0.108645
