0.967868 -1.46321 -1.39972
-0.423838 2.15411 -1.92053
2.36266 0.0789424 -1.88085
4.1158 -3.6592 2.07891
3.37041 1.50995 0.707121
1.46966 3.37717 -3.48684
3.63631 -1.95231 4.52236
1.227 -0.0477134 -1.94042
3.69036 4.5909 2.02785
4.47124 -4.93797 -0.164757
-4.31037 -3.49214 -0.840586
-0.890526 4.76557 -4.47166
-3.81256 -4.52032 0.0151698
-0.256733 -2.798 0.517181
-1.68382 0.366699 4.41901
3.8102 -4.74213 1.11552
-0.82496 3.19861 -3.352
3.72723 2.73848 -3.8181
0.75218 -3.63239 -2.4339
3.70694 0.724385 1.48808
-1.63152 2.08534 -1.87963
0.862634 -0.0586789 -1.65689
-2.52628 2.81751 3.82318
-4.45092 -0.464102 -2.89774
-4.8855 -4.8197 4.34899
-3.24116 -3.3524 2.461
4.67462 -4.64592 4.37336
3.81514 1.10685 4.07058
0.603668 -0.909848 -1.56802
3.9123 0.750372 -2.58783
-3.30168 4.13343 4.75592
-4.93191 -4.6013 -1.87257
-3.42536 2.57597 0.783931
2.92078 1.46003 -2.98064
0.321042 -4.94143 3.13051
3.32885 -1.23643 -1.49511
-1.30518 0.18726 -3.11065
-0.614721 0.447628 1.86899
0.979124 4.72415 -2.71157
0.46315 -1.26537 -0.421783
-4.90012 3.23634 -0.233389
3.18555 -1.91334 -0.678531
-4.77526 0.143965 3.91031
-0.0892833 4.75851 -1.87644
-2.78687 -3.81265 -2.05992
-2.65975 2.26817 -4.52595
4.1847 -2.80625 1.56953
0.357955 3.87491 -0.813591
3.80185 4.71161 -0.858736
2.05328 -1.71192 -0.990007
1.61292 -2.01536 -3.46216
0.202846 -2.01423 0.204631
-0.311437 2.01508 -1.37669
-3.61935 1.17644 0.0357787
4.73786 4.73829 -4.05278
-0.75035 -4.87329 4.89656
-3.42695 -3.37273 4.86465
-3.43054 4.9583 3.52413
-2.65772 -4.82322 3.17275
-4.58092 3.38682 -4.43156
0.381614 -3.48618 -2.65072
4.93065 3.88379 -1.0337
-1.99058 -0.705672 -1.13159
3.43768 -4.65968 4.15444
-4.03202 1.46197 -2.73788
1.42218 -2.91127 -0.935226
-3.69854 -4.08924 -3.17087
-4.14119 1.17603 -0.0781992
-3.92733 -4.75457 0.617126
3.74565 -3.6205 -4.01177
2.18418 3.63896 -2.99198
4.84598 -4.61367 -3.35196
-2.63847 -1.22257 2.62082
-0.439595 -4.78479 -3.00488
3.61071 -1.60373 -3.19832
-2.40402 -4.13879 -0.239004
-4.58191 -2.32359 -2.71568
-2.50284 -4.9615 -4.05928
-4.24753 4.57814 -3.26093
1.65249 -3.48218 2.4829
-3.90741 4.93261 -4.94495
-1.91753 1.59176 1.53797
-3.91714 3.65786 -2.94259
1.7531 -1.9598 2.66713
2.86037 -2.1828 1.60249
3.3805 -0.775044 -2.68492
3.85541 -3.97024 4.18503
2.13073 -4.05089 4.65964
-1.51933 1.40236 -2.00277
-1.05994 2.66714 -3.93637
-2.94244 2.57764 4.59263
-1.1154 -4.54063 2.41006
3.02286 4.65686 -3.93165
2.9166 -0.882001 -2.5727
0.778256 -3.4011 2.85539
4.12468 3.57727 -4.42586
-2.1225 -3.1021 1.24916
2.06028 3.56608 2.68937
1.82779 -1.75943 0.46862
-1.79007 0.258345 -0.0672801
