0.843106 -1.22065 -0.998554
-0.0465243 2.29304 -1.56844
2.73607 -0.143333 -1.90943
3.66264 -3.62077 2.117
3.28485 1.40879 0.688304
1.7295 3.5828 -3.38107
3.83176 -2.35203 2.85883
1.72931 -0.00209633 -1.76611
3.69401 4.69737 1.92356
4.96229 4.6651 -0.440561
-4.37025 -3.55903 -0.626242
-0.711545 4.85271 -3.63071
-3.63931 -4.71202 -0.0193605
-0.834185 -2.14831 1.17057
-1.59898 0.0567377 4.09249
3.81356 -4.33498 1.22275
-0.718182 3.03547 -3.31898
4.80971 2.65123 -4.25417
0.72563 -4.35356 -2.05534
3.48486 0.732524 1.46245
-1.30996 2.05089 -1.69404
0.923949 -0.128578 -1.32167
-2.57993 3.33036 3.66711
-4.32328 -0.135867 -3.49541
4.90862 4.99765 3.91371
-3.45889 -3.53221 2.36304
-4.74537 -4.37509 3.16044
3.87466 1.18378 -2.09751
0.674495 -0.764454 -0.974232
3.73961 0.334277 -3.313
-3.0354 4.6684 4.12452
4.54179 -4.96456 -2.93154
-3.13493 1.55669 0.936903
3.06348 1.41782 -3.25369
0.056688 -4.94712 3.09072
3.39564 -1.24686 -1.56509
-1.7538 0.240365 -3.06947
-0.856194 0.541038 1.89167
0.451001 -4.71205 -3.11935
0.439889 -1.34886 -0.140791
-4.97368 2.96466 0.266883
3.463 -2.1639 -0.43145
-4.72586 -0.0929137 1.18639
0.0872633 4.58161 -2.08226
-2.33155 -3.78839 -2.77905
-3.11659 4.65359 -4.76936
4.28067 -3.01577 1.18708
0.173287 3.54901 -0.739818
3.63795 4.69939 -0.584379
2.1593 -1.81933 -1.13225
1.3992 -2.00786 -3.45684
-0.0395292 -1.91964 0.0908865
-0.412626 1.95539 -1.44223
-3.81423 1.23608 0.150254
-4.98539 4.84554 -4.15756
-0.823454 4.83557 4.96902
-3.67973 -3.54861 4.90036
-3.67791 -4.3557 3.35049
-2.64967 4.98257 3.18745
-4.20481 3.2458 -4.69876
0.317881 -3.71838 -2.78195
-4.90825 4.40348 0.0789746
-1.51448 -0.559053 -1.56474
2.92796 -4.7017 4.21317
-3.98938 1.40849 -3.05108
1.34188 -2.5314 1.12713
-3.53048 -1.92142 -2.60378
-4.33553 0.622581 0.357234
-3.93042 -4.39208 0.145318
3.90528 -3.67534 -3.89855
1.27007 3.81084 -3.51465
4.6469 -4.10685 -3.01688
-2.43343 -0.954653 2.796
-1.14165 4.92178 -3.04341
3.3687 -1.321 -4.7438
-2.17722 -4.03255 -0.175106
4.96305 -1.7586 -2.53969
-2.87398 4.89499 -4.30022
-4.0324 4.47149 -2.82122
1.44339 -3.21054 2.12652
-3.73349 4.71338 4.86526
-1.8529 1.59218 1.47212
-4.19263 3.33615 -2.80337
1.81866 -1.76795 2.79785
3.19666 -3.27622 1.32708
3.4378 -0.499979 -2.28112
4.04001 -4.0261 4.83074
1.92862 -4.22799 4.38363
-1.65627 1.4285 -1.9853
-1.12081 2.71326 -4.10542
-2.90133 2.66157 4.39817
-0.976963 -4.25801 2.6666
3.21494 4.88896 -3.9963
3.66 -0.724783 -2.24121
0.758467 -3.0864 2.96743
4.04284 4.12348 -4.4709
-3.58813 -3.30934 2.37172
2.48983 3.3711 2.96587
1.61424 -2.23958 0.443767
-2.21806 -0.0668031 -0.357785
