0.795041 -1.12983 -0.839878
0.106438 2.35157 -1.42925
2.88644 -0.231412 -1.92105
3.4843 -3.60828 2.13371
3.2529 1.36937 0.681066
1.83608 3.66484 -3.34193
3.91239 -2.51229 2.19543
1.93123 0.0171489 -1.69777
3.70041 4.75409 1.88351
-4.81486 4.51526 -0.551669
-4.40218 -3.5902 -0.541243
-0.639938 4.89662 -3.30101
-3.57271 -4.79971 -0.0354275
-1.06631 -1.88989 1.43316
-1.56537 -0.0672526 3.96509
3.81803 -4.17878 1.26568
-0.675389 2.97181 -3.30709
-4.75319 2.61722 -4.43092
0.716261 -4.65225 -1.90379
3.39823 0.735917 1.4532
-1.18216 2.0387 -1.61989
0.94813 -0.155368 -1.18789
-2.60196 3.5374 3.6068
-4.27833 -0.00490195 -3.7369
4.82212 4.92426 3.74677
-3.54762 -3.61016 2.3256
-4.51171 -4.2784 2.6791
3.90243 1.2156 -0.56544
0.70137 -0.704774 -0.736955
3.67652 0.168023 -3.60613
-2.9327 4.89798 3.88616
4.34817 4.87315 -3.35754
-3.02091 1.15107 0.999544
3.12296 1.40284 -3.36547
-0.048782 -4.95403 3.07673
3.42516 -1.25227 -1.59273
-1.93368 0.261359 -3.05439
-0.9526 0.578816 1.90224
0.240856 -4.50133 -3.28672
0.4302 -1.38204 -0.0269106
4.98896 2.85897 0.467602
3.57996 -2.26691 -0.332076
-4.70913 -0.187805 0.0977348
0.157745 4.52834 -2.16476
-2.15169 -3.78556 -3.069
-3.30174 -0.388318 -4.88591
4.32385 -3.10086 1.03429
0.099855 3.42275 -0.709404
3.57669 4.69998 -0.47494
2.20252 -1.86331 -1.18943
1.31392 -2.00583 -3.45689
-0.1373 -1.88295 0.0458075
-0.454426 1.93016 -1.46567
-3.8941 1.2612 0.195874
-4.87497 4.89725 -4.20545
-0.852688 4.72081 -4.99465
-3.78416 -3.62359 4.92164
-3.78306 -4.09548 3.28544
-2.64729 4.90464 3.19523
-4.06528 3.19276 -4.81671
0.292084 -3.81426 -2.83596
-4.8772 4.61889 0.525001
-1.32481 -0.500956 -1.73857
2.72603 -4.7238 4.24093
-3.97611 1.38766 -3.17768
1.30977 -2.38124 1.95272
-3.46563 4.94513 -2.37797
-4.42105 0.400557 0.53206
-3.93917 -4.2529 -0.0407707
3.97209 -3.70151 -3.85833
0.903772 3.89002 -3.72585
4.57743 -3.91619 -2.88658
-2.35246 -0.847719 2.86744
-1.4233 4.80422 -3.06003
3.27518 -1.20867 4.63448
-2.0872 -3.99259 -0.149536
4.7788 -1.53508 -2.47191
-3.02389 4.8407 -4.40435
-3.95385 4.43615 -2.64746
1.36072 -3.10534 1.98557
-3.66894 4.63295 4.80156
-1.82754 1.59403 1.44731
-4.30812 3.20999 -2.74916
1.84562 -1.69104 2.85235
3.33336 -3.71598 1.21737
3.46281 -0.382939 -2.12325
4.1187 -4.0533 -4.90317
1.8482 -4.30354 4.27944
-1.71259 1.43833 -1.97955
-1.14555 2.73257 -4.17687
-2.88623 2.69587 4.32634
-0.921889 -4.1483 2.77035
3.29503 4.99432 -4.02898
3.96075 -0.66853 -2.10777
0.750207 -2.96175 3.01412
4.0147 4.34559 -4.49311
-4.18007 -3.38962 2.82082
2.66339 3.29763 3.07942
1.53015 -2.43209 0.434168
-2.39119 -0.196991 -0.473347
