0.581942 -0.767953 -0.151585
0.804879 2.62558 -0.803205
3.56263 -0.627602 -1.98045
2.69582 -3.5724 2.2213
3.12044 1.19973 0.649392
2.32801 4.06114 -3.1788
4.29919 -3.23747 -0.783684
2.84355 0.110733 -1.3947
3.77234 -4.87867 1.71768
-3.84711 3.8854 -1.0548
-4.61907 -3.76168 -0.164512
-0.319981 -4.88135 -1.82786
-3.29069 4.75833 -0.106241
-2.11698 -0.734266 2.62243
-1.41439 -0.624636 3.41358
3.87052 -3.51498 1.46406
-0.481692 2.69299 -3.26165
-2.80708 2.46574 4.68885
0.682871 3.95738 -1.21753
3.019 0.751198 1.41944
-0.621255 1.9956 -1.28347
1.05929 -0.268062 -0.592204
-2.70614 4.48997 3.35383
-4.11023 0.581721 -4.85106
4.50723 4.66986 3.03559
-3.96553 -3.98608 2.16281
-3.53956 -3.92046 0.522085
4.05651 1.36459 -3.66364
0.820447 -0.417813 0.343141
3.42455 -0.579849 -4.95859
-2.49373 -4.40172 2.87666
3.5928 4.37463 4.69823
-2.52488 -0.671167 1.28992
3.41666 1.34614 -3.88987
-0.521005 4.98466 3.03117
3.57529 -1.28866 -1.71762
-2.74765 0.354118 -2.99563
-1.3852 0.752036 1.96081
-0.70279 -3.67365 -4.07746
0.387483 -1.53887 0.499908
4.87421 2.40345 1.37577
4.1527 -2.74504 0.111834
-4.68228 -0.616421 -4.80421
0.47832 4.42497 -2.54334
-1.3536 -3.82867 -4.39846
-4.15585 1.92987 4.68058
4.56776 -3.50202 0.346754
-0.229578 2.88213 -0.564175
3.3274 4.74477 0.0146149
2.40138 -2.06895 -1.44935
0.931551 -2.00266 -3.47175
-0.585049 -1.72667 -0.156607
-0.619947 1.80883 -1.58047
-4.2835 1.38176 0.401784
-4.45746 -4.85859 -4.46154
-0.984761 4.23313 -4.85605
-4.28427 -4.00063 -4.94066
-4.30596 -2.98803 3.02976
-2.64213 4.76258 3.24161
-3.47255 2.98136 4.73363
0.178692 -4.2747 -3.0841
-4.81409 -4.37402 2.53884
-0.474272 -0.242882 -2.52671
1.82886 -4.85843 4.40202
-3.9351 1.29624 -3.75936
1.16679 -1.70676 -4.32035
-3.18779 0.848324 -1.36607
-4.86643 -0.598145 1.32954
-4.009 -3.67195 -0.879861
4.29728 -3.84937 -3.69577
-0.737737 4.29231 -4.70831
4.32021 -3.11379 -2.31188
-1.99683 -0.368241 3.20017
-2.69711 4.30506 -3.14362
2.87375 -0.703767 1.87049
-1.68578 -3.83163 -0.0340658
4.03139 -0.54808 -2.19172
-3.71063 4.64419 4.98169
-3.6263 4.31035 -1.87555
0.992241 -2.65645 1.35994
-3.40283 4.31 4.62264
-1.71919 1.61651 1.3449
-4.85816 2.65483 -2.51473
1.97513 -1.34273 3.11329
3.96877 4.24892 0.71755
3.60071 0.154939 -1.41778
4.51605 -4.23196 -3.73849
1.4854 -4.67551 3.84941
-1.97654 1.48366 -1.9606
-1.25853 2.82608 -4.52354
-2.82419 2.85582 4.044
-0.676391 -3.67821 3.25
3.67602 -4.66908 -4.2139
-4.64563 -0.416334 -1.51041
0.710628 -2.41033 3.23823
3.92372 -4.60364 -4.62912
3.14796 -3.78441 4.886
3.46209 2.99613 3.61835
1.15615 -3.31231 0.391443
-3.19073 -0.786707 -0.993695
