0.5327 -0.693267 -0.00344795
0.962068 2.68845 -0.664035
3.71435 -0.716139 -1.99575
2.52274 -3.56802 2.24299
3.09376 1.16377 0.642226
2.43976 4.15667 -3.14591
4.39231 -3.40123 -1.44634
3.04701 0.133146 -1.32781
3.79794 -4.796 1.68398
-3.63768 3.75194 -1.16668
-4.69385 -3.8079 -0.0810819
-0.249689 -4.84402 -1.50116
-3.23261 4.67135 -0.121494
-2.35245 -0.479459 2.88796
-1.37971 -0.748828 3.29607
3.88812 -3.37269 1.50954
-0.43833 2.63269 -3.25354
-2.37653 2.43209 4.47915
0.677059 3.65663 -1.06434
2.93684 0.754856 1.41363
-0.499908 1.9904 -1.20501
1.08496 -0.291751 -0.461376
-2.73173 4.70526 3.30296
-4.07936 0.711877 4.89094
4.45184 4.63092 2.88423
-4.06427 -4.07593 2.12882
-3.33453 -3.8536 0.043631
4.09778 1.39898 -2.12867
0.847812 -0.351162 0.586643
3.37547 -0.746112 4.73399
-2.39973 -4.31911 2.66042
3.43984 4.32453 4.27398
-2.41829 -1.07622 1.35548
3.48759 1.33583 -4.01269
-0.625469 4.97476 3.02503
3.61301 -1.29971 -1.74557
-2.92978 0.374414 -2.9846
-1.48122 0.791364 1.97624
-0.911932 -3.50237 -4.2612
0.377913 -1.57652 0.619746
4.86115 2.30627 1.57902
4.29229 -2.85182 0.21031
-4.68572 -0.711994 4.10426
0.551073 4.42863 -2.63083
-1.179 -3.84857 -4.70177
-4.3538 -3.10684 4.61704
4.63716 -3.5964 0.194857
-0.303271 2.76742 -0.530041
3.27579 4.76485 0.122539
2.44645 -2.11621 -1.50774
0.846714 -2.00321 -3.47788
-0.685964 -1.69343 -0.201886
-0.650339 1.77602 -1.61603
-4.37748 1.40985 0.447908
-4.37883 -4.81798 -4.52933
-1.01704 4.12869 -4.83365
-4.40369 -4.0924 -4.91525
-4.43334 -2.74797 2.98059
-2.64143 4.77466 3.25386
-3.34911 2.94134 4.672
0.154129 -4.38377 -3.14088
-4.81985 -4.16098 2.98927
-0.285582 -0.186005 -2.70357
1.63155 -4.89527 4.44594
-3.93022 1.27671 -3.8928
1.13557 -1.55722 -3.49161
-3.12825 -2.28448 -1.14267
-4.97913 -0.82011 1.50907
-4.03229 -3.55154 -1.06825
4.37501 -3.88431 -3.66276
-1.09544 4.39744 -4.93339
4.27312 -2.94109 -2.18674
-1.92017 -0.261092 3.2774
-2.98155 4.19981 -3.16488
2.78916 -0.591376 1.26043
-1.59732 -3.80022 -0.00835223
3.88784 -0.329879 -2.13641
-3.86748 4.61644 4.81462
-3.55811 4.29036 -1.70632
0.910919 -2.56056 1.22331
-3.3468 4.24619 4.61271
-1.69678 1.62477 1.32357
-4.98768 2.5346 -2.46499
2.00558 -1.26528 3.17524
4.11786 3.80149 0.606263
3.63777 0.277288 -1.26067
4.61654 -4.28183 -3.48647
1.40418 -4.76533 3.76013
-2.03722 1.49448 -1.9579
-1.28376 2.84848 -4.60722
-2.81153 2.89327 3.98737
-0.622151 -3.58039 3.36036
3.7647 -4.62647 -4.26431
-4.33714 -0.360029 -1.3779
0.701714 -2.28946 3.29115
3.91087 -4.37319 -4.6709
2.5628 -3.87962 -4.63839
3.64466 2.93557 3.74501
1.07373 -3.5119 0.381726
-3.37513 -0.919887 -1.1081
