1.54485 1.44587 -2.32169
-3.64565 -4.71119 2.04259
4.91181 -1.92363 0.0527818
4.78903 4.75346 0.0478263
-3.95266 -2.34233 -4.52384
3.23141 0.916294 -4.75173
0.522081 4.32453 1.42033
2.94894 -4.16995 3.8476
-4.8684 3.78583 -3.71224
3.59854 4.83262 -2.02166
-4.9115 2.212 2.84095
4.0408 1.84286 -4.22793
-0.622466 4.26012 -0.863547
-3.80716 -2.08685 4.15774
-3.62221 4.71242 4.07663
0.325581 0.416786 -2.76305
0.0663026 -3.39917 4.92012
4.31699 -0.210225 -2.01535
4.30584 0.33486 -1.1612
3.16435 3.76973 3.36946
4.14235 4.97122 2.08135
1.68403 3.24811 2.0065
-4.44748 -3.79934 -2.98678
0.337185 1.35161 -4.43178
-4.2189 -3.70951 -1.178
-0.671229 -3.52708 4.1839
1.0991 -3.84536 4.95886
-0.0201768 -4.29836 3.14009
-3.22816 1.60394 -4.92712
4.81574 3.65147 3.16521
-3.11458 -4.85838 -1.77235
4.35349 -3.55577 3.69737
-2.4143 -4.20099 1.67353
2.65449 -1.05975 -2.13727
4.29589 0.654054 4.80776
4.42281 1.171 3.49347
-1.02409 4.74781 0.385815
-0.581024 -0.341077 -3.96639
-4.93804 -2.55698 1.97522
3.31266 1.16432 -4.38804
-1.17431 -1.48858 4.06965
-4.93739 -1.95884 3.60473
-1.08744 4.47257 -4.34938
3.7658 -4.70761 -3.1288
3.95829 -4.38455 -1.49565
-0.834682 -4.74624 -4.51173
-3.75103 2.34749 -4.2332
-3.03174 -0.712215 0.0522085
-4.78446 4.10167 -0.916712
1.91743 -1.0529 4.24392
3.11571 4.78802 -4.17856
-3.32633 0.266636 -0.25388
-1.98148 1.26218 -3.68979
4.0766 -4.32222 1.93981
3.03945 3.21616 4.9413
0.685872 -0.506901 4.60134
-0.119386 2.33919 1.56226
-4.74876 -4.80052 2.96347
3.82989 -1.28564 4.8286
-1.06213 -2.8939 -0.238117
-0.848373 -0.903325 3.87574
-4.57275 4.75939 -4.20724
2.10516 -4.6441 4.16052
3.22475 -2.66229 -1.06135
2.62126 4.83237 -4.80994
-4.50641 4.82951 -4.82583
1.85511 -4.44953 -4.90789
-2.02484 -4.80494 4.61851
-3.00859 2.61557 -3.74283
4.38822 -0.87224 -3.5459
-4.42867 4.68038 -3.98022
-4.00958 4.30076 -1.66179
4.99353 -4.08484 4.42837
-3.13607 -3.86289 4.62206
2.1318 3.7327 -4.77308
3.94704 1.99806 1.06243
1.39389 4.28727 -2.9357
4.19176 3.61117 0.62696
1.19259 -2.54491 2.36536
4.28707 -1.12131 -4.86518
0.836292 3.05411 -2.86078
0.680928 -3.39309 0.809917
-0.999688 -3.6639 -2.02929
-0.825416 -0.416566 -1.67193
4.32061 -2.23498 4.96488
2.79085 -0.123124 2.29403
4.63558 -0.373235 -4.86053
-0.449004 -0.208904 1.2956
0.0386668 4.89345 4.98575
-1.27708 0.513065 -0.0229795
4.77874 -3.38668 1.34306
4.88259 -3.73559 -4.57246
-2.78846 2.55657 -1.07425
-4.8791 4.68191 2.52875
-1.05141 1.04876 2.84965
2.88759 -3.043 2.83782
-2.67225 0.692116 -4.09843
-1.11325 -4.21584 3.21321
-4.47876 1.18198 0.342978
2.16227 -1.60066 3.65439
