0.430736 -0.545387 0.290879
1.27841 2.8165 -0.385174
4.02194 -0.894831 -2.02861
2.17847 -3.56242 2.28834
3.04339 1.09377 0.627707
2.66602 4.35755 -3.08393
4.5865 -3.73272 -2.77245
3.45317 0.178249 -1.19508
3.85835 -4.64951 1.61859
-3.22365 3.48853 -1.39052
-4.93097 -3.911 0.0855121
-0.109372 -4.77886 -0.848245
-3.12195 4.51411 -0.150834
-2.82941 0.0291132 3.42088
-1.30891 -0.999114 3.06475
3.92916 -3.09089 1.60187
-0.351296 2.51376 -3.24006
-1.51551 2.36508 4.06761
0.666336 3.06414 -0.758808
2.77441 0.76278 1.40403
-0.256554 1.98199 -1.04631
1.13745 -0.338297 -0.201259
-2.81628 -4.89103 3.21527
-4.02362 0.972258 4.38239
4.35505 4.57132 2.58583
-4.27003 -4.26436 2.06244
-2.93217 -3.73276 -0.912326
4.18838 1.46994 0.939736
0.903465 -0.216286 1.07648
3.28466 -1.07852 4.12956
-2.21442 -4.18826 2.2314
3.14376 4.24944 3.44429
-2.20875 -1.88767 1.48739
3.63648 1.31735 -4.26803
-0.833866 4.96803 3.01673
3.69232 -1.32548 -1.8019
-3.29613 0.414793 -2.96526
-1.67392 0.87073 2.00927
-1.33021 -3.16591 -4.64566
0.358079 -1.65448 0.861035
4.8479 2.11532 1.98756
4.59369 -3.06743 0.408094
-4.69906 -0.903281 1.92451
0.69795 4.45855 -2.8103
-0.831651 -3.90169 4.68942
-4.76066 -3.17617 4.50626
4.82815 -3.79058 -0.108624
-0.451671 2.54327 -0.459944
3.17574 4.81641 0.33801
2.53749 -2.21226 -1.62525
0.676202 -2.00697 -3.49353
-0.888883 -1.62802 -0.293058
-0.713758 1.70897 -1.69529
-4.57636 1.46722 0.540434
-4.23216 -4.75686 -4.68284
-1.08185 3.91798 -4.81755
-4.6541 -4.28435 -4.88098
-4.69964 -2.27125 2.88798
-2.59727 4.86592 3.26732
-3.10993 2.86556 4.56401
0.105104 -4.61018 -3.25728
-4.84785 -3.74752 3.89781
0.0915263 -0.0723058 -3.05974
1.23817 -4.97589 4.54312
-3.92524 1.23842 -4.16856
1.07447 -1.25716 -1.83712
-3.01106 1.45048 -0.69848
4.79946 -1.26424 1.87015
-4.09209 -3.31665 -1.44732
4.53793 -3.95536 -3.60161
-1.80974 4.6373 4.65833
4.18864 -2.59823 -1.94031
-1.7673 -0.0450746 3.43631
-3.553 3.99458 -3.21159
2.62447 -0.367233 0.0421287
-1.4211 -3.74192 0.0430753
3.61519 0.113622 -2.03521
-4.18791 4.58248 4.50163
-3.42693 4.25979 -1.37071
0.749347 -2.37298 0.952396
-3.23696 4.12619 4.60239
-1.65404 1.6447 1.2815
4.75256 2.29737 -2.36836
2.06872 -1.11037 3.30315
4.42455 2.91549 0.383959
3.71875 0.524361 -0.945757
4.83002 -4.3901 -2.98456
1.24242 -4.95431 3.58674
-2.16109 1.51705 -1.95447
-1.33408 2.89501 -4.78632
-2.78817 2.97067 3.87749
-0.513726 -3.392 3.58625
3.95106 -4.55742 -4.37343
-3.72822 -0.246879 -1.11368
0.684222 -2.04899 3.4005
3.89242 -3.91628 -4.76445
1.3954 -4.07714 -3.70155
4.01777 2.82007 4.00577
0.909528 -3.9163 0.362124
-3.75437 -1.19018 -1.33478
