0.351077 -0.43458 0.511112
1.51779 2.91509 -0.175337
4.25854 -1.02823 -2.05612
1.92162 -3.56125 2.32383
3.00797 1.04281 0.616669
2.8382 4.51747 -3.04062
4.73921 -3.98247 -3.76616
3.75875 0.210675 -1.0973
3.91148 -4.55657 1.57105
-2.91678 3.29363 -1.55949
4.71408 -3.9999 0.215198
-0.00427701 -4.73644 -0.359123
-3.04413 4.40835 -0.171728
-3.19191 0.410366 3.8244
-1.25595 -1.18802 2.89371
3.96472 -2.88168 1.67226
-0.285791 2.42602 -3.23248
-0.869649 2.31565 3.76522
0.658289 2.62611 -0.53094
2.65385 0.769111 1.39863
-0.0735354 1.97643 -0.927529
1.17761 -0.37275 -0.00719752
-2.89101 -4.73842 3.15176
-3.98776 1.16772 4.00981
4.29251 4.54147 2.36509
-4.43357 -4.41332 2.01416
-2.6363 -3.65131 -1.63023
4.26355 1.52447 3.24159
0.945796 -0.114124 1.44604
3.2227 -1.32795 3.68372
-2.07818 -4.10825 1.91118
2.92827 4.20969 2.83106
-2.05496 -2.49808 1.58731
3.75433 1.3051 -4.46848
-0.989757 4.97522 3.01309
3.75426 -1.34746 -1.84468
-3.57329 0.444947 -2.95306
-1.81977 0.930711 2.03589
-1.64582 -2.91843 -4.9597
0.341974 -1.71406 1.04328
4.84968 1.9752 2.29632
4.84276 -3.23168 0.557693
-4.72678 -1.04635 0.29084
0.809278 4.50278 -2.94924
-0.571315 -3.95269 4.25173
4.92267 4.27536 4.43604
-4.91425 -3.93952 -0.340184
-0.564439 2.37978 -0.405688
3.10319 4.86537 0.499346
2.60654 -2.28571 -1.71415
0.548323 -2.01087 -3.5087
-1.04203 -1.57972 -0.362064
-0.763106 1.65919 -1.75918
-4.73947 1.51134 0.60998
-4.1292 -4.72715 -4.81342
-1.12981 3.76445 -4.82398
-4.85533 -4.43576 -4.87058
-4.91412 -1.91619 2.8232
-2.55311 -4.84774 3.28104
-2.93645 2.8122 4.49664
0.0679716 -4.78838 -3.34772
-4.88142 -3.44497 4.59177
0.374225 0.0130375 -3.32944
0.943993 4.9577 4.62284
-3.9258 1.21026 -4.38351
1.02876 -1.03257 -0.597742
-2.92558 -3.24698 -0.365385
4.68159 -1.5987 2.14276
-4.14945 -3.14451 -1.73337
4.66718 -4.01282 -3.56253
-2.34703 4.83432 4.38638
4.13357 -2.34361 -1.75769
-1.65297 0.117447 3.55869
-3.98502 3.84551 -3.25036
2.50385 -0.199717 -0.870992
-1.2898 -3.70183 0.08152
3.41736 0.449131 -1.96637
-4.43467 4.57566 4.28304
-3.33375 4.24521 -1.12076
0.629624 -2.23707 0.750373
-3.15717 4.04383 4.60291
-1.62388 1.6627 1.2503
4.56515 2.12195 -2.29824
2.1178 -0.994184 3.40236
4.66348 2.2564 0.217084
3.78509 0.712731 -0.708403
4.99955 -4.47835 -2.60963
1.12221 4.90278 3.46035
-2.25635 1.53486 -1.95391
-1.37186 2.93157 -4.93311
-2.77238 3.03133 3.7979
-0.432361 -3.25567 3.7595
4.10279 -4.51809 -4.46487
-3.27659 -0.161427 -0.916107
0.671443 -1.86961 3.48531
3.88484 -3.57578 -4.84214
0.521681 -4.23359 -3.00744
4.30672 2.73828 4.20892
0.786922 -4.22451 0.347419
-4.0496 -1.39531 -1.50688
