0.296519 -0.360279 0.658215
1.6783 2.9825 -0.0352714
4.41988 -1.11673 -2.07577
1.75092 -3.56233 2.34815
2.98566 1.00948 0.609273
2.95435 4.62843 -3.0132
4.84886 -4.14832 -4.43118
3.96495 0.231609 -1.0329
3.95072 -4.50341 1.5401
-2.71354 3.16514 -1.67278
4.49265 -4.06402 0.303199
0.0656748 -4.71089 -0.0333567
-2.99459 4.34515 -0.185139
-3.43567 0.664171 4.09609
-1.22105 -1.31432 2.7808
3.99054 -2.74315 1.71972
-0.242027 2.36818 -3.22857
-0.438937 2.28321 3.56589
0.653219 2.33619 -0.379297
2.57407 0.773503 1.39581
0.0486708 1.97298 -0.848801
1.20483 -0.395351 0.122032
-2.94402 -4.65041 3.10979
-3.96769 1.29839 3.76491
4.25521 4.52881 2.21923
-4.54819 -4.51638 1.9828
-2.44123 -3.60032 -2.1101
4.3164 1.56107 4.77776
0.974295 -0.0456422 1.69338
3.18445 -1.49464 3.3896
-1.98883 -4.06042 1.69833
2.78687 4.1892 2.42497
-1.954 -2.90609 1.65458
3.8361 1.29753 -4.60741
-1.09357 4.98664 3.01189
3.79676 -1.36282 -1.87366
-3.75948 0.465052 -2.94597
-1.91798 0.970887 2.05456
-1.85737 -2.75561 4.825
0.330463 -1.75388 1.16607
4.85663 1.88322 2.50305
-4.98008 -3.34279 0.658233
-4.74943 -1.14176 -0.798132
0.884356 4.54492 -3.04407
-0.39782 -3.99282 3.96515
4.72789 -0.75398 4.39559
-4.75124 -4.0409 -0.496206
-0.640709 2.27284 -0.368833
3.05591 4.90315 0.60676
2.65299 -2.33538 -1.77387
0.46312 -2.01397 -3.52039
-1.14458 -1.5478 -0.408381
-0.796634 1.62651 -1.80341
-4.8575 1.54117 0.656576
-4.0641 -4.71384 -4.90771
-1.16165 3.66433 -4.83253
4.99984 -4.54112 -4.87184
4.92626 -1.68042 2.78266
-2.52208 -4.64957 3.29283
-2.82336 2.77822 4.45872
0.0428374 -4.91222 -3.40978
-4.92016 -3.2453 -4.93381
0.562727 0.0699577 -3.51058
0.748253 4.91542 4.6789
-3.92834 1.19172 -4.53084
0.998309 -0.883453 0.227728
-2.86992 3.6188 -0.14331
4.62346 -1.8218 2.32536
-4.19331 -3.03128 -1.92496
4.7559 -4.05503 -3.53768
-2.70623 4.97857 4.21217
4.10149 -2.17558 -1.63681
-1.57707 0.225831 3.64179
-4.2752 3.74856 -3.27784
2.42432 -0.0881029 -1.48009
-1.20269 -3.67666 0.107021
3.28786 0.673873 -1.92348
-4.60703 4.5794 4.14379
-3.27395 4.23949 -0.954748
0.550723 -2.14928 0.615399
-3.10564 3.9928 4.6073
-1.60472 1.67615 1.22965
4.44329 2.00613 -2.25254
2.15118 -0.916724 3.47015
4.83135 1.81905 0.105581
3.83155 0.839624 -0.549648
-4.88521 -4.54023 -2.36017
1.04267 4.81295 3.37778
-2.32105 1.5472 -1.95444
-1.39722 2.95665 4.96329
-2.76281 3.07337 3.74621
-0.37804 -3.1667 3.87685
4.21265 -4.49784 -4.5318
-2.97713 -0.104289 -0.784613
0.663087 -1.75052 3.5432
3.88291 -3.3497 -4.89796
-0.0600989 -4.3433 -2.54689
4.50494 2.68619 4.34878
0.705618 -4.43256 0.337734
-4.25349 -1.53261 -1.62285
