0.240537 -0.285278 0.805657
1.83942 3.05138 0.10481
4.58587 -1.205 -2.0965
1.5806 -3.56493 2.37299
2.9644 0.976611 0.601891
3.07187 4.74289 -2.98685
4.96549 -4.31512 4.90163
4.17392 0.252266 -0.968957
3.99403 -4.45759 1.50986
-2.51115 3.03789 -1.78675
4.28285 -4.13177 0.391021
0.135274 -4.68759 0.292043
-2.94646 4.28843 -0.197962
-3.68173 0.917489 4.37137
-1.18665 -1.44087 2.6686
4.01813 -2.60533 1.76754
-0.198181 2.31086 -3.22575
-0.00809329 2.2512 3.36757
0.648855 2.04769 -0.227497
2.49473 0.778072 1.39358
0.170938 1.96979 -0.770601
1.23269 -0.417269 0.250851
-2.9992 -4.56575 3.06813
-3.95176 1.42962 3.52212
4.22169 4.5224 2.07445
-4.66762 -4.62277 1.95219
-2.24731 -3.55149 -2.59128
4.37206 1.59819 -3.68214
1.00298 0.0231342 1.9415
3.14798 -1.66183 3.09776
-1.90062 -4.0169 1.48579
2.64707 4.17347 2.02058
-1.85419 -3.31509 1.72227
3.91973 1.2901 -4.7568
-1.19738 -4.996 3.01151
3.84086 -1.37838 -1.9032
-3.9471 0.485182 -2.93976
-2.0172 1.0112 2.07395
-2.07008 -2.59418 4.61339
0.318473 -1.7942 1.29022
4.86812 1.79212 2.71071
-4.81182 -3.4557 0.759291
-4.77619 -1.23714 -1.88688
0.960407 4.59699 -3.14102
-0.224288 -4.03849 3.68081
4.54553 4.21652 4.35998
-4.59381 -4.14417 -0.6526
-0.717833 2.16732 -0.331695
3.00969 4.94533 0.714056
2.69989 -2.38565 -1.83397
0.377945 -2.01751 -3.5334
-1.24748 -1.51609 -0.454975
-0.830527 1.59426 -1.84901
-4.99128 1.57131 0.703989
-4.00463 -4.70479 4.99288
-1.19339 3.56604 -4.84907
4.85848 -4.65074 -4.87819
4.76429 -1.44455 2.74489
-2.49046 -4.45781 3.30645
-2.71216 2.74552 4.42559
0.01759 4.95957 -3.47348
-4.97882 -3.04634 -4.45889
0.751282 0.1269 -3.69296
0.5528 4.87587 4.7372
-3.93318 1.17338 -4.68222
0.967957 -0.735314 1.05304
-2.81512 0.483111 0.0788674
4.57414 -2.04582 2.50807
-4.24054 -2.91919 -2.11727
4.84929 -4.09869 -3.51344
-3.06708 -4.86857 4.04322
4.07441 -2.00922 -1.51629
-1.50153 0.334211 3.72602
-4.5673 3.65356 -3.30654
2.34523 0.023466 -2.08994
-1.11587 -3.65268 0.13231
3.16024 0.899554 -1.88251
-4.78386 4.58931 4.00941
-3.21574 4.23693 -0.789554
0.472298 -2.06348 0.47959
-3.05545 3.94511 4.61479
-1.58629 1.69069 1.20915
4.32386 1.89121 -2.20771
2.18499 -0.839182 3.53944
-4.98349 1.38307 -0.00661774
3.87973 0.967189 -0.390697
-4.77413 -4.60442 -2.11118
0.963627 4.72694 3.29649
-2.38675 1.55988 -1.95584
-1.42279 2.98226 4.86587
-2.75411 3.11687 3.69535
-0.323711 -3.0789 3.99548
4.32748 -4.48211 -4.60262
-2.67866 -0.0471324 -0.653243
0.654827 -1.63177 3.60213
3.88335 -3.1242 -4.95638
-0.641918 -4.45675 -2.08745
4.70783 2.63652 4.49307
0.625127 -4.64275 0.328246
-4.4644 -1.67063 -1.74003
