0.211989 -0.247469 0.879365
1.92022 3.08637 0.174836
4.67354 -1.24905 -2.10729
1.49558 -3.56677 2.38559
2.95425 0.960324 0.598208
3.13117 4.80144 -2.97412
-4.97365 -4.39889 4.58009
4.27972 0.262531 -0.937115
4.01744 -4.43751 1.49499
-2.41024 2.97475 -1.84399
4.18101 -4.16705 0.434767
0.169676 -4.67674 0.454635
-2.92275 4.26155 -0.204055
-3.80575 1.04402 4.51153
-1.16964 -1.50421 2.61276
4.03254 -2.53667 1.79154
-0.176225 2.28236 -3.22475
0.20738 2.23539 3.2687
0.647015 1.90388 -0.151427
2.45527 0.780433 1.39268
0.232062 1.96835 -0.731749
1.24682 -0.428164 0.315037
-3.02747 -4.5242 3.04736
-3.94537 1.49544 3.40139
4.20646 4.52174 2.00239
-4.72934 -4.67734 1.93711
-2.15075 -3.52782 -2.83253
4.40099 1.61701 -2.9131
1.01741 0.0576597 2.06588
3.1303 -1.74565 2.95262
-1.85696 -3.99659 1.37948
2.57774 4.16743 1.81887
-1.80466 -3.51978 1.75633
3.96237 1.2864 -4.83371
-1.24931 -4.98736 3.01161
3.86382 -1.38616 -1.91822
-4.04153 0.495265 -2.93698
-2.06719 1.03144 2.08393
-2.17691 -2.51381 4.50884
0.312368 -1.8147 1.35272
4.87581 1.7469 2.81493
-4.73229 -3.51294 0.809919
-4.79344 -1.28465 -2.43133
0.998809 4.62509 -3.19035
-0.137472 -4.06304 3.53927
4.4576 -3.29657 4.34432
-4.51629 -4.19652 -0.730889
-0.756674 2.11507 -0.313089
2.98698 4.96818 0.767643
2.72354 -2.41103 -1.86416
0.335368 -2.01946 -3.5404
-1.29905 -1.50032 -0.478377
-0.847568 1.57831 -1.87233
4.93833 1.58667 0.728077
-3.97728 -4.70163 4.94388
-1.20921 3.5176 -4.86156
4.79034 -4.70773 -4.89495
4.68479 -1.32628 2.72683
-2.47461 -4.36287 3.3138
-2.65723 2.72975 4.41063
0.00493063 4.8955 -3.50594
4.98787 -2.94702 -4.22298
0.845591 0.155379 -3.78463
0.455169 4.8571 4.76721
-3.93651 1.16429 -4.75998
0.95294 -0.661411 1.46583
-2.7881 -1.0846 0.190021
4.55092 -2.1585 2.59984
-4.26541 -2.86358 -2.21375
4.89766 -4.12112 -3.50189
-3.24853 -4.79511 3.9603
4.06308 -1.92671 -1.45598
-1.46388 0.388406 3.76858
-4.7142 3.60678 -3.32141
2.30587 0.0792111 -2.39524
-1.07257 -3.64108 0.144848
3.09721 1.01274 -1.86253
-4.87557 4.59679 3.94349
-3.1872 4.23667 -0.707309
0.433192 -2.02115 0.411319
-3.03089 3.92288 4.61951
-1.57731 1.69842 1.19897
4.2651 1.8341 -2.18558
2.2021 -0.800376 3.57471
-4.88992 1.16536 -0.063012
3.90489 1.03116 -0.311195
-4.71983 -4.63738 -1.98692
0.924295 4.68552 3.25631
-2.41997 1.56636 -1.95688
-1.43567 2.99529 4.8215
-2.75012 3.13931 3.67017
-0.29656 -3.03535 4.05535
4.38623 -4.47596 -4.64197
-2.52973 -0.01861 -0.587672
0.650732 -1.5725 3.63201
3.88439 -3.01166 -4.9865
-0.932876 -4.51499 -1.85814
4.81129 2.61253 4.5672
0.585519 -4.74871 0.323524
-4.5733 -1.74038 -1.79881
