0.124816 -0.133231 1.10017
2.1634 3.19373 0.384753
4.96131 -1.38074 -2.1406
1.24107 -3.57436 2.42403
2.92517 0.911991 0.587152
3.31133 4.98255 -2.93775
-4.81063 -4.65589 3.6308
4.60315 0.293079 -0.842088
4.09597 -4.38805 1.45135
-2.1086 2.78724 -2.01682
3.88376 -4.27888 0.564945
0.27129 -4.64658 0.943222
-2.85225 4.18719 -0.22012
-4.18353 1.42436 -4.99482
-1.11948 -1.69447 2.44618
4.078 -2.33152 1.86361
-0.110232 2.19749 -3.22332
0.853986 2.18883 2.97317
0.64253 1.47354 0.0776058
2.33745 0.787883 1.3907
0.41538 1.965 -0.616243
1.28975 -0.460912 0.507075
-3.11449 -4.40213 2.98528
-3.93322 1.69378 3.04146
4.1678 4.5317 1.78728
-4.92403 -4.84735 1.89261
-1.8627 -3.45968 -3.55985
4.49428 1.67298 -0.607599
1.06102 0.162329 2.44041
3.07908 -1.99797 2.5195
-1.72783 -3.94092 1.05881
2.37188 4.1582 1.2153
-1.65717 -4.13501 1.86063
4.09529 1.27606 4.92462
-1.40529 -4.96649 3.01309
3.9366 -1.40929 -1.96463
-4.32779 0.525672 -2.93003
-2.21901 1.09266 2.1149
-2.49977 -2.27362 4.19966
0.293889 -1.87763 1.54119
4.90765 1.61257 3.12946
-4.50806 -3.68804 0.961837
-4.85979 -1.42709 -4.06678
1.1155 4.71437 -3.34199
0.123219 -4.14277 3.11672
4.20049 4.16354 4.30926
-4.28758 -4.3564 -0.965997
-0.874265 1.9602 -0.257364
2.92035 -4.95803 0.928102
2.79527 -2.48814 -1.95537
0.207634 -2.02607 -3.56342
-1.45423 -1.45331 -0.549057
-0.899101 1.5311 -1.9443
4.73671 1.63418 0.801194
-3.90079 -4.69658 4.80364
-1.25639 3.37501 -4.92095
4.60478 -4.88512 -4.96514
4.45113 -0.970639 2.67457
-2.42742 -4.08059 3.33782
-2.49471 2.6846 4.37186
-0.0332081 4.70605 -3.60583
4.89529 -2.64998 -3.52141
1.12861 0.240885 -4.06189
0.162611 4.80451 4.86088
-3.94963 1.13697 4.95924
0.908214 -0.440303 2.70479
-2.70862 4.21145 0.523449
4.48807 -2.49842 2.87799
-4.34635 -2.69848 -2.50475
-4.95175 -4.19094 -3.46988
-3.79776 -4.58376 3.71616
4.03697 -1.68134 -1.27417
-1.35146 0.551074 3.89812
4.84259 3.46912 -3.36811
2.18874 0.246413 -3.31314
-0.942909 -3.60769 0.181923
2.91026 1.3535 -1.80423
4.84569 4.63198 3.74976
-3.10457 4.24056 -0.462764
0.316141 -1.89572 0.205164
-2.95908 3.86167 4.63708
-1.55163 1.72354 1.16871
4.08996 1.66569 -2.12037
2.25432 -0.683833 3.68308
-4.62799 0.51278 -0.232373
3.98425 1.22382 -0.0726708
-4.56127 -4.73967 -1.61516
0.807088 4.56824 3.13754
-2.52142 1.58632 -1.96136
-1.47473 3.03522 4.71132
-2.73954 3.20943 3.59559
-0.215186 -2.90622 4.23738
4.57225 -4.46159 -4.77319
-2.08415 0.0670844 -0.391229
0.638528 -1.39505 3.7234
3.88926 -2.67468 4.92122
-1.80618 -4.69526 -1.17182
-4.87269 2.54416 4.79759
0.469244 4.92869 0.307838
-4.9306 -1.9515 -1.97525
