0.0953785 -0.0949993 1.17375
2.24472 3.23038 0.454633
-4.93451 -1.42432 -2.15215
1.15642 -3.57754 2.43704
2.91588 0.896021 0.583443
3.37217 -4.9552 -2.92627
-4.76106 -4.74481 3.31593
4.71372 0.303147 -0.81065
4.12534 -4.37459 1.43711
-2.00839 2.72535 -2.07485
3.78684 -4.31779 0.607884
0.305067 -4.63911 1.10631
-2.82841 4.16453 -0.224575
-4.31232 1.55243 -4.82767
-1.10305 -1.758 2.39093
4.09389 -2.26335 1.88762
-0.0881914 2.16938 -3.22337
1.06959 2.17361 2.87499
0.641237 1.33032 0.154115
2.29836 0.790484 1.39025
0.476511 1.96425 -0.578045
1.30421 -0.471878 0.57096
-3.14418 -4.36229 2.9647
-3.93171 1.76022 2.9221
4.15759 4.53991 1.71587
-4.99288 -4.90657 1.878
-1.76714 -3.43796 -3.80371
4.52727 1.69191 0.160679
1.07571 0.197692 2.56555
3.06258 -2.08241 2.3757
-1.68537 -3.92385 0.951424
2.30386 4.15997 1.01448
-1.60833 -4.34123 1.89601
4.1419 1.2728 4.84202
-1.45736 -4.9613 3.01405
3.96227 -1.41694 -1.98063
-4.42424 0.535863 -2.92823
-2.27027 1.11321 2.12557
-2.60823 -2.19383 4.09802
0.287729 -1.89907 1.60422
4.92177 1.5682 3.23497
-4.43748 -3.74758 1.01243
-4.88391 -1.47456 -4.61277
1.15486 4.74574 -3.39385
0.210181 -4.17142 2.97651
4.11687 -3.34796 4.30084
-4.21243 -4.41064 -1.0444
-0.913771 1.90914 -0.238877
2.89863 -4.9353 0.981505
2.81947 -2.51417 -1.98601
0.165055 -2.02853 -3.57178
-1.50615 -1.43776 -0.57277
-0.916403 1.51555 -1.96898
4.67142 1.65047 0.825813
-3.87704 -4.69632 4.75888
-1.27198 3.32834 -4.95007
4.54568 -4.94692 -4.99249
4.37475 -0.851953 2.65772
-2.41194 -3.98728 3.34648
-2.44126 2.67019 4.36097
-0.0459687 4.64369 -3.64003
4.86789 -2.55139 -3.28915
1.22297 0.269412 -4.15517
0.0651828 4.78816 4.8934
-3.95448 1.1272 4.86292
0.893307 -0.366871 3.11811
-2.68254 2.6438 0.634718
4.46948 -2.61235 2.97174
-4.3759 -2.64401 -2.6023
-4.9019 -4.2151 -3.46005
-3.98313 -4.51598 3.6362
4.03071 -1.60007 -1.2132
-1.31416 0.605321 3.94193
4.69558 3.42404 -3.38442
2.1501 0.302168 -3.61997
-0.899733 -3.5971 0.194076
2.8485 1.46748 -1.78542
4.75659 4.64919 3.68648
-3.0785 4.24375 -0.382355
0.27718 -1.85437 0.13604
-2.93578 3.84289 4.64409
-1.54349 1.73252 1.15873
4.03225 1.6102 -2.09927
2.27212 -0.644979 3.72006
-4.54624 0.295323 -0.288759
4.01168 1.28824 0.00686932
-4.50973 -4.77496 -1.49165
0.768269 4.53161 3.09855
-2.55588 1.59313 -1.96332
-1.48793 3.04879 4.68449
-2.7365 3.23374 3.57108
-0.188087 -2.86369 4.29889
4.63718 -4.45789 -4.82051
-1.93599 0.0956517 -0.325826
0.634476 -1.33604 3.75447
3.89153 -2.56259 4.89184
-2.0975 -4.75754 -0.943583
-4.77023 2.5226 4.87734
0.430793 4.82329 0.302125
4.93212 -2.02283 -2.03423
