0.0657895 -0.0567246 1.24738
2.32618 3.26746 0.52445
-4.83528 -1.4677 -2.16391
1.07189 -3.58103 2.45014
2.90678 0.880108 0.57971
3.43347 -4.8936 -2.91511
-4.71357 -4.83532 3.00137
4.82632 0.313216 -0.779379
4.1566 -4.36254 1.42301
-1.90832 2.66377 -2.1331
3.69081 -4.35752 0.650562
0.338872 -4.63304 1.26944
-2.80382 4.14284 -0.228396
-4.4423 1.68083 -4.66792
-1.08676 -1.82159 2.33582
4.11017 -2.19525 1.91163
-0.0661249 2.14137 -3.22369
1.28524 2.15856 2.77697
0.639999 1.18719 0.230639
2.25936 0.793145 1.38989
0.537675 1.96367 -0.539969
1.31875 -0.482876 0.634795
-3.17417 -4.32283 2.9442
-3.93142 1.82689 2.80298
4.14903 4.55109 1.64456
4.93586 -4.96732 1.86348
-1.67178 -3.41672 -4.04843
4.56101 1.7112 0.928805
1.09046 0.233204 2.69079
3.04636 -2.167 2.23212
-1.64323 -3.90745 0.843946
2.23611 4.16453 0.813761
-1.55967 -4.54824 1.93151
4.18989 1.26971 4.76062
-1.5095 -4.957 3.01525
3.98888 -1.42456 -1.99691
-4.52119 0.546091 -2.9267
-2.32187 1.13382 2.1364
-2.71714 -2.11412 3.99705
0.281585 -1.92071 1.66732
4.93771 1.52403 3.34087
-4.36876 -3.80772 1.06297
-4.90878 -1.52203 4.84059
1.19446 4.77806 -3.44639
0.297153 -4.20115 2.83661
4.03406 -0.859828 4.29347
-4.13772 -4.46526 -1.12277
-0.953386 1.85832 -0.220468
2.87715 -4.91402 1.0349
2.8438 -2.54034 -2.01678
0.122473 -2.03111 -3.58051
-1.55817 -1.42227 -0.596563
-0.933746 1.50008 -1.994
4.60696 1.667 0.850744
-3.85408 -4.69668 4.71503
-1.28746 3.28211 -4.9854
4.48745 4.99021 4.9787
4.29909 -0.733205 2.64114
-2.39662 -3.8943 3.35548
-2.38815 2.65607 4.35111
-0.0587447 4.58172 -3.67471
4.84276 -2.45297 -3.05756
1.31733 0.297962 -4.24895
-0.032206 4.77239 4.92664
-3.95972 1.11734 4.77024
0.878393 -0.293464 3.5317
-2.65673 1.07643 0.74599
4.45217 -2.72653 3.06601
-4.40784 -2.58978 -2.70015
-4.85317 -4.23961 -3.45064
-4.16989 -4.44931 3.55701
4.02546 -1.51891 -1.15205
-1.27695 0.659584 3.98607
4.54908 3.37941 -3.40108
2.11176 0.357972 -3.92734
-0.856565 -3.58679 0.206114
2.78702 1.58172 -1.76694
4.66972 4.66915 3.62392
-3.05358 4.24824 -0.302529
0.238236 -1.81323 0.0667266
-2.91279 3.82487 4.65168
-1.53552 1.74177 1.14883
3.97508 1.55491 -2.07842
2.29014 -0.606121 3.75748
-4.46742 0.0778563 -0.345107
4.03939 1.35268 0.0863113
-4.45883 -4.81086 -1.36839
0.72957 4.4963 3.05987
-2.59068 1.60002 -1.96552
-1.50124 3.0625 4.66436
-2.73371 3.25853 3.54675
-0.161001 -2.82142 4.36085
4.7039 -4.45459 -4.86982
-1.788 0.124213 -0.260468
0.630421 -1.27712 3.78586
3.89418 -2.45055 4.86314
-2.38897 -4.82132 -0.715606
-4.66936 2.50174 4.95909
0.392384 4.71983 0.296251
4.80451 -2.09473 -2.09335
