0.0360598 -0.0184241 1.32106
2.40778 3.30495 0.594201
-4.73963 -1.51095 -2.17589
0.987451 -3.58481 2.46333
2.89784 0.864243 0.575924
3.49524 -4.83273 -2.90433
-4.66801 -4.92712 2.68693
4.94117 0.323343 -0.748281
4.18889 -4.35193 1.40899
-1.80837 2.60247 -2.1916
3.59538 -4.39816 0.692962
0.372701 -4.62801 1.43257
-2.77817 4.12214 -0.231854
-4.57351 1.8094 -4.51277
-1.07063 -1.88526 2.28082
4.12683 -2.12724 1.93563
-0.0440335 2.11344 -3.22427
1.50094 2.14367 2.6791
0.638794 1.04415 0.307138
2.22043 0.79586 1.38961
0.598869 1.96326 -0.502006
1.33336 -0.493916 0.69858
-3.20452 -4.28376 2.92379
-3.93233 1.89379 2.68402
4.14114 4.56563 1.57332
4.86625 4.97009 1.84901
-1.57661 -3.39602 -4.29417
4.59104 1.7349 1.70438
1.10526 0.268807 2.81615
3.03037 -2.25183 2.08868
-1.60142 -3.89172 0.736409
2.16853 4.17173 0.613028
-1.51119 -4.75612 1.96706
4.23932 1.26678 4.68039
-1.56171 -4.95359 3.01672
4.01634 -1.43215 -2.01348
-4.61866 0.55635 -2.92548
-2.37381 1.15452 2.14744
-2.82654 -2.03452 3.89665
0.27546 -1.94257 1.73048
4.95538 1.48006 3.44712
-4.3023 -3.86849 1.11343
-4.93462 -1.56954 4.29438
1.23428 4.81129 -3.49965
0.38411 -4.232 2.69701
3.95215 1.62831 4.28661
-4.06335 -4.52019 -1.20113
-0.99311 1.80777 -0.202154
2.85581 -4.89412 1.0883
2.86827 -2.56665 -2.04768
0.0798867 -2.0338 -3.5896
-1.6103 -1.40686 -0.620445
-0.951129 1.48468 -2.01939
4.54799 1.67919 0.867648
-3.83185 -4.69781 4.67189
-1.3028 3.2363 4.97139
4.42994 4.93171 4.95398
4.22418 -0.614431 2.62472
-2.38149 -3.80164 3.36478
-2.33539 2.64222 4.34228
-0.0715322 4.52009 -3.70993
4.82068 -2.35477 -2.82675
1.41164 0.32653 -4.34333
-0.129561 4.75719 4.96062
-3.96548 1.10745 4.67893
0.863475 -0.22002 3.94559
-2.63123 -0.490885 0.857241
4.43612 -2.84112 3.1607
-4.44291 -2.53582 -2.7984
-4.80543 -4.26456 -3.44175
-4.35838 -4.38385 3.47845
4.0211 -1.43786 -1.09079
-1.23981 0.713864 4.03053
4.40308 3.33513 -3.41813
2.07376 0.413837 -4.23541
-0.813399 -3.57677 0.218028
2.72579 1.69622 -1.7488
4.58445 4.69108 3.56176
-3.03006 4.25445 -0.223073
0.199304 -1.77229 -0.00278286
-2.89009 3.80753 4.65981
-1.52771 1.75138 1.13901
3.91843 1.49979 -2.05785
2.30839 -0.567282 3.79534
-4.39157 -0.139656 -0.40144
4.06744 1.41722 0.165611
-4.40865 -4.84745 -1.24541
0.690972 4.46233 3.02149
-2.62582 1.60701 -1.96799
-1.5147 3.07634 4.65283
-2.73117 3.2838 3.52258
-0.133929 -2.7794 4.42328
4.7724 -4.45756 -4.92668
-1.64014 0.152758 -0.195174
0.626348 -1.21833 3.81757
3.89726 -2.33865 4.8349
-2.68064 -4.88725 -0.487893
-4.57006 2.48153 -4.95647
0.35399 4.61783 0.290236
4.68367 -2.1671 -2.15271
