-0.0237911 0.0582292 1.46874
2.57149 3.38118 0.733604
-4.55612 -1.59721 -2.20032
0.818944 -3.59315 2.48999
2.88057 0.832619 0.56817
3.62024 -4.71317 -2.8839
-4.58337 4.88698 2.05849
-4.82598 0.343903 -0.686465
4.25704 -4.33872 1.38108
-1.60879 2.48062 -2.3094
3.40625 -4.48327 0.776958
0.440434 -4.62061 1.75874
-2.72401 4.08482 -0.239508
-4.84019 2.06684 -4.20797
-1.03877 -2.01287 2.17119
4.1614 -1.99152 1.98367
0.000227837 2.05782 -3.22635
1.93249 2.11439 2.48376
0.636449 0.758327 0.459957
2.1428 0.801427 1.38926
0.721349 1.96291 -0.426385
1.36279 -0.516149 0.826029
-3.26626 -4.207 2.88325
-3.93792 2.02829 2.44664
4.12755 4.60128 1.43087
4.73424 4.85323 1.82019
-1.38681 -3.35627 -4.7894
4.65325 1.78284 3.25602
1.13497 0.340194 3.06739
2.99927 -2.42236 1.80212
-1.51877 -3.86253 0.521175
2.03377 4.19273 0.211088
-1.41475 4.82487 2.03813
4.34288 1.2607 4.52475
-1.66643 -4.94951 3.02042
4.07359 -1.44721 -2.04734
-4.81519 0.576944 -2.92382
-2.47882 1.19617 2.16992
-3.0469 -1.87569 3.69745
0.26334 -1.98692 1.85702
4.99592 1.39249 3.66124
-4.1757 -3.99385 1.21411
-4.98885 -1.66468 3.2028
1.31453 4.88041 -3.60848
0.557936 -4.29723 2.41869
3.79011 -3.39397 4.27488
-3.9153 -4.63094 -1.35836
-1.07289 1.70741 -0.165844
2.81351 -4.85843 1.19519
2.91758 -2.61973 -2.10991
-0.00529921 -2.03956 -3.60897
-1.71486 -1.37625 -0.668513
-0.986 1.45401 -2.07135
4.43218 1.70425 0.901479
-3.78958 -4.70239 4.58772
-1.33277 3.14588 4.88731
4.31686 4.82312 4.91249
4.07671 -0.37692 2.59251
-2.35181 -3.61737 3.3843
-2.23102 2.61516 4.32643
-0.0971203 4.3978 -3.78227
4.7886 -2.15911 -2.36738
1.59985 0.383637 -4.53421
-0.324192 4.72846 -4.96929
-3.97899 1.0876 4.49908
0.83362 -0.0730079 4.77498
-2.58101 -3.62566 1.07978
4.40863 -3.07211 3.35151
-4.52365 -2.42873 -2.99638
-4.71264 -4.31579 -3.42539
-4.74179 -4.2581 3.32335
4.015 -1.27597 -0.968026
-1.1658 0.822463 4.12036
4.11248 3.24759 -3.45324
1.99936 0.525876 -4.85465
-0.726988 -3.55757 0.241467
2.60415 1.92607 -1.71348
4.41752 4.73916 3.43866
-2.9868 4.27451 -0.0639588
0.12151 -1.691 -0.142389
-2.84562 3.77475 4.67754
-1.51274 1.77155 1.11952
3.80681 1.38996 -2.01739
2.34563 -0.48976 3.87254
-4.24616 -0.574897 -0.514107
4.12469 1.54665 0.323806
-4.31066 -4.92303 -0.999823
0.614043 4.39859 2.94557
-2.69709 1.62128 -1.97369
-1.54241 3.10441 4.62987
-2.7269 3.33571 3.47464
-0.0797985 -2.69614 4.54973
4.91489 -4.4756 4.94387
-1.34476 0.209854 -0.0647764
0.618161 -1.10112 3.8819
3.90471 -2.11524 4.77973
-3.26491 4.96894 -0.0330956
-4.37608 2.44302 -4.79495
0.277205 4.41718 0.277825
4.45413 -2.31307 -2.27129
